0.9999994831341122
0.24845162466762238
0.005049571423026937
0.0009081784800141277
2.073919534482204e-11
9.34461327071571e-35
3.0493814429713334e-52
5.785581281289572e-74
6.283893723818539e-70
3.6195709381733295e-57
4.8179848720972963e-88
7.3228730373641015e-93
2.1728660568310104e-97
2.6184802404156256e-113
1.4333771806964835e-108
1.1770868836972948e-112
3.496421958413608e-111
4.687037676259967e-128
8.016340591653595e-140
3.358104053813026e-149
8.491729584650908e-153
1.4307818600080433e-184
2.358407580238247e-182
1.2518738087182306e-180
3.8202784672051604e-183
2.843531614234738e-193
1.5110461539047117e-186
1.495468451636785e-192
2.2918908088909227e-178
4.549502819152914e-182
7.137687668847446e-199
2.475481742930753e-202
9.981281516083385e-214
1.188929499735977e-220
1.3313968079592364e-227
1.3530465894679168e-233
1.647907872763293e-234
3.878739576776514e-236
2.7378044244158996e-243
7.972473190391293e-244
1.032974807748466e-257
1.000963331678668e-257
2.5770135044971086e-268
3.784624883383472e-271
2.477347799899442e-273
1.1232516383874832e-274
6.44565648923433e-285
3.652714478970039e-284
7.185846353199603e-288
1.5236920874678162e-287
