0.0005738729320686587
0.5944896887292732
2.432931528786978
1.6446975661569831
8.432371108001638
17.38363294707178
26.041067527200056
38.94673066527315
35.92239003757988
31.13900549470639
38.79739690980099
40.19181049777371
45.9452036280122
45.63512420926475
48.21909745523227
47.537800319196286
37.02944713814837
40.26492421775057
54.087105327481595
51.09591086154037
54.433524145423405
66.02439177781925
62.27391775447693
69.43194562234403
64.9607908637956
63.41465899931814
60.07787105093199
61.50769264812643
63.14951894508752
60.818525643429375
62.016960421095895
60.94438973624137
62.537883851251415
63.35681754181426
71.08739783405932
70.31286114555418
68.10688028454776
75.94685289195412
73.35349556198702
74.96569440918275
72.12203220750523
74.4838335363697
77.83983294189915
79.14901463805677
77.75109373870141
76.86778275066929
78.27910018575507
79.88121612276318
76.53026504220428
80.53102115266499
