0.018763680576426578
0.0013225880160511146
4.5401168073310296e-05
7.684501981045921e-17
1.2869447819025844e-18
6.24693314831062e-18
1.257300900763877e-21
1.0235826266358303e-29
1.9498445337596928e-33
2.2209924523507004e-36
2.2168354385734344e-46
6.39004441233208e-69
6.308370283206783e-97
2.0230788075793557e-128
6.742886200429973e-153
1.4795534418594922e-176
7.560352157752775e-194
3.892814303493632e-217
4.369755200482362e-244
2.1646058194136586e-275
2.6199534163624e-310
1e-323
1e-323
1e-323
1e-323
