3.4964918496035235e-06
0.0004477371748813077
0.0016364284966477638
0.007799662957414203
0.21687365418183163
0.008688846849774287
0.9058981208927387
0.08788509043525115
0.04016698319238919
0.002769102744024105
1.124673474626079
0.004008981117793741
0.13337260186286054
0.47996644357230406
0.29765243328044994
0.7755340883136871
1.4205319252755642
0.22412282106430592
0.08568008542706167
0.20170474533228547
0.14763740769929393
0.41053233590615146
0.015047438464989443
0.05963596666483041
0.002012429610794216
0.4897733865996482
0.148761370353873
0.012067866860473321
0.09507984131984125
0.5263081501661708
0.00018440338383698347
0.031329119281519435
0.4609325608849405
0.19835230845015583
0.0094487312564119
0.033212876395724455
0.011603257727910241
0.3621477620448217
0.2836257347154239
0.4945834975291075
0.06357160506897948
0.27800269538339983
0.23451501647452236
0.5724916949782114
1.2694642499953113
0.7423709115135644
0.14146182274541982
0.22871325046885452
0.12625547077345656
