8.12563772734
1.20540450928
3.95981821992
2.93900819163
5.54710592043
5.71709082643
5.65870235078
9.16855779853
6.66340985646
5.74929960645
5.33751475268
4.03055355434
4.24811293816
6.40630060163
3.82694921406
7.32999399579
6.33973561211
7.81256456604
5.8737620323
6.06242661972
4.24238135792
4.83482956127
4.92903376775
5.97801121293
4.84310248819
6.25105143882
4.16166510631
3.08369497055
7.23767612184
6.49642833385
6.08174721523
5.75810971436
7.83131481935
6.43583931603
0.96104492357
5.85119431666
4.42990749461
2.47746375175
3.5712199801
3.88211654129
7.89455021529
2.07703174747
4.97646244407
7.63179383766
5.66243395699
3.67557640901
4.97232079622
4.58708218987
6.17988583641
3.27263562961
4.85771071368
4.90156275167
7.97567921397
6.17731913455
1.66300194852
2.59878542539
3.47646367538
6.68141855638
6.37005029201
2.17979876991
6.55497105153
3.36387018996
1.72139421292
9.18682694076
4.97007264189
3.93999107562
9.52542304261
6.45054072429
4.87929275656
5.92371056747
3.71526833545
4.57954749028
8.64977853106
4.06917871085
5.88198470398
2.4607093639
6.82530381772
4.24219604453
0.376739082196
7.93219268662
5.67128871564
3.5072935286
5.63216219483
6.90146984653
6.08133172127
4.27124523726
6.98632749586
2.61325099919
6.69904203385
4.33513830647
5.31912595564
0.989297127269
3.97575594309
5.3618485984
3.98856473692
2.85369214013
5.10311895571
3.81449222576
10.8274706919
4.01919848189
4.5546768981
2.88419987715
3.40897789668
6.85782639779
6.43269872377
0.875406292394
4.74084878121
7.33338552736
6.45085660453
7.19636363288
8.72052279919
5.48730613153
2.50443377638
-1.70481717473
3.34986681095
4.02341001545
3.73397750753
8.13815456199
4.90115633974
4.76740813072
4.38426907728
1.30902251178
8.95188864521
5.18564544179
4.05696586799
6.41231147892
5.94027531752
0.202017178012
4.47778319718
9.07032867049
2.11169714887
5.44823379379
6.49337524895
6.44306924914
1.75867074186
5.47902310418
3.34533386072
5.56334546923
5.0436919172
3.94311236818
3.83696781985
3.15466869311
10.5419881687
4.15767617847
5.99871748067
3.69353812068
3.84445133585
4.68999567536
2.64579832792
3.78316604125
4.7298504236
9.32785601291
6.12815124998
3.81586208338
6.88502646871
6.63255100526
2.70923330243
2.20357601289
8.30839652884
3.51293891996
4.96288478875
6.70833322669
4.65860455773
3.78312525523
3.08341551345
5.78759237809
3.28236400036
5.79539310894
5.66349308354
7.24584991979
6.86633824958
4.11721825467
4.49333318912
6.64387020315
5.6223045463
5.21970690618
3.24146007945
4.00379776971
2.87781228585
3.50684618274
4.35458030358
5.63265209144
5.11622400913
7.80052076872
4.27957672987
3.93797204936
5.6678227803
6.78538950172
2.59946445319
5.4277742506
5.248104692
3.93564416662
6.8822917439
6.10969056002
7.32053034761
10.5253534673
5.50766028357
5.06115313078
5.951286737
2.50706164169
5.71885578777
5.28115116935
4.60189325391
8.10964811593
3.74585634306
4.37717727479
7.72781776316
3.7538271141
7.06226068708
4.13416196859
3.65869493873
2.96637242305
3.57786050561
7.47042053256
4.65881789544
6.65507268525
5.57659435939
4.07316801149
3.78950885421
7.70226285252
4.89409863376
5.43761012671
6.79393470751
9.02709911276
6.31604967823
4.34922013532
4.1397499507
1.81619596712
4.90684737844
4.0091959747
6.13366854294
8.4567551404
8.20175637684
4.23933537379
4.27264947296
5.20496798285
5.56155280731
4.83588729722
1.24691841083
6.44801834275
2.25324623924
3.7084279373
0.640997134933
5.13619742535
6.63959339214
4.54617767736
5.05949830208
5.18939413981
7.33552611553
6.96119180611
5.588409513
5.88463636159
1.76903071323
4.98584782263
4.13332797496
5.83609464974
3.6350210008
3.54504138722
5.56285279523
8.69521391913
2.02771539266
5.26861409556
3.31613657343
8.3642253301
5.38072658876
1.56254110268
8.47734945192
1.43224552102
7.03624099086
4.46018110116
5.99861340661
4.32442615073
5.35801111431
1.70309228978
7.17061629718
5.8756281365
3.13167085559
7.84587708026
3.8632495494
5.74312109538
0.679127234613
6.10924241705
5.25858478431
4.58394937866
7.44917077652
0.126046578208
7.03902853978
7.54441002458
3.21967002344
4.1763259
5.05682304548
5.79712173032
4.67202217493
4.80624818574
2.83829460381
4.78542065617
5.07049939366
5.22391583736
6.78785494776
7.22620608736
8.29191826853
7.10502439865
5.44330787694
2.49735970971
2.95476143555
1.46139644515
5.88154186632
2.83156003151
3.88685418173
4.50750976133
0.843549817447
2.31287640354
3.39455698499
2.61770670953
7.22305102372
7.94608623663
5.51065443998
7.11287163086
5.21114010798
3.13152426784
2.3101499307
5.07886631241
4.06081181358
5.13089880934
5.15774669398
5.6715235018
2.6527700317
4.39107304274
7.88037512591
6.20832188803
6.31073661153
8.9457257836
9.52525290297
4.71735129242
2.25254841132
6.40679860925
4.29074727164
2.93565156598
7.26338646618
0.623007967419
5.97208900731
3.84718871954
5.72397176698
4.91345572372
7.02831470651
2.13699939295
7.37784998633
5.02896950196
4.72139327903
3.3201651718
6.77430104363
5.83129167676
2.44811015735
9.98263789736
4.53603304137
4.00214002765
2.47413694103
6.25601700011
0.817919747054
3.60060995903
4.5282501517
4.59855469168
6.19612857223
4.01334289524
6.77261351463
4.68427273754
4.88684971722
3.54415145985
4.56013860971
3.35755640731
4.31153945327
5.40321479503
1.84672856296
6.86161657676
4.82686124975
4.26594377572
8.49722701944
5.34774277317
6.42038308512
5.26145728738
5.34796409303
7.50874992419
4.05061225832
3.04450199709
4.95687856966
5.52295419367
2.95419673155
3.41889955857
5.74170668309
6.00462467206
2.96907566951
4.5900566566
7.20022156842
5.44821002797
6.64229145042
-0.159377854292
4.45779192582
6.71165863898
7.59677423685
5.63421869734
5.63450494916
5.58229728354
4.42721286861
5.26435339601
2.3982214956
4.1957477141
3.37829021388
4.01647600369
7.04089026039
3.6549148213
5.31955412225
4.71274563162
4.61670418098
5.94081126336
6.5205863377
5.04765896866
7.64075512419
5.65839519166
3.80549327941
5.35466787077
4.39267397188
5.28321890983
3.50799493214
2.27270268882
0.263377763149
4.79728267686
6.0002759329
3.92197028023
6.23399870198
4.13380848136
5.86511005448
7.03108871006
4.41222954015
3.46179160234
-0.79613797258
5.31905251987
5.09159551266
4.98103971951
7.40264000817
4.9164894834
5.42466264513
3.15648996122
7.3398731983
3.05352213797
10.147942912
4.84579707431
6.18484837074
7.9495482912
5.49872405045
4.3873629107
4.34883578624
4.63227337227
-0.244285526197
4.15944191905
5.54381026471
5.20501573265
2.09176341213
4.68540710867
4.30662834282
2.19418458349
1.0938456502
9.04118946111
6.97820664621
5.44570736418
4.41989346829
8.68748226978
6.98082392526
0.929014781112
5.07068653362
4.00250779478
3.54102634273
5.50063234183
6.47201489076
5.37406136083
2.21987382702
3.14271132118
5.7640599397
4.01982132989
7.98087488047
4.588688068
3.97456419622
2.30571709771
7.22714891402
6.73376747986
5.34414705508
6.11214137077
1.96375653826
6.49490381383
4.78635583885
4.80241518025
2.31509815437
2.00849434965
3.42367932443
4.45790945092
4.78327013948
7.35828191564
6.64200254924
5.79975187483
3.20359368812
3.10069992887
4.08497870484
1.66862937357
5.42686739141
3.97042984232
1.63581131731
-1.5254286652
4.2059077411
4.73389199958
5.28340232011
5.26018930763
3.66948603181
5.06612324479
3.3820793739
6.66326513842
7.50830337685
3.72722618555
4.22154944683
8.39952707103
3.47062482167
2.75653022504
5.8103330589
6.36915403609
3.27408968859
1.29900208571
4.39091732944
6.65010196827
5.42969140827
-0.716396739725
6.14356016643
4.05964230665
5.82606308248
2.52847184077
0.858528868538
7.86775680454
2.59524995777
3.05500372444
5.41133900101
3.73137611736
8.31072991355
3.58028995084
9.43518038603
6.96024365491
6.1199505099
5.36741250453
4.28604945718
7.42085597067
1.56113243775
2.45814589148
7.21433599166
2.39435642082
5.42915358724
2.85541976743
2.2294626118
6.37767568835
4.38036026132
2.37110438839
4.62019475006
5.90835361223
2.33385602725
4.12279737805
0.0853239972018
7.91587369437
6.97244018621
3.7271139932
4.42154861498
5.0529367415
8.57229245315
5.44655714089
4.82710847283
8.70438172346
-0.934536295328
5.05370311081
4.84009410978
6.7183444998
4.16290972109
6.56210133991
4.71088461056
7.61246627256
3.62697721011
8.54427719665
6.69906445745
0.546304191429
3.4583533369
3.52713008337
5.78481187128
3.18415733759
4.32589916194
9.27030336392
5.21027871914
3.6070122209
3.60061327489
3.62061466273
6.47825042385
6.00688130587
4.14875213055
2.21885309206
6.16638466476
7.76139703053
5.43160101536
6.21551188734
2.88112191188
1.28331079129
6.65918122104
3.62763639736
8.68437700338
6.55616520637
3.51967302074
5.69978728623
3.44112947938
1.7524490333
1.72111706462
4.07385629934
4.01313535934
1.91671349657
4.99010966416
2.97733842572
3.48389586646
8.99481145583
2.4334891997
3.13865198127
4.98437777998
3.48309584426
5.13692826744
10.2267830344
4.82282203902
3.13162259257
7.30616647686
4.23018986261
4.0477550697
8.43903202159
2.57623707729
8.01787715555
7.33892946585
4.51256508782
1.73138272834
2.78391570293
5.56483840511
3.66761858433
1.21804875889
6.56615468927
5.74543956111
3.49674332197
6.33977566096
4.18931361913
4.78402779763
9.09468439772
6.88721908028
5.67195741583
5.71241234379
2.36799510015
4.50471813373
9.07445692291
4.72600796377
3.78870842327
5.75535017562
2.52180178561
-0.226187742525
5.56735815502
4.06526981458
9.71900006615
5.64184546071
6.51955979642
3.07092699771
3.15450307709
4.4334577583
4.53166772522
5.78198390318
5.14665577317
3.93471862609
7.34474330478
3.42557390064
7.68480485148
7.58057814277
5.71304281575
5.95997173439
7.67682221534
6.95700685937
4.73658954115
8.79046298616
4.38766204954
6.16414696543
7.86541351931
6.93703765853
11.3013627553
5.36808808932
3.51418805029
8.54040804116
3.77542637271
5.56310005965
2.11707061358
5.71105094976
5.17472758461
4.52903646779
5.91265622373
8.14439934543
3.08996349872
2.91243736622
9.62081133135
4.6636194238
5.93584836901
1.51544048405
2.92939035762
4.02496602674
5.21471265858
7.26196780751
6.94572308166
6.09519268411
7.30334445222
6.43239285579
11.4906041553
2.71985009706
3.47955438688
0.501826138216
5.30531763199
3.02845505294
3.35933921259
7.29282181305
4.47845232626
1.46390435828
7.55800298832
4.5742006537
5.36235629953
7.3223802839
2.13142214712
5.06688807617
6.27629212427
4.05170760268
3.86015424627
-0.788187824547
5.7712779979
6.78703204298
3.75574478402
2.71369846799
0.859315186802
4.2376823124
6.34230360419
5.02304977623
2.78642192301
7.17277079259
6.78867856289
3.20713703149
8.11632938476
5.53314615553
7.38586465295
6.66712834417
5.99365356432
2.83785212346
5.46653069112
0.804243331311
4.9119525767
7.32785249907
5.78940732979
7.472614006
5.38506809341
6.51780493514
3.85047387855
4.02774855342
5.61642761861
5.28139982712
6.87263622627
4.41171921793
6.16064063397
3.50813712294
4.15151485931
2.77167104291
8.7123323695
7.66047901292
6.98538826807
4.9905472097
6.70004844293
5.83177375347
8.09613663546
7.26752885179
5.17416872601
3.44864219513
7.1498129653
6.22156943748
8.27886512269
6.58939351384
5.83249163189
2.08478728531
1.34986248083
6.41194345476
7.11701469453
4.76111499384
8.28092517044
3.38552067518
3.54863516331
3.69764264959
6.70114332072
3.67956071602
10.1995519956
5.99094133854
3.82091165931
4.81871943302
2.89549499466
4.79174548517
4.96057691915
6.81152360019
5.07647017084
5.1084983129
3.64631754798
7.93770880585
4.3460916953
3.68329640713
4.68281272377
3.94535422945
6.04080343185
2.52625002707
5.76722946557
9.00495887873
5.64495849819
4.60554267203
3.76063193812
5.5637933483
6.70572610986
3.87154298524
7.08707169348
5.08329158692
4.9218767676
6.16126791289
2.57657389815
5.71062556269
6.93825358369
4.85347409376
4.96863030969
3.89509601661
2.56769990213
4.81106467983
4.619093572
2.60324179359
6.13432404579
4.00521500887
6.62245209472
5.69196195592
2.88768808616
5.1931407565
7.8191572865
6.16197803331
2.51309857333
2.5240608833
4.30235314845
5.56114901247
5.06193270503
7.71445954586
5.24906912078
4.57763028924
5.51147264767
5.73774317645
7.6448485715
7.3800777393
3.22778406003
2.91646965965
4.88288064585
4.63018861549
4.86074484418
6.75279937503
4.57582805663
5.6122737344
4.76987532221
5.58884888584
6.44301649166
7.9477693831
5.31341908449
4.6756595477
5.94808456548
1.27692377034
6.37832758247
5.48308900695
9.35033574751
4.77454676302
4.49926645179
9.18797810967
5.24836665306
7.25855888774
2.73690081029
6.60505122596
3.54529688576
6.75916942504
3.99237129799
8.38776568181
5.65412067886
3.70211631255
6.26673721668
5.02838715373
5.37674380429
4.87291952248
6.65178759035
5.17826427742
3.72704097469
2.74560396066
7.11081695348
2.01587942657
6.86171632923
3.09089823938
6.63724491388
3.80046262609
3.76259706222
4.86172028735
7.62008439402
5.05160471079
3.25670289245
5.17458352722
6.8565296721
3.53933178817
2.96545053993
5.91875707517
6.35921446008
3.31307096231
6.76190099001
7.3667583772
2.85568135066
1.92917368115
6.54930212004
4.85655241932
6.35599820813
4.24087921876
6.56808369994
3.84729113797
4.28352490483
3.76493253648
4.69274163028
5.45365525098
3.36275653078
3.00900591662
0.428251780705
6.10769208873
5.46189703575
2.60906347057
6.13956424596
3.8563490007
2.85131532742
5.65618842906
5.09098504007
5.8734195842
6.73564768039
8.29408096954
6.38444903363
3.37161937748
5.92334534699
6.55583992845
4.92613995065
2.24260428229
7.17103269293
5.99806510873
8.77614909191
2.69128042812
5.11643903646
9.78145792089
7.68883904855
6.45863288572
6.10020642284
6.027162656
7.46676326862
5.99474125879
3.41221441211
3.95834526373
6.52176253793
3.04302805522
3.96201708635
0.761889097313
3.53273489412
7.03796267554
4.46786631599
4.99526070477
5.82224300461
1.73689641772
4.83643353146
8.18617125832
5.8079910251
0.646905165333
4.23954013282
6.71032367454
6.2677730718
4.52062551626
6.83064638912
6.4887952712
5.40068032868
4.23285489415
6.63963763115
4.44461063241
4.21406153494
6.20570659389
1.1284828827
6.72174133181
4.48879786377
6.79089188647
5.50587671048
2.38794572808
4.60160653331
7.98256646649
7.29229794644
2.52278554355
5.16788439451
6.77174866825
5.94860232119
4.79475699109
4.92239485578
8.15235436765
5.390210089
