2.91523137256
7.57727218272
4.55376629536
7.14328191931
5.2342365507
-0.168458552851
5.1931694425
6.73577798998
3.94446911975
7.20492397349
8.16079020848
3.66914721841
4.47459228191
5.37724783946
5.87986021752
6.67979937961
7.2298853765
4.75228434907
3.56225281757
0.749549301701
3.09743578161
0.332641178348
8.63690989825
8.08808864654
2.96237552685
5.23948586717
3.30783083617
4.60738182854
4.14762468078
2.41550893122
6.57999788541
6.48916090023
2.50382331644
4.47053834899
9.38354133718
6.52928949718
3.22118629306
5.42676062144
7.64153875827
5.2166593507
3.54821925514
4.8472978115
6.80524415735
3.38134263256
5.71604330771
5.89833359477
6.69488692902
8.24198277533
6.49081401207
3.14133397417
4.32369941657
6.99746765443
3.296086347
5.69728261859
4.59937709493
3.75228184823
5.50967072208
5.31817185137
4.00234602237
6.93501728843
2.71339714984
2.95618877916
4.94561518199
5.41484262346
1.04287917292
5.75659067611
5.98552372848
5.4164749713
2.50222430463
5.58459457975
4.1703357638
4.21365058843
4.68440431078
6.23321413877
5.61676852378
1.67749647679
4.90962600056
3.68283290065
4.90907354848
1.65375459387
4.15654955362
7.00066355901
4.66983798067
4.13845230568
5.06313377211
5.17679147891
5.70181346459
6.01272630803
5.82539823436
7.60173253153
4.70268168742
5.38362973726
5.40027584213
2.99425855575
4.59907201615
1.50265053928
3.57312826454
3.39974133712
5.11282734917
3.56249585464
6.8735558129
5.24139728522
6.73474132442
5.77364050147
4.96126724725
6.50995739474
8.22331941856
8.08903922121
8.34636508974
4.44988638797
5.00659605933
3.5502869952
4.82703172268
2.5680325845
9.38018207451
10.0637208158
6.05570475178
5.1152088058
6.51895196236
4.8552009904
6.17042424883
4.53193632571
3.28535399109
3.98150865188
5.72386407295
3.11939390005
4.76584015099
6.75759268732
2.40299207292
7.43474556111
3.4986884834
3.68415961562
7.96192359324
7.51298714237
1.60992545933
5.37022218444
4.8858120837
6.63555935745
5.24029200469
5.10377862856
4.0789446495
5.31108003332
5.29938658023
3.09742707983
5.17028688358
3.717863226
4.34481394969
5.92271836538
7.13991628939
5.48703107423
1.32491417686
6.71193081575
5.45972688706
7.19014794323
6.59778668593
6.33989845643
4.36719967147
4.02784591203
6.74752692898
6.33851852711
8.82980636106
4.70424297727
5.90025541122
6.23394605788
3.06370784637
7.69813915846
6.75385109567
8.2092045129
1.53604522333
6.14442502552
6.07446709862
5.15090465613
4.43020316526
4.99660795959
7.08268289118
8.2226258432
1.0435667215
1.50444726537
-0.441023297866
5.18492832948
4.25101361816
4.41722400318
7.77353208058
8.73076714332
5.9079265703
3.82452125933
4.83205764183
8.57660562011
5.94731324913
3.81444014463
7.57225123271
5.1539676144
5.87738335969
2.80016969393
5.10503940286
7.94558680822
7.30726998744
2.93024544127
6.46822846744
2.76588854509
3.45950624068
4.42960249327
2.70576913557
6.08901152728
6.40217637626
2.7420761407
2.66365461955
1.16533939466
7.03631722394
5.21456280234
4.76374512656
5.94083410944
7.13386474919
5.23215922609
2.90642037769
6.93290647176
6.90877932342
4.31991591754
5.65994264452
2.58792203182
6.62350992112
4.14017424773
7.77096331961
4.97499564376
4.78981832
6.94026492608
6.0972651275
4.79459519628
5.62505419804
0.328697606078
2.59297483124
8.22061715969
3.9606260964
2.51437675731
4.71211810065
4.07132179
2.94520364277
4.4481225366
5.18679391615
3.2196218133
5.14578223934
4.66298481155
5.120903083
3.59769953498
5.19539631987
5.9930136513
8.74053457924
4.02181395063
1.93425327365
5.8189779281
3.21377666354
5.88694002111
6.41723929649
4.62517734194
7.61464859957
5.00077683412
4.48256095674
3.1344331142
2.94029025272
3.7584663463
6.53389700177
7.02969978153
4.97780032512
6.16079833865
3.02755975968
8.22774245877
7.87400367684
8.07074060575
7.42051315975
5.5755344015
5.67871771167
5.59009218526
1.83704883579
6.06184453975
6.78164682312
5.86510543602
5.78650935338
5.01887445305
6.86772716406
3.4946483622
6.52442509487
5.31764835249
7.73611052989
9.1606355703
2.61076250054
7.71303137815
4.22788020826
3.94778451464
6.66528364082
7.89753124579
5.50264593054
4.51198908839
5.03048422448
2.65242484804
6.82658324809
4.01653679742
5.17922939357
3.25256644765
2.1705372189
2.78865602904
6.03654695584
3.63502198034
4.2475251652
5.25473798343
7.19978800902
4.3136120929
4.30615332113
6.52304687844
4.72816147981
8.74866715133
4.67469925611
1.79022187397
7.18240371613
5.95665133266
4.3968311189
3.63944083835
2.98785735395
6.06180695534
4.83819448954
5.25946291597
2.67287340439
6.0300398314
6.25698490374
0.618780283022
5.6716158166
7.290038758
3.90134366777
3.36510979843
4.76621065231
2.50454551187
3.37772399971
3.29300486434
5.79853538921
2.51869859593
7.20258965478
6.55972998404
1.89319585941
2.64392387166
2.87043916794
5.74133883645
3.64644855169
7.22281466384
3.49205507185
3.69588818079
4.28028105199
6.09724692203
6.69296748891
5.19352098318
6.67780388625
4.81972282767
1.79446482264
5.69061867319
3.87009045667
6.96379670917
5.63386485331
5.52791013712
5.10602220742
3.92660678594
5.89727485528
3.38651208771
5.2295689585
7.10092639798
4.72383913562
0.605289917134
4.81367597059
2.9216962633
-0.844804399774
3.05563499535
5.66176916861
6.01542599263
2.8021494329
0.242188224068
3.72974272468
5.0966827845
3.80294085866
4.39490412919
1.10034576731
2.65447881833
7.78769115345
4.12998375692
5.30440626625
5.47262618984
5.92422139673
4.50678125023
7.292907272
6.74677749642
4.95099031768
3.26971903187
8.90714982979
6.47912690035
3.44880550096
6.23086130466
4.26879690773
4.06790397153
2.28576005093
2.93051567069
5.05045969161
4.43166873062
2.13623100339
6.0027445957
2.34590705285
7.0439608297
5.40169896434
4.36512351581
5.73361899924
5.26732626969
6.77691263873
3.64463098047
5.09009437386
5.18616184905
8.22291381753
6.80478515042
6.03946922006
4.57667125568
2.78766434376
3.65267524217
4.35084852318
5.9655381312
2.92811458604
8.1802533253
5.12978225705
6.33080568507
5.68075531226
8.06473810179
3.30831958592
6.56074383809
7.82878836181
4.06329968328
6.28200702193
2.53176548726
4.30800282385
5.35500614142
5.83176748189
4.27756916781
5.64762002661
3.27341352318
3.56551272112
7.81625900002
3.97517832601
8.12225335792
3.71247488521
4.16010742672
4.72645278093
7.73709102627
7.30769392947
1.09545354748
5.9537523704
5.99017772232
6.61187673507
3.69266476118
1.01114702721
3.70300923249
2.14671538892
2.61030577176
3.72199596792
3.97944592074
4.7104826755
3.89183499875
5.79058252512
3.49799916435
6.67130520733
3.80056088009
3.00214431039
6.64339061238
5.34709892499
7.21853863494
5.55183374068
5.92474275443
6.29235868486
4.4212472866
5.97990500555
6.54867125287
4.31428422362
3.65196456681
5.07467679658
7.54296659276
3.18083577696
7.23416963914
3.28861765812
4.82767271045
3.37136950097
3.78965890115
2.41055045279
2.03660364687
6.05878412945
2.98462895686
5.06618589209
3.98594510116
6.04814650934
9.6000605385
1.75884543871
6.89429229561
10.0667602728
5.64983430448
6.30043492825
0.805558077927
5.2237244155
2.2626920044
7.06857746367
0.945426504458
4.12192988077
6.24341132109
5.33203788468
6.78853943741
2.60648757303
6.3562556103
4.10695541853
3.84629214271
7.29417237617
5.03647921236
3.48609256336
7.76399985592
4.4946964284
5.80696193205
6.65989873491
3.93096294087
1.28471348061
9.75896685798
7.49346281712
5.7143227915
6.19228523451
6.85009040446
5.12242541759
3.66649052356
8.4151954481
1.75884071305
4.32255266665
3.86974864281
3.89342174172
6.24089353979
3.68083277948
5.82139293844
4.28459448468
3.85020593798
10.2019207064
2.80134010837
5.69464264381
5.6087891891
5.42316076466
6.61241926669
4.69439364863
3.71706350084
9.28094126071
4.25221611122
3.89828170212
5.18250547435
3.17506845977
5.27275797361
7.74037389392
4.77297733166
4.6344909948
5.9110195151
4.23661376147
4.98409390573
6.16184180783
1.34519573152
7.99921175018
5.65184299577
0.920185641728
4.32471955841
6.83246836428
8.06267475342
8.20528825005
6.06583047062
2.79527796592
8.46286478898
4.11613762393
5.2084043693
5.80203136046
8.08240409147
9.00910777483
4.03293806943
1.69541788179
7.40851799145
7.17557660361
7.19481427529
7.3661294911
5.19807746023
4.82278880315
6.04804500018
6.00057763766
1.25087217313
1.67103327306
7.02667847009
6.94850022529
2.72715893854
7.86966717075
5.14564371627
5.45582846928
7.3851807815
3.6380889048
4.9836021191
7.06670148027
4.21991090884
2.72039618629
3.83715210927
5.03051822079
4.65634211029
4.6656790366
4.6191158477
6.32093728235
4.33817378571
2.0168698062
4.76405233414
5.4512151878
4.63878526566
3.30532967019
5.58789343699
4.24727655794
5.73464529396
6.97738180489
7.00066795798
6.12641895813
7.37343661642
8.01625661568
7.05581972262
8.30647747277
6.47690634569
5.84722785862
7.36726572865
6.18983666284
4.85069799946
6.88636975439
3.58216333018
1.23116803198
5.60334368328
5.76417472907
3.81859658298
5.47036072948
6.62023236185
7.92610167965
3.72390888603
3.80136414377
5.17491416631
5.1404935636
2.64039727463
4.12181444149
6.23549727021
4.39638721958
6.44355398627
4.14332515452
5.96911175957
6.07444440296
3.10311278097
4.08014958438
7.25450262256
7.75235099126
5.04798090509
3.02564352045
6.764623413
8.26145574797
3.23270636506
6.7672045124
6.88044137582
2.82488719416
1.70610590264
6.32387182557
4.99108133599
4.55637380201
2.21966192119
6.89298953047
4.44700376612
8.39084782202
6.351528258
5.28164121382
3.88430180927
4.30732561854
7.00494635606
5.19198847688
2.94448014596
3.84447310674
5.55809956701
6.33467388092
6.70746763159
7.36618235255
3.17616034096
2.54049500896
5.5174609328
9.17688695246
5.47033583674
5.16545966907
4.46958627925
3.44812022873
3.69790711775
6.68812418102
8.69800498802
4.27945928218
0.966174432584
6.3731453231
6.37031266066
2.51271111642
5.80092415546
3.18438274784
4.22049563244
6.64116355852
6.41462921922
7.08977260823
5.1722867701
1.9486833918
2.49963367515
4.01640672552
1.44934064013
5.1042132964
3.53652712711
4.91799710129
9.19332155145
4.85836946448
3.46552033187
5.12575104743
7.59333193233
7.81380929414
6.16566361122
5.7273097583
3.84782858066
4.21260640983
4.69932629326
3.05212553187
8.646092019
2.33185159791
2.74263344228
6.26868092532
2.59543607749
7.73815075238
6.90060821132
1.51558188231
3.9921384408
6.72849298978
0.754521211884
3.82508129238
3.73350502414
5.07896047688
8.18930659419
7.8264657314
5.49960402582
1.61357267723
4.15242982308
5.8215787862
2.07243648184
3.2834597866
1.61512424027
2.11269152835
5.80976199043
2.61586505924
3.938842877
3.82716954504
2.25732396037
8.18537509864
5.64887458188
5.17040122169
4.57061484373
1.68183269304
5.59938471882
4.72926900859
4.21121978601
6.57433482901
3.06691868036
6.09103240583
4.76689165372
7.20744713846
4.90229038337
3.87182997289
1.05390729739
6.57118618205
7.41572343591
7.38617989793
4.88636377748
5.15264791396
3.01486072856
1.2198456066
4.2688106945
5.34424835021
5.20984776192
4.67493790421
6.06306390077
6.74093767393
6.16313522671
5.3393535538
4.2570660618
6.13663573792
6.91316137559
5.79695281502
3.51817740778
3.21709317053
0.424348759015
4.07669463704
3.8723353399
9.55506244631
0.836434957615
2.84727427504
8.95780255235
4.10138519768
7.76703896613
4.36659424566
9.03533021106
5.52697441306
2.44353851272
4.58953889364
6.8392927022
7.14919080505
9.9756000863
5.12253657546
4.89012282633
3.4987647763
-0.112860574625
2.77750438163
6.11628674845
1.63625712165
3.98007704545
6.01486106077
5.58127453838
7.98227899955
2.12038109071
4.36536440327
1.0771713056
4.46835230525
6.50860530529
5.23775915105
4.71511593032
6.03177875237
5.49714758588
1.99884101061
1.75790935243
5.29211574103
3.95770723829
5.08795105955
5.12787313518
4.07781139803
3.299669706
5.68708990331
3.70578923438
5.94190920383
7.12676068619
6.98967304901
9.21870951515
6.02191286898
6.58109333788
2.08255032972
5.19358656346
2.64875692394
3.58476519327
5.18467455053
10.110479882
4.04055330961
6.60416036986
6.21607155804
3.9070171315
5.00574388906
4.13127538989
4.56216397254
3.98449476275
6.31710531892
2.13678917218
2.64217743887
3.818871652
6.03423323673
4.82912329727
5.06601591458
5.3010452001
3.5931223473
3.29519711278
6.88585108193
1.74838638057
7.4747601957
5.61044980552
3.05741476147
8.26753614726
3.68633683913
5.03242575187
4.48813494115
9.31943499878
4.86632009523
8.23944762719
4.5604443531
4.05984566374
1.92643889213
4.88064085506
4.29611169917
8.25073985609
6.53370780874
6.36535760483
2.25648430238
1.55656490165
6.22186448588
1.30993185059
-0.471817011163
7.20447385613
0.578533658098
3.57890941355
6.1239615728
3.16874536698
3.77096915513
5.47187761597
7.81547742626
2.87074896938
3.86400554844
6.16798151681
2.97282244531
4.62722212212
5.42969606939
4.11350842906
6.89151939786
9.58465726867
4.13759072075
6.66266991
1.80041163344
4.4813475695
7.79709230879
6.86595935631
3.56755528879
4.97606408598
1.2551253305
3.59188746744
4.74801129981
4.48093255168
5.2599030646
4.33789495566
6.60862801853
3.84119769337
6.23840671713
3.62218736733
4.99832300522
0.841996458423
2.26170429724
0.125272198756
6.24619053613
3.36851032569
3.52348365306
3.99878455752
1.76375693666
2.84448784931
2.1348476997
5.24455215768
8.15120279974
4.35221308846
8.57883448183
5.48683930189
6.30144643812
7.47904900304
6.28296755837
5.3849767305
4.58283197156
5.42896542616
3.28728351872
4.97567630436
3.53466725403
4.16411019728
3.43266682793
6.28967647079
7.17815176029
4.55223857839
3.8655020015
0.321507023325
4.38104871783
2.45772765215
2.8676237968
4.96616822706
6.14273872293
5.65221872802
5.47282366586
4.05632672745
9.75695864739
6.87248100737
3.43997012046
2.00358580919
6.12580270084
5.23182472131
3.83154743342
4.98214971496
6.3739645545
5.49334555568
5.84498197274
7.45650785374
1.52514029124
2.32760332402
8.98158587699
6.12272265358
6.84720522436
7.18571128145
5.0184647086
4.5440349184
3.82237832625
6.44379160685
3.43179710697
4.83582329491
2.24785207222
8.49243014395
4.83936478126
6.63018778833
4.10443478384
7.19610726172
3.6775961907
4.94126568579
5.66609856301
5.8015740317
-0.425074862093
6.58331173086
4.45813590947
8.38541260016
7.53507957248
3.14443513285
