4.33978026429
2.52583921983
6.91804894754
2.12974586892
6.0119420226
5.02338205325
5.14712579621
4.57805948462
3.71291822865
3.59450426333
8.47019057755
6.25607482191
3.80503777467
5.60831205287
2.98812975641
5.41020684791
4.55563300481
6.64210497442
4.4916030319
0.826824616191
5.84522897746
4.78834035322
3.30005008571
2.03039837563
5.14859574581
2.79515339771
7.94834046586
4.70894747313
4.98478903944
6.19593843551
6.94394030704
2.34221987849
5.14844386128
7.13032559049
3.29607002021
8.96877337692
6.98431494587
6.45865191213
3.03555993323
2.63528751284
3.70908282622
6.42557945317
6.8235706176
3.26132847559
-0.6055807913
4.85668324283
0.899847202622
6.5668306624
6.00595780602
5.17336604716
2.80544382193
5.94863414375
3.50008815689
4.21508239468
2.94429477406
4.00117852832
5.36125731677
5.66432548659
3.40724447694
5.47306735122
2.7467148766
5.88054459502
3.62244756277
8.99143533251
3.96705473259
3.81413452058
5.64949430649
7.63157672753
5.09439998304
5.79454873204
-0.606130102184
3.54675553253
6.38907587239
4.48270407453
6.48046508694
4.59297937697
4.1727625292
6.21348516376
5.52144444616
5.19040218956
0.502074312449
4.2986837138
6.90142803736
5.20010045417
3.01736949452
5.65842860961
4.22746389506
4.48725160838
6.58502729578
2.52872375047
7.14755226929
3.447029678
4.99303574726
9.08944067068
4.62271897622
4.22397804362
6.81034107325
6.59311102913
7.49476320538
4.79990299151
4.81854384979
5.08953501674
5.7610396145
6.26274439488
6.21387829974
6.57609018377
2.34927154582
8.70777729735
3.44913788221
4.97683793665
3.73825654548
3.25742890795
4.44603756921
5.07969508142
5.47166316957
8.07089104881
3.2989161114
1.62057964274
1.79526445352
3.97964083019
8.91183045676
4.81371602356
6.70490071929
5.25818752823
6.1375561078
0.203390774708
3.48742500999
5.01125115266
6.78520494554
6.60636738517
0.0678495463639
6.86472674444
5.84318017149
5.00604025373
4.45185422492
6.48798911545
5.21890635757
2.4168484441
5.90106885651
3.58088725799
5.32870185356
6.46323824439
3.70438580157
6.12012428071
8.69373129879
10.2441747118
3.39119641708
4.11161642976
1.53835705143
6.20169066146
4.291369397
1.80216157824
7.4770242856
5.85459596623
3.62347405912
2.24279364288
6.42185337113
6.21130700338
5.76749221537
3.58555285235
8.17938246769
4.23221718158
5.47024070159
5.23473274116
4.4664020218
2.89589668548
4.8055250266
5.51050406493
3.94668719658
4.66730081116
0.0528738061658
6.05319068195
5.01625996174
7.53852523438
3.63496139817
6.45269688879
5.56832030082
6.65751385503
3.87197963844
2.31166745565
5.64853441359
8.31712382774
3.33991324299
4.48533582058
4.84535216139
1.2536718572
6.38702470643
3.11244589257
9.82046134033
3.60197910063
3.8470782705
3.72564440193
3.5903685762
5.65235275044
5.59472189764
6.12498968043
5.90206861079
3.04952139595
3.70381250035
5.74650174314
5.20844573191
1.94724695726
3.9846530936
1.69007210158
3.7457750733
4.1910458226
3.30219555246
4.21767793782
6.79782563904
4.67510797092
4.8935886665
6.53631085924
8.36133530263
3.88284178758
4.11414255141
9.7040326949
3.77071680699
4.79255762817
4.06474750079
4.4430489979
6.45518524942
2.42137279847
8.38040771658
5.6780398757
4.98058265337
6.29389766476
4.51890225287
4.22425267204
5.74164610532
5.48634949787
6.82480273142
6.42030222564
7.37183985394
4.33603101046
5.36846673817
5.27028206666
5.7362270261
3.00852222434
5.27284624577
7.33433098781
5.50687536982
9.10799788417
5.16174564098
6.16425617661
6.12790548065
5.14893456609
5.95685865795
3.91970080177
2.81862390804
4.49044163752
2.36756425008
4.74395658253
4.90575389219
4.31881645184
0.334871859546
6.08482089264
3.73086098411
3.02268894087
4.63772431363
5.75865129863
2.89841387627
5.03494499837
1.33724613081
1.72713573731
5.78869813076
7.18248736609
5.35262964397
9.5182222215
4.07234328667
3.21247518142
5.08241196896
5.3894421869
5.80775503415
6.76160946823
7.28044884332
7.78017647383
5.84374590677
3.92247236338
5.62417345913
7.78979230303
6.12443458742
6.22423360293
4.60109887682
5.25019912558
6.13831879955
2.72665305706
7.24213665234
3.80100196079
2.87545280312
5.95647020458
3.45486676969
6.23560553689
3.37566739872
2.03382487114
7.54758093554
3.99326973674
3.56744330596
3.52412011351
5.93718085747
5.61008754199
1.63524596575
4.92138173513
5.53392932909
7.14415766803
3.05321544882
6.53495780136
0.39401872624
6.0863690419
3.65198113823
7.00146626539
2.00121895895
6.76166892529
4.5714061391
3.58677920664
2.98788051109
3.47382290121
7.62700241532
5.95533879969
6.9007444056
5.83827768545
7.56328209639
7.74621845367
3.87305682732
5.83942758066
5.5501422159
6.00234950363
4.19781469371
5.45815474549
2.67621322682
8.82560156564
4.40736832101
5.80780414356
7.06948830075
5.1369268761
4.01357471882
0.545668730512
7.83209603401
4.37396517944
4.57258123119
5.8393977865
2.65771153619
5.07652308004
9.18729325591
7.28316026576
2.49051795893
2.76566636425
8.46874511769
3.5499790858
5.51473539649
7.08002922821
4.96058965107
5.986711233
1.04405965758
5.20809012288
6.45031921795
4.46332064694
4.73213903559
2.11191001172
2.59289853303
0.200962178957
6.52489710082
4.6622307325
5.95249822989
3.45062640158
3.75142365238
4.1092529464
4.51761393431
6.39133220032
7.51757364712
0.0539834644615
4.20630228341
7.31176271649
5.72426639556
9.24320330013
3.45217137161
8.22135056556
3.73271883034
2.62595320504
4.49676549407
6.19951062767
5.43627728498
4.94363678507
3.99483255258
5.71753437624
5.6458535862
1.21950747088
5.89880698308
4.99555690542
5.98454211504
7.51874046706
4.24025055472
4.79370469327
2.66598439042
8.33848876998
5.90954049527
3.38316541899
3.51908152241
5.83544534482
3.84162005625
2.5008723303
0.693879230076
4.76330218841
5.97513955331
6.83267525644
4.02070514411
4.05926266034
5.25509643481
7.50301292113
7.1533296458
7.52508547808
3.90435608616
6.02289154151
2.27524962622
2.79454563937
6.83051731398
1.7078960599
4.03165457004
8.32195659684
3.50398442505
9.85363042489
5.08647280518
3.46834545219
4.60713870072
4.42287734173
8.37689881765
5.48355310531
5.82368710638
6.61582177481
7.49841604756
1.21187845611
7.03802990536
2.60167901968
4.94307362895
3.44531162254
6.06659883759
4.49222373067
2.65497576871
4.14985250085
7.39744341168
6.91220125123
5.08648293915
9.20135911644
4.10895814707
7.19196537496
7.51163008364
3.96499880029
5.88908963012
2.64480458411
0.80285322021
2.29331387737
8.40333604483
8.99041539518
3.47440478503
4.82778248626
6.33324244178
5.85569924884
1.24918511743
6.03915668112
1.78641529467
4.80270880566
6.62208220695
3.27011620697
8.26914941107
5.32909709569
0.0495399466875
4.35459965091
2.18841124201
1.09915942829
3.63030688052
6.02287071781
4.14086342485
3.21261560729
5.27458421685
4.77431693945
5.30440083639
4.84653590857
-0.463059676103
3.96281377262
5.51360855851
2.82343834699
8.54583767444
0.448787850332
2.69717007261
5.31051195967
5.36300400504
7.39080486539
3.37323094596
7.16586818558
5.03552288422
5.91832603066
3.26676689724
5.19346067451
6.47660568504
3.48329936122
7.61156608866
3.37090300839
6.69698543298
6.42548075339
5.1749855629
4.42960653117
5.8304525214
4.05239534782
5.7737759207
6.08247825367
3.70721700451
3.88109771889
4.24410914848
1.75632131096
6.38459075347
8.33115146547
5.34954564422
2.5091626829
8.12313527436
2.42933031688
4.77827832515
4.55683833884
3.59781982595
1.07996967218
7.45108159901
7.53507326912
1.41700471759
5.61945686823
5.57431787222
1.45281528759
2.92419630305
5.27096137527
5.61514073266
4.30072758626
7.02175083805
8.83359863069
8.01271824895
8.35694194963
3.25410458262
2.72916957334
8.10971148074
8.48962340666
6.4264398258
4.9585395639
3.27135683711
8.1676120107
6.25240350366
8.66688802762
4.20434692612
4.0058967207
4.44544847865
3.60482362534
1.61379324351
2.73417214976
5.30026007284
3.99838979188
7.12217430218
4.00625743808
6.05315930006
3.50889308791
7.21367382497
4.30808422053
5.91462397692
3.77018237115
3.19633489013
4.47970752751
2.56675458534
9.22583094939
3.89760631297
3.2517345808
3.39479849845
7.79977007826
5.06339490533
4.42838289536
4.24015151725
4.36808287106
6.16972827591
6.45570779193
7.38654752347
1.48169608322
5.86965785492
4.86153696246
6.19683604948
3.90087176996
3.81362080627
3.43335930879
6.99806173697
7.24052706409
9.83945844769
7.36474531728
5.74830526499
8.40007736198
3.54089909361
4.68290742771
4.57315038703
2.50800548898
7.8583402215
1.14053033332
4.02996021366
6.90753368169
5.31582449761
3.28411144955
7.0422097052
6.21382101092
4.39826544827
9.76702961277
7.79298765184
6.31466347488
4.73547291501
2.84610622967
7.82695498446
5.97080132423
7.26884614639
6.50344953393
4.42872145969
5.27822272997
2.55147775095
3.2285707269
3.90217753022
4.29048777941
8.87897859201
1.91282184625
6.17575146753
7.5060955703
5.64589324113
5.42837182691
5.33387070365
5.52069941693
7.87910445035
6.9438818987
3.58949151827
1.69342529132
8.95808280829
5.45071808714
2.18708294841
5.2285079263
2.72482411162
3.03031455025
6.8844874107
5.72840835613
7.32767701999
4.89548282052
5.48604735107
9.55598389556
8.59952541074
4.46676562163
5.45540084792
-1.13165229123
5.76736229485
3.88028301309
4.59109037588
8.96538818279
4.81105432005
2.57193053875
4.21274737609
3.95348599575
7.27381554775
4.03208819308
5.07889509508
6.30881411999
4.03311379358
3.90602751791
8.50353821335
5.96667099466
4.27616246787
7.66346944399
4.37119558008
7.96278513406
3.96801423181
4.62020000798
0.790253294593
3.8003125007
8.8068447293
5.4241114428
9.96686964587
6.0892446263
7.72199848973
5.44322136847
4.3224305109
6.43057163081
5.44578737668
4.72528505862
1.9822357169
6.79711229121
7.43670104628
7.20261130562
2.16006336894
5.38612302714
5.16358810595
4.24075748217
1.41115561305
2.57851291837
2.24267474241
4.32142659229
3.73496859946
3.66251012085
2.8226409272
6.3467207568
0.277337264147
6.78441046455
4.67222139121
2.47017994212
1.88191117567
6.08915274349
2.62765459061
6.91736738462
4.90742537947
7.73213720196
5.14941382013
2.72739579916
5.56831122247
4.65354806227
1.88268563529
11.2923094229
4.44020020562
4.40957619505
3.72156796617
3.88974396694
7.56877187008
2.93100414756
5.33039329867
4.54799234396
5.35707695184
5.83750812895
2.45800548904
2.38687045775
5.31172594785
5.34837037174
4.41763245151
-0.461945776357
4.02454974837
4.9171458514
6.69958885748
5.54318327179
1.80263326392
9.75063268794
4.96924452344
1.78127106071
6.69230326826
7.61324013726
5.88518973025
4.27994161141
6.16362448682
4.09758299685
5.96409393936
3.39284026114
5.23715415813
6.19350897701
5.47442477186
5.4815118299
0.313581714711
4.1959620239
4.05327360596
4.01321710742
9.81741858697
4.04977949059
2.88541729187
4.75999504452
4.48325841126
5.48322309166
-0.485151457349
7.31604282787
5.17392148803
8.75893679286
6.58698297157
4.36614371899
4.88656408893
6.7756279563
8.3906571131
3.79978950799
6.21928457723
4.90130947304
8.00727244124
0.626840155877
7.00387742559
3.52206342398
4.08976835731
3.58637875668
3.56705403922
1.68873232281
5.35847043851
5.59820480605
5.44626376265
3.97659930555
6.15992055568
2.28597614738
5.52272395652
6.84966991579
2.65766036759
6.19279702993
4.47898404306
9.26416853307
1.78645038945
7.71204653214
0.781054294925
6.98440701407
3.69800146911
4.69149687652
7.05710143251
8.41306234154
4.59331776452
4.01779941193
5.01952370275
2.89611375984
6.81473697192
2.11027919934
1.86825827508
5.20573440363
5.24202401651
6.72887363654
3.91413959335
1.73617742315
6.71587126138
5.45844141622
3.5383049686
6.29013411077
7.30407454081
3.78434757527
6.79385425453
6.769727301
6.03967851158
4.81259687697
7.11440636293
4.12848549562
2.2312967456
9.2607659647
2.76924266789
6.68920210785
3.01618662922
4.52187952323
4.4086668468
5.18882528942
6.47063259695
4.982465281
3.43443471003
6.37066982488
2.76456133732
4.70534795862
2.3431657935
1.36364081315
3.90276116637
6.15235844834
10.6722273506
4.18441244519
3.94006328962
3.81655847631
3.22092629324
6.94032067944
7.46138297077
7.4723943441
1.85998726197
4.76282150978
3.91920632883
3.65232986896
3.87209241251
7.44868609685
3.09651212713
7.52136446893
5.71402530723
3.63685121545
4.55571161826
4.78181290537
4.51481535316
3.42307879692
4.43144462967
6.74540318873
6.14546931624
4.23071769901
1.69003392176
2.87714872954
3.61191005566
7.97776581493
2.34308606862
7.29931639423
7.42570985513
4.0607081614
5.97935704112
6.65604514668
5.14434729545
4.13819715302
3.93330210322
5.44492186168
7.4555255218
5.5007868305
-0.245801168432
2.70277709409
7.20220563605
3.61518357201
4.16421567734
4.7033688237
3.05853052685
7.77240935342
6.32646824757
8.22091909781
5.99252527594
3.792794365
-0.371145965204
6.25156898828
6.31584481701
5.55959798764
8.49840282399
7.47902000515
5.78690438012
9.1426651343
3.56475483338
5.55711711089
-0.83230630247
3.86877253075
4.01926755844
7.73304446435
8.16684925583
4.95206838862
3.01353522429
8.25302729406
2.4076436934
4.55387690315
9.42318339791
5.60434265556
2.91023392285
4.31062913244
3.33459792257
3.02474121048
3.45722084366
2.30963711702
1.54811192927
6.29304375677
4.29540367761
4.53864114513
6.23393202561
3.3917907019
3.42459772928
5.50994904783
6.47683488639
3.70774960777
3.71641901331
7.76415410555
4.5501499045
4.51058522081
6.52551647484
4.66239260763
4.86228298864
7.7948008004
2.56384301077
8.25314675356
4.63513836612
5.59520350654
4.34533014561
5.40025740699
3.54922720098
6.35641603729
3.58195162113
2.72252786643
6.0515330082
7.75817768167
3.00396139258
2.50034555237
4.27372828961
5.2505655791
5.65658377156
8.22038979546
1.84960822927
1.00450967053
3.7107168106
5.43193458328
4.68795550095
2.77054177427
6.04826659675
5.03085480474
6.16168094875
7.46047065955
7.03443764891
8.62675708796
3.58667263938
1.48421765162
4.36977691915
8.48401892956
5.44115262674
2.59373423047
4.53696474677
8.31366221877
1.54747721885
4.44447157106
8.76546287665
8.51586295174
6.34282314867
4.71904012646
5.71325608368
3.64099219418
6.36380196095
4.89684583187
6.56739481297
2.43576092616
6.1989206423
5.20405918467
4.50625689415
0.756378675085
5.56366092313
7.98966706077
6.6445546223
5.66504394488
5.26134027177
2.30119201743
6.60966520973
1.72899670318
10.2007654729
7.20921731745
