4.60476933999
2.89597820059
4.30369008493
4.94116040421
2.26986505099
5.11587000435
1.75920620178
7.2531701256
3.17456806252
8.67604560244
6.72045091192
1.90849785059
6.31259420295
4.54685328492
3.64745147866
5.05496127166
2.26531929594
5.55255747994
6.91981522578
8.04875069203
6.23637327861
3.12191618364
2.54314084393
7.03128347761
5.43328381433
6.13277382566
3.30431631682
4.8196232759
6.73588283631
4.13149748678
3.92317499719
1.74871258434
8.18461841661
8.32235984609
4.338095545
6.7390411427
4.12941120217
5.55823400445
4.75908430914
6.10911247562
1.52056755976
3.45657353311
1.81977002332
6.53659568679
4.62443076436
6.47199151854
9.11611742653
3.57798534452
7.61248848968
6.74003031297
6.52799558852
5.80585570174
7.84330359407
4.17791014899
3.48081518564
5.18382631885
5.44088075027
6.62594886228
6.21848833426
4.99410678722
4.91992322497
2.65796151627
4.55128493224
2.60135173199
8.10667825443
7.05924626059
4.15748248523
5.41068336541
3.48857747556
6.62158558802
3.26732639728
2.79674368508
6.37929573597
6.87643032806
4.61849671594
7.62024564518
2.02041993662
5.04770716895
5.24732070551
6.17610588047
7.23558426147
4.44590305296
3.77709728908
2.92259309108
5.44888339185
1.99033255252
7.16107452385
3.39052658294
5.54896128536
6.97336959109
6.60406543727
6.79528611654
4.3910394576
3.41613289718
1.51982973426
7.59098989655
3.44696289557
3.10268054719
4.61934077928
4.5467935898
4.7268958226
6.75673669175
8.28278841955
5.10435563864
3.53370508142
3.18092309898
6.35062227061
3.57972691441
4.19319400604
5.17101234557
4.68667071996
4.74816017745
4.6336256663
4.34040944573
7.3068841099
5.72328838724
7.9047999369
6.39407845864
5.27487400312
6.62590761848
4.29249802292
2.99445423564
5.30112177849
3.43613456716
5.86926362534
3.3084839051
10.8080786974
2.64519377785
4.64670737143
6.53609497317
5.34609695468
4.73140862454
8.20707538831
6.22883558993
4.12458107363
4.76589080688
4.61841310285
3.02085264532
8.33828933097
3.40742624323
3.02359376347
3.01201433189
4.51106297029
6.93750082709
5.5631503387
2.22196491583
8.53229735733
5.32548720663
5.25000513693
0.260011266836
4.96785384731
2.35268957769
2.98972525037
3.55103312965
3.8866343789
6.46500473062
3.18384999962
5.74942153325
6.35661019517
2.76313999889
2.47882082157
4.54106586924
7.35812903101
6.82110809335
4.35026198735
6.75443265172
7.2650442968
7.76242602257
9.52981074397
6.55161093775
3.10987724247
2.82155154898
8.11635318384
5.69407510356
4.93669296913
4.55867378412
5.20461976166
7.28965141594
7.76336934831
2.53993898907
5.56750634984
1.87118682405
2.06368287223
8.3462062073
4.54674626627
7.58197988778
4.19281794729
2.52839357662
4.45727290907
5.33303313824
1.84316074901
6.29243682502
2.99864092301
6.1939324851
4.568544842
4.27224059578
2.90251121438
4.24493889917
5.20207892546
2.77257847195
6.51631204568
3.9942452691
2.31474440564
5.81553546144
3.6164068734
4.63469489783
6.8677843204
6.34904013779
6.05642492781
7.0734089465
3.01523572585
3.77594274407
8.00897916879
5.96816821039
5.88270397042
7.44734366304
5.09606671717
3.11048247418
7.07688227371
6.5144256999
7.27012277675
4.46701175976
11.7488988747
7.12297843845
4.794992365
5.50860243435
5.54278853235
2.31132501629
5.03484570031
2.16832106806
7.83547695683
3.75003995956
2.73053848617
4.63222989918
2.87402975853
6.42546171192
5.72556595099
4.53862754171
0.326383226525
4.22599998338
3.54777377269
5.12427350712
4.47173653571
3.99785833035
5.68533646767
5.56311260354
6.40501903109
4.95334605178
7.78965568889
7.34816300192
0.739120265991
6.68008199904
4.70757231133
7.52238731319
4.85436640955
7.93131552278
4.9254966818
1.93808101842
7.92586285634
4.40640054149
6.45263776312
5.84259355488
3.40933573797
6.53401063206
5.58941791278
7.24861745468
5.91878988555
4.23939175445
3.02304900696
5.46645059787
5.98015378102
2.50541565133
6.67347619122
2.65334231653
4.36426242068
3.75246403707
3.21668756727
4.78863524953
6.11562817656
3.43203587999
5.93666809679
4.61873444057
5.64638779944
7.69792587887
2.7055257527
4.48492254817
6.50597790417
5.12047429818
6.88844375336
7.24258540782
5.1228060771
1.95706384831
5.7539651178
4.67057072619
5.2069269009
6.89931823753
5.15793160762
3.03841151799
5.20135359468
3.79760942871
6.16677609094
5.98015440345
4.41466711874
6.52000797846
5.49131717605
6.44245961938
3.1740675149
3.8928952446
5.91620604261
4.14712798392
5.70710458617
2.84807988006
6.19249963205
6.49906311446
6.76852309935
3.14967581219
5.15112288581
4.29327681366
3.83193445353
4.91018342687
4.39790430898
7.12331381958
4.61790974818
9.44621116312
3.82620869241
4.05577977595
7.83346992831
7.17070083297
7.68155367942
3.24240585442
6.03733779823
3.53165580285
0.260780136761
1.6336922063
5.0575642225
3.31863116392
3.80520676403
2.52643512856
9.34198997816
4.19833549529
4.59903281848
5.03837849396
5.71250102348
5.76310917816
6.30992363117
5.4800583786
4.81081056111
3.02603043518
4.15724365208
5.87222162851
4.2282628212
3.1675500011
3.46001984472
2.7062733921
5.73150234508
5.14873316834
5.88912413861
3.67058422741
1.40589614647
7.93652051111
5.98885794696
4.40096607889
4.74523428203
3.93937866994
6.31047566282
6.65446128726
5.76494946136
7.54137829967
4.40460995773
5.18265194392
7.49490014715
5.98393842494
7.03267875901
2.23225443108
2.9911291668
4.02924414365
6.66889163819
4.63903119104
7.35462431904
4.26103725724
3.39126024293
6.375846067
7.48088971672
6.02303405493
4.97705097539
3.98092143055
5.27167101969
8.91536798306
9.36257799746
3.81330587378
4.57361344017
3.32279220538
4.66690422884
2.46177535904
5.62365891182
2.10525211968
8.0118181096
4.35003947871
2.18949707411
5.81962661101
6.51014081799
7.43559357878
6.21713092832
5.89284097516
8.72802374966
3.44756476227
7.46769940514
5.85706650617
6.20214369406
7.34754683599
5.9092240431
1.29125557865
5.19542640125
0.243690967234
5.11153885427
2.56191949604
6.32058207332
7.99096410097
6.17492305438
8.67546837806
2.84795645919
4.58440988032
7.87220111961
3.97742869906
5.93934711851
4.06578828704
2.44571953309
6.80415321487
4.407834146
-0.124269573327
7.00626952134
6.10275829142
6.52745843681
7.54236703598
6.64951423128
6.254639476
3.42576337206
4.64141375
6.69715477542
4.39553444065
6.39781792178
5.55615517682
4.63522541529
5.95983552268
5.91333783842
2.07729622348
2.9281904335
5.39578168347
3.27287506384
2.60473319014
5.50718737323
2.61653154489
1.93977285741
6.34707144365
7.50972428154
5.36527046592
5.70929503772
3.4485842528
8.07893983236
8.4046984939
4.53538364854
3.32441225769
4.26217454302
3.6831528856
2.70144073956
5.57796587863
7.91368659208
4.10783846636
4.30847421855
-0.404689689367
5.82739609478
6.18140564569
8.11210550422
6.20919308421
7.42178721769
5.91663542741
5.14074550112
4.8256371704
4.28261577345
5.74228409277
3.50681109569
5.22771454694
3.57997118077
7.65413825145
3.43358961697
5.74582152308
8.8525953487
1.58186436582
2.05641801425
4.90812302557
4.87695287092
5.29478618396
6.9810000313
4.93462075034
5.07464472316
0.440903439205
4.41356741764
4.47849001318
5.64785692445
4.34113156653
2.50886084401
2.13130355649
6.35876540794
5.22400724003
4.07866934268
4.4038102369
7.47235253502
5.59400710723
4.61741347026
7.70360042612
7.27485029513
4.36499703694
4.12493019339
1.00374686017
7.1246410095
6.16761469939
4.7138824085
7.68007314897
6.61197601634
4.43309318007
2.07379808446
3.2181203308
0.708557351344
4.41307841181
4.32656383418
2.59366168495
4.58151857145
6.65234259561
8.33068339582
7.55198084072
2.30129980047
3.25202686923
3.85333856054
2.39989009925
8.22093533556
4.74745038873
1.86481551198
8.25131119788
5.90161662857
3.53238321008
3.66008442427
0.0224720878924
5.96638649764
-0.285536504437
3.61152519723
4.45490942806
5.93179423098
5.63117479114
4.89020772265
8.21791022067
10.2701277484
4.7953392815
5.07681596761
5.24513222733
7.27466462164
5.10780062804
3.80815221341
5.33666739338
6.55322459296
4.686329283
3.09131105754
5.72360424317
2.57879452658
4.22113943007
8.03701483727
6.80746889601
4.39381121327
4.60177662011
4.3904368677
4.93024164279
3.57224528781
7.74509548404
5.49525504069
5.80228834778
4.90134864329
3.93431279487
3.51396093852
5.18135460992
3.86448591882
8.21130206658
7.41893243994
5.30373520097
2.73645170182
6.91341298254
2.95875071167
3.80053082557
6.82842490808
7.21423441962
5.79687769349
2.35386215383
5.9796678445
7.58058760555
3.61797872048
1.29539842967
3.46908767931
1.5813420926
6.48665599633
3.0696470357
7.57541637455
5.14146929844
6.43005452689
6.51222739322
3.73933557071
8.70867751052
4.96688100236
2.29419837807
2.03492205794
7.89869305755
3.09098976323
3.642204259
4.20956310318
0.672949502172
3.46565917944
5.31288989195
5.37628238459
4.89913622496
3.26916894502
6.19888950558
9.51733472531
8.44755174559
3.32211794002
6.04013285867
4.65628153832
7.18765283798
6.32193002228
5.28790466022
9.18121234797
6.46260322368
2.24913890576
5.75369051029
2.77041978452
4.97332396849
2.92606988815
4.39815623563
5.32711874098
8.07910363325
5.7061692816
4.34135676174
5.99592119558
3.22374425341
4.18418217701
7.78451050622
6.96959517723
4.71047640297
0.185477828131
6.50712927088
8.86339013625
5.37075425362
5.79541587349
6.02348047893
2.53043224886
3.34136962588
7.02263271373
2.53459330479
6.41528031415
4.55043071683
7.18969898153
5.04910208501
4.44385524618
6.8583383307
7.23256792314
4.47639974065
3.84301476759
4.8979550087
1.39805886785
6.5793150529
3.09421806122
6.716541104
6.53120584933
6.90969012133
7.32529727068
5.22080025499
2.97360380596
7.48782802191
7.26932261424
8.41424747629
5.87097183994
2.55790006376
3.13461651316
4.45303417414
2.91101368123
6.09448355784
4.6156442881
2.78701056214
4.24012259614
2.76453957027
4.21871527033
8.16410303135
10.2285956158
7.92926468098
7.82902003983
3.51683644421
4.56489017213
3.39627501282
2.82256949847
4.04803578365
5.17272417768
6.51619957281
7.34945116978
3.58409616685
7.37776299825
5.69613214167
4.04465264987
3.92246911985
2.69257259029
7.55172719889
4.30805181189
4.28658148804
0.333420926513
6.99806837403
4.40148513288
4.86248896059
5.60937566194
3.7670531173
5.5859388584
4.53980952643
8.70757388756
4.45621224498
5.17202898251
4.35039271818
5.13843861105
3.76944309586
6.23680370954
6.01288701669
2.94600719851
7.24103067574
6.85152007363
2.48012165728
6.04280779965
5.32901296391
6.68186623564
6.06926690765
3.41399146142
4.30766553233
4.14495657244
5.45516077227
3.59644910333
6.93604033653
6.02446752059
7.35559777892
7.09498259696
5.6082563556
5.2796345385
4.58337989191
2.86279056561
6.06488355314
3.78017308959
4.44927840578
6.65178873725
3.29278409817
8.82384906933
2.90614589679
5.2854587292
2.79568573786
5.85198973646
8.12352534579
6.43817851706
7.21470263534
5.93422739974
2.46735194218
7.26634795186
4.65240547945
2.86482821651
4.19642761153
6.75504339327
2.00714883835
3.8411265074
2.51165566421
6.27128768317
3.77692709544
5.41778429862
2.76050108557
7.22824109602
4.80581244399
4.82452636191
5.61029862167
7.5919732684
5.78839075861
1.8167956583
4.23610224728
4.10625702167
2.62770633662
4.33208562787
2.61749135339
4.01265868165
3.65181246667
4.75992491777
8.38737944273
2.85967108904
6.12170060884
5.36026369262
6.15499417124
4.57404190009
6.2927153125
7.19155269896
4.57613800311
6.39349834576
5.60557171271
4.10721151231
4.97156711962
4.5407835763
4.6253071427
6.8034966065
4.01533432214
10.8343956191
2.53978974711
1.13687379347
7.89741022224
6.49349500244
4.5744630429
2.01443948044
3.29176916332
6.25114208415
2.40404290018
4.79271636469
5.25608557193
5.32133905156
5.76684627183
6.82861122174
6.79683388814
4.00535351233
6.80282312705
4.11484936883
4.92039054723
5.09762229348
0.689861364648
5.22169862052
1.44591857756
2.81551001716
2.99170169722
9.2947225823
5.84230174729
7.50214150982
6.805321314
6.97472141841
6.85699797724
5.14245381818
8.13341103346
6.77122881085
3.59677988745
5.84602489579
2.81149606414
5.09862606877
7.74156160605
3.20616879341
2.90009068113
3.91892569199
2.94964513912
5.59872236018
6.60150239447
6.66549374146
3.60351003978
4.49290624465
5.57336387573
5.6524569668
6.56457015028
3.31151814004
6.04730355795
6.32474153401
5.45261293493
7.24427737675
6.15766188771
7.01363431383
5.22403470599
6.33087314003
10.6379491156
3.93045928198
4.5050806781
3.80307593834
3.57282712163
7.92848238744
4.70362522383
5.55630054603
5.1350754613
8.17710761828
1.00368184307
6.86981362126
6.93890654621
6.92787459484
3.70092373981
3.78308188219
6.55123339992
6.00622569791
4.15741315849
3.65066867655
4.96022845297
5.45518260858
4.74497544345
1.750783032
5.0427320977
5.180652035
5.60082648601
1.76502606499
5.04656283852
4.21370504023
2.54558787552
4.8191358885
6.71645288516
4.12026086688
2.63938942288
3.48700160866
6.90083537938
6.51554685148
5.10546595362
7.46801348516
5.5868615585
5.88101406237
5.94501170654
3.30625510422
8.49113211176
2.58727051968
2.33039542574
4.52345878325
7.49324257893
6.01112662768
6.14388626375
5.60696454067
4.19188889233
6.47824067624
5.31462683033
3.91323333596
4.38136139029
5.35585477523
5.69668431206
3.50975866581
6.50109311153
6.49604917269
5.05866557957
4.36415330454
2.47383584846
5.92937529683
3.1241144002
3.69579607322
4.29336539496
4.14553911922
2.38474602713
1.51700665308
6.10226822662
4.68053620579
6.21617590941
3.35132045644
4.35557728798
5.18841376273
4.10664036706
4.54314608987
-0.293704423804
6.94006731209
3.93545750973
7.1033974682
2.77919402709
1.25040857567
3.51245706132
4.36949081543
3.60031341281
4.80322820178
6.28874589744
6.1690403339
4.95420153809
4.05498461722
6.19190190727
5.364758271
6.32215264242
7.33248750767
3.78208199309
7.72693724538
4.69938996941
6.09797403899
6.82008899344
3.31819703367
3.77235011954
5.43139342777
5.2432172562
3.96663639067
6.24085877469
4.96491526974
5.86348652545
4.22428875022
5.07538086984
5.08026012992
5.67973989436
6.25204069339
5.40588906285
3.23901858906
5.14353139208
6.26877866678
4.96941690555
5.82656884646
1.12164430251
5.94029317217
4.62664876287
7.81598066402
7.91644927689
5.59495900907
6.45341540301
5.35201965153
5.51692013605
4.10755565678
3.19472786401
1.95825556723
2.11361191502
