6.0159543322
3.18464711372
6.25836173821
0.476947289189
5.33751330055
5.45828279218
9.78560509905
4.47697322847
3.57243730927
4.2128719674
1.39880392288
5.29395070574
3.84926066494
7.36672665462
4.49264187136
9.08605115706
5.59378171925
4.09506115206
6.4747675806
2.47214942956
7.77263091592
5.24573608358
4.12835671645
1.21811196803
0.914697043481
7.05312191601
5.48771012908
4.05283057656
4.64061036471
-0.491519551297
4.2635072418
4.28909478362
2.80639666123
4.3341672668
7.50870597288
7.24325771825
5.76656693274
6.53999119243
2.88000224631
5.21384663399
2.08666769915
6.61136243759
7.27731965372
1.92621596428
6.28674128282
5.963468031
5.22805831981
6.77416245435
7.45234365189
6.78701692392
5.99114512578
2.88522051182
4.22615428923
4.95616165979
3.58758281223
6.81786391019
5.41025233656
3.78413229307
4.7985369249
3.0068850574
2.66282107666
5.24533224565
1.50297481999
3.27960246997
0.318331157208
4.94193856612
4.61695266744
7.59828329402
5.25948692597
4.5296683927
4.44182008531
4.21637418928
6.35480480231
6.43092816346
2.8910390118
2.0626840126
4.87826035438
3.35079835369
1.13178444746
3.55908967641
1.19961352504
2.51836063946
1.50687611495
2.84268658309
2.98142859624
5.55099042966
4.61228000974
2.85684133103
3.44419011963
3.58287431518
5.78589267132
5.84230649043
3.16426881436
5.72620401806
9.30593311948
0.667237961973
5.77250555427
3.73530945193
5.36999092935
2.11519144601
5.99658556811
4.85702884058
5.71219876993
2.4802709019
3.91295046726
5.49291544363
5.18016742675
2.6291259772
3.16088714212
5.72778508661
7.99423035042
7.30915180076
4.30858728626
5.43866718584
4.35663250949
2.87747329506
4.98182521647
7.45777298255
7.46889436427
4.5322548625
7.41557704065
6.85883567435
4.19033760456
7.37986309537
6.39570930891
5.19296336693
1.12769224179
2.41624375929
7.9717959404
4.44405843613
7.388145799
5.49534570304
7.3636402925
4.19088429561
6.78331543592
2.23923623509
7.94224884276
4.71413916821
-0.788493178163
5.95958567821
3.62255099788
4.51015091209
6.3792874492
8.16030268114
7.20472195316
4.76487563493
7.88675624825
2.26618257144
5.47625395191
6.86739019593
5.23139151158
3.48911628714
4.55742816998
7.47467860951
4.39486429
4.51057910855
5.65956570578
6.73553113547
2.94809845588
5.57254811888
4.71411073638
4.44721254762
4.00596896397
7.94473895195
5.290016403
5.72853107752
2.31412771558
7.30795258222
5.22298332382
2.94107439852
4.53508318028
2.01019888773
1.61410286273
8.74211494287
5.73124915051
5.90939473498
5.88624610533
6.54628361673
5.0216476972
8.26283650295
4.81764864187
3.17475722904
6.28421157496
6.39898837919
4.00826156547
3.3766970567
3.5468718108
4.39192694451
3.52311469531
1.92569190628
4.79648093892
-0.490189987031
4.19618335664
5.46264805037
4.53306256025
5.32857692268
0.908702603309
7.83432802502
1.45754705057
6.99386573864
5.1906798312
4.34303353961
3.59421897642
6.07630486205
4.39789882663
3.90686061629
5.51687550641
4.58795026711
4.92406277651
5.11291505304
3.66843482395
7.12056479262
4.59696414788
2.5767177403
5.22141202884
4.71583785053
1.7197965585
6.23792878946
6.68028696809
3.85086355083
7.05108492214
11.0803979811
7.87391273468
1.91201935374
3.80510503501
6.78765624032
3.61043574459
2.86215116226
5.2366573283
4.56481892511
4.27581817807
3.28114463121
4.24716360036
4.64706709386
6.29903915861
3.08817050322
6.26229856842
3.77141733858
4.61747616243
5.30269425847
7.47709904154
5.53678712297
3.24347803925
3.96557703536
8.57301811118
6.39776558579
3.39298161457
1.14359943941
7.07912534332
5.58075373427
4.26528471001
5.36565115701
5.50299358342
7.26670034878
3.00225575832
0.0521612067617
0.343591533246
3.86432698473
4.27529705728
4.96711078251
7.05456529139
6.15921211957
5.27863232499
0.209602348199
5.56893618259
3.68552378124
9.58689428512
6.78385157719
2.06887089561
4.56506576016
6.26986781562
4.2340751131
5.05389481862
3.19392871158
3.84823102915
7.53263159618
7.68131225365
5.62825494882
3.06490177888
1.60189459085
5.12557939605
3.83433388614
4.59306375261
5.28710297415
3.52991159332
4.63041132774
5.00696882477
5.63613693892
4.11944069748
2.26871955156
4.78639812652
3.12178794956
8.27808320882
7.83632927859
1.65326049347
3.94444741546
7.60943480815
6.98295072206
3.73020063727
4.33243331828
3.76337934066
3.59703490692
4.46092772652
2.5368711551
3.88734729061
5.3267384691
1.76127247006
6.76353787865
3.95809501041
4.86824268302
8.589900876
4.23294945972
4.75461681324
5.39262203399
3.44687800939
2.34729758938
2.22220394651
2.11491634171
2.45896993342
5.15823935929
5.74735390848
3.87364869622
7.43218895716
4.72201224779
6.74371420604
6.76104162467
0.317387101602
4.19609023198
5.77227502064
4.35750198972
3.65275969609
7.35198790279
3.00917691845
5.80205790301
5.80675383822
4.50923149602
4.64414741627
6.27403151596
3.63361745326
3.10556279232
5.56315397708
8.20314244183
4.26024138267
3.63703824887
3.86947343862
4.47491940482
3.40815708211
5.64285586546
2.99363070715
4.8391171886
3.06337173471
4.84435023668
1.81600571808
4.69484758549
0.83029571126
6.4515358988
5.18009348502
6.92030231551
4.99461648381
5.13181908535
7.4488930911
5.55777910458
2.83572823204
7.29968801075
3.57097749373
7.79161804021
4.57834175221
4.67562954034
4.96363932136
6.81284642255
5.46269559677
6.35993640682
3.62012716221
3.27734027301
6.38225486874
0.518739986049
3.48589093278
4.21064704541
6.4386003529
4.76809838717
2.57214233875
8.35292621287
4.51213679574
3.87060382468
6.56345319716
7.02960737486
4.74618982389
7.5468845272
2.92598267598
8.96369742401
3.75395979356
5.48444494614
8.17989025835
6.86469075991
5.70149463764
5.67847555322
7.11657040123
2.87158370154
8.1424201878
7.01451945798
8.01451060924
2.93916605989
6.96212009322
6.81962570741
3.02957919161
6.69836969186
5.6180791122
5.89874448925
6.60620845221
5.14768917548
3.09688251119
6.16294519721
4.56251201174
6.43791372801
4.2398879462
3.69741255818
1.33908789316
5.77001032257
5.35474482385
4.50990715466
6.39122388855
1.17349858238
7.21483444831
6.47511183791
3.03759543017
3.32029714433
8.42800612752
5.88802092033
5.14982064239
3.25162539996
5.59926080917
2.86918140069
3.50278108584
3.37239664753
4.20936454378
6.54648643878
9.31161173786
7.16562193429
2.96477790988
5.15216675072
4.45106858727
3.68030341465
2.67011811995
6.64896818583
4.0932260895
6.16905607221
3.91631694501
5.75173496434
5.73643699613
1.628905046
2.55040752413
8.44094115361
2.80927070529
7.01163316115
3.1585761116
5.28800825057
4.13977432717
4.81163233975
7.7334495673
7.30925019237
3.98413735215
5.11741308826
3.28186000691
8.86463159825
5.58209897651
5.17974390125
1.06512059221
9.31582798846
3.31433649349
5.34539855301
3.85701641088
8.90685213295
5.40295233212
8.81913357731
4.64446049734
2.5143371434
7.53200848842
6.82376152346
5.23409788174
3.75826260299
5.83993400574
5.32945742438
1.74658430313
4.8743084703
5.5388712436
5.39904999695
5.04861213365
10.3171613986
5.29330140437
4.83608808669
7.18648887216
4.34142853089
4.60015871105
5.13405171888
7.85723235162
6.73439704312
5.62273938761
7.42794646438
4.73885887245
4.10371637433
5.26762142609
6.35929695751
6.79876432056
4.02589765865
1.25318249286
3.57424032312
4.66681263222
6.07842068779
1.1633569286
8.12164922249
6.84871723694
6.86370075041
1.18802507903
4.28133462772
6.27988421975
6.3820663152
9.28736058804
4.12745286676
9.63296825662
3.82758510922
5.27135319071
3.59184185718
1.54973140608
6.81501632351
4.88540440843
4.63420132607
2.67774113905
4.8745552418
2.84312221615
7.15475241985
6.13366469793
3.69283720909
2.60322984559
6.81855252489
6.51049297953
6.51036343184
2.67775019453
4.74826266415
5.56199905019
5.81421816673
5.5128806021
9.23195195286
4.58471224044
6.05792631779
8.05569062035
9.02807064065
2.67985129493
5.81850672146
6.56813067431
4.61049286413
7.6298036472
1.33775357635
4.51207402914
7.89702299028
4.3463205661
3.55965049372
5.16930579851
5.04403997316
3.18370788577
7.7277319909
3.58391976819
5.65853670821
3.30000544022
1.57279544266
4.57767611235
5.91153636445
8.0603166439
3.86135602513
4.65598978482
6.19798379778
3.37047415685
3.13164752958
4.86064387171
5.16263491558
5.26567321782
5.82925711523
1.18157095155
4.38892903548
7.38137709919
6.69057144356
4.16368795911
6.80240331055
6.29809977747
9.86926193773
4.35439035333
4.86088124593
1.33617115509
4.40313253628
4.12301909598
5.58305636631
2.78152403579
6.04439763078
4.34901811293
7.41252300106
3.86774422311
3.33717679023
8.47941858557
6.63262084339
9.46784408441
8.16175957908
6.24004361974
3.30225698317
1.81169573674
3.75562929344
6.4474877762
3.7262617459
3.80372689803
2.6202942885
6.87228533779
5.94419374153
5.5293248036
5.93871744671
6.18395278743
3.66750790892
3.90431256408
2.78203976345
3.34983841549
2.35561582042
6.52071228066
5.13234192932
3.2915327751
8.46859988461
1.38193798654
6.20615578063
5.24526243191
7.04346773778
6.24872287753
4.31529104466
6.70940208484
5.0005310635
1.25192182449
5.21124601695
3.71450266092
4.33903483621
3.98785049885
6.45588819525
1.20388461558
9.07314275817
5.59572946335
8.94444802934
1.14833190976
5.53124101275
5.72601237249
4.72136786612
4.14048497664
5.3910832967
7.49705263288
7.1195625403
3.51099009694
2.22802544094
4.67954808739
5.57801042062
7.97576686457
5.07890012841
4.14151693959
6.47266836287
3.64195793613
5.35520715234
6.13439380054
4.82501975336
6.22256947227
7.11874433784
9.80411608503
4.84313948098
3.58037795808
6.89531088401
11.8323033599
7.30743344941
3.76842768856
1.81863432449
6.75144633826
6.65902769878
1.20728396035
5.3605556549
7.37963985446
6.88725358314
0.0464655035105
8.7921225648
3.0699392379
2.97137904452
7.07929789119
9.45684112682
6.02134971263
9.53320528168
1.54787748402
5.67397365128
5.90467343547
5.03517051854
6.71924638322
2.51948630674
7.40994171974
5.75168063572
7.17102464976
2.62567916978
2.59907140343
3.07461952142
3.31742754067
5.9511909594
10.1490381736
4.7649560118
7.39026354011
5.1120771733
-0.109581366001
4.24217067352
3.77283282073
4.208765939
7.90520915876
5.24069346838
1.26624205615
3.18789688544
4.1097350762
6.29704071674
4.39370380409
2.33327345351
5.44903132233
5.95922591813
5.11840946912
6.65857027618
4.89476308734
8.40257848232
3.66321794935
4.41295337153
4.63039840731
9.86085845914
5.18608564756
9.42516266865
4.40882645725
7.26394631153
2.67174918075
5.16458114119
5.61558505536
5.72407929098
4.53910088335
7.1798856982
7.38352426149
2.22520429125
5.27983771397
2.83231972574
2.25887198335
7.1568199214
4.63427894465
5.35536994348
3.19760574242
4.96255847019
3.87694600704
7.36085323879
6.57816914445
1.31053981237
4.10807842955
5.54985544607
4.54935760736
6.29857729532
7.77495607441
7.66434382008
7.75147929742
6.94119724258
3.300613765
6.59810153811
2.45361614571
2.81978212426
6.59776031589
5.43826794031
6.95021577507
5.97149986519
9.14696054598
5.47528201989
2.92820433651
6.6966499324
8.94517087285
4.81767501042
2.37628284626
3.17970163326
1.09900871785
3.9836494307
7.2661678424
4.98747281944
4.57509381855
9.14305625487
1.62691842418
2.96172447596
5.25393057908
8.97740301158
5.91370948774
4.47855519008
3.66578965587
5.14014999663
2.16401790795
5.67351892381
7.17475397475
6.21641902745
6.54443770965
3.38109250623
7.86511555147
4.69678066148
6.58681602145
3.37868581759
7.82095140624
8.34077315715
5.84200165184
3.68676790444
4.32122397789
3.18037881904
7.64963915836
6.4841233116
2.61774727215
6.77462269439
4.55587183093
5.7984552742
2.71186277046
4.81771074982
0.339674070637
5.83389545739
4.70276509563
0.415301165699
5.05935978448
4.79000482595
4.01474390011
6.76965963413
4.56177755572
9.21283216651
3.46378708584
7.2452119709
8.08959678817
6.16930235882
3.55656140788
3.39349707549
6.64725843387
3.32921892111
6.48604398699
1.46070156979
4.40630448616
6.86610276943
5.42715927146
8.27452627445
6.94950019586
6.10620432609
2.48736512743
5.96330647212
2.71988945268
7.5014866197
1.06933185483
2.00504466617
3.27218660286
4.48332880851
4.76148037518
3.02762640516
6.357995575
8.18120328586
7.3815327042
1.72589566086
6.29651094031
3.64220216449
3.45881038149
9.13076501366
6.21387543253
5.53375956072
7.36853171626
6.22979585107
7.6999831664
1.05521078188
2.13103731247
4.93807931487
4.8728821367
0.0221936285975
4.87824571046
3.55086781619
8.3003139181
6.69467392597
4.60504076528
7.64879437453
6.00016587907
3.46230521391
2.49439175546
2.12257240622
0.314495412264
2.56681302868
2.85414874297
5.63757042485
3.82831746979
4.5855440737
5.17495086373
4.16780525943
4.2528920945
0.301543183428
9.2640328637
6.51761812014
0.0271263358335
5.24555672285
4.19076325583
-0.838670666308
5.64224107526
3.84592114633
8.83957589774
1.92892916823
6.83579763003
6.13500934982
6.30739067066
4.29002968389
4.12395477548
4.73888676713
6.54634695922
5.50110689311
2.43342368565
4.04165344584
6.92955343627
1.11484547162
6.91143289726
1.04590375762
1.70168640804
6.24093673138
5.18789920339
3.46653610705
3.6017118436
-0.151811643617
7.90990385474
5.22030360584
2.13562305665
6.30936333099
5.82028753681
1.41316319733
5.0016909654
1.28230703064
8.45488928198
2.54852495544
4.08889505761
7.25041715847
1.03766570777
3.35006102501
3.75077852575
6.5757015339
4.7195029597
7.51753810173
7.23090588624
6.7717005991
3.57092492143
3.92046846056
1.72665774438
6.42107186136
7.72259533047
5.94883574204
4.7079667634
6.07942645676
4.68177756483
2.83515442747
6.17157893874
6.06749824485
6.17129917301
2.66820781284
4.80240239766
8.10167320318
3.60813148275
8.03886528761
5.86166691222
3.8521567945
6.31626005595
4.90882953305
6.50472075489
4.2508506469
8.90565926823
7.60283806302
4.17708900655
4.70337011507
2.68470635222
3.46973873159
4.88371516782
8.01457812279
6.96389679193
1.02553377005
4.78921052445
5.02994508458
4.45903529015
7.3369619424
3.17165469127
1.260088646
3.73329528036
3.34440953199
6.05926777373
5.29854594406
3.94569704469
4.44518250658
5.22557156846
3.19964419584
7.79381989097
3.74377956597
7.25298735199
0.428989321362
6.87157135215
7.75819979709
5.93705839248
1.28273860622
3.92287370685
3.70329195723
6.51512800428
5.49503873851
2.78736246245
4.54437758162
3.73554058147
0.922062434934
2.84658907589
3.57671171616
