6.1257790097
4.7096526602
4.98047566193
4.94433036813
5.64574181739
6.0306345089
7.69149625887
5.0214274072
5.11513306011
5.34872038665
4.09067579874
8.78269897393
7.18006057028
4.28144435982
4.19318575498
5.84090089495
3.04010500073
4.42115805281
6.6006260727
5.67051083728
5.12060342986
-0.42767379969
6.36638036038
5.84858756554
3.45909560456
6.70488918713
4.11359665276
4.37706562226
6.20290601877
3.29015498191
1.5415307741
5.79415125848
4.66214871515
7.70945698384
4.99701676829
8.44556403266
4.43677576298
5.74804505916
6.83219477599
5.17850731623
5.11621823962
5.4680022128
2.63946356618
0.828291514944
6.92907964139
8.22062578455
3.56197236549
2.91234592902
7.95766931623
5.67996648671
3.84015384311
7.6068161347
2.17066858482
5.22626258424
3.48624322771
7.5648620546
7.12881624131
3.75641701403
2.55106242788
1.8379845248
-0.163252043
5.23247204812
5.63403514074
4.62086823749
6.24610696054
4.06551332725
3.14530153906
4.17315554859
4.60599889244
3.37338499298
5.55851545638
4.25553996878
8.05437948043
3.88966377957
3.76497388015
2.77115427621
4.27410070831
6.66050584162
3.99329072657
5.53770187668
5.43780042333
2.38645786135
5.49565592149
6.0684226637
0.904244932793
4.50288241019
5.93025035596
2.05491895223
5.71703207228
3.21714407206
4.38137639334
4.0696917969
1.45258342278
4.9324742209
6.75987984001
4.26434039224
3.11681803771
4.02611714009
3.84662914022
6.93429214444
4.68911640758
4.80315469237
2.87662420431
1.52595451827
3.20950250994
6.86595403109
3.4315250742
8.19710815269
4.4815470749
5.58904280604
7.40215446537
5.0128521623
2.68265855422
3.95734014768
6.1842946957
4.39135328382
4.32489432363
8.35730000179
3.5776740087
6.10168868161
3.6098517518
2.77188112566
4.7559759928
5.20124056857
3.17876393604
6.76081359214
2.91359635754
8.3402531952
3.71488278123
3.55745188362
4.48440139287
7.55754916572
4.49204584656
0.660542530074
0.543089895171
3.18554507226
4.12186109261
5.2410887632
1.29851405713
4.35431937966
3.55905528531
6.52608316469
2.05611560519
3.71857709975
4.25235121949
4.0499315416
4.36341958585
4.03037100668
-0.223447139885
5.3912505629
7.87242793937
9.52301792358
4.51454247804
6.60832658118
3.5477575316
2.74050754023
7.20792566232
3.58857611012
8.39270404837
3.97825063693
5.83556249145
4.0766338418
6.70663654686
5.83139012668
3.74640662973
0.823356230159
3.34943496874
7.96395863861
6.62779165737
4.95641034368
5.70582146705
4.61124843897
1.71373548941
9.30875046448
4.96823738069
6.28400641368
7.25562625276
6.21009824172
7.02954758242
3.41247627392
5.31669447237
2.74276659885
7.69658881333
-0.146143358388
3.91999267856
3.13536165205
8.47098979995
3.1729585905
3.64103425832
7.38024017829
2.8905263163
5.08311100939
5.9644657506
4.71278310839
3.32115620276
3.23664751896
4.47335253921
5.31229913302
2.32844790685
2.46368078217
3.11037795838
4.96631314367
2.10120145864
8.99051773685
4.77332588403
4.24154752451
9.57267950505
3.01517195328
5.61540797321
5.04302402915
6.90088943592
7.19637365115
1.71983962765
6.25036432528
6.38308904371
2.08542685564
7.45351085244
6.06949213226
4.28772791303
2.60214375823
7.51011047118
3.2950165053
4.43423224297
3.92816580696
3.59612194295
3.96430120597
6.96679531642
5.86641075182
3.91653597615
5.3287411781
6.00807657558
4.84061913592
6.24117835481
3.08884630201
4.38402839321
4.41475066225
6.42248302252
2.44478736745
3.37494903386
2.30234943462
2.15323426753
4.3688183735
4.04125671284
7.35023310922
0.711083491186
4.64047418179
2.54886028565
1.80095878823
1.76831775277
5.10742407536
6.56373874287
5.61957454804
8.68096058409
3.73136469354
6.22160224756
5.68255842214
5.60192126546
7.23871558971
5.11120399147
5.32619057667
3.71156228753
4.60984143883
3.93884812497
2.87563321704
9.82891159632
4.44327122075
7.96407066256
7.12912682509
6.44901285905
2.73315552031
6.51975600829
3.60573303276
6.17946262398
4.46234969629
7.07055463973
6.93109595844
5.97694633516
4.82551911977
6.49184989565
5.54750541685
6.91403954973
6.15432976498
4.54888608473
2.19075035548
4.712943302
4.79828581577
3.93725370768
6.49567971236
5.14824010424
3.82909427577
6.22181336056
1.39378056848
3.23010429555
7.61202546675
4.16405513634
3.15776779231
5.76841234291
4.66252544945
5.10559562723
4.56872805183
5.53268276353
6.63471896356
4.67125843182
4.11515386092
6.39326631186
3.74045531653
6.32312971542
1.78497222357
4.17051814491
6.59174791377
6.77987280291
7.32670976159
0.453356708805
4.67753852842
5.85558391201
3.76204698024
5.9800267821
4.35539016915
9.68786748658
4.33541184622
4.32740170535
4.43866617055
5.73433227925
5.36254258109
5.64620668393
7.70443903627
5.82293220168
4.39296332021
6.07310252807
5.36167479002
5.27423084248
5.13654830179
4.59427835886
4.12750031413
1.65796817101
5.32470490516
7.42951827409
5.35319484881
2.21947825798
5.6105592856
5.26032685279
8.04354874511
4.16540811611
6.61000243878
5.10453416644
6.13408254367
6.18291328101
6.43996765366
7.58927074979
5.88175486004
4.79007092781
2.14292119625
2.82768379127
6.00487519646
6.35580553859
8.06689176313
8.1723939067
7.3298934074
7.08500855602
2.4774300784
1.86470740713
4.03724865054
2.21441639373
4.32781286668
7.34727650683
1.41324964062
3.53183130126
7.61437062802
5.03438313987
7.6624812072
5.27061670701
8.6974366531
2.73248312021
6.62196651701
6.87672590884
5.96772813128
9.85234583564
6.02059721963
3.54438141432
4.06626834218
4.76841886174
5.35601603501
6.74557867263
3.25168918621
9.28494978662
2.92460468965
5.58021158734
3.25477813199
2.43658637549
6.08781653044
5.54437678836
4.21064976889
1.34486393991
8.1431773945
6.45369563915
7.46128131079
2.43087148032
4.29634518719
3.67100352766
2.75420732741
3.63404414551
3.52719467031
6.4521776762
6.16182489588
6.55979506408
9.04644826561
8.20672863208
4.71146219835
7.37519810082
5.46501034909
4.34765762895
5.97948081655
2.99120106119
2.33816371951
5.43083892088
4.12580296301
8.27695954876
1.96975770495
4.18239272962
8.53820534948
4.59112660743
5.77697827166
5.85852167688
4.50638322619
3.99745162574
3.67293864686
7.41720443545
3.8947667093
4.30603086653
6.91632125335
3.43501276398
6.211780591
5.51643492737
6.90006379426
3.13550943257
4.69596943306
4.63755446463
3.8254777024
5.423837265
6.9927086354
3.74945887155
6.52946219553
4.79121780441
5.41150486415
2.69272275541
7.82049755996
4.37455489086
5.93019789775
4.85768125196
8.0506430107
7.78851860164
4.38060947499
6.34863266018
6.29765912066
7.45115169629
8.12965593668
7.29340576396
5.00563122563
4.78021016911
4.35920310999
3.32027002987
7.60075587507
2.27473446846
6.36733388496
4.0382757804
4.46932382842
10.248245769
7.39102152591
4.35231304127
6.78233337455
6.53120750324
4.93725513897
6.50442580708
3.38007770695
5.81092698272
2.563161367
6.46977476726
5.2273108142
8.38286552334
4.30549788803
4.23218009734
4.18552556227
6.78258307486
4.68553876339
4.14255530068
3.75641924655
5.89020864654
2.94553581316
4.47894625687
7.24909780546
4.05342266864
5.29560482587
5.46009981937
5.39690652754
4.31379169541
3.01329181595
3.39239001849
8.41911168253
6.29756243087
6.95265889698
3.86225230966
5.03840098112
5.24526412807
5.23239812875
2.02999327081
4.80468523834
3.32192326483
7.53879832634
5.33524521193
3.39709665475
3.01795554775
0.224367236538
5.61006257457
5.40985492215
4.44478570563
7.05293703905
4.07715869603
6.7448418603
5.40083149842
6.78797062757
3.73554693708
4.37800209724
7.58287626856
5.03383580844
4.56657417318
5.33959152891
5.0163296897
3.00341997832
5.46146313044
7.76870799641
7.33738308119
3.95128135452
4.54277612837
4.59825324021
3.4952657406
8.12921795832
2.88672049376
7.20943668929
4.96206467802
6.39189129751
6.37630859433
5.88289711517
3.62148773555
0.322180309404
5.69772042593
4.40431206574
3.48678443871
5.42063251348
6.14365057172
6.36486416781
5.79511582498
1.98031461522
7.7219903588
6.71097333266
7.59040876249
5.20628992528
1.16521838104
5.4193544468
7.13865049803
4.4558083402
2.62431889574
5.68728910493
4.84279017375
3.15698358759
5.82866633389
2.9051815844
6.94187601464
5.11037683374
5.6272008245
3.43536299303
3.05237847527
5.42683865768
6.66171442126
7.34136401245
3.79841646569
2.88447102931
3.88963675874
5.3406987005
6.87748602747
5.79496769579
6.19476056821
5.79613605493
4.3017617871
4.71627246859
5.01792499355
4.16057064527
2.03168505219
8.08860442946
1.91801908344
3.42198109557
6.70844073843
3.66092814791
4.51379406426
2.18843143051
7.58860441177
6.35180016492
6.32279627708
5.29704133919
2.61744440704
6.55903121614
4.47859536168
5.79725197815
4.45083532064
5.31969149272
4.71627997685
4.00272726784
5.21535239992
4.78299612829
6.19038266507
6.15598454225
3.01213551858
6.72934335293
2.32754536211
6.672054686
3.27529000279
5.69857439839
5.67294274621
1.21421428706
5.00300399874
3.87897095238
6.71854726833
3.76670950969
2.13012383941
5.58188286104
9.73587914034
2.92719106597
5.30829213292
4.14862629043
6.14839873144
2.71478030968
3.12196445904
7.68799359129
5.777835097
5.14382838327
3.25503576388
4.46995714739
2.07139119618
7.33911899286
4.24145182389
6.41994995317
4.03501121051
2.71082386598
5.84765319084
2.29324458264
6.53116084986
6.02975487904
10.8030515056
5.73642193159
0.331752684791
5.05739881225
7.34630045667
5.07164325998
8.27973846472
0.999695020571
3.30539564754
4.5379471392
1.0784562455
2.9677994016
3.05843896784
4.06180457593
3.46145329548
6.09751145836
4.27205706017
0.244059331439
3.14959979961
3.63121330627
5.75711641576
2.85814135648
2.5157363715
4.07440630772
0.00778078011652
5.02548679416
6.13500648639
6.12814982847
3.58127266414
4.35957033032
5.33173366628
7.08987803531
4.10447478138
4.99293495941
4.32844147524
3.95126024048
6.84366989317
5.66043032762
4.86616149549
8.12693661698
3.90699484542
5.14421110674
5.71327506681
6.44575924448
8.45097262237
8.18775122473
5.10834961573
4.70615560858
4.02707510037
3.31307814331
6.51300672642
6.23137920106
4.32997361733
5.39576701201
4.43278155006
4.98814389596
6.14628965424
2.55149948277
7.54719333619
4.19600128202
3.70992625108
4.03225809061
6.96649278116
2.78122267817
5.26502870551
7.45148128904
4.57168355222
5.70542281918
5.27119541972
5.56045197546
4.6649334902
5.52582447444
2.62676124662
4.63077470958
4.67991343936
7.31314363319
1.41836883325
6.80701125675
5.33345268411
3.9665431377
2.74805967408
5.4543230262
3.40261537352
6.85743492425
5.82030833146
3.4328079697
3.62804887527
5.55792643393
3.4448805003
5.47164461058
3.7878094488
7.33823916214
3.63793148019
3.14209545946
2.83090917596
6.6965781523
6.81779528665
5.81624308453
5.52945268466
7.04914832392
4.55044497357
-0.112010669963
4.01528584642
7.09062326157
4.04719613547
8.08500100306
8.92367723258
5.4354233686
2.91857450998
7.96955408093
3.29400301384
4.67178600025
3.77365437399
0.41246150624
3.41561586725
5.15381642751
4.55259930843
3.16185789878
4.59214100851
4.89177312706
4.68858804098
3.45537494343
4.11609846566
2.65660914593
6.37836949808
6.68531054962
9.35655245201
3.94029817779
3.03429042431
3.33621002011
-0.419148623096
6.01733189458
4.15537646418
7.15437667837
3.03994579713
3.81529311374
3.22519698033
9.55367429865
4.35550514721
3.76195910257
9.39921077512
2.00581778475
4.21694550086
3.1164641294
7.8517829911
6.85263086719
5.40949838092
7.80355403286
3.39750702192
4.63847144864
6.67822268957
5.41306856476
6.93904879446
-0.0580378551292
5.47107480383
2.17553687578
8.65506015243
6.60451510538
3.64513546333
8.00327651514
6.127683339
6.56212349189
5.3245344137
2.75418993607
3.10982374783
2.97004432522
5.69258343924
5.08291454294
6.61293599679
8.30278594997
8.78705501975
3.89926185363
2.74110695632
2.70143467644
2.88452123391
2.98134333112
1.50829491312
6.7260764299
6.09443343274
5.74075182582
3.41472384475
5.58818852836
4.46947099411
5.10038759284
6.86837331381
5.49994627159
5.18152793386
6.96165825951
4.84156838368
6.34882782228
2.82191492765
5.16952113584
3.5502732064
1.86060292646
8.69258246316
4.82549045011
3.85071057212
4.97774731796
5.32615421838
3.71289375244
3.3779705621
4.21564055119
5.89648714634
6.76193749666
5.10444809297
9.0456807593
3.0738353153
7.7243531946
7.5818535347
2.95973527828
5.26458947698
3.03422266762
6.35602934245
6.02898920739
6.43521444435
7.52013309189
5.9745717928
5.13211169478
6.76957424999
7.23238330076
-0.71699180738
3.80789555932
-0.614914333787
4.67201132315
3.45873353765
5.10962859061
7.49949127884
2.30986122811
4.20635622417
2.79543163231
7.40519874695
3.33972158854
4.28478329242
6.75325320839
2.06942381895
5.67172389476
2.36222713369
2.5423887337
2.31560162786
7.48313902935
6.41438720802
6.04652998256
3.52690253286
-0.145873977068
4.22150741406
5.55130665674
4.45463660056
7.44520348845
4.59426470739
4.14175411251
4.73248085456
1.82016079035
6.13127281361
6.37245044122
6.00923667262
4.09538282276
3.3972141062
3.79017938637
5.35013537056
4.66950123684
4.26962367851
7.4472114652
4.42583610825
4.02690421676
7.08827972544
3.56454912094
4.64042041367
5.55829161611
4.88276650976
7.31189817124
3.97364435283
6.00592400237
5.45427308751
5.4111355824
2.52567979972
3.13257135732
5.16294966209
7.26980791297
2.58639646943
3.2112437905
4.52798786204
3.82865717883
6.74076888358
2.68309783837
3.80613575443
7.38256414664
7.23653026688
4.9508382761
3.0752200518
4.46406648777
4.42825695037
2.10281225745
8.68639582893
4.48932356881
5.25177454581
5.42402711727
4.23936035038
5.06046279508
3.75743146866
6.75048102123
8.11763381617
8.23918809803
4.00377930606
7.81246402206
4.02374921535
6.44228319678
5.47111196828
4.15736964962
1.56891634916
6.12266586665
2.1380777628
3.74465296481
4.19167265342
2.75952947521
3.57492023969
7.19437099499
6.0657797636
6.67080530246
4.17031061505
3.85083002977
4.90658748436
4.85794363666
3.73385895491
3.03694248155
5.31959812227
6.5761703945
5.05075692064
4.79677303895
5.0389547202
4.67075680162
7.34869239578
6.03941055243
6.22142071711
3.46005478355
4.3386543704
3.84665727227
8.26320501397
6.49706275996
3.67381454983
6.48149888549
5.93203275121
4.23536928062
5.75586489546
3.17729910553
9.05355064265
6.22757735459
6.26964140156
3.17770033675
3.88029828352
5.66728891038
6.55505102546
6.68391307747
5.12185581634
1.7465841949
