8.59742860622
6.74296011429
5.27295036365
5.80133205629
6.56912970532
3.65377135077
5.32519227934
6.65026241127
6.28396873729
2.85434172324
5.28683166766
4.78793209298
5.64457000774
4.71642877305
5.49656093297
2.68932513801
8.13088524319
0.974695542386
2.83386079129
2.11388700127
2.16423352429
6.23654012625
3.64287864208
3.36281135739
6.19996050685
8.70183121716
5.83966286968
3.42769249922
5.78174215517
8.66810671925
4.57486156209
1.40480055493
5.6266598149
4.40883363677
8.11138049623
6.73763129503
8.95978378042
3.72331629092
7.13573124927
9.10126023984
4.21132991521
5.90476071501
5.16289496544
3.93998760127
4.80334518877
2.41615450316
10.4235292956
4.19376560016
7.48497303008
5.59322689243
1.56370984827
5.25670406864
5.28071903312
5.89714275593
2.96456445525
5.6128012833
6.93015624129
6.98923147108
4.76685999499
5.79307970339
4.62852496965
6.05592974841
8.80937453254
1.44673473011
0.977862610058
2.96891403744
2.53748238427
2.83514017359
5.29162320987
6.77646831209
7.60089488677
1.80775503047
3.2864148457
7.18077920324
7.91874485588
4.67297178126
5.68103649188
5.19466568071
1.4093088368
5.31473647331
4.09542806456
1.656486555
3.77470632655
4.35239941128
4.15990476662
2.31282426361
5.03799435057
3.12246571986
6.90782393868
5.94807137504
4.52810253051
0.705765987188
7.4462317937
5.66637869901
6.04592057849
-0.669250921774
6.66113945798
3.28245343783
4.71859859605
6.77132331995
4.80053553078
0.709028559571
2.18325564877
4.99155606048
6.92621198289
1.56996585252
5.13402612536
6.80917697473
6.12584715096
5.92775128241
4.3056863964
4.39794024953
2.23382215235
5.85601551934
4.08481991437
3.28221726048
5.57221195382
4.26303713952
1.19775442452
4.8315034728
4.81156752953
4.36096557712
3.83104747021
7.16405017902
6.24128194766
9.09771570644
6.49735917331
9.49364031891
6.83142865155
6.69041239146
7.63720133884
6.77108689305
6.92218415256
5.56719966231
2.41420094034
0.851974542289
5.18518198821
2.71276829123
3.77979222858
6.62393459129
5.32898119286
0.89007572419
6.50634400689
6.9661866093
5.09538047141
5.42296093576
3.16264174056
7.28127738633
2.91843332672
1.59939771783
7.30568372897
4.85077519431
3.1111387101
4.62532903648
5.2888299358
1.44643290996
2.47762750232
5.64737335713
7.1222089445
8.49103643045
6.47065580039
8.17988055847
2.37429571662
5.48299551935
5.48188384437
8.00980191998
4.99834307979
8.09909090508
2.19977833099
3.80531092232
2.66532514109
2.0006333938
5.45745139343
7.38878305245
6.16430749983
2.10142480443
4.4319827914
3.81270977878
2.5973848434
4.36796422671
5.59621662315
0.152634988474
5.61337499766
2.91514786335
5.93037429406
4.80789343327
8.36806728471
5.60292823289
6.03888664407
4.85183456551
-2.27096744753
3.23682230429
4.31263039313
4.6259762239
5.51334906833
2.4662973835
8.44570614433
5.19342380341
4.19915638473
8.13639259731
6.63476016928
6.27722054984
4.1196373062
4.04937470447
4.85542779126
7.5119740652
8.00291618768
7.16127888659
4.97010086273
5.77891374036
6.78909037518
2.6088854562
2.39326907128
3.34521815987
2.4490296737
2.09134542141
5.59014232051
4.55730767646
4.61246442051
4.31866010076
3.64881185315
5.90511857392
0.996024848485
4.99651817439
5.31474498753
3.95054521727
4.18513171949
3.55384327763
5.82676570142
7.55606602363
5.37424939348
3.06826458704
8.09811081036
5.94929979332
8.28157351463
7.0205058751
4.82502758989
3.97477960013
4.12092327121
2.91761924301
1.06973895681
5.66203787155
2.5256222575
5.31708577406
4.78734325339
7.13099643147
3.35519875114
1.41088169776
5.47833670803
2.69331052024
5.63132045773
3.3856921899
4.71971780549
4.23339337803
3.49020661857
3.14406320429
4.65859785748
4.5015213316
4.64074938967
1.90548811187
4.5429158262
6.97208886708
8.52878712113
2.56771956615
8.9176499589
5.05767176654
3.90957425041
2.25465384269
7.58696790623
6.86788873973
4.81286305056
0.474013402499
2.80177024014
3.42996497987
4.19279346779
3.42597810433
6.74302400499
8.02786578281
3.11273328066
1.98285203224
4.85563665514
8.6334193439
4.09561624608
5.10522734678
7.3072859146
7.2850838773
9.94477325492
4.33190195311
2.52453618863
4.64946206341
9.01192961311
6.9684255703
5.72882415125
3.65010405827
8.49977058471
7.17049566632
2.8318240302
4.16828429432
6.62047678811
1.00654719366
5.73249993178
3.97272049832
0.533795553776
6.51043644473
1.0504712837
6.50783611283
6.01713904746
6.97637545973
1.24776663555
5.17039317619
10.7450933688
3.50652459479
6.34751973539
5.09578946607
4.56005336953
4.89792174518
7.73970821719
5.69983781282
3.99293281707
5.99505610389
6.24598119268
4.81461080776
6.00674975689
3.07562654868
9.07733992666
2.11036642917
6.92150643113
2.0398672944
7.21910182566
1.90272969441
6.45302977815
10.1499526489
7.17063878678
4.81856706183
4.03924932278
8.22081850952
3.40776862838
7.591479209
6.66269873281
5.75146663185
7.66442445646
2.73879029994
2.83701506306
4.55787206764
6.82195348338
4.48052198162
4.42015579993
3.25535465036
5.89835637781
3.58570448309
4.80033469885
1.15364409596
7.9974553962
4.38962086837
5.47504323707
7.27458828632
5.26992149278
4.360464479
4.44453917615
3.92239401442
6.28411300901
5.50485073001
6.27194336025
3.72118334916
4.12205574901
3.59139708089
4.36465076472
5.36388689282
9.06322077393
5.51548637119
3.29272023108
3.11646724068
7.29281845318
5.22602100851
8.40442649702
4.63390023826
5.71908927474
0.335234510746
6.71568832382
5.67413468523
3.50665448233
7.29569620539
5.49256034523
3.69318717621
7.95834133601
4.47287865843
2.28436983012
10.4480460675
4.27680936469
3.98088556373
4.86687624436
7.28037704483
2.93868423308
2.90049807633
7.06763847005
2.0419406376
3.0387092085
4.03476103215
2.72839623194
6.73947889304
5.72444259425
5.39375335759
7.07993506217
7.2193197689
2.71125771358
4.50210360346
7.05552972831
6.37522411263
5.31711443298
2.20824113965
5.20336685216
7.40561563215
4.32728307286
5.74515160875
6.26591082821
1.68255082983
2.42768115492
0.36641056963
5.67226178178
7.30529846247
5.03223141813
4.09531856736
4.5775555689
6.24666540058
0.475399889131
5.94371804855
5.54817430147
3.21322483371
2.29459855889
4.19435719794
6.18857239561
-1.05247387165
3.15270597696
5.51219792201
4.44478571973
0.0202704654375
4.6548993512
6.00462912441
7.48201429324
5.19871112238
3.19561688325
4.2825779132
3.08761528755
5.11211610699
3.45543014135
3.68582861032
7.29808152497
6.11809157627
4.25354247404
5.43828540799
3.68314407521
8.72069675838
4.77417850672
4.46049410698
7.56368119902
1.70937742091
6.21669004559
4.83140948861
3.66170845412
5.12805462834
3.13763844538
1.82901612159
6.79455620491
3.408779804
8.45920955044
4.47457217439
5.95696187126
5.87658065446
2.27448799324
3.04544322863
4.71925672301
5.59463687382
4.49490724221
4.39020415933
6.2496110478
7.17803095846
5.74057862434
2.431802579
6.36603206701
0.895051144373
5.52697983682
6.50843647382
8.49804498819
2.37897793664
7.51493473826
11.4280078469
5.04346857094
5.15349326505
5.58994225743
3.23073235619
5.14529682444
5.2687531021
4.9004396715
8.5114525487
7.14676486568
3.17519681045
3.29606949779
3.66101740097
6.89980361822
8.64151210338
6.49127518921
7.28493748022
4.19944598663
5.83603875104
4.98133478949
5.5733026044
4.37797794462
4.9521980028
3.23432566862
4.75170455545
5.81248876564
8.08429438672
4.99270228389
7.1816890931
3.58897106168
4.76942223004
4.98616736842
4.79340819825
3.62347502439
4.04633599461
5.39741196582
8.31813793363
5.39102897175
7.94796282068
1.05133445614
5.38107666851
4.15550713326
4.27881922328
4.19270240342
5.81485192939
5.44105225327
6.22003522144
5.12537964835
4.68684871589
4.31399767875
4.46602380251
4.42194184206
4.49126236335
3.74666866241
6.33115603928
6.67925682405
2.97596545944
8.38630158536
4.21187664849
3.39709192162
9.77247523657
4.64066989432
6.93984888913
5.01508681848
4.09383919547
6.46159922217
-1.84611824577
6.69968973128
2.25752494432
3.34804242251
0.9003462882
2.69704241878
8.9280091088
5.06843611481
5.91436828054
2.80125116155
6.2193092221
4.68240619927
5.50542087446
1.37704915982
1.39985841779
6.40623129932
6.54514535315
0.683479711182
9.02270803855
2.39530869594
7.76495259772
5.98959139516
7.32550738439
0.990607986083
7.84898491981
1.27459059872
6.28754558446
7.78372775192
5.9921911757
5.07112347449
3.63619576513
5.83469978944
3.16141698861
4.8244436276
3.90850822533
4.12029080351
5.67311919618
5.57192794436
5.99032988084
2.93168377151
3.94907607513
5.22204260572
6.07696545082
5.03780599285
5.15421924113
7.440375434
2.86297736722
3.69788193331
2.35340422154
3.26505475834
0.130296670579
5.96305656259
5.86528828881
4.01734905807
9.23581124286
6.03272736154
8.3938946471
2.97413438669
7.63279771566
5.48115231802
2.26988501716
5.7286079268
2.57157309265
4.59624222948
4.73359947852
3.41289875263
2.56290371107
4.94359267946
0.645767568265
6.57247914822
6.22062351729
3.91459407972
8.18776587798
9.67274113706
6.21774943201
5.73191415727
3.19191726785
3.560233042
8.4953089717
2.53185044204
6.6651269735
8.40575802021
3.6085998992
6.8524917433
3.99218941871
2.82960111769
4.45450577019
6.29568040399
3.24878748574
3.19052753157
5.06353322471
6.62229630573
6.41599256825
3.56804976285
2.83386769483
5.79864114458
5.47669338978
3.31865879327
8.39658272192
3.34430368963
5.96420050987
8.34800967458
4.27686335364
6.6640970874
4.02927631631
2.84876326576
3.84594330305
9.73960426649
6.73716602404
2.08722030831
4.65144086482
4.47617244054
4.4133345889
6.83394973264
5.47272416954
7.6026801328
3.7324050202
1.15304446844
8.88815512518
6.48000334105
5.60348384648
3.05218250478
5.13682219853
2.45599557961
5.19257126585
2.9388295556
3.04315989142
6.22442586085
5.42850424161
6.50888846288
3.21557061076
6.62403514851
8.01917093487
2.77691387537
7.46308426096
5.62963048672
5.15992221282
6.55789982747
6.04390005976
3.6083547212
3.32311766519
3.66933131647
3.37777738874
4.58722770369
8.60169890394
6.32853074572
4.79174915249
2.14876062334
6.98174949869
3.89775154594
4.6458046107
4.94388853498
6.32615742879
4.10583074653
-0.0971021779503
3.94148748541
4.46043622664
5.41968737743
7.9096804917
6.09352738828
6.22926793429
4.74712380981
7.77548043712
8.0440490132
5.30647941323
6.78334446715
4.18305081483
6.3920100721
6.7263717396
2.77550912133
5.21899197121
4.92103047485
6.01389929342
2.66223677129
2.9450004917
2.30676536794
4.30165520104
4.92506262249
5.52043997842
6.24522254905
5.66378385559
8.71545358215
4.5777789882
3.31376595464
5.42715862704
1.75782850615
7.90416863524
4.18595935909
3.70278836718
5.54874443813
5.21846406334
6.09175835662
4.27143322363
6.85394261495
7.45857180079
6.05288073757
5.14436468514
9.86104072969
2.4571456295
4.55045911485
4.68482272755
3.62536958328
4.76256390334
2.35588457795
3.28020946949
6.48510049583
3.84263700328
0.789656884458
1.69985229775
5.22794803217
6.40925425986
2.86949186463
5.69379535552
2.5423165
6.64509517734
1.83760155298
5.54614301938
5.99548225458
4.15759310794
4.24833713865
7.54557457366
6.92849695246
5.43762014381
5.50857802712
5.97883352821
6.60379113028
2.56582767286
6.68092795481
4.74071314183
3.45082846198
5.72292111179
2.76406145463
8.7164390527
1.86973088736
2.98585598821
6.48467198004
2.57022776443
7.55786427611
5.13800901324
4.56876628478
6.7902335371
5.12700959877
6.1003981991
3.4408669634
4.79485282121
7.3102377232
6.41049734243
2.75439045634
4.9980019543
4.45921395393
4.70187373812
4.6564144665
4.11122328455
5.61657990194
3.06136288537
7.64331710555
4.07936346283
7.36954683452
5.21348629451
5.17237505699
1.46270100273
5.05459049015
7.98314388729
1.6921095498
4.80772848929
1.63310817506
3.80489632573
5.20782562183
2.53660198894
3.92440611799
6.02271423744
1.10418284828
5.38583998816
8.7428855627
7.32052385281
3.71026110852
2.94717288398
3.662633058
5.68452820107
4.09275138841
3.71059104348
5.40598707995
5.03797326098
3.02841529458
3.72975936856
8.83890271547
7.24518917299
4.82670085408
4.64661717725
5.1230571018
3.21626530088
4.77398985484
8.51944404418
6.42092432689
6.11462324689
7.14366115284
2.60787871509
6.38447616557
2.76312445074
2.45344419097
7.07589443574
7.09348789051
5.00796082593
8.14986522709
3.5879404877
2.05809135099
4.30900065494
4.26005966004
6.62818822146
4.55447806148
8.59711940255
9.13454322584
5.03107266789
7.29039843949
5.30896891453
3.3433648964
5.42584482121
3.82081839227
5.87988970649
7.43045715621
3.08780669723
6.30842513092
7.65462581298
6.99648349343
4.82727557992
5.04945092142
5.18602100112
8.05077931922
7.13219058548
5.81024203499
8.49386058299
6.88376757592
7.23306183706
4.48271464201
5.25181039367
7.54365664695
4.75365823205
4.09163346457
7.82340051681
7.93761336584
3.53697970804
6.27733439891
3.70827763844
7.10023273303
4.91642854511
3.03842057006
6.93955657437
2.71911144906
4.14243403371
3.05961980662
5.9567666484
5.8339389469
5.65518686432
5.48064795984
4.19655932211
1.60204749878
4.59541943438
6.13268924995
7.05931085872
4.52422595832
2.42595129173
3.57950892276
6.74539693411
4.8344506954
2.6113689019
6.09349643571
4.75538468794
5.30088216935
7.80556658034
2.97461936489
5.84871497292
6.9943718323
7.50506204605
5.40718373419
2.18396704241
7.30114655831
6.68275327198
5.03483216648
6.81078420271
0.545303809741
2.89715942788
3.32823995266
0.110075612921
7.20438770436
6.75654574467
4.64869087676
1.78408452866
6.27746994259
9.18781800228
6.92169795789
4.12929418745
4.96481800884
7.74262913616
5.56014434836
5.41249945007
3.41675240679
4.36160274826
7.43707862477
4.62692351852
4.10447356287
5.65625686472
7.02231070774
7.29316274693
3.10641995299
5.13463025863
7.40785459833
6.75040272466
6.47638714645
6.42448187102
7.8705083943
3.99125339468
4.40100653399
6.07219304341
4.40780528015
7.76625120592
5.42784186335
4.12416018218
2.18789718211
3.84529765182
3.49441594152
0.12080025555
-0.149160277248
7.40234512648
4.85229447309
3.12612416847
5.50186853365
2.76453919003
7.00031952857
6.73791608794
6.20057791316
7.4684418931
3.75234046913
4.49385727039
4.95391999815
3.1537251896
6.45288906207
3.78860997074
6.63841012028
5.74007768049
4.76227799409
4.8175138656
8.3451755569
6.0360623993
2.23009958591
5.67645297988
3.33602826131
2.83306496231
3.78700038217
4.07566491423
