1.66163018171
2.19290639553
5.08128287699
7.85497281635
4.5208845833
7.0034596751
6.52235433767
4.79137550983
4.17655781108
1.82918341379
3.52905560395
3.36171396785
1.83375079461
-0.398853686292
5.33751705695
7.04073291791
6.35096423268
5.45773962441
4.49082965032
8.64262246456
3.81807883645
3.47248010862
4.85824379705
5.92305568955
7.66197933426
6.57501009553
3.59947493508
3.96741430046
6.48182113905
4.32831556307
5.98807888304
6.20157074506
3.9903571668
2.95883773295
5.49102366738
6.06557246331
5.23242267217
5.60304680938
8.45985116835
5.4751289244
1.84170853954
5.01809767185
6.46687941005
5.52184186224
4.84080484667
5.91408088394
4.6803062518
2.60580818815
6.54238577025
8.94383481814
3.71879795147
2.65330786309
7.99780932797
1.48915351467
-1.12658964837
4.46432024897
5.48577117898
4.54497115062
6.73515376885
3.41146799033
3.2349928752
2.33934454748
1.07822249895
3.3811752645
4.24728369493
4.18978483844
3.46146995362
5.33184776047
7.17183121445
6.0172751145
1.59016812853
2.3863794185
5.12846844192
6.99001929287
2.69328737808
7.33478401314
7.64077365406
4.70927673517
4.87131024536
3.74200134514
2.54289931338
4.87098925567
4.67762222733
9.93768698233
5.84587671801
4.80066908748
7.75876152988
3.07741018553
4.19566864503
1.54568052473
5.5309567049
7.09026849774
7.23583801809
5.60219327576
3.32358924673
3.3550786987
5.10447532291
6.26498354343
9.40992479927
6.83700692822
-0.505381154877
4.48953364431
5.88611986681
6.74170014984
3.41911853789
6.12673664725
6.95441554484
6.09962666845
8.94832445462
5.53248576592
4.09214901283
3.90823591204
6.72744579951
3.67327660518
4.94850194157
4.31822594764
3.68356415097
7.57924556578
3.51056315965
2.68468482292
3.59938860289
6.26514696851
6.59133678302
3.26994341794
3.01354762541
3.76486191788
4.41282496679
4.54335601136
6.1497031615
8.06181450072
2.27391282276
4.53712719733
7.84409156523
5.53720463811
6.94329056006
7.99254750477
6.84397469129
4.02058402349
3.71956895599
5.16951061969
5.06032854835
7.79770928206
8.91333370911
7.24482027643
5.19714264213
6.01323451509
2.37251426266
8.53924562117
5.24011249194
5.60117358277
7.23916833224
2.88476595185
6.90334070457
8.34231204264
8.47369913298
4.86133129509
2.19624322204
1.9727798763
8.00772414798
4.5715402977
6.51536964817
4.27246097408
2.0065235067
4.39414787012
3.39690486062
3.95759509339
8.32774138978
5.48685599623
5.15276601744
3.18985134454
9.1970230515
5.21858218371
1.6211696131
7.16601695169
6.46762212536
6.38228493249
6.24539450057
2.89138240004
5.18585791233
5.50383797035
8.72715554608
4.18285342684
8.89626642125
7.63601849913
7.52344470754
4.16173063096
9.87816083137
6.69758394602
7.00538130134
7.59959333096
8.53577647802
6.38021962657
6.50033237906
2.99590303887
2.58633652888
8.02260426114
5.28172666117
4.6497677843
5.02375293881
5.76928693168
4.50821159579
7.92003369993
3.41283691115
2.94459398455
5.47210106595
6.89338347983
2.6116117331
6.98597927872
8.36720134487
6.41273077854
2.32299878494
3.65843145056
3.90989150509
2.99736425465
6.20868387952
6.68850083878
8.09717568048
6.97001370239
3.84454898152
7.64426521393
5.78435537789
2.01540058754
5.35209784597
4.24978506802
2.7354431261
5.09419969949
3.80792736557
-1.46432862823
3.82710658263
5.1389690023
5.90058006891
4.69791953703
6.5939734939
6.21712257236
2.97067218257
3.54295780475
5.04597557927
7.39497079295
4.38229669067
4.41784605912
3.96672980797
6.64852064355
5.92291939657
1.75765791898
4.34756696288
2.26525061426
8.06965719167
5.66243720662
3.6119769219
3.02434316132
5.73598276329
4.17406504053
2.72827904718
6.66194165001
2.48217732321
6.22896300907
8.21973322201
8.32915088182
1.93878508624
6.2235957022
5.65148669528
6.90580410525
8.20210850675
2.9836133766
2.55392678691
5.37395670643
6.38275488061
6.84251802183
5.98219575865
7.1793134789
2.69279512712
5.42033478191
8.05524279793
8.90016050332
4.84786018975
6.12918796279
4.203610707
9.20085012991
1.83158168652
5.50449661813
5.20420682529
5.38107390046
6.60489296068
7.63406271295
8.26515139431
5.83033765281
6.1917633726
6.2596450812
2.48297445377
6.68792122334
1.95308110134
8.55322450348
4.183335403
3.78871466278
7.19375904418
5.58370830956
5.70698133951
4.31099020921
5.84905576413
4.38046190211
4.69069922707
5.95002480514
2.27506780893
5.36329651985
4.42689818547
3.49109845941
5.62775632927
7.71924099139
1.75624063058
7.59323274432
5.06664443078
6.96652755222
3.89986639167
4.66600231122
4.68056089571
5.10570719586
2.80526620223
5.48800913985
3.63229471892
6.05370205364
4.16002032011
3.77181831951
8.06497846119
4.35751524169
9.24526716896
6.1266835804
3.4557616302
4.5901625187
4.8257921605
4.40535481806
4.75336847354
8.984826679
6.56708652168
4.6413000457
5.6669119685
6.14547854802
8.13994822964
4.89260840122
7.60635965716
8.74842372086
1.18983905174
2.62398797495
10.1177685209
2.93651715549
1.93174515681
1.5259503586
4.42669495118
2.48752580294
6.83774348308
3.52078688428
3.99123609939
2.15709305968
4.36447802877
5.60133642423
5.7256954304
3.5676788748
4.94268852283
6.09758133623
3.15052055564
4.99192160422
5.28127876194
0.455425079825
4.09490070074
3.82088094751
9.33521452694
4.69895728404
5.05212744595
2.61238056054
2.28842231772
3.23397955619
4.63692203879
3.17564271214
5.84426746162
6.08835670491
-0.403548030199
8.23684974166
9.55414493902
5.29770240056
2.86133316763
4.37844539166
4.96222117867
5.55667589857
7.09135178158
2.4212873415
7.43618246714
6.00510490485
6.06877756423
6.49436036061
4.35915551992
5.16691101222
3.71708829102
7.20287949712
5.57687743789
5.5713331224
5.89967383222
8.77016415213
4.33206890772
4.63029408164
3.89764795768
5.57762836685
1.66997894765
5.44151802615
2.06486529907
2.15995738883
3.47541600571
2.25247298924
4.8986266001
3.96642259005
7.00731449168
2.97560789983
3.58002238054
2.22262581324
4.43912148553
3.37072308136
4.5030278599
7.02244825289
3.43986094245
4.6671167087
4.87781781999
7.35744744395
7.78450238243
6.15841137406
4.01737303719
1.6684303278
4.23510719636
3.55318983741
2.77875636745
8.59048149022
5.65895065731
2.50805552159
4.72306532848
3.98120917366
0.401212550706
2.67740207033
6.76502189859
1.22214253027
3.03296663517
5.52023233159
5.1362638584
5.20868232898
7.79690331175
6.06663739509
3.4182319482
6.38066839459
6.66628631156
3.61599995974
7.89332149888
4.10482562036
5.34167562989
5.47709633817
6.56356489628
5.10933473963
8.4552681896
0.281665452836
5.8562105154
3.92726794816
6.48317919965
2.0211186403
3.29580012355
6.37523656855
3.60992612281
9.85920740857
7.22481614975
2.55827716743
3.35151761099
4.76901188321
2.58711597987
4.57157508488
2.57066160994
1.55408595052
5.10765768604
10.3573615018
5.26589769253
2.94650052545
8.06756389385
6.05329032377
4.09048537028
4.09900723243
3.86005535355
6.95696261129
6.95333159268
4.11189125889
4.00696149101
6.43148583945
4.02819932207
5.31524838769
3.69370956579
4.84314138526
4.66609772123
6.46063290917
4.30919886021
3.6647364903
6.13574398866
4.79436260413
2.73257682409
4.6519887232
4.56600274728
5.26814787794
6.54810429621
4.39774117427
5.33653515453
5.70313595795
5.33253257731
1.03075610461
4.49485650639
5.31063579986
7.41922562465
3.87735957399
6.92946048145
3.69054428351
2.36754385245
5.30266129194
0.361590304435
7.32636271323
7.73586535968
2.35189424228
4.8000021593
1.94543177147
1.78598792603
2.92549491486
2.30015126809
4.51057568589
6.86560784982
4.16857426889
4.55199239046
7.80592332091
1.46388235168
3.08970926129
2.21430516137
3.82183532626
5.77610944379
6.3079554615
3.81068119463
6.77962390485
5.92089338598
5.28494480886
2.53184291783
9.24432238891
2.98261537362
4.99860843995
0.0497465332977
2.40143577121
3.28487301192
5.53517157256
4.33066670809
7.1170862416
4.1550117435
7.13842188384
1.43667285232
6.51022906987
1.89605952435
6.42310303022
2.95430880979
1.26527828653
2.99658517902
2.16366898844
2.48696809485
4.83969286341
2.88677090985
2.56850760876
6.66511732472
3.41515621829
5.41044681636
4.62256191963
5.84329472887
5.66031998675
1.55520876323
7.12465500682
4.33967246047
5.92026114419
1.45769378755
5.4766206395
4.07888162124
3.6564668232
8.26435345534
4.96424304449
6.82198936983
7.91777960509
4.04865459787
3.52845838339
7.79401040082
6.12435353323
8.01203389066
7.33292626922
6.81883488361
4.52800134396
4.72005265861
4.55141502727
5.19607144622
5.14721023465
9.67201800735
4.08117106295
5.74436693611
2.1456385567
5.14431948523
6.43823812311
2.35661987963
9.43001794258
5.73286398011
5.89167335105
5.52974647135
2.83333090338
6.73691068597
1.53420991988
8.39354493921
8.15512510356
4.85929306429
3.67441672944
4.37180828542
5.43304881698
2.20037896449
4.87236622933
9.16362120849
6.41552839734
8.37416501393
4.32139838801
6.13556614101
5.27750335624
5.81717958674
4.69684339219
8.52033411278
4.86388932906
4.56927382441
5.76623362285
3.10020885975
3.63298691754
6.40732803246
4.25292202676
4.78572000485
8.32873192688
7.01546811349
1.65607813874
5.43270907988
7.99838768421
1.58772697791
7.07982696759
3.03909282535
1.98090571563
5.42188257528
7.85900750246
4.46202934877
6.47162917419
4.832115282
3.37415912442
2.9589978851
4.72521556403
4.37373393997
5.52113971731
5.71179756668
8.03337082895
3.79765979996
4.61375274842
3.52165665132
4.00179032029
4.89463611486
2.7697683586
5.19158763297
3.74500909864
6.690216011
5.10471021186
4.75841555926
3.47739163448
2.29808510687
4.80517650276
2.57640350214
6.14479572002
6.99225578023
3.73181122953
2.32915357727
4.40835601817
7.61219409282
4.60181352947
3.99779777608
6.61977380611
4.4687183416
1.77553023919
6.85238092018
9.96801887149
8.25932254847
3.9543344871
4.74945293876
2.86964983768
6.70991827823
4.80385162752
3.11429669413
1.5509787189
4.75232191709
5.86562826487
5.41442543667
3.09070511139
1.97695343075
2.97104839788
4.64124964447
6.66344707
3.16126847011
5.15992150868
3.61235963061
4.7589689512
5.54029066427
5.84900821913
4.32978113255
5.23389998368
3.5949165718
6.52085289263
5.21295342762
4.20849510019
5.19406125795
3.67986265255
6.50456015784
6.98320147115
1.60373416853
2.34359701621
4.09943849573
1.72449600565
6.30154236562
7.15721368928
3.40715867646
6.83151303395
5.06478430699
6.64821129929
-1.03456104794
4.37263603134
3.61589818004
1.81928538549
6.70861201365
2.76902166931
6.98656902428
7.93662234942
7.59029177759
5.75676274588
3.13146075476
4.39522252239
4.64952154417
8.0418542108
6.92237360714
2.6963409557
2.82321306641
7.73836894167
5.88813340081
6.35698789176
4.71347671125
1.16282162256
6.20012320624
7.25901487003
2.48524000411
3.59536932062
6.62761961103
4.74171336219
5.18502407765
8.59977934564
1.63524487762
3.96639539446
8.2862953327
6.99269269792
6.61172170104
3.28400358418
3.33554373873
3.02572962333
4.44805205078
1.54837379466
5.77375893493
5.6086835339
4.88619335746
5.79170966127
6.25215576127
2.91914426247
5.3399192996
2.38657976731
6.80693050135
4.60339595118
3.35697817358
7.89977790547
6.15711350087
5.15349424638
2.49355163199
2.8949235861
4.95886821521
2.61191826024
5.01400701064
5.25377870976
7.79115381196
5.5987647425
6.54755609315
3.8740062778
3.86021982454
6.70774685205
2.62328807601
3.07180755292
5.94108816313
2.69691865533
3.70254731455
7.08840383648
8.00106267741
5.2510228625
4.41483970417
3.66711991446
5.37314905609
4.27298773218
1.89371209717
1.83372955009
6.36963762785
4.42602321653
2.08598915946
6.68258684441
5.36187294193
5.24125376178
7.53445526503
2.64558046769
1.79119308327
4.78043327762
7.84694395355
6.93772578344
2.38899046825
3.10918130188
4.86990168275
2.83136112528
5.9567446148
4.66723353824
8.70020994682
4.46756289192
4.48458866479
3.79172356331
8.3540164958
3.73382449472
4.06761108925
3.35095382462
6.32271339233
7.29629216148
7.24559244921
8.49469213559
4.68416389532
6.40305649507
2.36096972901
4.90457783754
3.39469580174
4.40460063863
2.19330640685
5.09820523159
4.83485679176
1.9216074456
5.02250391402
7.92962683669
4.50109180843
7.38961492607
6.54547611646
7.8096679452
6.34686736432
6.74775841922
5.90724623468
3.66757715577
5.07936177387
3.96065475197
4.59742013724
4.14578685404
5.72594646186
6.16417581053
6.14457967275
6.28532491146
7.13365597852
4.71775493302
7.36358999726
0.414104617603
3.69536872988
2.56431763886
7.91996569412
4.92068826412
4.60025042841
6.47892787638
3.72283799531
4.79008007348
6.32072817129
6.02270891364
4.43502994139
4.33554323618
5.08378954057
6.69805200636
5.78016735493
4.50489104697
5.76411856334
6.17151062909
4.27799765671
8.56985666943
2.08906905139
4.7923555596
7.18260198291
5.38991184139
3.79979270383
3.47951687959
4.03080582666
8.53661610899
6.492682879
3.7274694201
1.95017805369
4.60730703844
5.64736468503
5.47345655462
5.20438313885
6.737668042
2.71925826719
8.47523876564
1.24453231618
6.73807262896
5.79792627378
3.79909267071
7.14911607794
5.51575110534
4.62190135547
4.79430408372
4.66929502587
6.09649305775
5.01328922575
3.45461480286
6.30478853287
6.34061015091
5.43658876205
5.0641046234
4.72460980077
4.04514141946
5.27194973779
5.58880407464
4.04482505875
7.08720674472
7.94489020841
3.67680138206
7.87581294122
3.92817147501
3.04941119815
3.82935249439
5.33887158567
8.37887675186
5.86834386875
6.21898884194
5.16850516979
3.09463281488
4.74490729748
4.31121068252
1.99185665467
4.01227680376
3.42508515025
5.15716161911
7.44042852522
9.31839784881
5.5278378941
4.43587562661
7.21332874526
1.09658986122
4.78256943331
2.90987982906
5.58644103162
8.75687345134
5.33134921311
5.87468139589
4.28382074992
9.38089019611
3.80035016957
3.89351421438
4.76062383601
6.11598253312
2.48262172097
6.37615333615
3.43984090294
7.251971616
10.3854982866
6.75611773895
1.87184940368
4.49029536071
7.31794283078
4.92542327579
5.33034378166
3.17662448018
7.05003342022
4.12657935641
2.72813182902
7.82522018954
6.28071957515
3.14759040163
7.55163449227
4.75081972739
4.38642860441
5.05326527247
9.18933337162
3.5132814767
3.73419171967
3.3392702557
3.19677085239
5.82987963034
4.03617161573
4.55701981907
4.06535726452
4.55987794524
2.57935470851
6.00990344796
5.14809794569
5.63918109059
4.29548830194
3.25815150685
3.21776010777
6.81511298414
3.65972065569
4.33354687638
