1.73116919123
6.11566391147
6.05827583396
4.84926586899
7.4953847806
4.73275103619
5.52896861134
5.7464218533
7.09565034683
1.70829893394
8.29255805351
2.90658513853
1.15410444496
5.78309603322
1.81631925026
3.96451731107
3.15530537669
0.980300450499
3.52983192838
4.07946555598
4.96330595705
4.52037010993
4.46977971445
6.14809361187
1.71330892194
6.17411449663
5.52416734948
7.06086715984
11.1442105066
3.98617198169
1.15007163011
2.45727113701
0.24871401854
4.45159541931
7.06725856464
5.50678814445
3.50904042925
7.74335179388
4.01898963496
4.20508645593
4.12958198035
3.46382671765
6.77337432514
5.81574897619
4.55671721874
7.63796696453
3.30334104083
4.99068119859
6.24155105402
5.90195055856
5.36129237415
6.76699711424
7.58570786838
6.32856867783
4.06159641492
9.14088612754
7.60077930483
5.9819738826
6.80613181626
3.68363435923
6.21651318648
4.55845130338
3.64652511443
5.31189951448
5.99156917682
3.40187070397
8.79613185713
5.40188465662
4.63628818351
5.93037483193
4.99794872614
2.95586977765
1.36387230414
5.88418523864
7.79667675281
4.93763853537
3.67933366675
1.57015527906
7.48580578898
5.96081209269
5.76023801966
7.40787064212
4.93697041913
4.54957268047
0.388866545896
7.55789998345
4.92935509967
5.29918087131
2.88863479824
5.18251993302
5.94222838698
1.07136875012
6.5469560827
6.76731879657
5.13527598502
7.26904790998
3.7786550957
2.74753009388
8.17512988643
3.38376373176
5.17799640511
4.81157469145
3.65320667576
7.52487579263
4.6610775053
0.73718632417
2.99016934147
1.9275260127
3.60134846011
3.99282315629
4.25221259613
8.4000323852
1.3518952721
6.52442043228
6.64035440442
5.22226355306
2.47877559636
2.31792462275
9.04899583985
3.56031012657
3.82374008128
5.02379145874
2.91094810547
5.68703122771
4.45241807358
7.05913165628
4.54421556626
10.2893340267
4.72838989549
8.72636783175
6.34634563994
3.30992745202
6.40392201602
4.06582353442
3.84065054447
5.45719716522
3.82719479486
3.20923619
9.62043328666
8.09695493892
5.39640498372
6.81650433421
7.07245874458
3.50772499315
8.77051197979
6.28898265711
3.19316689565
3.07185635411
7.92389553413
5.07486214643
6.89122597469
4.99316392055
2.45295870304
4.52720150324
4.43876279417
7.99006694525
5.2403184161
8.29402892022
4.90323569976
1.54029786279
6.72981033179
3.85961063635
3.78890013206
4.01877847085
8.0923548753
6.3689778998
6.21298621329
4.54632825784
5.14211581719
4.47042840719
5.77200406729
3.46775293094
5.71139217535
6.13236441974
7.8858585372
7.70204961155
5.67434686727
-0.288787318589
4.17829680061
5.8644784306
3.60299827662
5.97924728822
5.14411165173
5.7980101241
3.75375053501
1.65610807078
6.00701913273
2.89591771319
3.87182687071
4.6115400123
7.04115276059
8.62270912445
4.89891935859
5.10078215888
4.97706550729
3.09966779745
6.87648663338
6.09885196721
3.26433673997
6.12919255189
4.32514257864
2.18455990909
6.06499520378
5.08475538827
2.42863895138
5.59469908093
5.18512417346
3.27564144863
1.51238308969
2.73985721537
6.73816874832
3.53001090258
6.91290503447
5.8495471473
4.71733779122
3.85918167107
4.38936321802
5.50889716075
5.44367424254
1.38281009487
3.95735803404
6.21275849113
-0.970351977634
4.95632617834
7.57654874486
6.99616577404
2.57899812835
3.91578667833
1.21818936726
5.53137964682
2.016975341
4.12799748707
6.22806706914
4.81179437491
5.63216063615
6.72976366522
5.32148230846
2.72874421341
8.36094384834
3.94591101877
1.61839798136
3.9507648915
4.51978974484
4.53074343127
6.29083767324
3.61810476767
6.91130910703
7.10954372035
6.7794460266
3.61781606778
3.53444879108
6.97273561966
7.43926559699
8.6776138036
5.96680962493
6.98112338762
8.61901384005
8.49362813907
5.80785792392
5.25910093534
8.22592229432
4.15638485083
3.33677245104
6.01621611739
2.07257310098
3.77125617444
4.92564371676
4.40923381358
6.89738693772
7.67739528026
3.18544150412
5.27524530994
7.82465918733
4.79235088074
8.87566278674
3.28991877711
2.68375830702
2.90024419588
6.17720518834
4.33743418619
1.24676781922
5.48353491923
3.31483226327
5.98493662495
3.23923106667
3.01884265187
7.36170219208
3.83300829804
2.83745131938
5.32035104574
2.04879700406
4.59866531966
5.32644367466
3.91589541434
4.67976521908
7.8632906255
8.70005077536
3.0883691063
4.05243470327
3.56954910383
8.30450951527
4.16235893262
5.69975467102
5.09658760284
6.2827916186
8.42103076052
5.35452680318
2.55391298615
4.0228480394
4.79485372341
10.1871370717
4.24489528411
4.4802786152
5.28368208908
4.44758427448
4.21726341988
6.81017158066
2.41036018249
7.18795244445
4.83468117978
6.26314402197
6.71281244494
2.97489683198
4.39071960633
3.92369798236
1.29648720519
7.16994911348
4.93209193924
6.01584222553
5.46046958398
4.40337491836
2.8801967508
5.12205804474
4.07833836827
5.14400223944
2.18226257981
7.35289378499
7.46295542429
6.85149201947
6.6950471757
8.54536488381
5.06207529209
6.60098984647
3.64431169658
1.06818144755
6.38686536773
4.60146592425
4.19238783242
3.43866356052
8.26163676466
3.39494075207
4.09411146252
5.65416508826
2.17626131882
8.60770136095
8.53557208953
1.28772985753
0.627936352947
0.746337125579
8.54227370767
3.37466975991
3.0199682683
5.25070074161
2.5407697583
5.58537210496
0.150685509627
4.07976786108
7.42409122101
5.88434992208
3.79769052841
2.02758575495
6.37149116505
4.5616771754
6.06892195851
6.18761008482
3.30878055521
7.17362286964
2.4812674818
3.76128405721
3.41730230406
7.98913284213
5.78019454043
3.23654675777
8.82967840891
1.54716149222
7.8789793726
5.56593459261
2.99638831329
6.2264608222
0.488415255686
5.7735253122
5.2055027025
2.33870147784
2.52759600686
6.27930926306
2.82522504633
5.97638168241
1.63305409832
4.36995843817
2.1564481091
6.68655346532
7.70133173961
7.9766954344
6.82037985736
3.71624119032
4.59179915172
2.155058593
8.01816915946
5.36472766788
4.81231384552
7.22291567902
8.76767858243
3.32482969607
5.63388428449
5.63994269378
3.81862617256
8.10090482319
2.56514661985
3.31718958755
1.62143242087
2.94807673716
4.76832802423
3.75313706294
6.98672263417
7.07919914432
3.77068842693
8.72649710539
6.21988203593
6.21005111088
4.78981960536
3.99786763258
6.11480006162
6.71464718658
5.24849174644
2.29237398914
4.69805019363
3.6923028139
6.45851960742
7.90628425291
6.19603885902
4.99829466045
8.69016857301
4.37625244566
3.83106149977
3.04833988694
6.3769787698
6.216414895
5.15747934876
6.35554220615
6.07489937132
5.11543183764
3.59269016088
7.26729922445
3.60031341679
5.810332921
7.56413658025
6.39214917564
5.29361075816
11.166008919
4.3215415435
0.868741013929
6.37818635801
4.25810269401
3.33828357803
6.21959782293
9.53056552126
8.1050676706
3.85812920903
6.11837514052
4.57979218241
3.49564962403
6.3427588446
6.59381512445
7.14016484973
5.99256380945
5.48099171921
5.74746139285
8.27046918332
2.68445580966
3.47709473054
3.51851977326
2.28629307036
6.03177628977
5.9641885581
11.3775963679
2.79345889092
7.37528510029
2.95152429233
4.11594766608
6.1545368651
7.08180872684
6.50907226227
2.50983476398
1.53983413474
7.14347903936
6.97630427298
7.94763843997
6.24201543425
6.51262872881
5.24017344347
2.88021865452
4.25131500284
5.19091360474
5.42679037462
2.26203933212
3.57940612638
9.22499583142
4.34901427436
6.80301733511
7.04634391273
4.4636219131
5.51781860416
3.18052233008
7.00753254682
6.78228094482
9.80540094837
4.48278646598
7.04523143609
5.63875214592
3.1609618276
4.65436799596
3.81741822661
8.21329523998
4.77482853269
3.51840678783
6.2204418322
6.31854121353
4.5662337196
4.24654527761
5.23248272995
4.29609485783
2.39949178902
3.68737118226
6.50870742926
3.98228569228
3.28116843421
10.279818405
7.62443584027
5.7339063867
0.869850472451
4.37335721467
5.3459071679
7.45891030656
5.34227742323
5.80082010475
3.50165226868
2.98026089191
7.1309989194
3.73321998882
7.40940227641
4.584403946
6.83159251063
3.19963665536
4.18380529501
4.77225232726
3.42647707096
6.93289365192
7.44515814545
0.825209625311
5.53676006503
3.7224610509
7.04623076877
2.62576226243
6.88180167575
1.58582825944
2.74145663077
8.84549448096
3.50127013727
3.33198043029
4.85499722026
4.46091127239
7.39397503112
5.97984568766
6.02398010231
4.26975143297
2.19077378316
9.71260853577
3.3824868181
4.6546794237
5.09760500109
2.9321307117
6.4321243417
5.79706001188
1.60555433143
10.0859017861
4.97118028545
5.30448404324
5.17179751917
3.6123054313
7.15797430402
6.05015310837
2.69130270051
4.9857685573
7.46399656385
6.3198885436
6.2633169498
7.9768783905
10.5175410771
7.25125065822
7.42176906135
1.613745639
5.48457601092
4.68393195392
7.30945659907
4.31694975895
4.96562828254
6.39362600505
4.65074657376
3.92133413877
2.74994534486
6.56639814526
4.28097354787
6.64095735666
5.47422439504
5.5508698646
6.43177716012
6.47226705688
4.18628552189
6.06128112888
6.54328426725
4.03027491512
3.8236402803
4.32306424283
6.1015165042
2.74618205268
3.4083095166
2.28519940738
7.85773764138
6.04177231298
3.91766789739
7.51293422593
7.33922375581
2.64067091276
8.66904221825
2.38237019717
6.00484062325
3.63403396961
6.67633970405
-0.236737379491
5.91009393435
3.05081549121
5.90645265823
2.6502347649
2.48202135716
4.93915939857
4.14634952028
8.17605991989
4.87115121103
4.4113860384
4.38835857165
2.68178333271
7.73184295744
1.3277849298
2.02071926755
2.51538258088
4.30390764968
4.22220957167
3.93802208889
7.19478170478
9.33153131894
5.71994766971
3.89628954395
2.21847118307
3.0026319358
4.60842523125
4.71035553387
6.32131299185
7.70204046208
2.8516284276
5.41216347805
5.96561035183
3.2268759126
6.40850939465
1.7515518411
3.90684511268
5.143043981
6.7980113392
4.75918318795
7.70639504806
4.10057650839
3.75593371485
5.84309664973
3.4246565129
2.82297153612
2.79870896023
5.06601967055
3.98170828837
4.40237865907
3.31788048262
4.41904550727
4.55420721234
6.62672428212
2.80578680645
5.14013609051
3.81236144512
4.03851617568
6.3116879545
5.3820037691
5.63881108906
5.93366567788
4.48511627172
2.83092533801
0.304884537136
2.56758530488
9.14555995124
2.9498779532
3.25053946662
5.38298200786
6.32536580012
7.6724857901
1.88880388773
3.52020994003
7.84636393397
6.32622356383
4.43021213489
2.61033634431
6.57927833337
3.46538100338
4.56499689686
5.3752753895
8.13248588104
6.45096373106
4.17375924437
7.15907031758
5.6388835623
5.15263499466
3.21513573446
8.80616279528
7.03741062497
2.26572055527
7.24777229117
5.55598886054
3.65352758375
4.92877249237
2.94643112129
3.54380185646
2.9823873927
6.81449854371
5.21635092805
5.5068984914
2.84935816363
2.92406167887
6.80343913663
5.66070423526
5.59883578228
0.360834019844
2.11195843281
2.73425978235
6.00768915297
7.10754669882
10.6109042468
9.18022330164
6.5868711493
7.58488894619
6.24431895895
4.1705528102
4.28585267127
3.99138135047
4.54482826848
5.50802782447
3.7193350906
4.02501779032
4.86854165465
3.38154312811
8.09019046425
6.49771438909
8.0551694151
4.88406962909
3.71493084671
5.40470426708
5.19492325579
5.85439321819
3.30471967861
6.34957772369
3.73079162743
3.9733525812
3.60553696593
2.0797284798
2.57011340163
4.46913118914
4.14489620192
6.13617954919
7.4863512415
4.54551820175
8.08352399111
4.92735124221
3.95935991617
4.21614489707
3.80705865277
5.9198123804
4.09939248249
8.33889087884
7.94336782575
6.33779108001
4.12354181784
6.46378932186
6.80341001129
4.52321506429
4.38563449319
5.96267540799
3.50157134149
5.14565135684
4.85256846428
7.77758757066
6.015254827
5.33389956717
3.43252422935
5.59978275649
4.24101530268
7.4969520609
5.5108455838
5.68128459735
9.14531939773
5.63565272975
3.81796934538
4.20323660516
4.77899336682
5.51676238259
5.45000283425
4.49328527234
6.55398542951
6.04881218759
5.02414109336
6.39945409434
3.81041111144
7.56982107096
6.07986872008
3.92141374208
10.0645409002
5.00247135649
5.97946582434
4.76515041232
4.18767552795
6.38225511632
6.15196689413
3.63447054649
3.5649063316
5.05259515403
6.32406240365
7.13413554085
4.92939542163
5.57867378056
3.70431709114
0.767825235209
5.47286374228
6.13910005497
4.61617755308
3.69116432199
4.14143323094
3.21609576473
6.76980676719
6.08023107758
8.1750920065
4.26950541466
2.45471531684
8.81172318863
4.48266327002
5.23178151297
5.85866473617
7.11265620884
5.06849191961
4.07608953322
4.39742437091
4.69984901977
0.881737658239
3.63598317885
5.07506962729
6.89245203931
3.82370086359
5.72523923677
8.662900972
2.57506133531
4.55418457016
1.38932339786
5.10645893859
6.16049545354
5.10666737728
6.28590152584
7.03566649494
6.73055126273
2.95065284837
4.81919466675
5.92115372905
4.58406671736
6.46037516152
4.79694998134
5.67107379929
3.78248300935
3.98762596981
5.17694495299
5.29782246075
6.4316030916
7.94374484004
3.96497814253
6.47087232397
5.93507640204
5.21844416574
3.06003648432
6.84278471935
3.90553403079
5.18564076259
6.04850183145
3.26723958791
4.32842176601
4.07553249814
5.10434953313
5.28029125849
2.62215384374
5.35272756828
7.0481978388
1.14139919459
6.45843722926
7.14928225607
4.35317150104
7.11966628941
7.77233241475
2.45231164568
3.54438454439
3.94096746232
8.50906552743
5.15159563287
5.24503171145
2.76871475763
4.55447075935
2.73474737257
6.71313980507
4.70093780644
4.89787823306
8.11511673211
4.46248419708
5.45125010549
5.51963036721
7.0486063003
4.63667824542
6.29356564537
1.34396337269
4.51715963791
7.94713147444
3.95971941096
5.4803029138
1.9514011253
11.0866178926
2.07207792737
0.474203085356
6.58382618958
6.79556675952
3.74583408962
4.61012885647
2.18655255848
3.56997554783
6.04284299341
8.19141674135
4.84399329655
7.65157324854
5.56870899876
2.42734923987
7.07957562659
1.21300877072
3.79531682378
6.83248579854
3.06022170881
6.79681510206
5.98744657674
3.62412923448
7.26760111333
2.59812145295
5.51130864071
5.40050157395
4.81583604751
2.54603072496
3.86517505098
4.55194444359
7.29855098341
9.35828161288
6.11441799743
5.07255392225
4.46335824111
6.9921540378
4.31866755707
5.08897839271
5.82627515844
5.08088498498
1.63687168311
3.99137431858
6.38711134894
2.12098960683
5.77523857109
5.08809069752
3.53730900825
5.25772830556
3.94438624338
6.9692588583
6.57589234844
2.02565233304
5.33937906361
4.00424505158
7.8276095049
7.82162546212
3.28534348814
7.28786593225
