5.03625909176
7.18992671001
5.27215099186
2.99687118653
3.67653966528
6.89044190668
4.89538515537
8.90265666857
5.45714223119
4.92164428508
6.04190279032
5.85954616169
7.47978446307
4.58555291432
5.79066774676
3.58065623236
6.96890059706
3.61204483232
6.94121139539
0.88431811039
4.49819715003
6.99811061351
4.88140307145
5.72642409208
6.50890300051
4.45311140883
5.47310056158
4.34910454349
5.65631087597
6.7085136553
5.15689213823
4.97145653283
6.73941513554
3.56171837773
6.88670216799
6.20394322115
5.37721965687
4.67720379321
4.02854951114
6.4776257348
3.81153435295
4.39544096267
5.50672585759
4.43650083607
4.59636615093
6.2617241934
3.97598862696
1.71663841462
5.11246331701
4.26607634833
3.33790909584
6.74093682948
2.21771982759
6.15370950735
1.43149887498
7.30025004512
7.31616939515
5.4738198092
3.19125705269
6.07912432543
6.33231213499
8.89267011318
7.65741191487
3.17189804881
2.97842032019
7.18342411973
6.18574400306
5.67539151484
1.26969905605
7.14185435946
6.54473481771
3.09145438479
8.46861279637
6.25031782856
8.30002519146
5.03521084562
2.94820561192
6.1993042575
6.40370886144
4.66654022605
8.64624274525
6.34738613484
5.93582269544
3.24697921025
0.508784243969
7.61203534541
3.93301608891
4.41411102288
4.49923557559
8.56773934796
1.3860936461
5.80820709769
5.60253539747
4.89525993912
5.59533912721
6.26356087198
7.59792410037
4.66644527647
3.65403972615
3.79361784161
4.44788445978
2.91056997791
3.09175794846
2.87778464955
1.46057304751
4.7601150817
3.1370976981
8.30655200201
7.88229293072
5.64914485849
8.66684655952
7.10943657065
8.01995923553
5.45061805095
7.55857500307
3.30686070883
5.60663274595
3.0514439873
2.47683212792
5.87055619969
4.27830226517
-0.0966139916232
5.81633322605
8.19628360686
3.41153446597
2.17948015638
2.72078407899
2.99109270335
9.58845654342
2.20910441393
5.81980392489
3.86597598557
6.49885824888
1.44130805735
4.99808673194
3.89608516003
6.13749200527
4.12311935199
1.98916416764
4.45235740552
5.49788841461
7.20433554275
5.19880239099
7.1801237117
4.31907081626
2.32577454045
3.87241995948
3.75929888047
5.97359605961
4.48188998012
5.29547927303
3.12425783739
3.93527703113
5.45920111883
2.59363304777
5.06219031908
4.79618684963
3.98822897966
3.00938777405
8.82116309331
7.19628050764
2.8800149705
3.95125516172
2.4039346893
3.48318645792
6.22164302529
6.70237888891
5.55379710984
2.21823176989
4.22537753642
5.03790724029
5.72180268541
4.34152215241
7.39042747635
3.9728747422
3.24500408742
4.88317771851
6.26416622921
4.67495536875
1.87364070802
5.64476515202
2.97831502347
4.05689926034
5.69999964257
4.60665010312
3.11613137165
2.7213360335
3.81936861167
6.94957806285
8.38749358371
5.97209361418
7.27612986515
1.68659632638
4.70526586313
3.8911484616
2.70356083195
2.49108384359
4.76176399189
7.07278446601
7.37177768949
5.75455574099
4.75512048346
5.81953371888
4.08041500322
3.09695922822
5.73374148023
8.10109140244
6.07954422469
5.23914003582
5.97880924878
2.02977272079
5.02983464934
0.543282834137
5.78404283366
3.01363288958
3.40993026692
7.59670638556
4.43930163801
4.32009685888
-0.337104922549
5.77529283407
4.11099031277
4.19684019153
3.59706345892
6.58010996184
6.59904631706
7.58151483976
3.73522493738
4.15841577501
2.40462653256
6.25586403853
6.45387335373
7.27848622032
1.64394044049
1.8370909382
6.1145445595
6.0594183658
4.28623264975
4.20590132204
5.41131350678
1.39305592607
6.15254747062
4.75456093016
4.53791147495
3.89176099051
3.34325955497
5.10790482574
-0.659147345197
2.24173486627
6.06120485392
6.2265624842
3.47009615798
9.95628208823
6.28943483932
4.60383041958
6.53185369467
6.08840219301
4.99595604188
8.25932779018
2.38292281717
10.0856909432
3.40673738832
1.41478431138
8.07069766857
4.74532452179
2.57665727324
7.04921600254
6.3653941087
6.73323813716
5.46381718152
6.73303657136
5.71883261897
1.10963703155
6.74527823553
2.42641265314
3.19341762674
7.47122601458
5.45081586388
8.318435438
3.79083899441
5.25807173972
5.08145056499
3.80563597363
6.96877544027
4.98207212534
4.72688588524
1.83465454132
5.23618877432
7.51371037632
5.66313759728
2.50450451343
3.42624059798
6.60111450416
6.1965394325
6.7829572599
2.37546249915
5.48061020921
6.57152241451
1.1649399623
10.7467129435
3.55794787925
5.67188339394
4.57694961779
4.73726377306
8.49137404295
3.64703156958
4.80002436341
6.89494791645
5.60017758563
4.62608480077
6.90217749228
4.75057096895
6.90586372047
5.0233918325
3.04387346196
4.78264967619
3.71459888681
1.32253756065
5.50455185664
5.37310658983
3.23944892079
7.27790142789
6.78924552452
6.20908466185
6.43367258267
1.91476933408
6.0038685778
3.68162568399
8.19375138292
6.02761304759
1.88107004738
6.52611514813
6.6084163681
7.33578051657
4.70981523407
3.55085578104
8.54869413952
7.56290042698
6.39455618865
4.47356587588
2.08850667551
6.31249201613
2.89394786905
7.51825767305
5.7947063119
8.88423004256
7.10803779785
2.68544743512
1.90345046675
5.25357849307
5.71693350255
5.18048783058
4.79963611762
7.33901233428
4.70896822166
5.65573979238
4.63884989191
6.81682740171
7.61234680709
3.95035395737
2.56065963213
7.50297355237
0.763603769754
5.51377373662
4.67855856831
7.95986126463
3.42796860709
3.92669612195
4.71689064167
1.50086797746
2.7556062472
4.1793732824
5.48004886792
6.1506959966
4.64619030452
3.63459433623
6.10095721218
8.81418032879
4.8257910345
5.94302435194
4.46647517243
0.0862123821637
5.93450020666
2.1346755052
7.27164886714
8.5159706563
4.82453472825
7.36532090263
3.63944336341
5.7964605745
6.73423779863
6.09286102086
3.32313991523
3.76718526878
6.59849189062
7.39973909361
5.44758887011
2.32284341425
1.02033511636
4.09109854349
6.09520648992
4.47279948558
5.97274656584
5.72623859366
1.48559665506
4.13208758864
1.47284578325
3.70487221588
7.34938573738
3.08179642189
2.46388382119
4.86118446564
4.43978975356
1.99338420581
2.56769138901
4.63068359549
2.19364084598
1.11954163723
4.50773577876
7.80055943146
4.14152366982
6.37740226155
2.05908741359
4.99704262842
2.40327820068
6.9926548031
4.62919984415
5.63688749591
2.24695473451
7.6630826057
0.839105876459
4.92900425294
5.7670995681
4.98910782448
8.25239158687
7.11036230531
4.65115787566
6.32089311663
3.90681520491
5.05702022721
1.79798269042
8.59143459056
6.34536876895
3.5851791059
4.61424880764
4.26389778848
4.28234467454
7.86712150307
2.83677263589
2.60443045234
5.19757766068
7.90247331475
1.40389675501
4.59527767556
7.55092802499
5.13559052228
0.157717468661
7.37777622221
6.32410515551
6.38676948035
3.78650199506
8.84103192616
1.53298297682
7.35046119051
10.0121380496
4.38375524534
5.51167313073
6.04874988919
7.23866356102
2.49763008837
1.94052263919
3.75497446735
4.7223225086
6.38830406977
8.69053440431
3.91845028621
4.27486992291
5.78938503607
4.299912611
5.23002215104
5.23357722598
6.16733932795
3.78909301152
4.04890898069
2.01065991709
2.8801730825
2.56489544065
-0.0551981840197
1.03241065784
5.41478490964
4.55300597015
7.46365148015
5.2997004229
4.79259762258
5.24600032804
6.82833807626
5.74952707578
3.87465854012
3.31545305998
7.13530042315
5.66919149504
5.24756788752
3.91944079631
1.42071890033
5.66384162381
3.20939511661
6.00087733195
4.45765252848
6.6315477315
6.19845628157
4.48884618193
3.70698469795
5.46053416992
7.09527648279
5.9832128883
4.58836041165
4.5016130539
2.1936668146
5.04175918414
5.53971946957
7.95439291585
4.51287066444
6.96153095773
2.95424309603
9.12005316454
9.48917509026
6.40464553191
4.5851359173
5.75948577572
6.23930004299
8.62256380094
3.48657954384
3.83671916471
3.6537320734
2.90289761409
5.09008734561
3.74251820425
4.66690943029
7.10746956838
1.21118306793
4.69561311808
2.342712382
5.97630326141
5.53389117678
4.4226017536
3.83258502447
1.25846137071
3.54426138929
3.94458909769
3.91496566691
3.24699036808
6.85925987209
6.43849942068
3.82459250143
4.04657027209
4.8325685238
7.56419334218
2.32401517389
4.87051483406
4.27865560313
3.07790575797
4.13685440366
5.30857647403
5.33253858945
5.66976900127
2.08378945122
2.46581831837
5.60921384805
5.33543673154
4.89741709163
5.0278322265
5.66997061561
6.55562001071
4.04420777354
5.66019380781
6.41977212582
3.10371637087
5.07724737247
5.40895422912
8.02494078847
4.80689405838
6.50299895563
3.73967180052
5.77648468492
4.90622587191
7.16431164465
5.40627461662
8.41524466659
8.61809464228
3.11324380147
1.2453932408
1.48665843589
3.92300683725
6.8176781727
8.29357864009
5.16045883352
3.79111808465
3.17976500249
5.05727530391
2.22217746646
6.17417621828
7.73206715482
4.41590725488
4.39833837139
6.9838575469
4.57839521391
5.43489578806
6.49286105714
5.9195125493
4.24135907336
7.64543181433
7.79422225704
4.98624066906
7.21212274452
4.76724742402
7.91121424766
5.92449527307
4.13470814025
3.0838993622
8.27597815714
5.40931741176
2.45333402985
4.48802349294
5.3970625152
5.20745333473
6.68002603218
6.92083396216
4.31120325544
4.83026986672
3.98672808988
3.19821724367
2.68218868895
5.71137401747
2.70308359228
7.06957894745
4.52945615312
6.1252793063
5.96907054903
6.00078735498
5.98731453632
5.18191772977
7.62659939301
8.79127332951
2.1990144305
4.18790396735
9.06358445416
5.42088003696
5.03456346443
6.06476188294
8.17429282788
7.70891391432
3.49837482401
6.52985985445
4.56162547503
4.84975015591
7.17255781702
6.73536918129
4.54564036125
5.43598401941
2.9563809103
4.60408023395
5.76462173487
4.29705475045
9.69457843975
4.04316184112
8.37470534599
7.59118208277
4.70526638768
7.78648184909
7.00857655078
7.07027505458
0.644877097751
6.94630540342
5.05432782298
3.51405698868
5.28357679387
6.26750138045
2.91218485196
6.64421192492
5.52258155421
1.22507518861
5.33942890585
4.91538413976
3.67441331791
7.2955933774
3.94389662757
7.7963288185
7.004627481
5.14489617552
9.40556531137
4.28952921627
7.63759757136
8.73549773778
0.733159436122
5.33106146926
6.22671098661
7.57653837354
6.35615846535
1.24192942049
4.63437668751
3.38840282111
6.76102691913
7.09680037865
4.43320803394
2.48214356434
2.33754112968
5.42400667178
5.93415010521
4.67570769002
8.07290904859
4.38862694149
5.41059736482
7.91936989906
9.38890472268
5.10062867148
3.57270652053
5.05585195777
5.3834973791
0.990392775649
5.82066801649
4.74571923328
8.15846809512
8.92920013496
5.74670819242
6.03959495926
4.56295691554
6.17490686385
3.92234567288
5.92980032172
3.81299928086
5.81503689221
7.71746298398
6.32792275992
5.42964548272
4.694982892
2.12163400795
5.3928447942
8.13044199844
4.0440926813
1.99824519024
4.42450510647
3.12385807828
5.95998144637
7.00596618813
3.40338023997
5.11327677088
7.91372108156
3.42172125149
6.79657324209
5.08532176287
7.07738773497
5.8242256429
6.93259388782
4.62517366103
1.06980984506
6.70404458311
4.81693091356
2.96114653158
5.40830777073
3.59172478955
7.52962219813
6.71561039988
9.09224774918
1.76857705214
5.19229030309
6.8889863072
5.18706666014
4.40865374461
4.80344569018
4.0590845976
4.47208334877
5.27083721168
3.62034003781
2.38673602749
8.81734390276
5.67936660753
6.5798761824
4.28976123687
5.14670688515
5.52408041228
5.88825872899
4.71406027958
7.18011942813
7.53447659492
9.6539442579
7.23359614794
3.28919049043
5.77912985738
5.49055570863
2.58014250071
2.82346777998
6.34298136568
4.82989154378
5.25238993019
6.56965049462
4.8157163243
4.1378686902
5.45077337687
4.88830744098
7.72283920098
6.12766152711
3.58248166095
5.58547117098
5.25279709128
5.67797540671
3.89540100994
3.0047980433
5.70318222783
3.57086188638
4.9271667916
2.41288402017
3.92111511465
2.40677155891
6.72962731068
6.90439293431
5.00345912971
4.33548088475
2.14932531668
3.4288359379
3.08403694047
3.50169140465
3.49974000104
3.49540899786
3.88331620042
4.86946938297
2.67685276766
2.57636507068
3.91636107455
3.00871060431
2.8168292527
0.493978014103
1.81755462395
1.85620171508
2.8882401658
5.85744380101
1.54019870535
8.24415945678
1.69205894496
6.1009111042
5.14501825759
3.63454191832
6.77184770521
4.43246493086
7.66647215473
2.62836797184
2.9285747278
6.16906192997
5.15504787795
5.90918935353
3.02549136824
3.22603636265
2.32762000789
4.42701345359
4.70765594984
5.9382396755
6.2164810423
3.08243649083
0.328706344599
4.75676882034
6.01319630956
7.48712258961
4.32893681851
2.79321360011
4.30650476303
6.37013916804
4.53332493888
1.80057492355
7.99328934551
8.89847929965
3.72586163211
5.2413785991
3.18545633738
3.21492707099
4.6191772832
4.16448404099
4.66632931961
3.10442715857
4.35055618053
-0.299843689849
3.34543880036
1.45467570647
9.10906190241
3.80082057452
3.19390768305
3.51353382346
5.16497761209
8.3387078205
3.42245511987
5.59430705923
4.15978099706
5.1627812818
2.09642728664
5.44269695088
6.4238497815
5.10215788594
1.28723074246
7.40088280193
4.27651707627
8.35262708843
1.46180148855
2.95236068407
3.77235939968
4.52582088014
7.36922002192
0.434812874319
3.78221215696
3.23589877582
3.03208847911
1.58850700382
3.64774692079
2.99692648374
4.52010608146
3.53051051834
4.77135919237
3.03455913552
2.9732777294
4.20469806037
2.75063032011
5.57391056396
7.90646518964
1.81500283413
6.48353851956
3.82584270804
4.84877925381
2.66477447005
3.71132068107
4.02362347637
2.52763341836
5.46234058508
5.62067944464
5.04404210658
5.53093471909
5.44240234016
1.96196872942
3.75875635862
4.63991127086
4.79404181279
8.26676848586
5.31723651414
3.16960208999
6.24270063021
3.81663841686
6.1615779148
2.57295085053
4.94872787369
7.07773041011
2.45774650563
4.60559549023
5.70471372457
6.61230643529
2.14474676707
3.95813092937
1.00745641136
2.40259957632
2.52791066984
3.38862738884
4.0355200685
5.17410559652
3.02792593764
5.01201092105
5.63361140886
5.51839042925
5.34384387955
5.81107755403
4.70339108999
2.46582282405
5.64975093409
1.67617162012
7.13364406561
7.82041492956
5.48649931512
7.29903774193
4.99592092945
4.84857892113
4.29726344733
5.28599660973
7.68818849372
3.83234782955
1.48676581377
5.02996537731
9.26537663934
4.79645131137
5.82379709765
5.30797107181
3.50058149791
5.5885600214
4.65457665071
6.43968049059
8.16363188477
6.32010333787
5.16656801134
2.13686068441
3.35616439447
6.41287619657
4.34058514936
3.82904303458
4.31978340086
2.51878540201
4.70148251044
5.06057159427
