3.81128888385
4.07141845298
6.50047685191
7.30119661052
5.73784461797
2.65950973294
6.74806282996
6.39411305048
6.78857079011
6.07096965066
2.99979128199
3.85054737834
3.57121509341
4.63514635734
3.7368923265
6.95557914146
4.62299581993
5.3651094686
6.62826494805
5.48507149389
1.4416559057
3.06752040929
-0.636694436984
4.67840793985
8.05246387953
6.01427745686
6.40252602011
4.77091001504
7.39167696277
2.88891203538
9.52249642827
6.57731805324
10.1359986128
2.73817533274
2.81375400499
4.25682910841
8.86903270923
3.44211052203
8.47616702213
3.65905399922
8.47491432222
6.22188145729
2.88030100316
5.2275006506
0.705930225412
2.2717612637
6.28875264411
3.05339856076
7.39226449522
4.94894104985
3.34759558343
4.60295716693
1.37501327739
6.14905419695
8.01484338855
5.5187285175
7.89582094126
5.77904303736
6.48453601379
5.1485159242
7.19025076233
5.59799913411
3.76363501232
3.33533563264
3.29982519247
7.15194607655
5.42348960954
4.1834393057
3.45785104185
6.84947478553
3.0165425829
2.4034651904
4.49987369835
6.49580239061
4.66588467867
4.75721710281
6.90340676606
4.26322962472
3.68399806457
4.88213824852
6.97598234064
2.23372040543
6.35102112832
9.00001726157
6.75537995168
8.2914384748
6.99216230488
6.60857689688
6.20750772083
2.19134700172
1.29584814993
4.44736576893
2.70027679603
3.62194025363
3.65491534385
5.81373563313
1.28257168824
5.73540950946
7.24912463262
4.08856195646
7.81059811294
5.11371342976
5.03848157114
7.11134250563
3.71373373315
6.19699111265
4.34049933603
6.2081642281
5.85247631814
2.79353123719
5.14332826702
6.23772444591
7.50601238637
5.76365954714
4.57323319901
6.61870675339
2.74797272806
6.80182452731
2.46225557112
5.09865651737
3.7999379892
4.19249313935
3.39841626278
6.14767077978
3.17936980159
4.54638975179
4.91233634493
5.70423313243
7.01096002961
3.70093713359
3.44947923268
8.23407545903
4.90756085777
7.20304937462
1.86013460464
3.6376523766
4.93557140302
5.21464919295
4.4245961028
1.68673842222
5.55930270963
5.74331273678
8.0033823354
6.09409075371
4.94663972928
5.66167906491
5.28921997346
3.56017231722
2.86937747479
7.15631420084
3.74157144604
10.0729501911
2.45216880216
0.562280883774
3.41419090972
2.71406092081
5.02522155572
4.70001734785
6.34220855117
5.83641882965
4.53176437405
5.41676711497
1.84815507179
4.26336825586
3.97726784364
6.93314385535
6.03280381357
6.02318534112
3.47160947165
3.09199939692
2.98253345716
5.94281209341
3.39671810054
4.89644371631
4.35790020114
7.66778072015
5.84171863432
6.1649172517
4.6929394351
4.04200283447
7.21499105171
5.08275688789
4.40195443765
7.67785040205
8.84391058158
2.66476448586
2.21005660905
2.50095176075
4.8635963609
5.04423657945
3.93953815937
1.50137881801
5.98869326429
5.61498649488
5.21408235842
4.14044399507
4.29511740602
7.88215991332
3.87272276425
7.66951625961
4.45906402129
3.57334301579
5.36288830773
3.60030045203
3.79488227206
3.34969730063
3.72090713465
2.7597853973
3.36980162335
4.73870647341
3.01617775706
1.06604666918
3.66818115168
5.60538897918
4.72547962672
7.3856168716
5.93789951319
2.94578261901
7.79753518511
4.96019072211
3.00217431559
6.68014802749
7.00449510507
7.21809263222
6.72162882633
5.14969977926
3.90631976667
5.76283311936
6.00096516782
7.88702535948
1.6132018162
4.95637094322
8.43567161736
3.18807775273
6.21470873588
5.25334791626
3.25143445848
5.87826474691
4.33610003811
3.28691776754
5.54662304174
4.75698262004
2.8494476796
3.89888979918
5.29885195342
5.83628685033
5.65088863019
1.06979639881
5.40190385197
4.76036707823
7.87532614319
1.91664347075
5.62470407095
6.09045364376
4.0186964809
0.791594689919
2.79101177976
7.16393579089
6.6936580747
4.99095323088
5.83523778571
5.5617194726
0.918496877921
6.3683093782
2.4853105371
8.54599822663
5.61626629333
6.25033284853
4.82946664092
5.78847558336
3.04684632951
5.07920690402
3.38174688286
4.48266519694
5.60366578049
2.7623919096
4.14894613932
4.09408594126
3.90766606027
4.58195298396
5.5000049771
7.41452839528
4.21516541947
6.02521366282
3.84604586909
4.74981460438
4.72469474227
4.87408213676
6.42446885825
3.82975184261
4.17209067044
5.07197430994
5.64553901645
6.61424247561
4.52395985475
6.64791745228
6.06000921665
6.05438191975
7.18717561114
4.14076846475
2.56071047487
3.79483287683
3.31779236883
7.39035173309
4.79387129998
2.23181730508
9.10395733293
5.11367156087
6.01695331903
3.61204245943
6.51133819415
2.04665805392
4.01192110987
4.88897206083
5.73396925213
4.25463395266
5.52060045075
1.5949245275
2.83836495818
6.04320918456
4.07900239684
4.41552997157
9.09086986186
5.45714686446
1.70099880844
3.97744844863
2.55119939566
2.91457741037
5.65872843399
5.37132572267
2.49039117698
8.55479677776
7.43474741861
5.41871833255
5.02309141462
5.6545325913
5.31203896124
2.73037822119
3.48440240543
4.07412671665
3.72848236907
5.56617013586
4.79703514673
6.70630225493
4.38509801622
3.44373941175
3.76651088879
3.86536912154
5.51481144887
5.0098496573
7.34150184486
3.80623504452
7.58631272527
4.82500602844
5.88400518645
4.62722596662
5.92296727556
3.35466563261
5.37490971335
6.6008478247
8.33751549168
5.15973942537
2.02298857201
6.12960516612
4.11036702571
6.09397734694
4.67945712297
5.73959930341
4.53704015415
3.68347616415
5.97571727172
2.92033825956
3.13321918808
3.92195151648
5.73645667452
5.84336247664
4.83377996727
3.00123200397
4.44955280733
7.81551399954
6.46030950637
6.42547982363
5.27327554367
4.57479664024
8.01539975844
7.80532023021
6.03403201869
8.00575080327
2.56688261124
2.17719676277
0.693138926909
4.10286890251
3.48388244523
3.36361137864
4.79625703319
6.70390118301
5.18549766005
7.01870208702
4.9629555982
1.45523367451
1.03726330022
3.80070647625
1.643900832
2.71596052441
7.25468337635
10.314313287
2.29581817821
5.3129717701
1.59364163922
3.28408511578
2.29528086808
3.65849767206
4.46786418343
7.40428340392
5.29206031143
3.51587628838
7.24948078769
4.77454285162
6.62798879324
3.48237379223
5.2993074573
5.1217994088
4.32918988886
4.67082398575
2.41293466522
0.652889748966
6.5795439809
5.45610091312
6.20783446812
4.39067387707
7.11369154886
6.49648383197
6.45796202012
6.76216591748
4.20103042667
5.02257464756
6.33814658134
5.22376915486
5.45580178411
8.87145731147
5.97172754511
6.36767660267
4.98477433038
2.62162939989
6.70924582676
4.61304778422
6.56912953362
4.86602088716
3.21693314392
4.26150502874
5.49428249613
4.87167839865
5.44554388127
5.79322044434
6.07512052076
6.81695374939
3.62992266064
3.44044930909
5.75334529979
4.51080342611
0.543438985216
3.4973726681
4.29641549472
3.76196311014
7.36890774808
3.97093499965
3.62678208814
3.41753110777
3.16863721086
7.40295427112
5.26823554133
6.43916037602
7.53896512176
3.60938025283
6.02088164277
4.3298441107
5.91989906111
6.31971367749
7.16932668657
3.73689612174
2.01180167405
6.55387066748
8.13666960463
5.98554357515
3.79554923106
2.5190750757
5.66253498315
1.70132371242
5.02717530077
5.80197983946
5.64941173011
5.47157633044
5.61638733624
6.46089953647
5.46703800008
9.43250371572
7.53632954554
4.80472943751
3.85471053355
3.44077769416
7.15885801784
4.00811398766
5.92681700506
4.66183194633
8.08109370584
3.01841030501
3.01277145529
2.6930000264
5.27520058069
3.52661997785
2.71422943411
5.84584411038
3.4645583396
6.85903069414
10.1148781254
4.76444110485
3.32224862705
2.61210489884
4.5709768087
3.3275404239
2.625293769
2.13025152886
2.000202324
4.78545694523
9.43005236102
2.93403008732
6.29125878584
7.00818263892
4.69445058714
5.66176006606
2.79396467175
4.22159068496
1.84908918238
3.94799995075
6.67351556748
2.83975289904
8.40088323321
4.80690814414
4.89465869984
6.6345380691
3.45480099593
0.908665902453
4.56826937466
4.2954791816
4.22798691193
7.00149829965
4.4546823068
4.14708052694
3.11939090846
5.68562245906
3.95189658206
5.75906026125
4.75642160696
7.62496574322
8.10070554426
4.19427928227
6.09252889727
1.48923730606
1.95583431546
6.07971975372
4.38629494752
6.4393990907
4.61803155784
5.4588544121
4.04175278931
7.78104459286
6.84539287708
6.19346919912
6.99964419786
7.48152369646
2.33803384161
6.41956658385
3.65378343398
2.71812501589
6.07967974921
4.79258840372
4.16403932677
5.21832504706
8.36333098779
3.89920889456
4.42054530957
5.45679282386
6.67055025141
7.88971600049
2.72464679025
5.95693581833
3.48720330537
4.54596655638
4.40751846733
5.31531108011
6.58972166693
4.37296934086
4.91335260468
5.63721336127
5.73559019201
8.05106748136
2.97088012415
1.84273954596
5.19913603811
3.37565058553
5.95204434541
-0.347882001135
6.4429734371
7.43237526724
8.114321241
3.36767437782
4.75642155768
5.36510176799
4.87420694905
3.82900123055
4.11191911276
6.12581279546
3.4142541826
3.85556926039
6.35703875658
6.28025006598
3.78641452163
5.36189632682
5.39599198792
4.18339967002
7.49260901392
4.51341210635
8.28851072452
3.41796757355
3.12546962242
3.90265760641
-0.0563219658792
4.26701940455
2.98162960719
5.41098617353
5.52856332946
4.60992601909
2.25060174965
7.68299483921
5.994601382
5.61646427502
2.65118335135
3.87464261436
6.51683626132
5.65358846456
4.34400901174
1.2632629674
5.8567014992
4.75469002113
3.53396027084
4.79042231982
7.86899330612
5.44157194269
3.10030839303
4.38148030074
6.28022227263
7.30399741358
6.37686250806
5.73023183737
3.99915615532
4.96841173733
5.92401018959
1.29268840573
4.63106391875
0.755800109023
3.28897828343
6.55221073278
5.33471181036
8.9785577205
3.34745834157
2.98222190877
6.78059692644
3.23624835312
4.79037694801
4.18807786564
3.53844526661
2.7707377344
2.75348714194
9.31265289694
6.29544045347
4.35076607186
7.01003352731
4.35899553908
3.89169360577
8.21498272014
10.0511238029
5.34513954157
4.04193219383
3.73070650365
8.13649779484
3.95116056038
4.26659927703
4.75287463124
3.69430451763
7.15431038733
5.7157272463
3.45466721624
5.5376509759
7.04209193384
4.75477136397
3.51471338057
2.52503638822
3.72795941818
3.70722694884
2.53078987278
5.63874042043
5.4043576171
5.21763594267
5.49848028607
3.88290413888
4.19165836953
3.35813508043
5.42327114946
8.21969405037
6.96555460831
5.06741560238
6.87825084353
4.59414019107
7.56504306715
4.79899622397
5.06910319252
3.61670667995
1.92551887963
5.09656056439
4.96723455087
5.52386841541
3.02638081182
4.76056416924
6.28940247654
1.60077622897
4.40151661032
6.4997927625
5.78508256954
4.27269773192
5.97069843449
4.77424670051
6.62691296861
3.8845646251
5.95489230452
7.63890224698
3.09416708452
2.13422805672
4.85127420544
7.61599560798
7.11220043032
3.66911894387
3.23666746553
5.08972371657
5.86399176385
6.23837288914
5.73426995666
3.32915910491
5.93733996939
6.90772622042
2.94330128906
5.72679114759
3.79228829208
5.47718399164
8.95305892944
6.29414344356
6.23542133754
4.19004538713
6.24303282463
2.28851896274
4.32624754001
3.47831393323
8.17685356332
2.5334221268
1.68602942238
6.73337515276
5.70768070956
2.58122400847
5.67479163419
3.31049664621
7.70866064014
5.24957139648
5.66135738123
8.6811081367
3.60982984643
4.05575654111
5.88185295818
5.24065487938
2.32781958453
5.47484948443
6.51312535583
7.52196972597
8.23933194085
8.37731720798
4.79471235008
5.1127014979
5.67602578016
3.23058229019
2.92350886493
3.81209291057
9.37793535144
3.27553096662
3.04282002587
7.07887769682
5.7212522932
5.7176781948
6.40208280226
9.79894371272
5.90267903727
6.62862942837
5.95997690663
5.05768278436
2.06726182497
5.28303128467
6.10231220933
4.32511095942
3.51360097394
1.57714053216
5.21455911817
4.28743578611
6.49792957892
8.5067064814
2.47567747941
8.21200527045
6.35686064684
7.08472654692
4.99121595638
2.37625791232
3.77738594488
6.82015375892
3.1419682264
7.03563463972
7.67943321138
4.24464044159
3.53460867152
5.50536865827
1.07021179269
4.68241850487
3.91862645043
5.06537115362
4.59228077482
4.51848171039
4.81348331263
1.28642316663
2.65194792365
8.23854920592
9.11182382023
6.68764973583
2.17108632645
5.47582918953
5.19176230557
2.72673064754
3.06308046681
4.3682300008
9.43847743715
4.26671536039
9.24053692472
4.27597449144
5.14795123409
3.88677559161
5.98761443826
3.35188064604
5.65002967344
8.7539345855
7.20612320032
3.45165429823
3.51123954692
4.30442748661
1.72671149189
7.09057508413
6.51476044983
5.08645387769
6.72712997222
5.37591937331
7.49988807761
3.03482780531
3.65764970048
1.70377185236
8.29062930315
7.43135353764
5.27272954098
0.631993834247
5.04474130225
4.22169150853
4.94611348949
3.65503419766
5.56537801623
7.48552525693
6.16609288923
5.02250728031
4.98463502683
4.53138052757
2.96479762996
1.64520167883
6.77337590096
6.09257038403
6.80739006119
5.61476271866
3.41992216328
4.10088810843
3.06480024362
4.93512631707
5.52643710014
5.50292301497
8.39078470206
4.04386338788
4.04660706946
1.8282346597
4.29908369254
4.60185281507
4.46455238828
4.32706403918
4.44242719334
8.63658207294
4.2760156418
5.6043708017
7.24835031512
4.24638546919
5.23655082798
1.28675195737
-0.123370445782
6.09705262513
5.16735297065
7.82768709775
5.95033714295
2.66736084668
7.51469664297
3.65813309031
7.75217616351
8.00253172561
6.60038931304
1.57474460771
4.28267945021
4.56652070643
3.57591227765
4.78905467172
7.97050893851
1.28443160408
6.46492763873
0.662284287328
7.2047043109
5.32393258746
1.56224574726
4.9218698901
5.15549265211
8.08108553221
3.16275146783
5.02148707767
9.93534043466
4.46750402022
1.83232965661
7.4121987518
8.16518468191
4.8824768127
4.51701692282
4.06000973276
4.02448143153
3.33953646235
4.56218938405
4.28112413196
7.0575680091
5.2435331027
7.95996100047
1.43688944165
1.7202130453
4.94947408053
6.58259942887
7.06176441505
2.08057856931
7.01264680375
5.8187205286
7.21896602386
2.06090533869
3.36775034219
4.01120726635
6.18849166334
5.55170536534
2.19126762296
6.64760439697
7.01950029574
6.79375863307
5.40646560145
4.04629507174
2.63675743349
2.67169682896
1.87659182341
6.55380673335
8.17223122768
2.02596516372
8.59556761777
5.93181118723
3.11497478073
4.24616879643
3.65314305953
5.94754719245
4.65976763768
7.21441428521
3.25176083775
6.58798202528
4.65571403424
4.84761674648
6.42664322678
5.10416422112
-0.507336279313
6.58792626895
0.634126237727
2.74705365015
7.42256381737
4.00425060608
4.53132619807
6.27579282115
