2.14588927741
5.30898834869
5.73050914199
4.36130016981
6.83213253356
3.53299278711
6.55200412113
3.47956757525
5.9269626613
3.75748436988
6.77014540363
4.23223665978
7.90518608714
4.89495689451
4.62535195068
5.40530813286
4.60857705786
5.52274881853
1.50070556498
5.34268101316
5.43949139206
4.81076644384
5.95892993919
7.18859854892
1.66421631963
5.57339950409
5.13352216897
9.76666774858
1.27406946337
4.49746414728
6.62827378723
7.76527750289
5.80644385475
9.68573757459
5.98485475897
4.66486771712
7.39591801106
3.05887763702
7.69699974983
3.9054721465
5.78544997993
7.07180802422
3.95092500235
4.29005395094
6.32843786995
6.1974680871
4.02858061124
3.06010120122
6.50848717653
7.72085293815
5.24165707247
8.69649347656
6.26363218854
6.25257170859
4.09226795317
6.65403043215
0.116604735615
4.45542041402
3.66652058556
6.57131255378
4.34644546304
7.64109785914
5.64383374858
0.997614386627
3.66202060606
3.35267462975
3.82120309045
6.2313726391
6.5562696704
9.55294183501
5.0195079466
5.84971101147
6.37304746829
7.3079896143
4.54699315022
0.0752140327147
4.4444410184
6.21723369333
8.14629918245
5.78543913719
1.29290070361
5.58639905215
4.44972186105
2.84401539097
4.60797090767
7.7113622282
5.53477433034
5.98544533333
4.7930254433
3.44165567167
7.23389209034
3.32662815506
5.51255537412
3.18433125185
3.15624763836
5.29665885969
4.27121771742
2.74843395334
4.60392611532
2.07812829057
7.77479287822
3.3062366342
4.30551472652
4.36708340449
5.4744373576
7.12841032184
10.5770935827
3.59378481701
0.220927973713
2.4959495788
2.49626618688
5.12623899274
0.356244330898
3.57417383831
5.41982429353
1.70888234124
6.73702842391
6.11938059202
7.45452628266
0.25446872763
4.33328755416
-1.75081203511
3.38940888825
6.3376336726
10.9924344511
0.484098333622
7.71873051704
3.31150648399
3.14667998591
5.34405660469
7.15745378646
6.99632589453
9.00622278256
2.98998378331
6.14318499019
4.07240349143
3.73051565482
4.28639665597
5.19976044867
9.5103088116
6.55620099753
4.2808575483
7.33364577425
7.45083045989
6.83944623008
7.8028292945
3.1499513309
4.93502675901
5.18024486472
5.98014693198
5.44573551463
5.13926179366
5.66567727147
3.61073767407
2.83885241316
4.71763796346
5.49326633359
4.01026257849
5.19125541518
5.65628312272
6.68625467008
7.1021252959
5.6066670524
5.01652076904
4.03061799903
7.33089210182
3.00117067644
7.8043178643
4.6983177233
8.04714902137
7.1275497506
2.7847791935
6.543194913
5.77174666714
5.93265728483
0.209349688058
6.66753807607
6.40662978413
2.60412684415
5.72557238764
3.41861731493
5.36568041577
4.39146840323
6.14615418757
5.49533759618
9.80172657594
3.60540027699
6.2573573167
4.64027123504
4.55688325003
4.01211904784
4.70379824609
8.56676554991
3.94550442172
3.13718501749
6.7565644916
8.60902900549
4.93773883471
4.40354027014
3.7526684458
3.8015541853
5.96730046579
0.68100397589
6.95549569795
6.79157866442
3.7921434931
2.1056010507
6.64143145023
5.87005650894
5.24940708254
4.89580741803
5.8646167143
7.89279230786
5.46502083555
5.35346002883
4.19395455364
6.28111888838
6.09117034126
4.736980933
4.22603956814
4.60230323069
3.4732208723
4.73418602136
4.13826996441
6.26455361224
7.74313523181
10.1182522332
5.42720644868
5.91477147762
4.76737614669
3.14920112384
6.8988775922
4.35637772644
4.01811379681
4.58551375387
6.63057154324
2.43768649715
6.30947466151
5.56571161754
4.59083541839
5.25097173007
3.50389898254
3.51410566153
3.67582313054
5.00051686264
2.23422133996
4.86410308254
4.64239893661
4.32142800466
4.49326470578
7.14299527088
5.56314920149
6.88141628874
4.75867379595
5.01774952692
4.56818021558
7.58591107394
6.67264552308
5.73648726477
5.77651400897
5.57630863014
4.83720307163
5.20763799065
4.21987564124
5.30324170272
4.24315866084
4.21517381464
4.80689828957
6.87785181609
2.7438071225
5.99468659118
6.20287409502
8.20632590034
4.77565740625
3.8444185125
6.69715682215
4.52704833551
6.75228062003
1.39826188692
6.80935332744
4.29175253654
5.50145943252
3.61338471867
6.11374241176
6.6134812637
6.04002800051
4.23535515628
6.33797101609
4.96857511124
6.14725461668
3.65717554344
7.19357972133
6.61636537362
9.61197551479
4.23911320288
7.97649985728
2.84229099787
7.76127690264
3.29173428145
6.51145198632
2.32493810766
4.67611579799
5.35028981774
5.55350913034
3.01603048631
5.82060515284
5.68006861634
6.38753419017
4.71865053696
2.97910010422
6.87847741907
4.85574310038
4.87648200122
4.52010678692
7.23664186103
4.49814969576
7.82546690557
5.16862307101
1.96440004487
5.16755804226
3.87710650994
2.83109683811
5.72070276105
4.91021418431
1.62852080448
6.33082531749
6.41718061061
6.95442027343
4.22254579765
0.602605204007
6.41620797224
2.28303485677
5.36496182319
5.55813353495
3.67428544843
2.73175992484
3.18368391298
7.96489906112
6.33709118216
6.48392328782
6.28078571822
5.23741798557
3.49277560122
4.82101397116
2.19652706973
4.45099138467
7.16048158005
2.3846378798
3.15266487056
6.73673285893
4.92418366237
7.23672682636
2.49625859406
4.95292537671
7.38493067744
8.33179625098
4.13970105207
3.79736097711
2.83061361483
4.86683560779
0.945972298106
7.5479622083
3.63723846723
6.93198770547
4.20858037109
3.06018604372
5.83541556619
3.33317538968
5.47605481321
7.21008372642
5.49696599075
5.60628149594
6.75008878526
-1.00575131625
6.6747740141
3.33597774358
1.95150839806
3.54179987698
4.63976585107
5.88244122232
8.04065543943
3.46416829257
3.25841221923
1.63605847444
7.53263458546
3.13709304356
7.1546028471
2.13785933973
5.63841311918
-0.450901740284
4.86262933583
7.47953989117
3.06254360584
7.0084082375
0.110154678636
2.33519576838
4.32667952419
8.11283999391
4.33866000183
1.75114833446
7.22145109841
5.02565276511
2.07537035021
6.22690822181
5.46623213692
7.28204089429
6.90529873849
6.10717060568
6.55269612369
2.58742602818
7.77361120955
3.03675044637
4.12236803978
6.11102362733
3.03350776292
6.45036462604
5.36334304933
7.85051663674
5.20761604946
4.62065087422
4.02987301083
5.75643383342
8.0445701524
6.48313580131
9.63824538875
2.6766784202
8.14922849301
6.4393193299
6.07146939544
4.70145749038
1.39756203475
5.69215634738
3.10466859309
2.6034449803
4.55380141715
1.43914430293
7.33810789174
2.66479763575
2.13964974587
5.25118700641
6.04333854641
5.08557843383
2.96904104861
6.18055686621
5.72626367884
1.05868155517
3.96710320564
1.23416526689
2.4483235889
5.50069865742
8.62927926368
5.74967767505
3.23607515966
3.95846673587
4.74310095121
5.13247339195
3.07080238013
6.82232186498
4.00901358952
5.7836524306
5.06824556562
4.75969090898
4.38330697559
5.43358511956
4.36445798672
6.2349497262
3.76136217786
4.19124109141
2.29175146972
5.64494346556
4.07621362169
5.26084937226
2.75673902316
6.22759757956
5.90378696827
2.12941251286
6.11151682921
3.73646849417
5.82508016028
3.08638695806
4.02004912639
3.36519147857
4.17612159925
4.84351907142
3.50444793243
0.0262825766748
5.59904617716
6.78452624331
4.40028570678
3.08907264981
8.96321812564
4.37551867893
-0.304103489345
5.64130444939
4.11102400049
4.32392325134
4.37820764366
2.95151710744
4.52550114116
6.53343586595
3.14994876778
1.92000210202
7.20477706005
3.44215223435
4.66303928339
6.55338270997
5.2590226534
4.62066096972
1.45129739924
3.15027718743
7.21348816893
3.66305886909
4.02000800157
6.68108809536
4.62544043793
2.12300017763
6.18023463237
5.54176872664
5.36537768412
1.08902225677
6.9313050892
3.3071841423
6.13004097092
2.98067167557
5.48869887594
6.5518155507
5.58682117536
2.95566565771
4.72091300068
7.10387238023
3.46352578654
2.89365776817
4.75279981781
7.16254451754
5.8293579776
1.27281410165
5.89437129907
5.91521027703
5.3345844853
3.02848650296
6.84507140967
3.12077923403
4.32176904048
8.66138462258
8.98395442468
6.49286857594
0.963156489364
8.14783098721
5.68246398199
1.98266592867
8.32153276283
7.46435587326
6.07086785218
3.37550228992
5.99552550311
3.64111335313
2.1783602218
1.90394346046
5.9032155315
1.71084594106
5.49644279092
5.14693061456
9.5000866817
4.11645529408
7.5646857022
9.26856873621
7.00889451611
4.06144299452
2.01546699107
5.4399857317
0.940824270272
4.8671961917
2.01105157642
4.53794490947
4.75548448894
5.8898220377
1.95944217416
-0.30522301758
5.88941197569
8.76688583726
3.91563551722
3.79005743739
5.45459769381
4.5371749578
3.66794035383
4.16226570588
1.77141788287
5.02258826935
2.87523691912
5.66230306442
8.33935010947
3.99505968215
4.15785741924
5.84704730008
3.94161926132
6.77725500086
3.49837421873
2.70651565733
8.26299745593
5.60859808323
9.83695505107
6.12641211161
0.766707517579
6.67927561451
8.79865689911
4.2520196534
5.05747351006
3.23134916582
5.32709240296
5.26857856202
5.79813337585
6.0121735473
2.87574805781
4.32049265473
5.77963232428
6.21834993853
5.20720343022
5.32694050892
7.21970440791
3.51606983679
2.61606588469
5.93615045183
4.32502965132
3.0454552437
5.43267501467
0.477906040575
6.68413825082
6.63258990671
5.71078231025
6.70811610086
6.31402198938
5.57944630022
7.45581669522
4.12610753316
2.00693515332
8.53480808723
3.65902989924
5.22875696732
3.62784770112
4.72523041077
3.0138066704
4.36694017888
3.99653368994
4.1033285769
6.03810606904
4.27015402102
5.43707750158
7.41882235593
4.61976610806
7.77592363156
8.59420033485
6.74950111616
2.8223064586
6.29739745226
4.77710119464
9.25204804927
2.37721421555
10.0096780411
3.37182444831
5.7433609738
4.8295595966
4.37487277371
3.97607768809
6.63660742825
3.29301218498
5.6726205099
2.9641453707
7.42236014339
4.71147808522
4.80255991911
0.275908354477
8.38167705332
5.63112668457
3.46717749028
4.37295296426
8.95075346926
4.99903903657
3.30971956489
3.62879096043
9.21188565683
4.06294393824
4.02296875216
3.96033398574
8.6108119078
9.30917753196
5.98615083625
6.89841465644
5.29856491762
5.38963971199
7.62152898623
0.763603448652
3.67342548078
6.55330942145
3.016462105
3.27182026313
3.7326391673
4.1880457948
4.28813863438
3.36640024532
4.92678107773
2.77806228276
7.50466310675
4.77402312379
3.29565298915
5.44182565634
5.66655652553
6.20265783774
0.793809392231
3.30277725812
2.97104256745
5.25817026534
7.67369387164
4.2232825912
6.65503875067
2.73206760139
6.45845042865
6.98161350381
8.94442656324
4.68706193097
6.02505956843
6.89836313032
3.05636566263
8.20422784818
4.71626675581
2.82273318107
4.97647737752
4.31325201111
5.00964892764
5.19045263436
7.26249530218
4.22450930437
7.02269157459
4.19612079135
4.41003915926
6.35963698716
4.25306220808
5.13521247626
5.48339446769
3.92266746508
3.10794973304
4.13408408937
3.50135917206
8.12049465613
4.61766124084
6.42666365124
4.08002510856
6.32394426065
6.31385423071
9.59246974987
1.16567292724
7.1014130015
4.21270304524
4.47407983683
6.45679582019
4.93707808577
4.63690051537
5.86370283016
2.2420039786
1.79301505194
4.65001343596
5.82010257666
9.34541157139
7.66054846163
9.51400458235
5.61754181248
3.71303841885
9.41886680495
3.33234832884
4.23637949295
6.29951837446
2.22303916334
5.08920766887
0.911059182224
3.90196920602
4.86710768446
4.53052386157
5.37554458052
10.8680613677
4.90565244168
4.23843387777
3.13711912193
4.81768544872
2.2441908533
4.72614668345
5.59758510448
1.66893747225
6.65132728994
7.67225002796
4.49653861196
4.6349622315
9.62188448605
5.70972291773
2.3016412426
4.48823463678
7.76034531713
1.38592826276
7.74482274232
4.47503638845
5.83339696434
7.9026073746
4.60705783369
6.32208036492
7.35660406914
4.01944510861
0.472321603569
7.32974115717
7.54092658776
6.85924535258
7.54040092755
6.71181570922
5.60445413291
6.38315719761
5.1831110038
7.05246555463
3.58477753586
5.20474757262
4.71426881258
7.86949492788
4.63779154213
0.574544380822
4.44033432145
6.41033538673
5.59743237696
4.18936467623
0.971570194
5.73324593268
4.63721413615
7.73546282755
5.58514251579
7.38180851288
6.02110478206
6.48952434706
3.49177499371
6.31273922135
3.75740769914
5.67072044076
6.38149381194
7.6975814722
3.49135342568
0.613213713994
0.293188189177
3.50430890078
3.9692261343
3.58984365887
6.20877537101
5.53545473755
6.57266397959
2.82976466572
6.88024019137
1.19688832383
3.06105964902
1.90787641131
6.28317306727
7.74260305819
6.32869016475
1.1923897663
5.18575086384
4.86660018808
3.67839375169
2.38901341986
5.92529703389
1.9330552271
3.3792268682
0.360176214223
4.84557881414
1.82653934714
4.15353645908
2.3936850547
6.10708678984
4.99496416812
8.10066426003
4.72040686096
2.89410758383
6.80818955286
5.21333086202
5.00072777364
4.34396240282
3.97349040247
10.1364037977
4.02926754328
6.7511586725
4.85378872906
4.99158107171
7.82715718643
3.80138898668
6.81117291511
2.02812693249
5.28970959793
3.71777010754
8.18927418892
8.1512394166
7.25661507462
4.41081480828
7.0097041363
6.88669213864
5.38996400102
7.13083950274
4.41595795578
5.97411118346
5.12879789009
4.43995769106
5.93648357818
10.3358355463
3.84108644915
3.59797949579
1.94160032862
5.74545007366
3.84517179654
3.74884995855
5.52646705627
6.33840881295
4.79225452651
4.70589906044
6.56815030031
7.37762347571
4.16039334374
3.96111388868
6.40793830758
5.77168019717
2.72074700192
5.39738470963
3.73976452823
7.19152612266
2.73223182935
5.51727027977
5.04266693116
5.02278179854
7.17489410455
7.10343274698
3.8019432791
4.54260860719
5.79815332046
6.82807813852
6.16668680203
2.73052289964
1.64640950197
8.72108446905
6.57271085182
4.11008699217
6.11556054971
2.59223560108
5.1207406529
4.59383046298
6.14043326924
5.73009905885
4.99998162636
0.0342028503375
6.71750581112
8.39298713435
1.34751113062
5.88129165977
2.66618455702
4.42434852523
7.92931365682
4.59494808375
7.93129043951
9.09415035266
4.77734602231
5.0621036912
6.03512372793
1.82387188709
3.49425590837
7.68884064711
5.22402437946
6.85816515292
6.8340679937
5.54812690504
2.86508453414
8.29323790643
4.64474903429
7.18447120051
5.75913078602
0.882508396625
4.74828209399
5.08617425055
1.68919996343
4.12465569008
5.18438115549
5.94433615923
7.4909262377
5.89814639117
4.52918162121
7.53891633254
5.8210808816
5.29906061621
7.34108825186
2.77702328724
3.97453128948
5.09025605043
2.61689823879
3.45262259364
2.43967425085
5.32590502882
1.90109489424
3.30798847756
7.97894043603
7.09880518847
3.47602436682
2.58466174974
2.87603971883
