5.17303723693
3.21615614754
7.93129577549
4.40134814931
4.1487120962
1.4480084978
3.19251108302
7.32982722095
2.54036914807
1.90521453773
2.99025262703
3.61512528029
4.27812641188
2.30052710979
7.03699510276
8.33712168573
2.25088545209
3.38246325437
6.91165557026
6.36241195386
6.9066233747
4.93062868939
5.57225485372
6.98521204119
3.52381334433
4.72682960845
3.56627103673
7.03447859279
5.07783034002
2.70667644741
5.67731406222
6.35734833025
5.86276129012
5.39457581576
3.6430441954
3.57001382622
7.10116213998
4.05831175614
3.70414611334
6.71598594219
3.33969017236
3.21556248465
3.89380212089
5.63761079385
8.19097861212
5.32373059993
3.70580158451
6.10019510253
4.32673433362
7.0762478534
4.51301454879
4.06058982193
3.07226539192
3.37741796157
5.36964129154
5.29658154392
4.02239060006
5.12142136829
5.43093059618
3.5690182146
5.76772959753
3.70873377013
6.51172986534
2.73983554721
4.49201708919
5.94322333948
5.23508642318
5.81769367976
2.47454344025
3.9866912388
0.385228267978
5.92928005165
6.48210363786
7.28790964867
6.84850514532
3.19198714815
-0.257148082342
5.84687990202
4.80848097261
3.96644693718
3.54421611878
5.96459315648
6.73964133783
1.03503114238
2.92197494363
7.25781407864
8.23261632152
6.81375044475
3.72235724056
3.84573364757
7.91916499009
4.91125922899
5.91964108711
4.5789907259
3.92627775804
2.20576002932
8.13405723686
6.76910689515
3.11649849773
3.08528382524
4.9246368478
2.74564759838
5.1831420774
6.37408508278
5.06832716354
0.969589171558
-0.245403039871
6.0765456919
4.81434042242
4.04850895058
0.796641391839
6.37466894194
3.91115020263
6.71674967045
4.5891504665
2.90492205745
7.14141048088
6.10033392806
2.67553731745
8.05593664807
6.74920702003
5.16985325514
3.63357170404
5.28849667436
6.42475506912
5.40714261865
5.87264617434
5.03615850731
5.73801052747
4.79902763635
2.71865537521
1.86480159352
3.17046359325
3.04090661032
5.96380615029
8.59323301398
8.0522509866
8.74239896893
4.53697904244
5.11454225863
6.25758260612
7.66326703675
5.25870045396
6.62393228931
1.79009337854
4.5421493616
5.88749764877
9.10535550275
4.80076273226
2.24645772958
4.85305626908
6.9016576859
5.16041071742
3.81032757492
7.20631330156
2.51126895172
3.13834918061
7.34518168528
7.49435648075
5.77899667744
4.35876836909
5.14275695091
2.41146531338
7.21369239251
3.8588593905
6.82437931003
5.21839301263
0.566127571102
4.85534078477
4.82480034228
6.19959610856
5.42427649676
2.70439170257
4.07838365944
6.39802989918
4.94911028699
5.16931448866
4.95376970844
3.72979601279
5.62931330362
6.73145423117
7.70240276854
4.48931852015
8.19190861215
1.10221932729
3.79796781603
4.96257738293
3.74798210195
2.87397632744
2.47194488018
7.39845883254
7.11233163688
7.16167313099
7.55156574381
4.83726398127
2.93573387669
2.97549753361
6.97447919979
0.671002420374
8.95490807346
5.87203278496
5.2569745094
7.67713882448
7.16894823262
5.24701022255
2.99012877951
5.46975548058
6.28091195127
7.13212637114
2.50129605789
4.22267685542
6.62108612039
9.1174437316
5.51096550609
8.27689600795
3.07559695893
3.11624331687
3.62677760627
6.83119459263
4.98156049354
3.85939066395
4.79995760679
2.48098623319
5.20953670351
5.53196687733
7.67289855656
4.76302369143
0.301071939387
7.78797373691
1.24857938209
8.14014726396
3.41084333988
2.6779296774
3.39776332547
7.8424178385
0.826210842176
4.3944801867
3.59752395167
5.7900833853
3.52360641634
5.79924630613
7.07914110106
1.98716249438
3.08223561047
6.65891282434
-0.0538571779895
5.67417572829
4.44567918177
6.66805766129
5.05730276158
3.38619348101
7.39104532959
3.69383062151
3.89721739455
3.60821426941
8.71671190582
6.69706343271
4.7984883661
5.41154468334
1.554568877
6.70099982429
4.72702055061
5.60287339258
6.05195280214
5.99633617688
4.07692325602
3.45440358744
8.79360733712
5.06756543595
6.3236510897
4.10124822296
2.00852625754
2.74834356074
5.81479368868
6.21422498408
4.10564538506
4.99214978977
6.93453231229
5.73649627597
4.00374063043
1.0678925932
3.26053636575
4.76598746045
5.29883737286
4.07327161704
4.84416008084
6.98642690538
4.18957575877
6.51619628341
7.21928671644
5.80818444443
2.70728560792
6.73619716105
6.30774461352
8.40199103209
7.53208193521
7.7475401804
6.01844721538
9.1236646527
4.78427849417
3.97050091469
3.06970070419
1.67228043525
2.56627732141
2.21928845123
5.74719905138
6.08991565899
2.16689490338
7.55810017261
6.29634788825
3.27273371529
5.3961095444
8.6099334132
4.66827813892
1.28453048733
5.10569130535
6.53673947997
5.99132329251
5.16970668936
2.47302213301
1.96464436403
4.80300586554
4.56642324968
8.16019424118
2.98752665058
2.91169636169
6.05424356088
4.05015454995
5.28741727613
5.16948187723
-1.31494678877
2.16214807246
4.61124156602
7.39062753838
4.24042626097
4.97170618962
6.80780438728
5.68165324676
4.96567701081
-1.04138687985
6.43340033169
7.06045617626
3.23792463489
3.31397873245
4.61946041169
6.66317903035
6.42876355871
3.73912377353
4.7969643487
8.16289216572
-0.220910999206
4.47486741411
4.12085560349
7.44826841308
7.70756253769
5.29801379545
7.74835447984
7.58057811695
2.37907374141
3.71579004803
2.94722134802
7.41327990489
7.6302786979
2.51676594252
5.96604936911
6.77785733182
2.60741651132
3.9078286627
4.51856216447
3.07773668309
7.15317537167
5.98642894787
4.11426212103
6.00091729342
2.72031378717
3.79384308556
1.38257679329
6.34590993978
6.50235828081
6.3172135762
1.47192446014
2.68925725387
5.96510005415
4.10281173204
6.08690873792
4.25597712453
5.71737090793
4.1090369499
1.1017293202
4.0461162318
6.00377010083
2.76376787021
1.10009133192
3.04901424642
2.72833322029
3.53545012518
5.78053687423
3.53965613201
8.64867518383
9.26120389343
2.0042064667
6.71501369594
5.56389741686
5.87769579084
2.86647502997
4.20438997574
4.98916198699
4.50997890021
6.04913212358
3.33191658925
6.28631894054
5.61636654855
5.45588004578
4.32925856912
7.48086271264
4.08693502356
3.07947600155
4.93830789589
4.74797991832
1.41018166177
4.02472064122
6.01052058416
4.74440028534
8.06613681506
3.38721318882
7.81485417008
3.98272779121
6.30250456658
6.35526895961
4.87170323213
3.61478085099
3.93920148857
4.10569268785
4.29599321001
5.87269955757
6.42884001884
3.91315104275
3.77647561033
2.86311079685
6.78657649172
2.64351459647
2.78590574618
4.7206975265
6.31242988326
3.26790032361
3.20998638098
7.77930490487
6.96768443929
3.17187909563
2.27316608504
3.73726216652
1.10618084801
8.65613472762
6.57770861474
3.73865203999
4.63149513302
4.31885976496
4.71467720857
2.49361197299
5.52827254589
4.065274409
5.02545448451
6.27257176095
9.00538976028
9.50180303632
6.14002396433
9.07337783819
6.47859984346
1.56667279148
4.42378000082
4.8100109776
2.90458622926
5.66550866166
6.56279164955
4.17817746612
4.89389751747
4.73516659717
5.14225683806
6.97444990884
5.80920480544
3.35331894993
1.43189360571
5.29702745681
4.68099754835
7.13893654599
6.07594127428
5.80972815105
5.10030405398
7.43532949606
7.44864630752
4.0224503104
1.38052857775
3.57954362113
8.25838775375
6.32248964606
5.07806464213
1.60405985708
4.34124901199
5.83176978609
0.86239559689
4.51860213178
5.21765704621
2.95442413553
4.218183766
5.18258637082
5.04060440823
5.58972839105
4.51102782549
3.1218495508
5.0518402054
3.04733534763
2.46138569367
4.22605651954
5.87867816429
6.24071832841
4.01823308848
7.39401797796
6.56953842498
2.68652257289
2.23311390775
6.9610904748
4.68505291573
2.90345255604
3.61931669601
5.89673547979
0.0674736294878
4.23656298394
9.88603543666
2.47412162963
5.39784795616
4.32223960854
3.33177704562
3.49390352893
3.26122547196
4.93806762631
3.34704493488
6.25170594596
6.61315426982
4.6115906562
4.40572391065
4.07814743286
1.90561184246
0.592468057101
5.05973838302
7.16549788357
5.11843568277
1.58888638884
3.06797897097
6.43405192525
4.43438949519
7.22509524032
6.99738961761
3.06852894662
5.77165781102
2.48668070307
3.59898216736
5.17311082839
6.59147413166
4.73862442144
4.52774689729
5.05047963241
0.80337811736
-0.210469863791
4.63442649106
5.84170270109
3.98601187446
6.03829863302
6.87293900324
3.87419060571
1.73291455196
6.86155181624
2.38359336154
0.0788819099486
1.36704712083
4.54832243238
8.54400460688
3.99979714563
6.86838169964
5.74840626235
5.93525371507
6.62488271902
4.06121758927
6.36288692735
4.52209994431
4.06589517486
9.31309314178
6.41575823926
2.90557396898
4.07473732227
6.30165115375
7.10927840679
6.79593031844
1.32766072366
4.93132025856
5.75226759795
2.0249732289
6.16023583628
5.48715829406
9.06576442993
2.2209119344
4.3300973487
8.15833778063
7.92179882784
3.54753104611
4.3765875516
5.4394479917
4.14616036435
5.47041757334
3.45856071325
4.40116939359
2.33502492105
7.62774022668
4.44709586673
3.19215132639
6.92361822169
5.00703610986
6.0158177196
4.81723728759
3.95368555398
3.50743670837
3.02645003229
3.60244326061
5.82814514446
9.77185248447
4.30379484702
4.89145385916
7.6700177148
5.83186091743
6.99769249877
1.24372169525
4.67669212853
2.48680558394
5.07242176024
3.53679857435
7.7765195234
10.2977725587
8.58414453001
5.08783572235
6.94502677513
3.704653895
4.09893873254
3.97588996663
5.72312862652
5.39152956306
1.82319022663
5.41014593699
4.27583991193
7.51665048611
2.51452514645
5.22187104229
6.62838612362
5.46369282813
7.44476266697
4.43071107971
5.12602259753
4.06863202872
2.63868460606
2.13673330649
1.34736301218
6.87024965842
3.16951180596
6.25831623229
3.29879073331
3.24465331461
5.34941085819
4.38389980012
6.36856898195
4.2358982913
4.12008189285
5.04996561531
5.91224275299
3.04805267019
6.15256179915
5.4133143685
4.53896540011
1.79073838801
5.12471294905
7.84986022342
5.96751682366
6.02091424931
5.64992362078
4.52271452307
8.45536348615
2.78280702283
3.6892918181
2.45285922779
2.23124299875
5.01535952557
1.15612436734
5.0672807613
2.37759259537
5.28001596379
6.36913120662
4.71391441013
4.55795596998
5.63430515079
4.98950306411
1.17642734165
8.51384990905
1.69929867937
7.08064700014
4.22529049733
4.83507500117
9.48329659529
5.89362843809
6.49641595538
4.87743187701
8.86467767377
4.2279289739
7.41642117403
1.83812028924
5.03189161869
4.42804313227
2.08687481049
4.15365116026
6.79704493067
5.74797190431
4.50116846936
3.38811753765
3.04199728719
4.26568119908
5.99434545114
5.23444293169
8.36662511161
6.03823752085
6.91123840939
1.22861768211
3.62254356722
8.85641079735
5.53409160134
6.34446111559
3.47905411539
6.67081477034
2.11603853146
9.85223559468
7.76702403237
2.55717243039
5.11520375055
2.82034516293
5.56043024291
1.57047391847
3.25311121715
5.2861876178
4.8617995452
5.31947437455
7.77142114555
3.69733524008
7.93362890356
4.22908868962
7.95623331164
4.45212768881
4.52396638983
8.56080786175
8.63181024793
7.38628500335
6.34045567055
5.97353932479
1.76235127129
4.11799133153
2.00087713223
5.86278176535
1.74230943647
5.82863502099
2.58543317852
6.25458120896
6.49642383374
0.628572620917
5.95959972071
3.18301661749
3.65565593324
9.27274700965
2.7785653637
3.82050339672
5.05366649012
3.5985721766
4.80631865177
6.11913212041
4.81167704338
4.29237680333
5.7142127349
7.0696504057
3.48183517871
6.30961690715
6.89503578746
4.69212167161
4.00716958541
4.53461719952
4.94982794595
5.06310592366
7.8115348211
3.52863017522
3.41588466166
8.81450410075
5.86153293659
4.5433153312
4.64797492633
3.55173928602
5.06830070285
3.73937325048
3.02576956115
5.3543477599
3.02381574071
6.79940060242
4.83892122748
4.23647043066
3.55653338445
3.9572009151
6.64336180023
7.41880840181
5.20941197768
5.23728003406
2.65602833441
4.79493491874
6.49215428907
7.70744450944
3.05079302905
2.78489270289
8.66734144768
6.24845731534
7.11204844242
4.18447047598
4.91729741499
9.31411613077
4.50164172843
6.38700222067
4.55855891643
4.54932206916
4.21165948897
6.80939004378
9.47668447361
2.88741561963
6.82890941838
1.62467483138
4.20484502977
4.57768656277
6.24176365843
5.08562922371
3.5129569562
5.1662632833
4.17892569337
5.54036193393
5.49948479476
3.21466208611
10.6182193799
5.2309706692
5.49050584675
5.26524881204
6.20603629978
5.95917621775
8.70521349076
6.10326501111
1.98698617965
5.5971641808
2.39959677153
3.31369063451
5.73828129957
5.13260345019
4.44947705285
6.08467614166
6.85932011262
5.56837503068
2.72454704592
6.66539849495
6.95591950069
6.92532907606
4.28029902112
5.93066979806
4.28980000083
3.77211726052
4.08215608564
3.06690383346
5.87282495017
9.61408103504
7.28647925435
4.07030104447
8.88090829325
4.73875071605
5.86788784859
6.15804962024
4.02519410998
4.07472123984
7.96103556013
5.23826070297
3.65184107416
5.01339383635
3.09905791047
5.43184224749
2.52047125457
3.36062577986
4.97272452298
8.27096540044
4.66930893863
1.78496830891
4.98231336655
3.4909886122
6.29287844694
4.53027254715
4.21001019815
8.66883447455
2.53360242062
7.52628152057
5.00061138719
3.21209000295
2.93616217302
7.09221979364
0.907584187224
6.12329565218
5.08456571309
6.40645695885
8.4387115128
2.61503863517
7.5257577185
6.28788462276
7.25663099358
6.41975165055
3.8618699153
3.25494063076
4.29912381274
5.03055931675
7.50355729323
3.63245330236
5.88547038921
2.95578578597
2.1376025557
5.77910927655
6.23222737651
8.00272284856
5.15718291091
8.26290615581
1.41795737399
6.39829422023
6.08446864659
4.39226160899
4.99530308036
5.35710710093
0.387954339195
3.99838811575
4.35659124171
4.46315421848
2.76833910837
2.15421199151
2.37663200672
5.38608113003
7.95701049564
2.88683100137
5.14570034361
4.62380324266
5.24329392031
8.51295972649
9.13276190751
5.18914723998
6.45660427981
2.77468733388
1.49330886876
4.72786543009
4.62589498924
4.4113211288
6.58752161119
7.23283291017
3.44155264241
2.49959188651
4.63808587934
2.90686120802
6.1273045419
5.37268881351
6.29941248972
3.70344207178
8.07081315318
7.75886806755
3.06367054742
4.55471455336
1.46173804896
7.52139762886
3.99784256169
6.34801972612
6.78247409335
5.80628081254
4.27480057406
5.27772774972
5.96795304221
5.75655924072
1.63343435887
5.14127851268
3.11301304479
4.06344326368
2.26509417837
3.60607371834
2.26980273851
3.6608441054
3.61445845784
4.07291877033
3.70750479525
4.48666392158
6.76228734492
2.15550013782
8.75424994755
5.57003407472
4.33947554339
4.68188880184
4.95722194221
