4.69163730581
4.96202649968
8.43483453532
4.47621662502
6.87526302207
6.73710201724
6.55392858603
4.7388165223
5.56917500429
5.73261362435
3.15871713366
4.88938920394
4.31729368111
5.16421776945
0.916615360955
4.73535515574
7.29538119961
3.06141219007
7.90774374989
6.68891543725
3.47475699184
3.58778521771
6.70643142205
1.41788149471
4.77738667268
4.31045426011
6.87752476734
5.12742532261
3.69268687659
4.65969582218
3.90945399857
4.56733612007
4.39074713312
5.11972502501
2.66487253413
5.28924640672
5.39530370978
4.09613937915
4.90229401524
4.05810735341
2.83413232093
2.80315019809
6.23938837217
3.03850471588
8.2430469491
5.72961360827
8.62534993732
5.18318334976
5.61991529219
3.79276354787
6.19419120652
6.90321751128
4.62833976572
3.58304420087
8.12394691994
4.43844239703
2.07366324726
5.01056430314
3.38190447081
3.37009889362
4.07332828209
7.73368340699
2.74972116744
5.47976823632
6.11213793065
5.42529137516
5.46388290541
3.58755497048
5.05697463782
4.95520131042
5.56504054829
7.44435000509
3.06579245379
3.83366876752
4.97340286474
5.89953662843
5.80173677177
5.97884956017
4.97600848675
8.04445558148
1.10656076121
5.9361498129
5.43845172787
3.8758312092
4.71777339854
4.8644619834
5.56692505154
7.66150492966
5.34579106708
5.51147558719
5.60157559765
2.96413995085
7.32090076371
3.84067629715
8.06695903116
2.50235982271
3.73268702713
4.5552278357
4.96464388155
8.00933925051
6.87228664615
5.17792409153
4.15461923653
9.33460431507
8.18057621252
5.79085231571
2.18272608939
4.43607887525
9.76176949593
6.71308416494
6.22851189173
5.56231962652
4.47643061029
3.96721071665
5.30528438239
5.38203791153
3.82612836117
5.4046050856
4.95355926035
5.83740607238
3.62669882822
4.61980663425
3.51645694579
6.63823970524
5.49787609057
5.38702950691
4.89065621109
2.66114489986
4.28054166764
7.0920054787
6.33433344286
8.70521866507
3.60761577796
6.25734127313
4.77575468137
3.2569868696
8.00020592455
6.12665100621
6.68504633741
3.17250293887
4.36885900069
5.2516947382
5.87438451313
7.36738439991
4.3140455666
5.86412015835
1.39806636073
0.639469278362
6.68973916176
6.20404433512
5.95940974747
2.76845374951
6.22796718955
5.73573449147
1.71488711443
3.46992454214
5.30779462274
6.42127163787
2.71304116146
3.97812950468
6.89072034799
7.97352999776
4.46874531066
5.40057819779
4.83829154839
8.99404116647
3.92864411504
5.93596022286
4.5225827807
0.840373642847
6.2081733873
5.34809218468
2.61158767263
5.48981433252
6.35191137467
6.10956994664
3.42212040896
5.72293450295
8.08973788667
4.19449467163
6.61291094326
3.46926778048
6.02011268743
3.65948382072
2.78724136974
3.28186777712
4.79747044165
5.90558794999
6.39733311895
5.15121127064
6.91085491582
9.6515658403
3.81777846812
5.80869721894
5.48519733209
5.02534676489
5.23534889469
8.19505820343
7.69676874722
2.1381105895
6.86949373492
6.30774662296
4.58360840407
6.40788624648
5.87802644708
3.03657294104
5.35333453964
2.31201664935
4.61836410029
6.28939209936
4.42822582828
-0.494969559869
4.45756101501
8.20471425303
3.2736227542
5.87781527135
6.30699601298
7.17529520363
7.70959100115
7.28630621871
5.59425948173
3.16334971935
6.4450761334
4.74036425767
2.67481612392
8.41577196239
4.01870373977
5.1394072189
4.22929728595
5.45123395807
3.25741939542
3.97313847028
4.55571809444
5.58815011965
7.59329846067
0.510340965461
5.26159452518
10.204148783
6.03061740934
3.11179068197
9.30220039625
5.05014461052
3.86755971269
5.72109416963
2.72412886468
5.1264670146
6.11501581841
0.73437033931
2.87800130678
4.54463852797
8.68376817455
1.92310933678
2.80972019174
5.16354729731
4.0649297341
8.3235990869
6.19267767171
8.55771411152
4.26838262933
1.41966582929
6.60300652567
4.72747246896
6.57053833396
7.59394969391
6.59751985892
5.69743814991
5.4582875179
4.40586556793
2.79050467179
5.14274972027
3.93378104381
7.91412841141
2.78037188816
4.32123726855
1.4667754852
6.3149546598
4.7535559968
4.81403093484
1.24115239519
6.6090734252
2.76137036225
4.79278843181
5.21232228878
6.61051164034
2.91276151745
4.5999198686
6.27309465996
4.91748583533
6.73306742362
5.77319679499
4.0781876624
6.57165298766
3.99205898502
5.49976084908
3.31756138523
6.95566628732
2.78029175327
3.63242955699
6.88207338443
8.08914804097
3.1121472695
3.76866424125
8.11633278058
3.34138023631
4.60881019087
7.62331936117
6.05374544012
5.89040462254
6.44658069949
7.67563185403
3.72763186536
3.13808078938
3.82811027259
8.30912963811
1.58942488525
4.58964613807
6.27512748511
7.03576496448
1.70296645421
4.66479702751
3.82579551452
9.16695434604
3.71938564039
6.21744039983
2.82433444514
5.85745927035
4.97903759069
4.89353163624
5.83899310949
2.96174470516
4.95802817225
8.69637381703
1.79272735507
7.02250772818
5.15463126141
2.14332470277
4.68155215939
5.33400595238
4.96211768922
8.45513541055
6.53884010041
7.98344791684
5.89315299714
4.0423336268
4.55320699969
5.54384245753
2.70396152044
4.86842110636
0.320430708486
5.04151128636
5.99433692407
4.13127519797
5.34411809635
5.24391144346
6.39117550046
5.43020951611
5.1198241692
5.18135262052
5.72568840214
3.77865155712
3.28288065848
7.01921729026
8.0603423115
3.11771453743
4.47886014751
5.91754191343
7.8594622101
7.03630504084
6.2841515723
3.27117371797
6.56144475389
7.42217810108
4.07975234483
3.28502077712
4.4995327662
4.78098159319
6.78363124038
5.50619107534
4.29671896968
3.74410218073
2.93135854065
5.23154736878
5.01680787008
3.27614349771
4.7045133918
5.98686735579
5.24167144688
7.36429378358
4.35655719837
6.70427554477
5.11230631472
5.82191223614
7.54906278301
5.66763820116
6.24149331181
2.06798912715
5.92581643239
5.09170238814
5.84991428618
5.47368411937
3.43981644115
2.09710519032
5.20335858267
7.43189418799
4.07073513189
5.90217050216
4.12433726138
3.92270032661
6.04540398663
3.56115109125
6.46672689315
6.44289153935
6.06807605262
8.50058138462
0.631932638193
5.27671232288
3.27331867285
6.08212331577
4.15739688036
3.87979670394
6.21429691831
8.29989504754
10.8304779445
5.40757582671
4.78274858454
2.75762904957
7.26582453569
6.75055178283
8.38072922878
6.42337252477
4.57912821207
4.84866740994
6.10293754034
4.35799488579
5.79541770323
5.70804301419
2.02094407665
6.99591407702
4.03831970711
3.29736727574
2.95420170544
3.83644599745
7.5026211844
3.3034083918
2.71330175463
1.42132815544
5.98749585692
2.30593062245
2.40454279246
5.70444513729
3.90224519268
5.13517482454
8.57800126642
7.98511997344
4.94351034477
4.76789167158
5.94766816483
9.13785957493
6.0078170216
7.12747317946
7.3677422391
1.18310936768
4.09698485535
6.80882376503
5.18284377802
7.2932692848
8.15014765537
7.61350005504
8.68333479112
5.20400544499
3.70050740401
7.741223162
6.49908021633
5.66878076611
4.20253770676
7.57658111896
1.61476524917
3.85854273331
4.53759597281
10.017100219
6.29245453422
1.46444397809
5.27860702634
5.42196408586
1.32521524203
5.53943690154
4.02974774973
6.26604550452
5.1039530657
4.45503293786
4.36028673511
4.42136974443
3.74383826102
7.81246313445
6.88721110847
3.3450557141
2.63980588966
6.49948901032
3.33425974654
3.89442393485
4.08614847448
3.80866205656
4.91103956164
3.32837982289
5.84692427752
4.91817681444
3.2766132212
6.70633133144
3.62202106283
5.33004082973
4.35779034173
3.5938520826
4.8990449139
6.10779202543
8.18966653745
3.54780060602
2.89156689184
2.57292347356
4.77349383203
6.74533965529
5.58039787978
2.29461990445
4.82744454913
5.98389724137
3.98422236219
2.57745008509
4.77675859508
3.25358123646
7.717658444
4.82526629697
7.0219743017
8.74138572674
4.85887703726
2.1998742407
0.585451652288
2.48861330865
3.31799813196
3.2225629148
4.83628695603
5.03426659056
6.02034591622
2.4610689987
7.27829316822
7.03244175161
5.09746489913
6.40355164927
2.13385311148
9.21575110349
5.16556243927
1.04470322292
7.77866201155
8.66195425207
3.79655531264
6.47883486325
9.85470468678
4.89102614045
3.53281898953
2.77213631572
3.85488848201
5.63836927212
6.06619296377
4.29875783087
6.74979278106
-0.139871532178
6.63462751987
4.54668078952
7.78295833961
3.23879133258
6.52682960481
3.08872473761
4.60403759166
6.19208607981
5.1522507144
6.42574421982
9.41483852574
8.05581580367
8.05669479424
7.49273269915
6.82526062086
8.2840588819
8.09928449384
4.25523030465
6.71824604072
7.39673468685
6.72161322422
2.63821405125
4.24779890153
7.7528564281
8.17351680359
4.40120654222
8.21963987391
2.44991222366
3.64505225547
6.34383307946
4.92123950987
1.63915694386
7.37812090955
3.4988060046
1.46471813451
3.29652418324
4.42715176178
5.22274333035
4.64330545899
2.89189292242
4.02637484694
5.92773364261
7.54861560878
3.75514933994
4.15414616958
8.28353659608
6.17465350367
5.18683178567
0.728284503644
3.09282162681
6.61851313282
5.92021164123
7.02180163504
5.94063735685
3.13583965189
6.21706287683
5.78340725049
4.65965099765
3.41991707778
7.05057253878
4.93759915055
6.05886219783
5.9423707268
2.99058228856
2.0133218929
7.53338836856
3.43827444433
3.49693191479
4.76480728132
4.19128636063
3.55257983644
6.57753642094
2.16956033858
7.12781148351
4.63139457841
3.82304712985
6.30653723591
5.68777952162
3.92548885932
7.76100758966
5.2821116917
6.3466279829
3.32908696434
4.56433557562
2.88286121996
5.313745192
6.18985456638
10.5694445581
3.56232145235
1.95347903722
6.72401508464
5.25287185473
5.85126011219
3.73465761452
9.40270450279
6.40728491204
3.81657856013
3.78445972897
6.64781091339
4.26637186745
5.64604662651
6.26810968194
2.47966663827
2.95229695343
6.32084640276
3.76214105122
3.65604496314
5.25928544758
4.27567562063
5.13210149145
2.71742821489
6.22901380915
4.62049308756
4.73998252952
5.60532444099
3.83295121177
1.79310448353
2.62113656716
7.88993878198
6.02721301195
6.15790794288
5.11084109326
5.3710006002
3.51115831618
5.28128554108
5.88085874821
3.31028185657
5.30545778956
5.74719777509
2.59017254244
4.3307119781
6.62546841269
3.91609273806
4.96801197511
5.65009035931
3.75169977201
2.35691280638
6.65032366536
5.5641629749
5.71003387524
2.15155864013
1.4887714331
5.98876081493
4.08416786662
6.03872208868
5.18361560258
2.24636954311
8.41213443267
10.4134317983
0.72244412371
5.89740846504
7.92279997751
3.90457546236
4.83326333354
1.60611677255
0.938277956134
4.20649176571
3.53364626362
4.47959080496
4.73482574285
7.21690270001
3.26479195182
6.14842555696
2.91271808072
3.54486135726
-0.364920172828
6.0538310885
9.09077318422
5.19766534009
0.261794438265
5.24599762737
8.8006252108
3.17218321605
5.27456279812
2.87706592148
6.99449789905
3.55749313618
5.33085911127
4.23104785621
3.64765640259
2.71018124563
3.50581675927
5.53453946728
6.99422910918
4.91555345885
3.33275338933
6.22186766557
2.34636438985
0.391567929924
4.95779160152
7.15332536731
3.66020928029
5.08200659229
0.469372898072
9.25501942601
5.26411783826
5.25326029396
5.41613094646
7.70539496672
5.79137880028
3.22315561281
4.44204064073
4.85063026068
4.35977204565
4.75250162279
6.19599025926
4.28677490459
5.05578945269
3.72915694949
4.91190752707
6.82342758516
4.98791156245
2.47632359086
7.76377800404
6.78368811628
6.02382981654
3.11845379706
4.19053402433
2.33654570117
4.55616525894
5.42756430351
8.68245223804
5.15417569902
1.16548022323
4.30207729953
4.09727571128
7.77684636717
5.8379294056
5.22265527023
5.51591941326
4.06632076927
2.73126567673
2.75632933049
3.9678208126
5.66028295399
5.47401821869
5.36602536968
7.86480546211
4.84765821035
2.20673617924
3.7304712432
5.74792839063
6.21457970531
3.45068014433
0.370166990046
3.89998378665
3.41597281994
-0.0272416829944
5.40752236846
5.38713829992
5.63854885517
4.92957858183
3.57849450074
7.3569119884
6.90789966301
6.04145836455
7.26991084396
5.39717011175
4.67434973152
4.44512294075
4.01033010513
7.21964470305
3.07028990406
5.35967523992
3.59406412769
8.3251222878
3.71927256936
9.12247889251
2.00055882352
4.62568018381
2.93768915545
6.05624961919
3.04898475619
4.85428458577
4.91800217987
7.50509152056
8.7974035488
3.34861470242
4.0660507318
2.56734505431
3.23084581344
6.6667954008
4.02611109285
5.71902154596
4.91090143047
0.968390682896
3.36226121198
5.17113227694
0.361116592727
2.83463208442
6.01706917223
3.98428715221
6.39310162836
5.84722752094
9.16959723652
0.114524781462
5.60459394997
5.87194337452
6.4902050801
6.36379832167
5.79501155324
1.38498623662
6.37800408807
3.74276501975
4.37762499013
7.32550907063
7.74629744129
3.2538955572
8.07073141616
5.03401666403
4.27934773908
3.32028608261
4.07478619133
8.66500311802
3.48513790622
1.12459049214
5.49969837832
6.32780151425
2.57679035307
4.16819591241
8.10219940231
6.18923755463
4.76196272241
4.93242167466
4.21507590293
3.44507588094
3.07308836973
5.70812164821
6.09854101838
5.8568376382
3.06260486465
5.32149639383
5.78086715335
3.45743878689
3.52665207476
1.37265448425
5.09772560924
0.323139640799
1.83372024326
7.70192312632
4.02515258774
6.8382482434
4.25651860631
9.06846025847
4.19492231059
6.14003255902
7.59018315637
4.92173271011
1.95296860957
4.64542281457
4.0349384023
3.77097305958
4.5283768808
5.39835942891
6.36455560421
4.77673721207
4.65484354078
6.53278905148
3.01616464326
4.8550296881
5.48385183544
5.91821960259
4.32332490412
-0.0249114626883
4.83063564717
5.74032856233
4.24065973616
7.4834704976
6.258729201
5.30240777257
7.0567344162
3.18441048842
5.11539677262
5.40771625498
7.9703499095
5.06110841293
8.24653185633
0.806554907402
4.02608009916
1.49329037647
3.14545490315
6.54828698177
3.74840015664
2.59060377305
4.44162862708
3.05259367072
3.26897769003
5.74352667613
3.66345188336
3.79088064016
3.36662103486
2.15635454806
1.35405264385
7.18883723777
3.36285527794
3.99391424449
2.73126796058
3.21368419598
2.79161034717
5.13670985878
5.10556384787
2.82232193918
2.34428793272
7.1117054418
4.25962053308
3.10666791702
5.19551094057
1.02655395741
1.70680281867
1.3341397512
5.54774002285
-1.05766108676
2.5928212869
6.32170813753
3.93074066851
2.22584483074
5.13045114604
3.17574546496
3.93481738114
3.29092557786
6.11058652849
4.25515709459
2.43238231914
3.42407341265
3.53426090977
6.30222502346
3.87583525519
5.20290201697
4.24946650864
5.88238878508
6.86442566338
3.89967851252
4.4517464315
8.00711900858
6.04041629609
0.684316814162
