4.22878044183
7.53518629268
5.51086415712
2.78528654869
5.51382783265
7.27485828816
5.81185712327
5.128667831
6.06348515619
2.44736434288
6.88982258945
6.12128222622
6.97910331657
4.14719474165
2.22742794308
6.0866749469
5.51583383105
4.26992952014
4.53412377415
5.78260428679
3.91060303015
0.145323277006
5.42379959805
2.78269546972
3.95186554563
4.50468896894
4.15460122162
4.03641480876
5.59283798006
3.13354290778
1.86680943577
6.96990259514
3.70523409922
3.95240590088
2.59421923579
4.02875944879
4.99005170519
6.8582730227
5.57548299798
0.452646708324
5.66690656331
1.46415455383
9.10827793685
5.81206293284
10.8792560666
4.13435108267
4.57074251481
4.97838009808
1.34048531899
6.52158948131
4.30895508572
5.63236865122
4.21813257228
6.69112202987
6.40032910032
2.66800789026
2.25297365725
6.21397072267
4.6090223632
3.73929023543
7.00903712223
6.33540748083
5.13059676644
3.29831410204
6.3403646407
2.12945884596
5.38718269955
3.89992499805
7.24224260772
5.80280350716
5.20567667214
5.6072922242
4.65392040232
5.84025509845
7.07138471687
4.71085300802
2.61710334663
7.0840433369
4.72173224823
3.3512727831
8.82624328679
4.90447341383
7.27277281853
3.61629077499
5.55349725919
6.63170603971
4.08955352331
7.41249529278
6.7271128417
5.10054805519
5.80766369081
4.63152826969
8.1883755454
4.37573531125
10.0705913585
5.44005922248
5.19229006154
4.3217819453
3.04405798765
5.97401950873
5.40242918494
3.60865380987
7.8248899545
6.02735335984
0.258669983932
6.04783317451
4.3496984263
8.96966040423
6.10703803737
3.82969543405
7.10689013119
4.11930486019
5.09773801681
3.32151632178
6.98410054134
2.79353449588
5.76716804232
5.72445649492
4.35839528641
4.78606342013
0.273758953742
2.9182778089
4.97642323987
6.51678154575
6.04186980254
4.34909644676
9.08355275389
4.47116623949
2.97973514036
8.02700028645
2.14826998874
2.66531281552
10.7971754976
6.31665991145
8.62043689865
6.95004680369
4.11267464583
5.18422885277
7.92169677174
4.88632159063
8.02155330924
3.18920460703
4.59397306653
4.40146603234
2.52384007114
2.88425301912
5.31122956634
6.92365713455
6.01916959643
6.33445907676
3.26866115839
5.62320596379
6.30333547827
5.38367996575
2.34324056448
6.61076690123
3.30561280608
4.8246232503
4.73565933808
3.68962076105
1.07876763282
6.31772265324
3.91053340895
5.81623789216
4.27216943711
6.06395359657
6.42190549463
4.13965306736
7.91891284985
8.01874836016
3.54581830275
4.99226642885
3.5315558106
0.352979184818
6.10214522902
6.55328769592
4.37018176151
6.63077828927
5.63068596118
6.57833961511
6.39251270419
7.00763641622
4.17486792389
4.97318879228
5.56745490882
3.33058365427
5.44378620232
9.72984329165
2.72013007578
6.1995207047
5.84155821836
3.8476996186
2.28278163148
6.91423876367
6.70929622917
3.55666142324
3.7528734358
7.51815871177
4.1645986883
2.77038807012
7.84932158821
4.11953458385
7.02892837314
4.96306795823
6.13951812534
3.13439865675
4.42716948921
2.70905807342
5.5556707587
4.87072538033
6.29273144963
6.43926777134
3.91428117313
3.43446393055
5.09989440412
5.21560494019
-0.0595579722345
5.43948277937
1.94142942354
4.89442090205
3.63043252937
1.8107820689
3.32743090889
6.12693692308
6.19336805486
2.0563731748
3.19854420492
6.79584959481
4.05576399619
6.06340722872
6.73347110995
5.44880957216
1.97700462527
5.77620182637
6.43912704766
6.82058077084
7.58127424674
5.89604519608
2.76791745649
2.78509039634
4.77668135084
5.36211997699
10.6214256476
4.84233785571
3.51098998317
4.6165063789
4.85721184414
3.17785860907
4.12242782951
4.69169312399
3.37807571738
4.76999928795
5.05323585928
3.98829170939
2.48196335142
4.0331848508
1.69473579583
3.10933835581
1.2636291484
4.05980222043
4.25278482868
5.64663972792
6.73789791677
4.52918929674
5.70777489385
5.73592931239
7.43663062061
3.00306864025
4.31732184169
5.70918705687
3.3093695298
3.41552979039
4.57320299345
7.90959656297
4.67793203375
6.08757457841
7.5672679619
7.009297069
6.16687502988
4.25859985138
10.1223963564
4.98628032814
1.60233543977
6.04822764496
5.45274579166
3.6005110979
5.46364857149
5.09256729829
8.90696418105
3.04415758896
10.4238598694
3.75003492953
2.73019851806
3.69025230274
2.16070650896
3.70104862809
4.61078844917
2.2826377762
6.70009664324
4.67599103169
8.62021274141
6.88672994461
2.46176725199
3.445259964
2.5233606079
6.29329733717
7.8692358424
2.06099075693
8.44823851594
5.97643156754
5.27000805587
5.17014387324
3.49171308557
2.77685894049
4.58291778056
1.93029724659
3.44332478807
4.76321837153
5.29674925501
2.64171673646
3.07875950916
5.25075332013
11.8335993935
0.071883391541
6.86013640169
6.42046919121
5.55484733218
4.79000190334
8.46023570851
1.61303280213
3.20516053004
3.97996280374
6.27902654246
5.4674186963
5.06659393529
4.67460076531
5.70783625746
6.59855780571
2.70303821359
6.06797296406
4.78835325497
7.75782892516
7.16419453239
4.34692794824
6.98056128369
12.3075037796
3.02289036383
2.95368118152
6.12867277414
4.74109529529
4.82766524926
8.14761686273
4.6447352097
3.99511774799
2.53566788541
5.11117104691
5.12400522079
4.85678458433
3.07754196374
4.87077134037
5.06228077366
8.52283004099
2.36807214817
9.54590016195
5.16890258461
4.64700477
5.46285422441
5.98064648531
-0.300045156137
3.60955979641
5.15101459382
9.27539244334
1.12082690762
6.73868739922
2.47520163754
6.88695598969
8.62789249784
4.31670712348
6.62919984859
3.11178780033
6.0240454657
2.79311409809
7.91193609518
3.84735963901
6.05827426836
2.30245098573
5.340029447
5.18428251131
5.07504142697
3.87789377656
3.01822484082
3.45441052348
5.48886684055
2.75535780949
5.55107037734
2.71095723241
7.20435698186
3.62376678009
7.1372258782
1.46390702849
5.12560232315
2.61490293126
6.29106559193
1.59739839844
4.6460725783
4.8977466831
8.01949427281
6.89348867574
4.47691699363
7.82800451209
4.45552986174
5.14479051324
7.55786630289
3.6984124753
2.02673090878
2.46534619903
3.31907274437
3.00055073123
5.64145044119
3.44285611555
2.49691403702
3.12165295338
4.3076684689
4.11643040148
5.94972555893
5.05411025902
6.90788319454
4.59301740057
4.71053567339
9.69799935642
5.41125879645
5.37385981086
0.381847115043
5.37335703491
4.74715609175
6.22074363103
4.11415883584
4.19275459592
7.00853266312
4.0616661693
3.32103445832
5.438663056
5.4404176661
1.90535958562
3.27736825129
4.962269651
4.83293585442
1.13445587994
3.12467210369
5.4658165305
6.80688708599
6.29152575074
2.88463023517
5.76576065382
10.013854196
5.54004861003
4.46295242125
1.50339781843
2.15089031784
4.71765256498
2.58679837885
4.18178288719
3.01227353439
3.85882041374
5.49294529518
4.2051115991
5.80602055693
3.99982794116
5.35160820191
7.42321149025
3.94951577024
7.79873773604
4.40096142104
6.47948156159
8.53266053866
6.07207923436
4.07491276675
5.48263009288
5.15432224231
4.58915515773
5.97755568788
4.74802284331
4.57298843964
-0.00822321449405
5.56841240985
5.5150756674
5.68414347791
1.55563233924
8.87734199398
2.10798654058
3.33188019948
3.3779974717
4.49240636653
3.11808768196
3.2226601803
4.00661872252
6.08263098255
3.18773847123
1.88119537726
9.55827964874
7.98987773484
4.33839894724
7.31678971566
2.74475237737
5.58548586161
6.0639870556
5.81505041378
4.58482563224
3.36842801837
4.73362177084
3.58132542785
5.99049294536
7.64617839419
1.50835735237
5.91045200688
0.722993806329
9.09402664551
6.08965433989
5.09354212155
6.20545762283
6.10444180398
2.64179894912
4.88851457733
1.97197692879
8.47229976683
6.71910025225
7.94534674021
3.87058891066
5.27733091092
6.98257807441
1.90518566056
2.3429584757
5.8080640402
8.9495959669
3.57569686722
8.57833466015
1.56821719406
6.31237196419
5.83900973865
1.48033110607
2.65726250861
2.54335295985
6.13305044229
7.9550419272
6.31645178486
6.95362639549
3.82826920345
7.51595713936
6.00244144824
3.87158140459
5.96264291155
3.90113030431
9.04407696209
6.91180719452
5.28776533669
6.1185541116
5.76309969722
7.70350531438
5.51486257862
3.57114644224
1.14949651006
6.42594338338
4.92729234024
2.3251272002
6.45656560533
6.19989642318
2.81159797875
8.33439374871
0.926403287969
3.15134506842
3.19564425262
6.2245609522
4.65626555993
4.41620137129
4.02041842392
5.14209424334
5.09351403798
5.76365780363
7.55334715652
2.03592688991
4.26324661297
4.16233641484
6.90137129971
5.05265251527
5.80703658537
6.31624058471
2.08767192061
5.5893549877
1.76480329075
7.70835057357
3.13680739058
3.02099831366
3.81408226825
1.90324228491
5.43119362751
5.11632371274
3.84157680345
5.03704814715
8.65274914685
4.89606108544
7.12178234732
8.44931967948
0.686986089487
1.71656755154
5.87928413223
7.00128699324
8.08555454534
7.22705471043
2.52000236672
2.89045124408
1.43445600983
5.58501207869
4.43292084529
5.94514059494
6.27585813328
5.24389028834
4.56651484627
6.47647556196
2.88167943163
3.78258135636
8.25329405933
2.25698443828
6.60136199621
1.53019609965
5.05809060052
3.61573051007
2.88974019663
7.93055118629
5.36458596625
8.51248703848
7.51847409998
6.15939572891
6.01730478103
2.19731126833
5.84919543777
6.27178157695
4.59011111678
9.17677164045
8.52282938006
3.68506705842
7.5087329529
2.34973994621
6.37262577508
2.82702383802
1.38578720346
5.87054177758
3.67076358651
5.75363093748
7.07740482336
5.51469655744
1.55426770048
5.95784615612
4.46552449173
8.68278900394
5.49391618535
8.43245904598
7.66574032304
2.41738860327
4.75044926106
4.84941407843
5.56573670708
6.57973061238
6.55861678334
5.05028899604
2.69301731947
7.10406340574
1.75038742532
6.96865345757
4.79428054905
3.94176091338
7.18718717284
4.70750088999
4.64665508978
3.6716880095
6.71248894896
3.78350754462
4.41152136173
6.05077182541
5.49771456508
4.44892987297
3.3212056514
3.33238216306
6.25742954356
4.51330754377
4.64567854016
3.18393514998
2.93358876577
2.77159320756
6.82268915663
6.63284832606
6.71316738991
5.57856207118
3.01608187216
7.42569958766
7.19858288177
4.51976629322
3.2781158108
3.3503852367
6.03963564778
5.46798506877
5.05503360757
1.36528032822
5.28728161543
7.61682514007
5.52059653509
8.82778939225
4.56299013814
4.49356000909
4.17755063373
1.10622546973
3.0915364907
5.83911661386
4.94810021993
6.69215760515
5.83303570409
4.81490300078
3.75671728887
4.85835312652
3.2327648448
7.26029190936
3.05909313828
4.64617233519
6.24261845256
2.7421393989
7.55620650808
8.26665476099
4.51215614138
4.51920428947
6.32185099608
6.34867387886
4.22451990657
2.84710838522
7.04028245369
5.11331646504
8.11296618021
5.26392335673
3.8005161128
7.51490094329
5.5564889462
5.09621716417
3.22933348225
6.30110064603
4.18825508118
4.4172580573
2.73442041358
4.38512036366
6.34817816105
5.26293121131
5.15481056346
6.38179340209
8.10110588872
5.63670977876
5.14947563278
4.25786077444
3.2513374528
9.25223962816
3.92480407634
5.3087022848
6.98998991926
6.86678405379
4.52644540644
3.94971290701
5.98285752752
2.94559304481
6.69494296729
5.97100259779
3.70658642401
7.68139927624
6.96777092065
5.95857078456
2.11786049463
5.87947886528
5.67489785878
3.80189234243
5.44977517694
4.64975363046
6.21625733108
6.85074738249
5.7231328969
5.63154922427
7.08888895736
4.51377756288
4.22383448044
7.95105349162
5.33503229566
5.67490619462
4.65337303244
2.33369047375
5.86123294179
5.87783398852
7.76700814729
6.14529937573
3.10746220193
7.60275084816
3.67556142609
2.79697560109
3.54575019039
4.35228121537
7.50514317609
6.43948761249
3.91830547401
0.990719338701
1.90159188508
4.60745903686
4.75651979036
1.78924868235
4.40241706333
7.5444651983
3.65053310017
2.4494291482
2.5051256477
2.77228835517
8.06601414746
4.13686812348
7.63436742849
3.35748320872
5.55586821723
8.26479425564
4.55217635677
2.47428918586
3.61146541374
4.94562112919
3.30389338392
2.16832546283
7.04516914004
4.43903167381
7.16875781303
5.32001249702
1.0017568995
1.72042697916
4.02685337117
5.83749390352
6.28086305287
5.40316950407
5.10046403466
6.50547025591
3.49970916786
6.02509434208
5.06298070741
7.26388652691
8.1524133192
7.46132178245
7.71099733425
7.59827109539
7.18027208508
7.97027952339
5.52155130796
4.27045356912
5.43388049322
5.20988980709
5.26918005204
7.8178683889
9.01149781757
6.4847426757
3.13389568888
3.22202438833
4.01783233839
5.57910967046
4.05162865991
2.84684947921
5.31860959825
3.80440238214
1.62045475385
4.86967859112
3.48327286558
6.54118824553
4.10959701415
4.33477549621
7.14443393113
3.79135844132
0.542201973437
2.8385554668
6.15056955251
7.12525246307
5.21034404399
5.96546459378
6.97736801397
7.86590186578
4.42055812906
2.83022978159
4.24449823936
6.41584037968
4.65387185969
6.9678481742
5.35443859015
4.01406442043
8.90955660959
6.41784483586
6.06102951724
5.81915638709
6.70185891497
3.03160192896
3.95082329683
7.66432316173
3.71565242038
2.19921605299
4.27143232227
7.89345713218
1.54409263943
8.46113888305
5.72984148164
6.52181074562
3.72052498482
7.3803214821
3.73976183843
4.32552866676
2.46439803881
2.60404961348
7.79164488808
6.08230330477
4.96403463831
4.00699104473
2.27983290958
3.46480930624
5.44157926196
4.76608706313
3.53006461851
6.36243160179
10.4592842427
-0.394749784326
7.29825370768
4.70101757846
3.72328674793
2.9078738455
4.86087870966
5.93716023893
4.16954451019
7.23712880247
5.15087767987
5.49712442844
4.8929161855
6.22010058116
6.48701633156
6.82071196273
1.46621474244
2.18656718344
4.53852822796
5.58273822524
3.09292098655
6.78052920586
4.47057289143
7.55538051424
7.18446199217
8.25240717669
8.13819989984
3.61893857082
4.25400511127
4.10943506381
5.64422612638
5.04368726635
1.35636580235
5.15096819751
4.36837788001
7.37460172823
4.89338163734
7.33699788206
4.60406072255
7.1121082778
3.4033260767
5.84098898976
3.03630271292
3.68406704878
4.72967462089
5.29788633808
5.18956053572
4.22810381769
5.59311635086
3.66857972636
5.544579898
0.412150498978
5.70748820372
7.45901374612
5.90148248919
4.8023376393
7.94123540853
6.56110056311
4.61983717115
5.88677809334
5.0133240547
4.41587477877
5.54521829902
4.31621243766
7.23057494411
4.01767313942
4.56498764028
6.76577662403
2.12521697623
1.70695334914
4.98277718568
3.09468535639
4.19777702753
5.77632943772
4.5844063834
6.66157899215
5.07491231465
6.63493132783
1.06000531852
5.89305695167
7.56555761782
4.49849302744
