6.98757473627
3.2838918018
6.24888683511
2.36730194731
1.67451022412
1.03280487429
6.5221917391
3.69762392408
5.27107019736
5.9578078465
7.28575288527
4.95021511575
6.1283805369
4.98566381565
3.5314659127
4.27227741989
4.14365773872
2.38696290102
7.00986896943
4.82496799895
9.09911877257
4.69217198942
7.92067123939
0.967666626003
6.73608851125
5.88838076347
5.18955223279
7.13993447489
3.27503487241
4.17813008264
2.87452922995
5.62377211646
5.4238069278
3.4425822834
0.848441224352
7.61919707779
5.13919389641
5.56669543726
3.54685644137
5.75735410107
5.52106503835
4.45284222842
2.85279381204
1.41708211751
2.69450703816
6.15615064215
0.520749016241
4.6876473753
3.77582783666
2.00000481832
7.97610015343
7.49182197947
4.63147475457
6.51507141346
3.38679674725
5.34456761343
3.06800290257
3.77573877818
5.07570589743
2.7456652906
5.00933320898
4.45803282214
3.84299210082
7.48260011096
4.85481080189
5.88312255538
4.97606920912
3.80806308639
8.14752502282
7.30980859849
5.98012228526
7.33021558116
3.28243042333
6.00374375185
2.75703687771
0.929706852037
8.11653109622
8.01547131225
6.47013490761
4.6992711346
6.76127284754
6.48412859931
6.53783699949
3.90261582174
1.81555350904
2.39635588605
5.02165397054
2.29790361213
4.75114992709
2.91960092709
3.8440595741
5.54716405746
7.26362870211
6.73192014137
4.33391120263
5.67235965004
-0.778041432818
4.18947758658
4.41746337397
-1.36613570543
7.48051101556
4.12924336537
8.44458489185
5.45698840478
7.50508252866
2.24163221908
-0.454845496431
6.46085317617
5.82554232744
7.67677280111
8.20214363102
3.08304619789
5.07027145369
3.00026967455
5.33390529129
1.82401659775
6.79294437513
8.27204887927
3.0082052311
3.24495160735
6.97727503979
8.85433608747
4.95962563161
1.75854958716
6.50506514177
4.99583654198
7.07418352064
3.67372240115
7.73625494272
3.73499163177
1.44633462097
5.08681638335
6.11076493877
6.11139353728
5.03713459093
4.95488451484
3.4357567243
5.48448465955
6.05602974576
8.43357348173
4.13220117401
4.88514871153
5.9426430115
3.82282610634
2.92737752931
2.80348002012
5.20053970118
3.11429536727
6.65319360066
2.85862082597
7.52585598087
4.82303793623
5.16030855366
6.02019263499
5.78980748129
3.01815789813
5.7471108718
5.22974560085
7.14950267541
8.04220689964
4.74628231686
4.6376140185
2.96582626583
5.54382253705
5.0669710922
1.11574096641
1.77072909863
4.70946305834
4.02063263821
1.90264756712
3.89198550303
6.02991317746
5.87348264075
5.32923014812
6.2042253343
10.1600826796
5.0690964916
8.05936869768
6.11108325331
2.57370276639
5.15270683456
3.96719689684
5.07925931534
4.18584445416
1.73587826465
5.71852572458
3.44529643699
4.72627773575
7.37280604327
2.95338060465
5.97079420433
4.73915171208
6.61655339503
1.8447655751
1.31269921622
8.43144692163
5.11284031095
6.07004372652
4.59101373669
5.00784671892
4.72631590315
5.45281481964
5.85357565021
4.20897603912
3.47645581335
7.11750807888
3.8907474746
4.44925836315
3.85792054167
5.22607620927
1.67234151541
5.9932586455
3.7485929641
3.05031717912
4.95137218927
3.55604254855
5.4676799288
2.21439111125
3.45963062049
4.80742463795
4.04978018694
5.12700735643
4.02057685883
6.62344506846
3.56650845546
5.24828910073
5.94284374747
7.0332064153
10.0457326523
1.46326230443
4.0088017998
6.13866261882
5.82344939178
7.62561339809
4.33129674936
3.169919838
3.93840994613
4.36942974695
3.37885680511
3.86282768505
1.21770217525
0.31609053157
8.34331505776
5.66981805894
4.64778177041
7.65765599957
7.83066565527
3.22838185086
5.01929470089
6.27059257213
3.28018117265
4.07129796076
7.68080245854
0.780366501856
4.17628655305
5.87693946479
8.12536445394
5.13044315389
4.1367703311
6.47637055946
6.40832673901
0.279626832504
4.9870556171
3.83842761629
1.9428061337
6.35181363197
5.60158924457
3.7249947433
2.52905551714
3.48651161237
3.47216357209
5.21653379798
4.76608550047
3.47879015503
5.46029251018
4.82773231743
6.27907977599
5.50588633801
6.650103414
2.2805078946
6.47629674572
3.97355596719
5.69339015926
7.70718058051
4.84970469377
4.60286086377
3.41754816317
1.04880264274
4.51081458266
4.06367621189
6.61934823284
3.90384532376
3.90812136197
6.90637713771
1.14055460473
7.36000077492
2.63169238832
5.654734872
8.08941811665
4.83746932108
7.17151561491
2.16933534733
4.7657645418
6.49247823923
7.28467018222
5.32028942295
6.89305246542
6.88503710037
7.44501506976
4.83123408976
4.06230805929
7.57527940784
7.91885259238
7.62242216501
6.85410855436
3.95729237628
3.45855684304
7.94996654747
6.64772068376
4.64481890203
8.05144818229
7.11138001806
6.46315158181
7.04915470234
2.70023313012
7.15962126597
4.09594319588
1.7614799161
3.61141244192
6.20535117748
7.77300250077
9.09630309176
4.87815551359
4.48850550923
4.09139476255
6.37304518493
4.13566047222
9.21920350906
5.32283254583
2.45642007885
6.45286994435
5.30782119897
7.90018829182
4.45135630391
0.588897502766
0.733220678709
2.97346735169
2.02877818759
3.70571504433
4.00988984992
8.12466150354
5.42298940677
6.08104072832
3.22697630744
8.16637453018
1.42384546902
5.28369880301
7.11356207883
-1.30705969658
2.07296565072
5.14913441306
6.27930224661
6.9576967176
6.37617370972
7.96023848586
5.36541461736
5.66899147691
3.78008262093
3.68021741502
3.92921832672
6.81199443095
4.5582307511
5.85928928816
4.69815327961
6.18225927612
6.04977579652
2.932885943
4.49954978162
4.1702156284
5.66224178933
6.82683438055
3.30873403797
2.53874244081
3.95423803956
6.14692748828
6.12645190706
5.2035862602
7.4859944011
5.23124533683
7.62092532022
4.21731506747
3.05437434217
3.64690434839
4.62931478088
-1.20555866668
4.05312239543
7.77940656123
2.48461144986
6.31430820889
6.41223389167
7.20962320254
6.46299464729
3.02470244056
4.65263958047
4.94991885373
6.86810200097
5.23908906025
2.62677081919
3.22282519531
1.95385337942
3.36010015029
3.66410267375
2.16148931016
4.43389994794
4.78528810525
2.73834203639
6.53344543763
5.93886249877
7.24858590318
5.76446329975
4.28486947844
7.37218819452
7.00342808766
7.35518743685
2.1171036791
3.70333627355
4.04366614673
3.24838195631
5.40263374283
-0.355407884262
5.23238649789
5.88321035363
4.84476191835
4.35464898555
6.14354694371
6.69164533998
3.22947509891
3.73070082672
5.68548473263
8.10024455862
4.78494975999
5.62165084803
5.28920979667
3.56368410553
7.59955482775
2.2843387042
5.51141371
6.57541187993
3.42210223953
3.18537657967
5.9830253104
3.29597800076
2.80390040025
6.1397027149
4.85371467301
3.65983584988
5.64448715309
3.62281959465
6.39029730919
6.67215807102
4.04496340948
2.92748126314
3.19424748905
4.84743586448
2.77212148101
3.19119382585
3.38725940975
6.43146574771
5.62763631107
4.36152669167
2.32706582536
3.27044308644
6.51250474939
3.32634706088
4.06335052626
4.86872675829
3.8373387282
5.5287044738
1.5656410335
6.9671887795
6.10532044047
3.70172474019
7.85637494876
4.73522639483
7.80728895665
5.6760395896
5.19039666685
6.14525470581
6.50282269057
5.19255846458
4.55170443601
6.70005151015
4.64632253666
7.34847329734
6.70969504981
3.70958260768
4.71377046955
7.01693242232
4.90171846689
3.00086959203
4.71931568376
6.31132594591
3.73557761971
1.94008942713
1.79431898005
5.27636581671
8.1472997388
4.0240633948
2.04358674209
3.28191665221
7.15733751618
1.91059113157
5.40622042269
4.81564237179
4.20935629854
5.5892030944
6.18489457089
7.89388537557
3.91004326346
3.52592882392
3.85656683297
7.69850074546
5.61917072324
5.22630589733
7.71508079976
5.38364311768
4.74216579368
7.52100004514
4.77947808041
5.95134892175
3.47389008904
6.79866161827
5.32997603686
2.87371296794
5.18557266276
4.1646967789
2.65835724131
6.19534137391
4.41482948554
6.7442892914
6.93207907597
3.27039790881
3.24585870335
7.32402216136
2.5822735637
4.97706216732
6.73160190632
4.83428471922
6.16501208236
4.25008202452
5.93791196386
3.45067915147
2.17347245214
6.79087529984
9.80837187313
5.51531919943
3.35003878404
5.55013848171
4.65818970161
5.45979844766
2.83483637404
3.63122463678
5.66932464778
5.96072286834
5.87954820656
5.95976617566
4.20984177945
6.83434507244
6.69487878266
7.7035705068
8.96976314183
3.81748101844
1.10046521822
3.69390714193
3.89116536716
5.91670525423
4.81627114921
4.19997613643
6.36160585086
4.60950331161
7.40575841764
5.1291286567
7.76696211414
3.96573068105
4.63100745549
6.52173070676
5.93224142687
3.55401718932
5.58831408589
7.64713585739
1.93725126467
3.00002725376
5.49027406669
5.68619106315
4.32658755636
5.4948209994
3.38956436095
4.19127089068
3.28580719078
6.8155448997
5.09758390773
2.31047928181
7.59311243168
8.68353688783
6.73476115806
0.840261532068
8.80638593108
5.78031494587
1.42041907464
8.35038193812
8.42858663249
6.45287327718
7.08753763169
6.00887047165
4.40164046378
3.32188688306
3.45945693535
3.38752749683
4.23529180835
4.9738366282
6.27611581085
4.33482996448
5.57174187273
5.25889021599
6.84730767864
3.96701140524
6.15586115846
5.04372931967
7.59027953016
1.50437955239
8.23282888025
0.609005827874
6.45210478294
7.25055144778
4.73652744386
3.24305864103
5.26675842355
7.30652950137
5.01501282925
4.36306163204
2.14431966598
4.6169804
6.2003725748
5.09102174699
-0.0722112201924
5.68639395807
4.70224621944
3.74393674735
3.87103738533
5.23862810311
5.75023104868
4.80491037448
3.2613729789
3.7652370196
7.17396525682
8.14420713208
5.0195323534
3.25342001488
7.3195303406
6.69711122885
5.47650353322
6.39501719416
4.53156307407
7.69745286829
1.19047608104
4.02139664523
3.78733311168
6.59008137765
1.64798226045
5.80663754278
3.85905813691
3.75705925366
3.73530674475
3.79142260382
4.33586931887
2.68616539089
6.14611656736
5.0886920978
4.9671292612
7.34736605433
2.73490440515
7.36203441999
4.16440689995
4.38041042769
3.42442608773
8.16227969063
2.20478630125
3.4221986836
3.85306571271
4.5373166358
7.40133403473
4.95423764713
8.79158033238
5.59578887272
6.14205630667
3.51123691766
0.675683672904
1.61087395613
2.89341999845
2.28127839711
4.54012648641
6.63162467619
5.35374339293
3.86654648583
3.98105593689
1.35388438039
7.09978071543
4.56379452285
5.56259288298
1.58080941759
3.09845544234
7.11789074217
5.99377994222
5.59038085129
6.36475093682
4.25111931458
2.52873170473
4.6439025687
3.8302771134
6.3438415766
5.05050526506
4.09925504904
4.15820101733
4.4761966965
6.29876592651
2.87015315346
2.7279404578
7.86565272491
5.56330251088
3.64632397993
6.22506740838
4.24835906017
5.87606468889
4.79830866753
4.84270921807
6.00585618535
8.61464252416
6.62812275184
3.22427480783
7.18965318955
3.93933139464
7.10410902861
6.44612058081
3.39236878582
3.4982412654
4.8653479405
2.84973312558
5.62485462961
6.92285009011
6.91716180195
5.64248072763
5.69998936933
6.74408382208
6.04331627461
4.15674125469
4.65755041956
6.29313725578
4.17331624834
5.73239104171
3.8177279817
4.49856602257
6.30188786228
4.50713981517
2.43491992304
3.51867308672
3.71545949841
5.7879015568
7.29724592353
2.6840502667
6.01596781456
7.42807320028
6.18981593639
6.77687760053
5.55075643339
5.82073413257
6.39015663367
8.60655311609
4.84785553499
5.80544616111
2.11608393458
5.03040105932
10.3967339497
7.62095819316
7.95622665578
4.83073183425
3.86290783357
3.84699327736
2.67742041587
7.00473914296
7.30749803748
4.49409614445
4.77696677587
-0.212773750018
3.13182606819
3.87354776846
4.26252965607
1.65108387733
6.89553651675
2.03274265784
6.32679476849
3.8804842224
4.24170171066
4.83414549566
3.66459319191
7.37409686013
5.20593241577
4.24804550335
6.15582810312
7.47404550756
1.41894447555
5.8213434505
5.20155908971
7.95620008569
4.76231639222
2.45371039391
5.24215403586
6.58128028723
5.74530586531
3.33760282146
6.53527993263
8.13091595394
9.63713130771
4.07196449642
6.10948413037
3.40830674515
0.932214043911
3.689250255
5.76077391046
5.55489956605
4.1295183872
3.86431148131
7.25040083673
4.6551338776
3.63448651813
2.66769268641
7.28957993969
3.26204153132
4.78987873094
7.33895411141
3.9780981489
5.67861011387
8.47698069104
6.8414309401
1.03643228678
5.2298877898
4.58628249743
3.8831149476
3.63286827548
2.75214793925
6.62677464046
3.94565816661
7.18185667988
6.69542815204
8.54289114465
5.48284927631
2.87818531472
6.75712854585
4.50445550331
7.21853642426
5.84599058992
4.52508082346
5.26222773353
5.03927507499
7.0838235602
8.48420718667
6.54478197278
1.56460709893
3.83697241217
5.10235939419
4.97397889592
4.35113084562
6.81239898204
2.92399010353
3.60827368356
6.78369725836
6.18861585059
7.60853359458
7.72985110969
7.94093887621
2.4499095132
0.925828750432
3.79797594103
4.29155798445
4.84031715749
4.5008878866
4.92956384787
1.53449897503
5.70710813657
6.63862705132
6.83847001958
7.73644217419
6.65221380608
0.346176643622
8.47780681475
4.18097195219
6.97251671308
6.18327861089
4.79980174679
5.47428873251
6.26490548522
6.72326460953
3.77880269226
2.97284789651
7.69022021803
4.48186500572
7.43744471703
7.08235364481
8.28932754895
5.84045726521
7.78924899038
5.4828521648
10.8202140079
6.95728739195
4.16862841355
8.40289075224
6.79399555953
4.98767953941
5.08407636754
5.56116944767
1.99988099596
4.20322254094
4.95857895863
3.03741294806
8.67696355713
2.12658036202
2.21040518324
3.13401356381
6.00835325654
3.91597961218
5.17915294311
6.80464073781
5.6037754828
5.57607476795
1.586262957
5.79307738813
7.25979004471
4.16567249428
5.31556470148
3.27685813372
3.08783827586
2.49968216982
8.68209770517
5.90044204472
4.93701029996
1.88028438555
7.76533862543
6.62473589011
4.87369149685
7.64423210296
4.29418152235
4.04444297288
4.57258212489
4.59682823516
3.20598667174
5.54731762546
5.08197064806
11.4105376085
5.62488694556
3.98559147929
5.75325314594
7.64187495878
5.07306517468
4.70508816547
4.59597850955
6.54050235238
-0.474143415958
4.72200820779
5.0624753831
7.5069280576
5.3879056439
4.61198381942
2.21408909838
5.40647642034
7.81453503604
4.37960938179
5.44550131877
2.07601467058
5.10018867684
2.67389938752
5.98076377533
6.60623419766
6.3502029151
4.90750258997
7.29441196007
5.69797450996
2.84733450582
5.98414589173
3.90905117791
4.68699932248
5.40020488557
4.50815324375
5.23848495154
2.55970624139
6.08590842198
6.30267696143
5.13633023721
4.61297547795
8.07459729581
5.39223679034
2.06928484078
