1.34007407492
4.05212720114
7.82351370283
5.45258304914
9.43940283176
5.76883597536
6.50761595568
3.5427247671
2.00194841857
4.28410658187
4.1705150107
3.84752373888
2.4953557184
7.27790768739
5.65828968654
5.57975830493
6.58895946947
5.32648361303
4.21570778556
8.67604620846
4.57202818724
4.19369268728
6.81321216182
2.30728788662
4.61522999919
5.92777509063
5.35751256624
5.65086250729
4.25845942957
6.33079639084
3.33587934201
4.01598345465
4.32946060009
7.89213243284
3.18546006238
4.07883154082
3.80421502154
7.20753305599
6.78557893853
0.789816171723
8.57937145976
8.78628673862
1.86059523927
5.8414392131
6.94156932293
8.09832097815
5.94861190008
3.36213567614
-0.512905616326
6.34990262567
7.83056525885
2.20817760982
7.12218407789
3.31458754736
6.44815707897
1.94660345307
5.71249504055
3.47744503097
7.21171024093
4.47042425684
4.64578555685
4.18184395141
3.31778456679
3.54551612292
4.2398334267
2.4508635347
2.02961499115
3.83729695829
8.4870311836
4.812350871
5.13926391382
5.33556146452
9.87660277331
3.12666115613
4.33208164299
6.39727653482
5.51592330967
4.12412875917
3.08662371314
6.0188337925
1.93786425749
5.6765516553
6.57220505382
6.88663320455
3.42635067485
2.24327705929
6.89628955028
2.61693572734
6.03286967924
3.3782000695
2.57371764275
1.03515161007
8.8146986766
4.14792533592
6.57208948767
4.59100115396
7.42954187924
6.12572400509
4.55458848688
4.23954127883
7.79715119742
2.6660282148
1.96112554153
10.0662685191
5.6260892207
3.30389500003
7.64610926501
7.13965366666
8.65993897167
4.33524270821
5.34248131584
6.83105607257
9.50492098957
7.73197747026
8.48848293484
7.57275717385
3.48618264957
4.87430765601
8.93577001831
3.56894731502
5.45494690242
6.62013184047
3.4701285427
3.88221681781
4.66459767079
6.1713784953
5.96678085118
7.88742419544
6.27067051634
4.62032631721
2.27468798956
6.93667098162
2.72049464339
4.97075171741
4.47367070383
6.47262437911
3.65186207046
6.65930884523
6.05423695745
7.08342044242
6.78770843165
3.74337823289
6.16286000585
9.09183059559
2.67226856418
3.27783123731
2.68143036123
2.96960414403
3.79085395234
6.3166922181
5.63831989298
3.0877346178
4.16848551531
4.190645448
5.49282986558
7.47837870285
6.03952854813
5.23615743289
7.68161159216
3.92029535543
5.23375408589
3.52908327292
9.10899473669
4.15183424634
6.7453764006
5.09655185338
3.62065518783
8.02344269034
2.70305973728
9.16273397187
7.59367461806
5.84391977868
5.69854738585
4.71053872637
4.17196099253
6.22793415828
3.69601348769
6.02538371903
3.50399237572
7.59858330226
5.56287954998
4.93791429791
8.42316147461
5.49523488238
9.99721247664
9.62805884738
9.51716457598
4.3305472568
4.20292578385
4.72166288749
4.23386017206
4.54448750349
5.18010198706
4.15087035477
8.63683721094
4.109281568
7.76958279872
6.10343028555
5.68235932871
5.16488013888
3.65142470484
4.23101085198
4.28738076855
5.4531104711
2.20947015744
3.27963172906
11.7093447537
5.04881482066
0.691458710915
5.0994092086
6.90042350326
3.40136193805
6.94464610036
5.21989486414
8.63593955855
3.94537916127
2.06965919173
3.26650754825
4.19526463356
8.19255052808
7.74219178228
4.99740189725
3.51312896312
6.01125005584
10.7341299122
3.74584183403
4.43920446237
6.58894259884
6.41370522138
3.55314261774
4.23742488987
8.971549537
4.97341483894
4.04827576371
2.64231294211
3.23231603034
3.76189701988
1.81143295589
1.64279237211
7.78667957846
6.73075528621
7.91825114056
1.1429417383
5.20581593745
0.0454714160795
3.5674266568
6.40990879032
3.56866101052
4.8678566727
3.13727442097
7.29822501815
2.90367368131
9.09185629581
9.11790383471
6.25174805132
4.68233843284
1.38512858168
5.89132747049
2.81032115322
6.44638455614
7.01322054357
5.42880785175
5.85708172867
3.3957928443
6.41327958882
6.56128118055
7.38950476377
1.94556974823
6.01656311374
4.29424569245
5.92285732112
5.94333164626
5.14203407697
0.214818823173
5.1233226829
5.51050362802
2.26112539542
2.39896491716
3.02885580365
2.49204372504
2.16531372789
2.42993339864
4.63040188735
8.20585256307
5.93155199771
6.72730020073
-0.899235446655
3.50917376521
3.64149391292
5.34838008005
7.25125646479
2.85208282007
3.59522891901
4.96896844322
4.27902148513
7.48249212768
6.35189140829
9.85056794945
0.514922293984
3.80827493255
3.80335529484
3.58595041475
7.1381112888
5.58922056491
6.17276109627
5.22887149114
4.91108775092
5.96936176661
4.41565834339
2.96799538368
2.06029178505
3.11444652841
3.01531867694
3.45479169814
7.06274566252
3.02804634147
2.84203461506
5.43629411517
7.25136913175
6.14571556142
1.8388875853
3.11921114066
8.9152922726
5.80141503402
5.1943817847
7.2149744891
4.722475287
3.05176602443
4.85315512476
5.27105094175
3.93700784623
1.25490763079
7.27088411841
5.82899009805
5.79325421436
3.82770335246
4.99236675263
3.16108523343
3.25029677022
7.90545683389
5.98236618834
5.24232626469
3.86306741676
6.59963510546
5.31062311687
4.12995734588
3.74067828568
5.8640164643
4.63144644792
3.81666530102
4.53563523641
8.02631304908
3.51545744868
4.84403663733
5.71828687644
7.15546528598
5.51504100361
1.68003254404
2.18074590823
7.8040991851
5.79934420694
6.07693292714
2.29853826702
3.68759720766
6.02113634055
1.57957711205
2.22356633986
4.39996676939
8.26393305112
5.98025219749
5.03971537866
3.97647966833
4.75983914689
3.95395963101
7.29560403315
4.00425780508
8.48193015282
7.30299208299
6.09869517933
4.05281089427
5.10495837055
3.29612585411
5.93112948967
1.54601421436
4.78174467119
3.31105906548
6.10555008912
7.58772519112
6.92861696758
7.35461937807
0.837297820946
5.46837663525
6.61988502875
0.330866053116
5.30740650955
2.33766609414
3.77287599866
3.87863246191
4.52489663457
4.95725640193
5.07770610958
4.18187919769
8.17710901394
4.55840305655
1.04172723468
9.81386085245
4.39047184322
9.97162859079
3.85843517844
5.0445033395
3.75771945267
2.10420254754
6.08369424666
7.97265126565
5.02412176128
4.78623438025
2.7390682525
5.85447927338
4.23053987627
5.69024715352
8.20860553223
4.83323132322
5.56602110849
2.08387655705
3.36202614527
8.48117080785
2.66632517362
5.06761467717
5.58654401022
5.02440504696
7.93177013613
7.86701780258
4.43943148193
5.98125571282
4.21338620711
5.50757594376
3.18720740406
5.04062052959
8.9626181182
3.50650620217
2.92611862972
3.73170101836
6.07973095266
1.85946201236
3.79925066345
4.40534856127
4.16377355102
3.48040659346
3.08790824082
6.88187889265
4.95157260116
0.74927566697
6.07864794682
4.71784857851
7.99268223914
4.3145901359
5.08873407366
5.69797843451
5.50279340287
3.37188563254
4.53477556258
6.43996625355
3.76297149003
5.31031868836
2.81517203431
8.18221141782
8.6880640737
4.4318220746
6.99320720397
2.92342665484
6.06971763544
5.56683860526
6.90732534924
2.43871753468
4.49064890211
7.07516413453
5.16292696923
4.42145914001
9.80518410781
0.161111073181
6.75198217779
9.47031014999
7.27165213872
3.80955136795
9.75064365453
5.94254405138
6.8433412483
5.48310314428
3.35467316234
6.45018664483
4.22680227704
4.9280167117
3.64559033711
3.30269345265
5.39489039054
5.91345743811
6.22464036676
6.34967799505
2.51902366267
10.2187899184
6.2301588257
0.726180774763
3.09784051838
4.52094698265
4.76967412546
5.90670157202
6.08097782735
5.75039319903
4.00596220586
3.47080391889
3.74778567554
6.20304776752
5.76117738532
2.85463588071
1.43350746269
4.95031669614
8.07904702574
3.52500150678
3.14389517898
8.48013778146
1.56777528563
4.33971938789
2.69731936449
5.92790678008
2.58387134901
5.29566077002
5.89736146815
7.96825688308
4.06571299961
3.45429323736
4.11673423964
3.06290639219
7.11478591963
6.19311312516
7.14360900256
8.68708977503
6.56392575046
3.35172037937
5.88594932005
4.87429112716
7.16682534582
5.17573266062
4.62966924648
1.99268934337
4.04012060515
2.82708124973
4.88126754223
4.79489598602
5.90502822947
6.16387433375
6.62724666991
5.22063367718
4.34077203896
6.01972857432
5.37834039166
4.41457201375
7.40499804717
2.16380005449
7.79158572611
2.60671631428
3.52690088326
2.70048095423
2.34285395062
5.03907683934
1.96948553019
7.75512138219
3.76806910996
4.00098838682
7.49424653896
2.33630998434
5.84095551497
2.45210666589
8.71200292309
4.45277622345
5.35879075756
3.40161079897
6.6375438601
4.22233960496
8.92480042459
1.94972303468
6.26369990393
6.75954695557
6.32349624304
3.09774379551
4.80289242254
6.2842079657
9.55776318787
7.31122342232
4.47879823248
5.20343418435
6.46183727341
6.44808275727
5.93442930868
6.55937207026
7.14790756284
5.58897963899
5.83009840084
6.32725119605
2.44550737247
6.7720717134
8.47924398217
5.04110051112
4.66099257085
5.11991226607
0.659532979365
1.88970271618
5.42955534514
5.64393764683
5.19601510272
3.50834851358
3.89698214957
3.35697283786
4.20794836706
5.83546290049
5.05179883063
7.21080689425
5.96600318163
3.99920387151
1.59717132712
5.11805793974
3.93746310535
3.03617689612
7.82889852856
4.0642037527
3.13669821147
6.75402136387
4.9142528733
0.500566881006
6.22052914943
2.45552134785
8.08755670348
2.84459593584
4.29525787712
8.11429416829
4.56419748764
3.30181618933
1.71230263841
3.85625496957
0.418741287768
7.77994585537
5.52863176494
8.43569456441
1.10518984674
7.89958481501
4.08929202172
5.30688116354
5.0219864299
3.77767980752
4.23993947438
7.81283789517
5.76336493569
1.60247845903
6.16519197858
6.03312166462
3.34980298807
5.81815938192
5.30288629206
5.6657751721
5.7067200246
4.99991428297
6.75881427791
5.76428918891
4.80473706343
4.04750423302
8.1564896733
7.42094032585
2.06599909286
5.02465686697
4.69131252011
2.41599817277
2.6386388073
1.23326560288
1.94812048821
4.93317708717
7.66287145039
4.23997439
6.42875933771
4.2718563154
7.14410514549
4.66315397235
5.12186396591
3.99513055907
4.12752137719
6.35726147737
8.29682325621
7.90821796985
6.94476726622
4.86638861415
4.83463312233
2.43908195359
5.31754379807
5.5963920178
7.08851936571
6.08781300915
4.10004631288
4.31394312086
5.50893372675
2.85191859541
4.28713758387
5.42065464019
2.87829593484
8.6447687131
6.19233931457
7.47735523069
3.92325319689
3.45069213927
6.30116860724
6.69692492453
3.00142055277
6.32037757226
5.42172406774
5.57373510856
4.12943028695
5.89686693675
6.91265553754
4.25469866969
1.580095072
4.67759971741
4.42788703524
6.06052082118
0.587529380482
6.16161441821
4.49711283226
1.44315285163
3.45032414727
1.95700968982
8.12834284055
7.40012086342
7.08633977736
5.16226850822
6.78744007798
5.79634086621
4.0687916477
3.64767366036
3.35076713402
7.10691979328
6.00306191986
5.56164818039
3.64565820228
4.99569287601
5.61846491406
4.5091094137
5.74487155691
4.5472506449
8.16574724305
2.71950363724
-0.613928426023
2.00038837151
2.73748605661
6.8865385717
2.73804325619
2.56544035664
5.77662421394
4.5922060591
4.26471153744
6.83987298766
5.82553796498
5.73946417506
4.67653586284
4.00447088187
3.43844144209
6.67670594889
3.0955265857
6.14852686803
5.14767527956
7.91622244249
0.429213933657
0.815976280139
3.56979523965
3.93948501534
4.07869832203
4.34167627355
7.51864587539
5.20886574267
4.04517151004
3.54403399817
6.27029429918
9.61350174489
5.35294227567
5.66510437212
8.99647264067
2.28132834404
8.61383425742
3.64974610536
7.86738025323
0.595056925939
5.48082272695
2.19608633989
0.543129833947
8.02247908473
6.40353591534
5.62563084687
0.959503388733
3.51362181804
5.62932898535
7.25258148862
5.33341351929
4.65600990987
3.5506131526
7.97302238079
7.5934230992
4.8040725817
1.74122916716
6.50295925999
5.07445963479
1.66436208701
3.38831782923
0.867142163658
3.01130222898
6.53417871116
2.80940309343
5.72311557155
4.36225461643
4.25906976514
5.447299812
5.81312933687
7.10719712728
3.09592615925
4.92786292151
7.02073925348
3.41510503773
4.81233956189
2.60250303835
3.62176871764
9.14248739885
4.04209444123
6.13383634893
3.85798676168
5.77622151728
4.34261259755
6.8968263478
5.94329453741
5.34377405211
2.68555618737
7.69581058305
2.5233652969
4.90483025572
3.92671208281
5.59865424407
5.7054377138
9.92848704425
5.12534010039
4.7040042229
4.98145306658
5.36138462573
4.22914577142
8.28294636678
6.93829175748
3.77961106642
7.99451358723
4.05007870592
2.83854733926
7.22649234194
4.99755578964
4.11476628058
4.36829140006
4.9885838381
5.64901236746
4.44699608735
7.53890275573
9.21768254757
7.01727293064
4.21747875077
1.45513401213
6.92671272519
5.09068172865
5.71984398025
4.0856878954
6.04624976398
6.2023890424
2.22759750374
3.02726040737
5.48564625085
4.611555432
1.57954692733
6.54876698115
6.40678932637
6.34424215341
6.24632173086
0.528562742637
3.06213924742
3.13832271783
6.75726927234
3.90182268321
3.30143641592
7.37501389054
1.67668696208
6.57310678262
5.50790640513
6.29772566595
6.37674693476
5.94856424558
2.99716593542
2.55016133345
6.65469141679
2.87672539587
8.03257221345
5.63754498323
4.5474990927
8.28953618017
2.79237651424
6.86165022209
10.2169404271
2.54548777486
3.6416998093
5.90529734304
8.85578658665
3.61684413378
2.34409090498
3.69158819566
6.36072015003
6.75854386532
2.63456774018
8.06905579132
4.96328064391
6.04964823861
4.93935556961
4.15463396308
2.4471943299
8.77064576456
2.5981552612
5.69750301066
4.9461622085
3.13788956731
5.43522246884
6.19053977264
3.1720089675
4.48183289199
1.78335547471
4.80227665833
6.29793897209
7.12201245767
4.38097329848
1.42849106507
4.15408496714
5.43454317151
3.88986357966
6.50090786197
4.00429864374
6.74680268749
5.21319869872
10.7754274817
5.6949599382
4.5358066608
2.48161501485
0.164129965692
8.34579091208
3.64488846495
6.43774888969
5.65199078558
6.76213742243
5.58126029254
8.42000005593
2.04491936653
4.49689414702
3.92671953675
6.68442792833
4.65632826503
7.01526977995
7.47805521315
8.05301490543
4.7036294544
7.00643215381
7.10968006197
1.3856353403
3.05467091206
4.45035483766
3.29871545393
3.29259013483
4.95080774799
2.12408099791
1.68370987125
2.99884484408
6.46661503357
6.87987221538
4.11975449121
6.75683074243
4.54965704765
2.54678715508
2.27169339328
3.83500449873
4.41731140155
3.9693158229
4.83617453402
4.47505735258
4.8173082194
6.48779804589
5.00077423615
7.88895739717
5.32354281843
9.01741445035
6.34081575782
4.44907078218
0.899406239618
6.93657388314
3.80896465593
1.61157460987
7.75457510593
2.67969316279
5.78058491929
