4.81061459629
4.41441607376
5.94718283171
5.20125644496
6.25422579866
6.10107242337
2.66728250577
4.5256290582
7.90816864142
6.49696581743
7.76255046367
7.00475263289
5.78036174788
6.05812668533
5.94430057818
3.32715926711
2.34064741412
4.4864452632
9.34380509522
6.96390271121
7.18375840589
7.44999624781
5.93487951839
5.22966876783
3.08054827112
3.67086143779
5.09429875373
5.89512853134
2.38066087401
0.697455706663
7.11434888767
5.77333139752
5.79397646371
7.28347520642
6.59155964061
4.76599864958
5.21416065601
3.43822591842
7.98877278982
4.50592139424
4.94959395191
3.26637481416
4.60438678979
6.85645097299
3.03469610431
8.60411255108
5.35246117691
3.50397238428
5.29580686749
4.32517042325
8.48816843696
4.9074276924
4.33382784396
3.48166974087
7.49316563634
3.99414394469
3.93438651648
5.37317245676
4.14814489577
3.64884793974
4.79238370629
3.31504753349
2.85751276505
2.91479288884
5.41506212924
5.25188927643
5.24354658713
5.09848540252
4.2188073321
4.97368530062
4.03598158072
9.93293509572
4.34867875902
1.34688650185
7.40772335492
7.40325399135
10.2346638114
4.95408176286
7.88956081873
4.07511609933
6.03367396099
7.05097486076
4.635724309
6.36583110577
3.21802126597
7.17964378714
3.47642667222
3.51725442869
1.87704059656
6.31226462266
6.49179483685
6.6103571352
2.10429879038
2.72635480056
4.40373921016
0.648395464945
4.20551630661
7.60317124207
6.89140899747
5.30060658147
4.88680912005
5.85164237936
3.58622362172
2.26879824484
4.37398573925
7.89897904104
3.09501497267
5.7503768181
8.29526434832
8.51263282678
5.08711263646
8.71153495495
5.43740690757
8.60869216707
6.27049921497
8.71407738514
2.94024736121
7.5619560539
6.96094231594
5.50655261533
6.19576140664
9.28983822665
1.23108928357
5.29033273939
4.33321372405
1.91835381533
7.83017305201
4.59942942472
8.5313868109
3.50179489998
6.33178805044
5.56082508416
7.65559525721
7.62919980783
8.5400720323
8.97803324879
4.25486994812
4.80329348869
6.62118413093
7.45854204845
5.514864393
2.69882885599
1.32932462384
4.77877699614
2.02638251665
4.63648546177
6.73775948374
6.30433786693
6.71874863808
7.43619331867
4.77662647212
3.77456370093
5.10055392328
7.01633330081
5.1157494684
6.90815002228
3.39563011339
4.14571713141
4.64956533458
0.743980432281
2.35100119919
5.94678418278
2.43946323376
5.87066382827
2.42985163922
7.67379527216
7.80389869649
3.42310371491
7.91806504863
10.4192382479
4.7692177129
5.87654086312
9.39885296942
2.45620258347
7.25097664426
2.68500254047
3.41441952237
6.37768546467
7.38591084356
6.29606590193
2.72392806809
7.21019089622
0.642298943234
4.88935465083
4.60781642675
4.7719165151
5.68985132935
4.02550038491
5.68426435599
1.67031531568
6.20404524313
5.17122957389
7.61871582571
4.01705177559
4.12381506795
8.33867101304
5.05463416834
6.38708296358
7.02475045745
7.38548602198
5.1631721611
5.73665344661
5.06878470895
6.24484975966
3.82952145624
5.26078639468
5.27536110351
5.55682464699
5.87578950591
3.74685319183
2.05273954818
4.23323742433
2.54946435081
3.12758435992
8.84620357828
4.63072768853
4.66651937474
3.035500363
7.50338830863
7.08860810105
4.83801996592
4.43869343292
4.07496257357
5.24004464522
5.57417290163
5.30242703397
5.77978034815
4.15302964789
7.45904041498
-0.146177747756
7.46010613784
3.20098254969
3.53390798943
2.17840714908
6.94320383603
3.43922533373
1.51150910211
3.66247590839
5.08304464814
3.83482733701
5.40571939894
5.52848476869
2.15104439858
8.02852742467
5.43039629814
3.56146436422
5.95392716688
3.9155256372
5.58138066163
4.42733496951
1.62673597659
4.09772127448
3.40058339082
5.58056935159
2.01159528703
3.17337568592
2.72942893597
7.21813355137
7.06714099992
7.77048525733
2.62535530719
6.4510195052
4.1579899806
4.22954940213
5.38518224225
2.4000636967
8.24019319485
4.31209562634
2.93915033202
5.34180947065
3.31465306335
4.95128242043
6.61083680503
6.21388774837
3.59954132568
7.97756297168
6.08486402552
5.4654276967
6.60150104674
8.24442643225
4.20059622044
3.9489525719
5.02188178918
6.23549722486
7.82276289216
-0.22473687995
1.58405485286
2.91586894196
5.46643054182
5.74583997771
6.48564046781
5.069950331
4.68695698963
3.87359095449
4.81599146222
5.29644277061
6.36945784166
3.29328943919
6.65628741005
4.75508577072
2.76205607317
6.16654119611
2.52946927908
1.41307724729
4.95332025909
5.67433543669
4.30511818366
5.19490237457
8.12053896607
4.35114605625
5.56229041674
5.07013904042
5.00978563984
2.13350356102
5.96665677072
6.75634961689
3.05477730291
5.47973270967
6.03577576347
3.62928633441
2.49647629451
4.78255855848
7.71148987756
3.5643924085
3.84442514025
2.88564558252
1.91473893173
3.99029783913
2.3428053229
2.07633908937
4.49202326817
5.8371188621
3.58367368229
4.90019923377
8.69684873757
3.13290869097
6.70326565723
3.67274759453
1.61416774948
4.97178986308
7.05747754063
7.12575406154
7.69215767339
6.10300670662
5.67604214169
6.90480411313
4.87199437864
5.72557994496
2.17909636987
8.66866803493
3.4755475347
5.2690119969
2.75931409125
4.23491157198
5.93592606626
4.00508409659
8.5000281433
4.09278652998
1.75842728283
4.6776591243
5.36433125012
7.43948494597
5.59373606831
1.64460465068
5.51884383958
5.71465205513
6.71420137211
6.77019231905
1.98207558989
5.9179581053
6.00033316189
1.10568730198
4.87339718559
6.32771061827
6.68671746656
6.20496391165
5.08347543972
3.56257422687
5.2245184943
5.00101559984
3.99158144896
5.97758397603
5.28424709886
2.36300288525
6.0476516772
3.99051831
2.76276676544
3.1157507326
1.86523401501
9.5533732512
4.53784643718
0.58235195552
4.97811475633
4.47375943894
5.93998549589
2.54880635535
5.12779311758
3.92773284662
6.4083861947
6.21516891231
4.2365824689
8.58187937849
4.35890560646
5.70921961125
6.87785616348
4.50768803784
2.8519795927
7.18626643596
4.54380935526
6.02534679929
6.75507336877
5.38688713625
3.11152772634
7.05023175633
1.81521606571
6.81218446378
3.77051501807
1.99121525503
3.64209416941
4.99273710723
9.64083674899
2.76145221719
5.40668105403
4.90003796517
5.46039263561
2.0642864508
3.55275527918
5.00890330979
6.95705126835
4.48517317215
5.07984124728
4.35161219894
10.3552689808
8.8095634611
7.91797092771
5.67622874469
6.43802266331
6.03952774241
3.20883120103
8.32970134459
10.717140063
4.00374004445
3.99873228815
4.32039360692
4.44174433388
5.54852969954
2.4974553136
2.15024378255
3.84077503842
7.92612391229
7.15549575091
7.02206558403
4.63623425245
5.63568534829
6.35623015662
3.47099888379
4.46944220979
4.74141400939
3.95601176946
1.35379516866
0.988034697381
4.78322427565
2.41909285317
6.2282247174
4.08434877978
6.11578096886
8.48560717024
1.33135195912
6.9827711641
3.20069931561
4.65944657237
5.23102217339
6.90227847744
2.14544695427
1.22171105433
2.07443257721
6.75667282757
5.3361539076
6.44337812865
6.21774826353
5.18584951663
5.31292796079
4.57284338502
8.26470622793
2.14014805225
5.23542640913
5.2828811561
3.87039261673
5.05316572803
4.25954387612
4.5053892894
5.67828855528
0.219598416356
5.81839895418
5.75499235921
2.97697957589
2.81632442361
8.65472698208
2.95534726988
1.72777447385
5.81991938953
5.2073522896
5.53552078802
5.85000570249
0.717196838585
4.7953434794
8.06810727909
6.79680891415
4.03089178402
6.89001778803
1.12048816091
3.55256948636
5.3752763748
2.7694876763
6.30451726253
8.05372734232
5.89068185269
5.11969750185
3.38782426616
6.90916240654
6.25860509729
6.49484491556
2.33748593795
5.29006411974
4.10339382879
4.0392451858
5.77763704389
3.0403365232
6.51154692358
3.14246887009
1.67472036162
2.86763465249
3.69441994169
4.35429645549
6.78028144619
4.81951519997
8.83226628515
4.00887204585
-2.632249993
5.59425327275
3.86559263016
4.25833628384
4.67379973424
4.36562085266
7.9475393084
5.80608333304
2.23697966614
4.09561062191
4.57909763869
4.21162444436
6.17464614632
5.23501745635
8.54101875573
3.80421682308
3.65806384617
5.21750757442
3.23505133381
6.10383114957
2.160559656
3.68147495549
5.02134934985
5.55045886278
5.72451642614
6.68913036953
5.52036130951
8.3971987796
5.44862232723
6.52938856448
2.43526398718
6.1283134102
6.88356502132
7.15509440378
1.93813197999
4.75806002821
4.6899130835
6.6692235702
4.49929115186
5.64349184441
8.47858880137
6.19870164741
4.13227392194
6.071746505
8.6662103524
6.88398279915
6.7275508508
3.11112981122
1.83073250983
3.98913012137
4.10002302288
1.31393823176
4.46815564503
3.41686621568
8.51778622933
6.05023708487
4.14085237984
8.2950196516
3.59106374066
5.78152994333
5.03086612176
11.1011955955
5.90348212996
8.70878887756
2.90186239635
3.20065488534
6.80946196091
6.6525349841
5.53607045071
6.77347549296
8.07652149101
7.11084146968
3.43448710475
8.27773818217
5.1655324123
6.76320076749
1.32369333381
6.65977029336
1.30710154995
1.58591156309
9.16551388469
6.13352718477
5.42727455611
4.25099643266
6.96042318222
6.82960862042
3.48211245471
7.68951250485
3.57550131365
4.0509578177
3.49308047941
6.4706128082
5.16527106762
5.22985743463
3.29451014172
7.49270684035
1.0725760269
3.94546492911
4.89070339557
1.52721120469
5.34974459421
4.42422084154
9.05207753364
3.66345368047
2.49422270572
2.29170689471
4.51223436123
5.23057933163
5.38835246813
4.34355629419
2.67521517362
8.82498957016
4.24479212786
4.4681447956
4.73927861763
2.82811446744
4.6045082234
5.41667338929
5.9715190164
2.41040530381
4.5640494249
3.11777480487
6.16626204614
3.22543761973
5.95346300371
1.46367271438
5.17390173298
5.93346395434
3.70973688238
4.92844611878
3.49673684503
2.58510125846
2.37896892681
5.90120199243
4.77678650465
4.90446995196
4.30397852854
3.0540019023
2.9927792347
6.97059004856
-0.484959023693
5.17994280888
5.96606931087
6.76709365039
3.61229467489
7.12167837221
6.0743254543
3.89905175403
6.92575343656
5.17906074908
6.18799843728
3.1112593351
3.8273212161
3.74256078405
4.31631332982
3.61156001604
7.03063016542
6.72684758632
8.76255134793
2.62166122139
2.33097386601
7.17565391623
5.46306384774
4.912144032
5.52399400648
7.7420225759
0.394359652541
2.73746166718
6.21578293852
2.59314306421
5.06037420603
5.33945665257
5.90325975146
8.56662088161
6.03513937397
5.80632113537
2.36649230807
5.22304250239
4.20144639327
4.31639115142
7.6001650289
7.50597131255
2.19560551811
0.54503383525
5.01426843878
6.61908116834
7.32323371275
5.06997012243
8.4772567992
2.72651066442
6.56813825556
5.72519226406
4.42357663529
3.37828959839
3.18579684381
2.11805446059
7.53884783461
4.68905010341
5.89710318016
3.79513552692
5.72281346003
5.00286664099
4.59580127634
6.50014539558
7.95678994142
3.41954416143
5.24465723366
5.3076079824
3.35765100344
2.78795174889
4.97325232324
3.11534184171
3.97384143874
2.51124769927
7.76376126096
5.95435212835
7.67748104918
5.59778358744
6.97664628069
8.25206304365
0.840655358704
3.22043621429
4.58570211424
4.4343928312
5.59459165824
6.03996827032
4.40542364066
3.40017624807
4.38920545546
3.02346693129
4.25017621559
5.81600974392
6.22246172856
5.18033246689
2.20995100547
7.07474660081
1.9147154833
6.85414445258
4.46916567264
-0.294298778117
5.54433829777
2.99273198986
5.69106548392
0.876454303003
4.01172494159
3.94599919256
4.90041028668
7.33946952848
5.24879710452
7.25552172594
4.9310693989
5.71822704798
6.52473599637
2.03121560619
3.31778916372
6.46163310737
5.70897767094
6.16420380287
7.99520604445
3.09493176816
6.09337247328
8.0404532482
4.30292178517
5.10966990445
6.17670246714
6.63062967855
4.58661714807
3.15481519145
3.97104658142
3.64870283733
3.68780034584
5.47060889732
2.94851025899
7.7582544435
6.18832519709
5.90896813798
2.57781702125
8.45380342998
6.30856387666
3.4424953377
6.74579257791
5.46344791186
6.68610420369
4.05412445541
4.56559833424
0.742029005481
1.77789711227
5.39577932843
0.57077552907
3.73993537415
5.86070360957
4.24877707048
3.13235404821
4.96604709868
5.42576832145
6.00816669756
3.46577019737
5.46705494298
6.53266704701
7.05450502275
4.14499255556
4.17871209282
4.64950619892
5.32025938583
6.15419394509
5.59075579882
6.2202347343
5.05793264844
4.848683803
3.2324434329
7.24227083862
2.90977834593
4.2205449907
4.23929283881
5.19828953562
4.34743115643
4.33924439989
9.0642499825
5.34668996328
5.73207258172
7.91949498178
4.21985247546
6.26424410651
5.16760699106
0.430431595775
4.80154901722
5.62556419372
7.740173554
5.14626391501
5.63985833369
6.72290796778
4.47667622794
4.78327333904
7.20079350021
3.59494920112
3.75477038472
3.33066834586
9.21525071738
3.57194379181
7.44196780881
-0.148215686196
4.75709490337
6.36035105734
6.08988400655
5.44731208809
4.51546597773
7.1053226509
6.20759170444
5.72569607861
6.97770766696
3.65506946332
4.82752561133
2.51836484833
1.75677937672
2.95227784953
3.52403817393
4.47223344182
7.45818293484
1.24038590925
2.76334561438
4.29179120614
1.44135399123
4.13339452343
3.78888653921
2.29388341009
3.20577765936
4.50710840973
5.35038880751
6.92110434912
4.14666414479
4.5972300619
3.37998866894
6.28888355311
4.52057970503
7.15337384694
-0.456460352652
6.45557926567
3.99168334976
6.46728695042
6.15487665003
4.11780209356
5.36888222702
5.65809411367
5.00733898863
5.44922911367
7.38769565322
3.77897183957
3.96910471703
5.31062845526
3.79377928064
4.68820965354
3.93984293088
5.57750788047
6.18609845718
7.4077137165
3.99148906949
4.04554284154
3.28282483415
5.2215969277
5.23162275935
3.13155060129
5.64755514248
5.64969258222
7.15540866647
3.94501170353
5.22133584147
7.94048845753
6.38963779913
7.29156695115
8.74055386452
3.63709963214
4.83071245145
3.410062931
4.44523244754
6.83658970268
4.34181767644
5.72238230524
1.41822520901
5.44713869465
6.92610015474
7.18820879882
5.60799831898
4.4454551221
4.62537049277
5.46484769791
9.61638227814
7.24521850677
3.83323016792
4.45698048804
7.41300991463
4.31544383903
4.08713145382
0.125675585057
8.03094276487
4.57999760023
2.85812713878
2.08032296707
7.67141121798
7.06221820918
2.96052279856
3.27303878956
3.97543295843
1.64418308054
3.81192296917
9.99374008296
8.66075131086
8.15576529724
4.40600021204
4.95585613056
7.55763373013
9.31799990736
3.87957079732
4.54130050022
5.66505279251
4.47726541036
4.98877742575
3.85621698678
3.58725235855
6.58785625509
2.5996855317
3.78439326739
6.8872931552
