6.65923326107
4.91163734011
7.60211643917
3.35286337497
2.42683424099
2.95202078382
6.43300327397
4.69945645961
4.10968411365
7.46641638328
5.123708042
7.61528157368
3.73807755172
2.17719823132
2.23105583336
5.97087562843
2.14862910149
6.2214360155
4.84174693981
3.52827162087
6.92378263087
2.38247862478
7.20517665098
4.0334789405
6.08454274988
3.54731907632
10.0091039252
5.38170967585
3.64081415733
4.53633237907
5.82393132167
5.21838165631
7.81485622361
8.27451074729
4.10047488413
1.92800119951
4.94032826385
6.97270889599
5.53862937846
7.28302705562
5.2425696909
1.52080134106
2.92157838554
5.30086199202
7.54494432324
4.78948084323
5.14166368218
6.29904071001
2.17932749922
6.37442333229
3.53410811459
8.45793902824
3.38014508234
4.02703296505
6.77883200704
2.99429722799
1.52623788673
8.07091506363
5.3764383722
6.58085439976
6.20707407169
5.86942998476
3.58981101478
5.2001012788
4.7846430347
7.92289086948
1.05309555724
6.8179988087
4.10158379075
3.33265362807
3.53929883253
5.46443370303
7.24279510131
4.55937821485
5.20349085808
4.49147402664
2.46807132813
5.79039488198
8.36543681893
3.66814980068
2.18185571277
0.842432345068
3.39845176543
7.03133659462
7.63809588053
3.33802058785
5.05695797537
3.78402119115
4.53602043188
4.3284782375
3.52859607372
4.07648182498
2.77001479545
3.43320368828
8.06554597229
3.90731782869
1.9793220615
4.63898369663
5.17735426379
6.3231747025
5.94182741574
5.8003597077
6.06827259594
3.14661996187
7.65658888106
1.1212790105
8.52766727331
5.25056870269
3.87175895595
5.25816591566
6.56445282301
6.43912049771
7.06418369626
8.5556303743
4.36065357104
5.0590348149
2.78161185067
3.20944949792
4.33150127746
4.80046896746
-0.433885229755
1.04535691512
5.27019550639
5.09877063758
1.75735381288
5.95263167966
6.51377516504
5.73181003246
7.06925015017
2.40522581904
6.97875508299
0.614485188483
-0.0145131562106
7.41131459042
1.85555406536
2.02195134389
4.49100245643
3.12029895963
5.37609998536
4.75979991662
4.93860892859
6.93342681152
3.00929375946
6.29395666571
3.14288066407
5.71516896478
4.38276907885
6.29491828837
3.54344327287
6.8572843811
4.72153326853
3.51732531372
5.7364446091
7.94851854202
2.08888232526
4.85144790926
7.30962732824
4.16935100034
6.16623361152
6.02263422151
4.91917077976
6.09430649899
7.4505276304
4.5646156523
0.54260715039
9.12429842677
7.11437275405
9.02478056976
7.02009716661
8.63055061821
4.50417564872
2.99596804393
6.1411982489
4.88519362128
3.70817963408
3.35514252402
2.85484022229
5.36140447531
4.30989995701
5.71936918879
5.40987691264
2.79973336129
2.17710521987
2.63559505519
2.84137690801
1.32230803445
3.93831092661
5.48770643228
4.91958358886
4.91735574962
5.24064142394
6.79393712125
3.43190598573
4.42503664285
4.94443334086
5.3150168277
4.15598795243
4.55127982032
4.99791350679
4.45218954658
5.60347138369
4.15610980023
5.3831475343
2.58129687048
3.4110551465
5.97417134884
4.72985370382
4.59272328333
6.35071817968
4.54588128024
4.28396390419
5.18606607491
6.66295340946
6.72579601206
2.72165818411
4.67109305446
4.82334609481
5.54897750278
4.63992270528
4.73243108715
5.76396614964
7.18745374642
4.31233603054
3.51921657034
3.38821659609
6.22545744009
6.73918832378
3.70666468095
8.03566645285
4.83409225799
4.57394357429
6.59350801117
3.8740495942
4.83878330912
5.71287003718
3.91071581114
5.84113893111
7.76100410463
8.58778026843
3.43101597627
4.6239098685
7.37027547475
2.81313066874
2.61751584695
2.78514231507
4.79485108651
5.02490270074
2.85518026219
6.13813763157
4.41896749402
5.68144855903
6.71229145937
4.99470069864
2.36700956479
5.64884459498
2.21163462275
0.809953679954
3.14640653643
5.86666136094
10.226657966
4.46065539502
5.22977656498
4.89116993479
1.48317824955
4.58677773001
3.43771987419
5.36979888241
4.24634710804
4.24052585438
3.08738427379
3.71884016475
3.47992310964
5.01722569911
5.15569891893
5.50005316538
3.50171757472
5.66086402806
4.59248306736
5.62584809828
11.1947633445
4.87949258008
6.86110139157
7.86240671416
5.57009224989
7.65938034792
4.13255474296
6.40771088691
4.53086643892
3.19679498263
5.85159605548
8.26065839721
0.307234070774
5.61683745277
2.32496766412
4.94650164934
3.06880519103
6.48108934766
6.26939336922
4.08788279015
7.38565762304
3.90402464795
6.72987164953
5.70874744849
1.56401976714
1.70646353326
2.76946285519
8.38378146944
4.73710360081
6.31162501077
3.19857844415
3.92567001218
2.93740713393
6.93432759578
3.63600732486
6.06728904971
1.60994835186
2.2991973093
2.63950031663
0.956270541085
3.89064430951
1.94774892277
3.61608551692
6.26064025209
5.89626200057
4.1085500754
5.91552772549
4.21587782018
2.05196358848
6.61274559757
6.69040428296
4.03010188941
4.99601026709
7.03985228783
5.52860527441
5.4769720313
4.35672472937
6.69316870425
6.97541679502
5.9283589099
7.99590293364
6.25036240072
5.57417940838
4.93837468937
6.4807994404
2.85428345048
5.49763294438
2.97829857107
6.55598194365
10.2001704519
3.13216327832
5.12009405975
7.9276272264
1.43448569052
9.4090507293
5.88235892351
4.27806427583
5.88145671133
4.34558152445
5.55579737941
7.42066614318
2.9324618964
9.14533182647
2.4616233758
3.42854561687
4.99881601499
2.40822788656
5.924947987
4.54811752558
4.49676792477
4.64207819357
2.23337095273
5.9513972366
3.96516065685
7.94064312229
8.94349129647
3.63377124156
1.86845437058
7.61990242021
6.82795172162
3.91419353926
3.6528506925
7.48051946339
2.4024879397
2.31084232823
3.28155532547
4.71696138305
3.46190086472
4.71327953165
4.60467488155
3.68949653746
7.81085222766
5.40405447987
4.6134331805
5.04779833808
4.1730024035
5.03564046213
5.64941078767
4.61992328565
8.40658858653
6.67131719033
3.69809065219
5.45603882485
4.12401597104
6.4510787032
8.67855533882
3.00842863069
4.40761344466
5.28132193348
6.26822542393
7.51407424289
4.18314776646
6.72799027306
6.56952566978
3.29395780772
7.69934817456
5.78565421872
5.65417722315
5.28187729681
6.47547997508
2.87860425441
5.08486142331
3.96507151329
4.74287429189
3.48056472369
5.51982915634
2.98490283254
4.41534531042
4.94491030465
8.35184880642
7.86943303482
4.24634966961
2.70147569868
1.17428223688
8.31007522809
5.336899063
1.3502287412
5.4788880542
4.00741437791
3.56428827303
3.42758544095
6.65487360933
3.15960818099
8.05786858428
-0.25075085027
-1.07665161631
4.66622088261
5.14058656733
4.37459675978
4.71748560411
5.29931767535
8.69436656647
6.96947443168
4.08868780588
4.70166055237
1.36628080405
4.86226708773
5.09738996467
3.53984188583
6.211887008
4.42448328144
6.00374174463
6.2485408989
4.30922356836
5.71158379278
8.45260046297
5.87053309839
2.79897766501
9.69836981606
4.45957703479
5.84964508668
6.11361163122
1.77315266374
3.08721337565
7.62566536581
5.44243575406
3.73786373417
5.96375284699
3.5781300365
4.49894126252
2.00191944836
3.03876322799
4.88073312357
3.06880498601
6.25629768589
5.48948611085
6.24943684718
3.63202194777
5.9358482728
1.35372822478
8.52104998645
4.77304024158
6.77600021209
7.25519910539
7.97610042899
4.23464897569
6.302479155
3.81368764048
3.00471356814
4.82875229892
3.72915970561
7.8524475356
3.56693980143
4.93599933036
5.11233941723
7.28157990159
1.85506255083
6.73135577707
6.05766507659
4.07077404878
7.72876252491
2.10162017887
7.67977919831
4.54225679749
3.53049276612
5.5253297315
4.71967414132
5.06397072853
2.79607195605
10.2738906339
3.79240498347
2.95163383783
3.51163487952
4.83909376555
5.49313760195
7.04527356446
7.13002470228
6.46907812244
7.85021038324
4.91527112943
3.51026198013
7.58246363482
4.82268716875
3.86902915083
4.54411220669
4.41375733608
3.75438322797
5.47330302243
4.59014948679
5.60763476907
2.70382854831
4.34164048511
5.73076736722
4.56504476421
1.56706149451
8.16304378336
5.81854866244
7.50215251845
3.95155893995
4.98598613662
5.77208866484
5.90529146709
1.84441699198
4.81973386947
4.31188414693
5.18750769372
1.91254378038
3.78470184017
5.48102432093
6.89178152032
4.38632366784
0.252272754526
1.79891074793
3.3951462697
3.21384733488
6.01537646852
7.36579086813
2.54363268763
4.83386258114
1.45719620007
3.65381623655
6.14410405182
3.50189533463
7.74530033943
9.45347335065
4.43009268332
3.02129644383
6.86215453298
1.39667754393
5.67137109365
5.55213364103
5.74152534793
8.49474680518
3.93076082569
8.14970944228
3.5548090029
5.81576142921
3.35169115864
5.45987835776
3.33289363535
4.16179705068
8.2473538339
4.94732540219
5.92243004126
3.60594891607
1.04761186306
5.66776358628
2.80265481092
4.53506884126
5.81488988489
8.40552989774
6.42340125043
6.88121798632
5.70305765403
4.88157558825
8.50563003155
3.80635261847
5.21927441993
5.3026736845
4.91636909169
3.48331140869
3.5043632576
7.34483294457
5.04319113381
3.36943616309
2.72489309891
5.74797689851
6.01322861184
2.24111774443
1.89596982868
8.35865984024
3.65834689142
2.11544945113
4.14676886822
7.350775033
4.65585904507
4.97500807586
8.731608831
8.09836579415
7.65417428582
6.43807293074
5.31770060848
4.50025485806
6.97709962564
2.73476624028
4.30014305329
4.9917738612
6.4398694334
1.00348183057
3.27690248786
6.37804252132
3.99762914343
5.8322336481
5.3746404138
5.54614471316
4.75952118861
6.52845012374
4.21724052936
7.65547932898
6.08110365126
3.56505892757
6.95639154994
2.74595336328
5.15291383719
2.71116172066
4.66308419176
7.23588974283
6.71681329792
7.10637749103
2.67629235002
5.08364547754
0.76463384938
3.10064649121
2.5043585023
2.06345778107
5.44222708307
5.9882979493
4.78639608134
1.13548369401
4.16302977018
5.83589056476
3.74222672916
3.59539621306
5.53919607207
5.57740905125
5.26552933531
4.02299497512
5.21848420811
6.46289158849
5.19989364179
7.49490625528
2.04248614884
3.38823318389
4.74002062546
4.58098359662
7.74791798441
7.00539010905
2.8276294145
4.11069450212
4.28782735848
2.38012683056
1.81422626763
4.06340792512
1.08643707176
5.9488443135
6.22403854371
8.32173910397
10.3172145002
2.86022406754
2.31004855298
9.08917817148
2.25297402246
2.18934722838
7.56004589076
6.96350242829
3.87398811356
5.92160093871
4.95139881729
8.3676672792
5.157050078
4.69267350405
7.98165138813
5.01837757208
4.47834109097
5.85041506581
3.67220128306
1.77402840431
7.11462465798
5.35142156986
7.63295214428
4.20351957291
5.64720687148
4.1421781915
6.18046144143
5.40527532697
7.53749031971
5.08863062229
4.31244943908
3.33830692343
3.85215593952
8.03832936205
5.01624132586
5.23744697066
4.08488577885
4.39023621688
2.81496716001
3.88649561963
2.15975927934
6.73493508712
5.76378760254
6.32209265367
6.92879220861
8.05643402786
6.56223340433
2.74186075459
5.09483134434
7.51452203134
5.46474787968
5.13312550037
6.38117920286
0.709615294861
3.49923395833
6.95846412619
2.60859180818
4.44275885007
3.83758417053
6.07448278022
4.97701834825
5.26292409294
4.71267039297
3.82848620256
3.81977867812
6.010296495
8.13798708786
4.22070563777
5.46067176419
5.04918304043
4.39236677455
5.69217668287
2.09735111664
5.81852852065
4.96154154428
4.32933936494
4.96455399802
9.4153060423
7.54312037823
4.94810877236
5.46135390966
1.58808262564
2.69793236914
2.69598531016
5.52291991706
6.39337926097
5.11706317389
6.55098410131
6.55332410723
4.94265718537
4.79151040069
7.09284426411
5.53992111712
5.96780062148
4.06073072194
4.74075337637
7.96720482135
8.26164844076
4.15702021713
5.36571677248
6.06622393426
5.36591389051
7.70431346254
3.79988913921
7.01866983791
7.17034666312
1.42309533913
7.93684078121
3.62447805773
5.78359725112
5.75653112509
5.7936313438
2.93581473101
6.68493869028
6.76678423145
4.38441737088
1.79040574108
3.42898600598
8.83964651003
4.18149290675
5.09389822866
4.83547546152
6.53491092527
6.09214690213
2.7563515301
2.44936935257
5.23931901439
2.24042890538
3.37473904978
4.09324294317
6.2913010811
4.93949178716
4.91180200738
5.91606536451
4.64763403321
3.019565757
5.92894691182
2.63803352537
7.32670896085
5.03282812104
9.0236748403
7.05981916608
4.88213455515
5.44186505124
4.63200043931
6.01167663395
4.05596074157
6.17458809494
4.9095166577
5.37585976259
4.47918011391
5.40380755374
6.0412993466
2.70948682336
1.9958520082
3.547495091
4.01394631809
1.07146168158
7.00377507375
3.85521220724
4.89209966538
9.10235456073
5.82652698635
3.32473911164
5.64084966625
4.83301847858
3.81846880408
3.03308203833
2.93871550096
5.57376164113
5.94798879617
6.88218516863
4.70694154434
4.06389613768
4.61383633201
4.356094097
5.26330075676
4.11882312123
5.20527839363
6.0044779136
8.34001481705
3.75266314114
3.43041180384
7.40694296794
4.86048688437
5.55629836431
6.04027470873
3.45667849825
3.38912816767
7.14567609516
5.17033674288
5.32337043966
7.11331304796
3.86380678898
1.11140627863
5.55013969612
4.84771934965
6.92264340789
2.98700684427
1.90744802829
4.66419581968
5.97942547213
2.88265166298
3.58104609221
6.34724994616
7.84447815611
2.46228776227
6.18228765333
2.72580079087
1.78957945553
4.21789940479
8.10794719764
4.19730501235
3.11509887976
9.75144973254
7.50551286352
3.58567416468
5.32842605205
6.16011329801
5.27321517169
3.91221352922
7.03730933577
6.18317809472
7.72129847464
6.5893340794
6.65544858979
4.64007051854
6.04426053776
3.89285876817
4.99910532355
5.97332078928
6.81892089503
6.80378298204
7.51354925281
3.17430670061
4.44327088544
4.82343362085
0.460084067243
5.34040645789
4.40593613681
5.00859958084
6.04228335364
4.31220839661
4.09913524304
8.08184466755
5.06472654211
6.55132984033
5.04366808226
5.05214469331
5.75184642298
4.37088467455
2.57103506905
7.12545016329
3.18475882187
5.02939151491
2.2128154307
8.15723555213
4.05801886485
5.82851225375
6.12613906384
3.4184547186
4.03877263956
5.69582443337
0.447503592457
3.99235574586
4.01455907118
5.18440097745
2.13441872403
4.82610934643
8.08694428735
1.58100286585
4.56842004076
7.9837912899
6.15224637849
6.10342786534
4.87502689946
2.95171460824
5.64231197764
5.54865324162
3.92537189627
6.32519320805
5.40571677466
8.9979752567
6.24596363687
4.52994418978
4.18290930646
7.22253722667
5.62813188098
3.40682933945
6.57898959903
5.15296091737
4.1953970614
6.06136869234
6.81578811159
2.56156866074
6.62063435443
6.95854689873
3.41450082447
6.12558996309
5.70568568578
2.43120123759
4.32288489938
1.600445779
5.73600049706
