2.38659327732
5.45669833873
3.65610189959
1.655580842
4.21112350705
5.17927543407
4.7083461223
6.3333530257
4.19791588628
6.80101528675
3.3574551427
4.68706719774
4.7426649612
2.14108385099
7.16415673386
2.6705119213
9.66003396533
8.22482882182
3.72917821768
7.86904065539
6.3180545375
3.69232653841
4.2967568891
5.37323809818
11.2472554872
5.95618417507
5.24118741463
7.52683080925
3.86381690708
7.31607353654
2.90340529667
8.23280832598
3.2322981613
8.54232194044
6.30028475168
0.633668897644
7.01658279501
5.15227815547
3.88655757093
6.72846433053
4.95891315019
6.69719244536
4.37369981411
7.26343795865
5.23842964041
7.17203006214
0.598356843975
7.39042213168
2.79657063275
0.84948199302
1.53597722891
6.70328672189
6.80263587827
9.04049565182
3.94338750336
8.13215726062
6.22387971441
5.82604924001
3.48823953958
1.81048439539
2.72703694801
5.92155405909
6.11458838828
4.81249363189
2.94923646109
4.17981017027
2.18280169704
5.43317060769
4.7319503724
7.19568210175
1.5440724971
4.14771386818
5.18392915241
5.81952184551
4.07642338863
5.94914059921
4.18742244667
4.35827435418
4.35238391353
3.22019751557
4.99912263604
-0.506984851762
8.67441598622
6.1525554852
5.26326439406
6.81144409339
4.43256544506
3.36177455949
4.66747388741
4.52391144086
4.51812428253
5.77330092474
4.50336258674
5.04883911911
8.73582117796
3.79716935445
2.32715581839
7.04292662977
2.99467259936
8.48914667583
6.83189974203
5.91328367037
8.52924452355
6.66998641054
2.81914024235
4.07127432526
5.43624794342
0.610284181222
7.14249534677
7.72587780617
6.08076903137
2.16762265697
3.06608786322
3.88087078414
4.13248761553
3.43146270026
4.85080168816
1.28679699756
8.70584503962
5.2050186024
5.54477718002
6.51086129233
8.42476577762
5.73679299182
3.48588867255
3.09103589937
3.25177591581
5.1585098286
1.99317586479
0.73732172738
3.47033713546
6.74633193419
5.54416221053
4.13223767011
3.85592038872
3.90118850304
5.15031410754
6.54356510505
4.54870924469
4.41855884727
5.9120797472
5.63602767059
5.33049882976
7.23104819223
3.54193738618
9.14828267628
2.32187887069
5.74637334262
4.80091799577
1.73688727475
7.29982093089
4.95606161016
4.01837892317
3.97580770518
6.00546498544
3.41801300286
6.56498529845
6.7300661156
4.21406120386
1.72087507494
2.59266905183
4.70222527753
6.68633413956
5.83294260659
3.31125085492
5.02463336118
3.49379118645
4.12709206701
-0.546276392648
5.14567665452
2.90168756767
4.92111544956
7.29261932517
4.47714375509
4.10386378125
3.99179600588
0.830906062513
5.67167480036
5.12476005485
5.168625479
5.64935672438
4.31977848089
0.9266134003
6.1407996021
6.27402812676
7.71798049229
3.66738132587
1.65114682127
6.74205496849
4.98705259124
4.16396765267
1.58088342632
7.30228973906
2.03484674663
5.89736705071
6.09523766826
4.06865142655
3.68740739687
6.09662291616
2.03819508787
1.96225415159
7.21381444215
3.33255645175
7.45244124436
4.66539181231
5.38665402699
5.93487426866
8.2034171208
2.93019072353
2.82312843753
3.36475264686
4.34925767146
6.46237096247
8.35481672335
1.462676748
2.9891984622
4.52570554644
1.14958289222
4.52830107911
6.4495349953
5.34103614412
4.11935394449
4.88042033998
10.0147884597
3.61911412981
5.86570907717
2.93925029327
4.73771109949
7.14243959058
4.65752629741
4.61310335783
2.31621542713
4.18540624928
-0.101159168405
5.95321834037
7.37498212758
5.08352472804
3.79106773772
6.94410285681
6.56089702092
5.0637861815
4.16953719001
8.25055766299
4.83410290377
3.4105368175
4.60070489371
5.07834606051
6.26911585238
2.99467229466
4.35232600188
2.40946963378
5.26836697554
5.76399229765
4.0115210044
7.96312803852
7.50382382267
5.36144173898
6.30190418355
5.59974472582
5.50649362921
7.51042657937
3.89224784356
7.33149728207
2.21722191702
6.81663774438
2.31961336521
0.972523657632
4.02168673379
2.19251343431
3.81492758601
6.46684506742
6.05985350325
2.01314044029
7.74544424307
5.95283333867
5.55944905587
4.63099453723
7.26991740946
7.31786679303
6.67499453323
4.55395247999
5.57160185803
1.43263763759
5.1110618119
5.52305772183
5.60635509318
3.53972544974
4.74472476579
4.44742459918
4.38544582407
6.474512888
7.5811437366
5.65536507128
3.53626233968
5.92630620571
1.39850413471
4.64639103002
5.76276009673
4.41907089756
5.02978598362
3.91017309169
2.44820101717
5.71471816162
3.39742248323
7.61980680641
3.46822093429
5.2794004721
8.20577139222
5.26534385583
7.46561906192
6.91353426351
6.00095980738
5.85033757265
9.44919173982
3.98839696591
6.05605719002
5.07466856722
2.12941668767
2.43531024067
6.23651332445
6.62628001854
4.66151527082
2.46372927469
4.61122741845
6.27757378125
6.08267582551
5.63333391545
5.62383490774
5.67823218306
4.56512259472
5.94533925034
7.44885445569
2.28609890638
5.71639311428
2.65611068197
3.23026771185
7.82733067518
7.54632824379
4.51735642508
5.0046795799
4.72107702407
5.6910385162
4.5805866748
2.47651852618
5.72210576259
6.39343066452
4.67597325525
6.46384296797
2.46315795111
6.47022853947
4.6778135046
1.80800496645
8.77489129466
8.62482603543
4.61826768794
6.51075157027
3.29886957767
2.99189919367
5.96569469029
8.6558284637
8.33604506747
6.72630625571
5.637257728
7.32046747402
6.94543223969
3.14169946192
4.01578742259
5.7600366319
6.95567419235
1.66883313415
3.25107234528
6.10913763106
5.2976829466
4.81881167087
6.18517984939
3.40998675271
5.60642410544
5.88066036256
7.3566046759
6.28307489018
4.57084107133
8.25045039341
6.50106365054
5.52264509236
3.86524146245
4.45867273868
1.61462488769
7.03661586483
0.897118696651
6.35599288673
8.73370276633
4.82480970425
6.98686398629
4.9924583292
2.97373679863
2.64560663575
4.27440499625
4.79284420906
5.42804378813
6.51199651907
3.76147913968
4.79665579186
6.33470696533
6.71393296056
0.981339750334
7.24398082498
3.9879920748
4.44835146735
7.52751746715
3.87903842659
3.26239611135
2.75240624617
3.73482559102
5.8265334612
6.91544387188
2.70157306431
5.98852965711
6.0349074605
4.35539675003
5.98075838307
3.52479289389
0.956806004099
6.31525132802
4.04463324442
4.74172490801
1.6986349671
2.54009041276
7.56174519261
3.95637640718
3.53525113049
4.59272663123
7.55796146863
5.52386009872
5.53631257313
1.40450458858
6.18767677667
6.42446021158
7.0803889271
3.80840751205
6.45227935553
2.54853122057
3.53174412279
6.53328976984
4.25091721339
6.01197500826
3.12242769623
3.89528616044
4.8059249769
7.06552535387
5.33282464594
6.0366604782
5.97979678098
5.41729956732
1.33544514582
9.20232657105
4.59267227257
3.90259180805
3.96444101277
4.00785173683
4.82698534897
7.5974592829
6.84437761152
6.41511986849
2.68883658009
3.84840202431
6.7537202183
4.21825168557
6.51821275146
3.684720523
6.30397070201
5.05623344152
7.25915207301
5.82840287144
6.19057562238
7.51419769046
5.11195546092
1.66769154101
4.84861205886
6.60127058368
4.09082733792
1.65943310375
3.9547021081
8.06944924381
4.40675593245
6.58226390233
0.694877118899
2.2236633313
3.42964529903
5.00050087984
2.99971878698
7.71552319468
3.64246910566
5.96339884877
1.75103421367
3.1900352582
5.47491662482
2.2362482545
4.10582359534
3.84761588559
5.80373718685
4.32577166093
6.71249001245
4.03161329003
7.9649499816
3.37984014667
4.87142571414
6.98379281349
7.12026191297
7.34507725221
5.43846020291
2.49741370245
4.49456942759
3.41633886208
5.30782293792
7.01785864119
8.48530277366
6.44416398078
4.10740904142
8.00165734822
4.00985296418
1.18721848721
2.9170520946
6.2115746337
4.57042465084
4.76720751496
2.63411214158
5.88143020874
6.20455857396
4.07881424451
5.96517829113
2.96552084363
1.87665754268
4.92077443171
2.66871078501
3.00265078029
5.79085729447
8.66576114228
8.45893313355
2.14530554502
3.77738110057
5.14713058792
3.37845094769
2.05551780548
7.29122412499
5.9326543565
4.53613121983
10.3090626074
2.1498445487
5.137304737
3.72838979244
2.67843964207
3.98275872362
3.28039367675
5.47545764986
4.90837624187
7.02397696324
4.00649739735
6.36515895813
7.10465617549
7.47256820618
6.6404859412
1.90351327886
-0.807572211035
2.47910681862
2.5979599302
4.48250016415
2.85141149951
4.34829898715
3.9805292443
7.55016309393
5.93054581292
6.15722608523
2.14525256767
5.04778176247
6.7188059131
8.02537076462
2.80885398877
3.35808436642
6.19713408727
5.63596946003
4.23311140114
5.33271988454
5.59502311535
4.86891331539
7.62047178102
4.0291706113
5.09790895474
3.19441202794
6.85706696549
1.99641419687
5.5048142474
6.39224936327
7.64614799742
4.08863887371
4.03147602664
7.23988031144
2.26895046263
7.83953829908
6.84222542643
6.99695668707
6.68846418613
4.35550722945
2.03325994474
7.33111767155
4.99617697278
4.3598435056
5.16541447661
6.00454067801
3.70564364135
6.43265657869
7.6848595611
5.59592821568
8.7496376246
3.46508530687
3.23119315957
6.31479446316
1.74411241073
4.91767334851
1.88441391385
4.47839701924
1.33344142996
7.52644700132
4.83287617771
6.63231496962
4.32889942542
2.88812326709
7.26555332529
7.58337543227
6.69679764911
6.27256259252
5.67271826828
4.49917349518
1.46981724728
2.3114402881
3.04517564568
6.31704444202
3.46400067108
8.21713829968
3.67002221159
11.3997306594
6.20121323452
5.91821863616
7.098404487
3.62057101778
2.74158040546
6.90012747377
4.34499664496
5.51730945082
4.70919810624
4.97345683753
5.9906957197
5.04647725491
6.96043477678
3.74264235956
8.71830800365
5.69088009786
4.13622461662
7.33728108554
4.3558555755
5.21759849118
6.82382564369
5.99551304483
5.17240993486
6.62557844328
8.61735140483
7.03641403097
2.31986287609
3.36457726149
7.36597132196
6.12734577477
4.03573282689
4.847529316
6.62770602698
6.69743738118
2.91183645433
1.44344601065
1.25174572534
3.22201666443
6.19219716656
2.61949070631
5.51609140224
6.00759174289
5.13694844887
2.11603648578
5.10262670341
4.06185807497
3.98433173867
4.29989655874
5.80829520853
5.29928367442
5.24480578766
6.11348671181
6.34873025755
4.55994577177
3.35068421949
7.90224039808
5.31918752645
6.9231409103
6.70053531144
4.53495670638
3.36075449615
3.0213633214
7.15645264486
4.61328274989
1.34897172034
5.26777256268
5.28103178132
6.05181098554
6.20461795647
4.9803520923
4.89841964679
6.18327264109
4.91307741634
7.24311496437
7.88835025453
0.344156913556
3.27337100018
1.44022792466
9.67076488755
5.31843639673
5.27504631984
2.80176880732
2.49459501565
7.42894423144
6.72868954893
6.39116276294
5.25170111626
6.05809642309
8.5210502178
3.86184683182
2.31748966282
2.37229550517
6.64540300077
3.65604496553
2.95695343699
3.6029633793
3.70822334296
2.66559914859
5.86807760567
3.81766197238
4.8140204674
4.93976938127
6.1065402405
6.12429477531
6.05667043906
4.35893077713
7.25430216286
1.6195894566
5.91722701488
5.13758817942
3.03440174033
4.1273619816
9.51760647509
5.67369020387
5.8515614169
3.70639122871
2.77742424666
6.72466298127
7.07994930469
6.61818882007
5.6308631899
4.73155667593
4.37268581315
5.2486493816
6.57931136792
7.1301252138
5.62094782335
2.18607060286
6.54601396892
3.2261766854
5.42331396411
4.98951298096
4.76183226999
3.74369424033
3.46757374578
3.3063839143
6.16635043634
6.19743941225
6.04125193121
5.85453776611
2.86836425661
6.78379285241
2.52148217257
6.13604659844
4.24913998931
3.88873116434
2.83781278386
6.4192846627
5.50853881492
1.98683527943
1.91836742099
2.85894046153
4.19918266693
4.78394708434
6.54800806863
6.46136580468
2.78150405476
5.84497991642
4.11535238099
4.91775341319
2.26613373871
7.72520805109
7.83452713483
5.06020412046
5.83163822659
5.47658964605
5.56980138854
8.48819506458
2.77235867555
8.82260226477
5.95041068756
6.44918530956
3.32269610481
6.76907635914
5.54033655542
7.02468554097
4.1378331516
3.7557550779
6.45777318752
4.1327763646
4.68172675707
5.5493456729
0.839563040973
3.34250069882
6.08957290876
5.89322378038
3.26120838472
4.95920070037
5.47096410115
7.02151359032
8.01191036424
3.60467443086
8.60894809072
2.77793496271
3.17410664159
4.81784825609
3.69219221212
5.83280258705
6.03895090701
5.00837577849
8.64516842377
2.12242750066
4.93888729416
6.97705953301
5.82220892762
2.28547738035
6.45621456385
2.39521390113
3.06968256003
5.24439761439
5.9104172773
4.00222518455
6.16447286008
5.00259088671
2.51900565273
4.73369024708
6.0503613754
6.60519960155
8.79047088047
4.28696475038
1.07114205435
6.476511124
7.87743938
6.2042338519
5.34293123673
5.64762746268
7.75590888839
2.21286945643
7.33071827459
4.14565619627
4.86105762046
0.444288206818
6.12149266874
3.62499578849
6.25203005076
4.80629105392
5.49579954791
7.4397517181
3.0031952612
3.22287402567
4.47572550795
7.47652591847
6.91619039693
6.58941261562
8.09408405408
1.25555190884
2.73210293864
6.21994650918
2.82559326044
7.010770637
6.57966271033
5.69322258154
4.69385986571
4.18563906328
5.51299731002
4.81090975705
1.41200062004
6.69743537823
5.15703585985
6.83458665072
0.423023680747
3.86886159588
3.49075932843
3.36443045756
1.41398565733
4.50612556588
7.1369845048
6.45472681136
2.79761705551
6.76446021345
7.32613415463
4.71574152133
3.85840655401
3.4260028206
4.92728917717
3.97082629607
2.61738650352
3.09307089525
6.06240261566
3.01563412086
2.70949632322
8.8145374435
3.16856911839
2.74102631705
4.5180437279
5.67250569401
1.60489138413
8.37450875258
7.12769241379
6.82828105829
6.63523121353
3.82535332687
4.67516431876
5.93406288992
9.12970938997
4.06253365726
6.70002780658
7.58572817157
7.56398144313
7.28299325468
4.74216437299
6.8099866365
1.94610822616
6.53371321819
1.68561248964
5.0083890347
6.95602610227
3.58437422024
3.85344405483
4.79551273185
3.39824614609
4.05183977344
2.01324246863
5.09185175114
6.09118436071
1.18005000063
4.01604811995
3.92588367465
4.52158212518
4.51410441087
6.83750633379
2.08324732911
6.95059350606
5.12830824957
5.68353712901
5.36187362513
3.72408936355
-0.331261113162
5.31501315219
4.93387057185
8.60475027627
7.86826232248
7.14603381052
7.12506642452
6.24408535772
6.1541095998
8.31851873238
9.36311968792
5.63995992512
6.39287864086
4.34170960966
3.63426405389
7.84704084463
6.86577357334
5.34777510623
6.14822444679
5.49229919411
5.91636042857
4.30497506594
9.57365185175
5.57620803015
4.75379181363
8.74373077422
5.0996993533
3.44104581917
2.50204253359
2.95148328362
3.90970482664
3.74380480596
0.58997347326
