4.15926517273
5.76468376145
2.50800440539
4.07096953204
6.4141299436
5.77363873827
4.00668376195
6.34938486783
6.22149709057
8.01357483593
4.07800859971
1.08698452621
1.61042477874
0.700225874873
8.53136930541
6.52022827172
3.9623978691
6.26420940688
4.39460573888
5.1403460757
6.44615762768
3.36014429207
2.59952522516
5.54866478191
2.28346225667
8.2730960691
5.14994229636
9.25869042576
6.08779315471
3.53174559062
4.0756249595
9.03724003581
2.97007827735
4.39293012784
7.13329336931
6.24114368335
1.74210957085
3.30486681335
3.59507716791
6.03910043167
4.83664317144
6.99866703216
2.42358854922
3.75539133467
8.09536254668
0.848594622461
5.23172698599
2.1211953199
7.83415409397
7.22290958502
7.93957624545
8.7393616805
6.8920624898
4.48775642373
2.51203662378
5.28687125122
8.17635019577
5.66127539698
4.83059303406
5.36814123676
5.61765285457
4.63689050562
4.44047124194
4.07954429842
3.36614666513
4.49104673261
5.84852624264
4.44211772699
2.89681621545
2.24379211162
2.61623081398
6.29424172721
8.59091728113
4.27043992115
3.48837814384
3.48153313283
3.18524147765
4.38566396872
7.47116663895
6.658829833
3.86217382557
1.92363732783
7.91649847551
7.59473353677
3.94161894434
6.94807108442
5.77723057538
4.17096554563
5.64921372289
7.1385028452
3.03364907806
9.50310575354
5.98327571707
7.86368322011
3.43609948625
0.401494369893
3.1574674047
4.02178604043
5.06625453987
4.21138383503
4.0615527909
8.26507632192
5.19738728554
2.94188639721
7.91654696997
8.06060143428
7.55349052747
5.50057467218
5.60740171458
5.72874833425
2.5781900682
5.68602736902
5.30383616157
6.41134564209
4.66895109249
8.97535749424
6.49519946823
3.82691766373
0.980475742704
5.15848667699
2.47992338694
1.08417612202
3.70332643805
3.57801591041
2.47496182665
0.638020955798
5.29437467793
9.60934911555
5.74722291441
5.71805021705
4.60863442592
4.20968542187
7.69793215401
9.01095416244
5.76132946788
0.83889448335
5.38466180263
4.43066606352
3.15484758355
3.95230257651
2.77999094387
3.79244868589
5.84588145777
4.23188217158
4.05140596913
3.57523766894
7.13590109048
3.6366237169
5.46076712508
6.60944208167
9.74217270963
7.43327009066
7.066011439
9.67040258457
2.4834154295
6.73315852032
6.36726407118
3.42427471348
-0.183589158674
-0.301786729547
5.58326178474
6.75464977198
3.39285597019
5.60476903315
2.92428029187
6.82068451144
2.40706191468
6.73728825024
7.10973767055
0.949766816061
2.27491186333
6.81891528448
7.63876999968
4.01321080843
8.26901499126
9.71391071898
2.31959998273
5.78984709081
3.14945783784
5.2624973692
5.68899917742
3.37272564221
3.13738269298
4.87242270077
2.49445371238
6.87195434499
6.49491290612
5.94808323268
6.31562588233
2.80402262836
6.45873108235
5.57786874519
3.30421343029
3.17613062661
2.95484404926
6.83812885325
4.67584458355
6.93809153448
5.52506358768
3.63789920619
8.49013032158
8.79772571326
6.70280311202
5.09569423171
6.00520998532
5.48067965036
2.49167957229
5.15310467041
6.79728055817
3.45175362069
5.72182299481
3.32795711196
3.88736704652
7.23528013404
4.13048377619
5.10959080842
3.54271313198
2.22956137579
6.03121594174
3.88534686895
5.20661847311
6.66206730974
4.01196930219
1.07434212021
5.13748513116
10.2310440893
1.15263449986
3.82844128378
8.14080522043
5.51340590888
5.15215397865
6.30283035692
2.70384494441
9.06564133202
5.28408264176
6.06426925725
6.6728941934
5.01734501828
8.46341352286
5.64985967482
3.07776250076
1.27572532361
4.90243756632
6.91793993589
7.84401897292
5.13506120448
2.69031379147
8.45679550128
1.21246244892
6.05646728354
6.05938903201
4.88363423874
5.46681900371
7.23325347496
3.5816868172
6.12517203657
-0.411657383688
4.99130793705
2.69735136217
4.06443047831
2.37652052508
6.07574566861
7.07926810037
5.1995472802
2.78813245521
7.97315388487
7.6820650413
2.27233550526
8.09294969427
4.93708708516
8.89447728837
5.20333572934
4.95859117404
4.02893585511
6.69870523012
1.80046210762
4.94631018706
4.57707715486
6.96809008354
5.07985283376
4.29621926319
6.9272416424
6.11413191049
6.61897365029
5.2206827789
5.07814104431
8.34710981256
3.2775887289
2.26090890614
8.06245288469
2.71558198407
4.35706792094
2.97690862622
5.51441767959
1.93939449768
3.27220664381
4.4269239784
2.76603669793
2.95524074878
5.49133750758
6.49921493935
5.10629219465
2.55390296326
7.69724013295
4.20626316133
4.57797241435
6.68332617269
7.47242756922
6.63185104193
3.13584197397
4.35801614967
5.60410493887
5.04682911814
2.66130074379
4.14614525739
3.51759272893
6.48690754421
5.55193472719
4.139776365
3.77728535419
2.62460141966
0.21703299644
4.65287916264
1.75803961093
4.33354274389
4.0920252284
6.8455109805
7.08029038907
5.28236219119
2.12962616656
3.11985936359
6.05488130081
4.66413470112
5.19664483366
2.37022535518
5.04924253251
3.77215752867
4.84637548228
4.76428186404
4.4994587065
6.67688412657
3.19098711588
5.52116101625
7.36311875665
1.73979547045
8.76130476825
4.28600734779
4.7195782255
3.38152861954
7.70985592096
4.2755309069
7.69911365229
3.24002416872
5.45942961277
5.6226278449
6.00305799195
5.84013997038
4.63510274851
6.24872411816
4.42466285628
1.63341937543
4.27299811869
0.746822210349
5.9630324358
5.89490125031
4.23684512148
4.30336046092
3.97683312552
4.47047155289
5.82848063232
4.01859247924
8.38809232842
2.08369353008
7.93490289225
8.12182027547
3.51588453802
3.81937730604
9.01130249162
2.89238938118
5.7530822271
4.92764393056
4.35377239293
3.28935164908
7.02553563011
3.43811506811
5.49046072278
3.6273321486
4.96193784391
3.95989285369
5.19094234789
3.48869760771
4.14657838305
1.93553213903
3.28729568867
10.1070912814
5.9408096895
0.708870761179
6.64645572725
6.60893308279
7.34496504851
1.40437688558
7.33520147611
3.12721895229
4.93772396478
6.27981872454
6.2228174674
8.91107687273
4.35711811951
3.98651447602
2.17642693446
4.26176116964
1.32770682353
4.199103894
4.56856403436
4.82536439109
5.05756895072
4.59741207594
2.98247339022
5.91606771288
7.3141701788
5.46475901976
3.51540728491
5.708898936
4.08780389414
2.37836448619
5.55287203115
4.97955509494
7.35887216082
2.78235123954
4.44758220426
2.87983299287
5.3559977162
5.10012490698
7.97060416377
4.34349491642
5.958809525
6.36460302527
3.34656700078
4.6283212564
5.37491753799
7.28222184537
5.72501666107
10.9894828313
4.3490023335
4.1017649799
5.67161856033
1.4451838657
5.08615383015
2.91877804878
5.60507790046
6.69901388726
7.36390804794
7.62761611692
5.26758097145
2.49595249662
5.16508728216
6.20500398253
7.58995708647
4.34875524902
7.05540197124
0.586081830985
6.75432101303
6.16654753672
5.04660493551
2.51230023847
7.79016672134
4.04804539151
7.79735769219
2.22215255856
5.512220079
5.15153954237
5.52519470993
4.62671883262
7.40851613697
5.51324247764
7.07022053309
8.36398384386
11.2258763508
7.52015771361
3.0602597462
1.49334630878
6.57647268138
4.88957992508
5.74822891424
4.33352106526
2.36693645611
7.25027126512
2.48185004636
8.57250258844
4.6092141092
4.05915058859
7.27987573781
3.34968635017
4.51852515608
4.40288641698
3.34965275228
5.38337815879
2.70037701468
6.55681334131
6.41652390527
0.670680593823
5.22063617614
3.97747543694
7.47808153766
2.94136098128
4.26791070665
4.87323265654
1.29934327383
7.75679322681
3.66625956409
3.45918198753
8.66353224213
2.7668471329
3.0935447193
6.55350364844
4.01988451615
4.08244684594
6.76169437446
2.48789444542
2.47250455545
0.442809330548
6.89328752858
2.35704378423
4.83957139306
9.17426310022
2.09740416397
4.24740385321
8.66123279608
5.50792522159
4.30749877638
6.51789587323
3.02257428815
8.62942638924
4.65906906795
-1.02187605053
4.9340560584
6.95075107843
4.83978433548
7.24943804418
4.74505529632
6.56541193572
3.67499542231
4.66267516707
6.52920470132
8.13188335245
5.08148818426
3.02200470745
7.83984292652
4.07982153222
3.77302475587
7.90466825933
4.80204737014
6.75781079469
4.77115746885
6.18985892909
2.40879197775
4.80779752202
3.66593093884
6.2012521288
8.48431187916
4.22077494356
9.15678781665
3.29144176353
4.94846828692
5.48662539218
4.99893621961
3.92638287633
2.54978948235
9.39578125774
7.25701721549
4.48418506026
4.59264707468
5.70548700655
7.11808729763
5.85666936922
2.89027724325
3.5537070692
2.01976279274
6.80321388489
2.89237039106
1.92546233081
2.89239524824
4.49455845502
6.05379483725
6.66275360906
3.04005616531
3.81430331914
5.23796288522
9.83135165308
6.25788992327
2.3089968155
3.13796712932
6.72932707739
5.46320787989
6.2835523004
4.68082209679
5.98299832679
6.20899876176
7.45824559641
2.99466980216
3.40826077855
3.66379988598
3.03779595741
3.6279822074
6.23294377899
2.89333297345
4.71739482631
4.31797765669
4.93158405384
4.69304165889
2.93566885494
5.91390671908
5.35962216654
4.36306583036
3.29531472935
5.80849807815
3.26102619469
6.73229187039
3.13272814555
1.8352285658
6.63619217365
2.53235166435
5.40322554608
0.828277304435
3.31111109009
6.53271460455
4.02728939431
3.41712494743
4.88827700199
4.51342186013
4.72325121383
7.66071972566
6.30984207089
4.41104381737
2.91556144505
3.95146274842
6.30416928267
5.91357037481
8.16220004306
7.90718307115
4.32231663474
2.87579841359
2.45271244546
5.09604509161
7.8669749785
6.05084350896
3.20101269263
3.84767657902
9.17456673173
2.18237562487
7.30357124135
4.74171029256
5.61114431697
2.62154460774
6.21509341681
3.41506110806
7.10409880662
2.12537068534
4.15541671269
8.30953569843
7.97706049134
8.62669312178
11.0114344232
8.50822324383
3.25504477842
2.13146756963
4.01503697151
4.25737300493
3.14185631033
6.38682191957
3.57913375613
4.96445055989
3.42029993825
7.06048581168
4.49577435561
4.82375555609
5.99683216675
5.78399395747
4.34831821161
3.54733662923
6.9661464166
1.79641452376
6.23490944769
5.39720699488
6.15779656164
4.9640470232
4.93301945448
1.94068683549
5.84657300483
7.53048055411
3.55978226382
2.56722467416
4.10774567004
8.29958903398
2.69030861538
3.96490818621
2.95404640617
4.14982811324
5.34693583372
7.31156123967
3.94858429606
4.07258145807
6.79030897892
6.3311995714
1.5277654146
3.60854560032
2.90056128529
7.29626860331
6.16509148059
5.43172547478
4.00840723835
5.68629910906
4.84706061574
8.07899821822
-0.652863987571
4.70109854227
3.41734236088
3.69452610801
7.69576905277
6.5739340726
3.61357759363
4.31838996197
0.374146552621
8.46425682972
4.5926481467
2.74420283568
4.78015186168
5.6741467311
7.61508142268
5.9612841881
4.66622070827
7.15920251791
3.33193962975
2.64044029647
6.03762333955
3.82652117056
6.49299791842
2.94192992172
4.98076267723
10.5190470924
3.71479315896
5.73599765271
6.65985233514
5.96630358052
6.80703883715
5.48271008117
6.0992574773
6.39408855849
4.12101881825
3.19111166262
7.01253637438
6.11461688877
3.52564005088
2.64383555368
7.12144772043
4.80327330981
-1.01113549195
9.51416762222
6.5071618589
3.10981918086
4.77855348305
6.02440990588
8.18389110462
5.4961034096
4.20029860487
4.92400020935
6.17747683415
7.22329195312
3.54376890972
6.5087571966
4.46473999297
1.75291024573
9.61909825843
0.781070245058
4.74932479298
5.80078610904
4.67977820273
7.24294574756
3.37422111818
3.34354825525
6.61694985753
3.25579072823
6.22983009195
4.78555319039
2.54292222534
7.37264838499
4.43278937542
5.24063773358
9.00516700857
8.24339302361
6.96645270312
4.04584469063
1.88670995354
3.46932207685
4.59171753617
1.34279719278
8.55506004637
6.62184684049
2.06312516458
3.09620835438
0.371420953
4.78830720281
5.20434116607
5.06732582094
6.56943173405
3.93077449479
2.12068440811
4.18009117482
2.18910659581
0.496526990186
1.85612782658
4.09226867991
6.67969258521
3.13199833929
7.45531471465
7.66504863612
6.46588592641
3.76419678813
6.68124439472
5.0079939581
5.04417354976
2.5442417916
7.43564108061
6.76474852533
5.07059833067
6.22439991698
9.94626923464
-0.985699014258
1.46088671615
4.9931958358
5.68631575705
3.26683774927
5.7750632414
4.76883327002
5.31105738807
7.53927299848
6.64458304544
5.70790810536
3.97556587446
5.14105109414
2.24201083099
3.33537351241
3.4634208254
7.88944009285
6.10631892976
0.342891140883
9.13697009676
8.37388018464
5.2986848095
3.65677273098
3.05577662114
2.6961943499
1.53496993264
6.04187807621
2.27197908293
6.56736809286
4.64607026574
6.52625529612
5.28913190057
6.91476758711
8.15766722894
5.39259184704
9.6731756095
3.13653638591
3.27922854797
7.36752777608
2.39835539741
3.35006838872
2.37432510715
6.73485157409
5.10765530079
0.394042620641
5.05960930044
4.22485910465
4.92929991948
3.82132113906
6.43336325323
2.23508582696
6.19185496659
1.90853425754
0.651836850898
3.20818023869
8.15758428623
2.04073254122
4.37303899199
4.97419442908
5.14430343115
5.96746835709
5.37478795626
1.87257819274
9.60444464693
5.69330479105
4.12327097401
2.87383549627
2.10725742906
5.13716614361
7.04653735998
4.33593950086
4.14358471534
3.34154216967
6.28310494356
4.53681402151
2.61499650966
6.0272601491
3.9637910711
5.65726068854
4.1624325826
4.23318599569
4.66176395864
4.62743117753
3.78694864452
7.31227744863
4.28820203908
6.47710583004
1.04171759946
5.74124735648
6.50018446119
4.66024800084
3.66162429912
11.426242602
5.9735089926
4.20239523729
3.81912407264
8.68117348524
4.32341611914
6.98838379504
5.32972007118
6.59718339091
4.91779394656
6.52290127644
7.58126794453
4.56505196095
3.73279820942
6.59329561671
7.20122704667
3.8213984895
5.63977067299
4.48259794524
6.77817665297
6.12144971386
6.17688859066
7.3582736342
1.90967352038
7.94180758888
5.92774889058
3.43345498282
3.64646059817
4.63385924823
3.92749041125
3.52370468833
2.98708666293
3.82849519711
5.41099822095
4.34012253313
5.92980844782
4.01032440927
4.09312342578
5.88619031492
3.71602312056
6.24158257873
3.21291184336
1.61350537629
7.26464771752
3.98554680378
5.22136410317
9.09467333578
1.96831755383
5.65903798026
0.204780520995
2.35805111372
3.69590112878
8.04668593587
8.61877232495
5.61344964818
3.82832560272
4.84987219386
4.74896102849
8.7495306837
4.34919116103
2.12317908196
8.06458907918
5.9647008491
4.80687706302
6.3357872725
9.57003514538
7.50394889959
1.99386473662
6.41132975943
2.02814889916
3.16930971673
5.04856040784
3.19455308555
2.29409442545
3.9478510734
6.51323388989
7.05761048128
7.44880571283
5.15472310275
5.42642925755
4.57486575099
