1.4706288909
4.54115918105
6.5183742903
3.15928940799
4.39317872745
6.64066398689
4.71213565586
5.44424420233
7.73005631237
6.1849319753
5.56075008322
2.64658158274
3.12696479399
8.18232450133
0.424518363245
9.88518714755
3.34419722458
7.9968323068
0.998955383632
3.643275198
6.70179668257
2.12540656523
6.1264542217
2.544321228
10.8058549812
4.3618891279
5.65555606353
3.42917734856
4.53842137039
3.26453906173
10.1635592346
4.57000813502
4.88888096117
2.80172428036
3.7376787553
3.41011254594
5.76182173052
5.49005660047
3.84934716445
5.83754559198
0.505855797677
5.62115598531
6.70765601226
1.18390294512
9.96927680557
4.01200721447
6.59563577136
3.81022655999
9.92891041066
6.02783811544
6.66748932339
1.35834045342
4.17368386406
10.1653251935
0.49331391272
6.23172255673
2.13803345248
3.07356177909
6.03610724181
5.57209022395
4.69189655189
2.12326508268
4.18936040331
4.82266212222
6.53825776691
2.70396560189
5.82495490245
2.83617672679
2.84257302829
4.59698021493
6.30833874936
5.82005464928
3.75325048194
5.50119225732
3.24281696626
2.58778691379
5.27810902455
4.57953688187
8.64351088769
3.863572187
5.1299341137
4.94462658098
5.71178104079
5.97627766231
4.63699662388
5.68875785445
5.27272102341
4.9214088923
4.69859756558
6.06624380416
4.42156850361
4.38410756591
4.12943392496
1.2475043751
5.03673778938
0.0524574800856
5.86498072296
7.30722896326
5.48111172958
6.57156047991
4.80553916161
1.4305399039
4.86091046226
5.4360139151
4.7028875979
4.29510588226
7.87128875467
1.64075312965
6.85482077158
6.24381632689
0.547226145451
6.51646465925
2.67293482646
3.09068622612
5.56978265576
7.96801258498
9.34041950624
8.23616975265
6.17450900375
3.87534834915
4.67445081671
6.20757800939
5.07656559441
2.76849577357
5.93272597369
-1.01493670242
6.54412864755
5.06601111155
5.65871559418
7.88389913153
3.0115109894
4.69634125453
3.9180191083
6.96292259434
6.20070759576
8.94983928146
7.0346193264
5.68898529135
5.94892308296
3.43704203976
3.95994598753
2.69760744439
6.53621323408
9.34397497635
3.53242183429
6.6034485228
8.40816911635
7.35975132857
5.15411053529
5.15267853696
6.11092257744
3.98203508714
4.48680176603
6.64740507131
2.55565826254
7.32888554358
4.26915890152
7.72677640847
5.97051842323
7.14717362852
4.66819590945
4.80007236177
6.21352605266
7.70257549362
6.45542131682
2.51149408464
4.4171956528
4.31599682815
1.74001875365
7.17370051624
6.04721942711
5.53608622803
6.45015393092
5.38622821809
6.267625042
1.92744550052
3.02005541008
4.76510160445
8.27929659106
8.28690759143
4.87477796697
6.99800252068
4.90242613504
3.59564865302
3.46383148077
1.21877292552
4.64850567269
8.37960215835
3.22856794771
3.62145508881
4.61547982644
5.29064772913
-0.131144102672
4.45514055781
5.98066591999
4.36357418664
3.54286380015
0.50834273086
4.70733038751
2.26877976971
7.80616994389
6.51280874039
1.81660304154
3.50815080756
4.13000843395
6.47685492197
5.89217527633
7.63943781619
7.96284493057
4.39845792242
3.70072631564
7.44914546331
6.43662352239
4.57089710191
1.52821338761
5.25220382
1.88203265512
5.14539006623
4.87829182735
9.69969182858
1.42816545802
3.94951268368
7.48877857243
4.79586949987
5.56915632176
5.85786230974
0.68741328805
6.18672161098
0.711993492076
4.67802668149
6.57272328016
8.01635906237
8.45037779042
3.85040008929
2.80276216675
6.82624820091
6.18036982718
6.36001961204
3.97639132994
3.97316725379
5.58745708635
7.09732293371
4.61726239374
5.55371093715
5.73373856973
5.71959722654
5.14132448722
8.96691093626
5.40696011462
4.80212374612
7.13601646659
1.20843647036
4.02723402246
6.02798787878
6.88581880924
5.70255021573
6.16860198554
4.7351008872
8.06372163478
4.33487856879
5.84827341231
5.35914398432
5.22137076851
5.06066870719
3.37365756687
2.2647721796
5.16855410859
10.2345149371
1.59991546046
2.89524467955
3.95801444368
2.92137012712
5.87553023237
2.7972691085
4.60504592205
7.58675155227
5.49168482111
6.21493532397
3.14765761465
3.78294858689
4.28271609417
6.24906744519
-0.43218105456
3.57583756109
3.72938549909
5.59617800611
8.21379837355
5.76658117229
2.60644178681
6.73471791426
3.20043937536
3.62372505772
6.10004535819
4.01519253542
3.7223451245
7.4883919623
6.3658523854
3.43174730943
4.08627294125
4.37230012776
6.6916073304
6.17813376174
4.89843512116
4.47504183902
8.67166360851
7.7816362099
4.84886028693
3.3327086426
3.69359279502
6.21416503083
4.07070188106
7.29519234883
4.02830363249
2.67924152881
5.87469917136
4.52722019166
4.50723957241
3.53770226455
6.63568522879
8.49319448473
4.00811540244
1.03563383304
6.46111622453
6.13389657477
4.11747350057
5.63175971213
4.5146321466
4.12462913178
4.83044118333
10.2220358348
4.48150243963
7.06612897224
8.26498929846
1.77654364982
2.1305445119
1.89307479241
7.54104419496
7.28191633888
3.32415033456
5.79325741611
4.87819696487
7.07377023853
5.90359894389
6.28747879139
4.30946892962
4.74881138724
3.16020763842
1.18501837661
2.72048451119
5.23382400439
6.26441264554
5.6856759372
5.33116154161
6.44972969842
7.47189852684
2.23208829746
6.75064774363
6.10713138044
8.02017007463
4.2882943329
3.0269592359
6.46231143889
4.77298445377
4.78758275904
3.38764231357
-0.839067767572
7.61789186903
2.67687571976
3.12483157056
4.91930222613
2.89611219481
8.56189141679
2.36146267776
6.51274562221
3.76900899644
5.07778291949
1.01340605404
2.99030275283
7.44363298549
4.60270714617
8.91835937112
5.77224358328
6.12854954621
5.1650684549
5.71773784622
5.1534596982
5.27920800309
1.87144794712
4.66463354225
6.73225550751
5.79748550348
2.60918636549
3.53002419621
7.11627719538
3.13500692152
6.07513957422
6.47089812463
4.44442002962
4.05085488098
0.910622750103
3.31681447151
5.44447502892
3.86317833695
4.18153391611
5.78571907995
1.16750351567
3.49905816487
7.81105265443
2.26557051452
8.12959465642
5.76369009947
6.35061458051
5.1212191761
5.73417515026
5.37572919258
8.11998150864
4.97586308822
4.75460003407
2.41815648486
4.97760441813
3.05870708037
10.7063910645
6.32067516712
5.85005099821
8.35370036931
5.63224236145
2.3348601903
6.03349783737
7.25402874331
5.70809875269
8.18791831036
1.17215332555
5.8579364197
2.79754889057
7.25773351458
6.24817959325
8.40420461088
3.12202162566
4.43166431085
3.92651257613
3.68798421283
3.27530855722
1.7517450578
9.17404731798
5.64843962898
4.64239328379
5.82674520709
0.0458927955145
9.64342657492
7.23621612691
3.68880587338
8.73508909845
2.32170368197
8.03605174919
3.94078622033
5.3376416576
4.36435398157
5.58635542102
1.56855375398
6.8116201211
6.96393005856
6.72902952274
6.74538915804
2.20772421024
3.25600986926
6.30155915962
6.14535442992
3.68633343113
3.55049709166
7.44668063036
5.44501134571
6.18732520094
4.51513511395
3.45235803035
3.69967918934
5.51939048066
6.0492183825
6.23735778847
4.79909588323
6.5016385025
5.2942308802
4.53036428634
5.21813643512
5.61644213027
9.03752977258
7.47590094487
3.75369505556
4.44104012964
5.79030544732
2.50138659057
0.756222661547
4.80772155542
7.78178708781
7.33441559988
5.10127465923
8.11694748861
7.05463938719
0.301268101672
1.68505950299
3.1391377436
5.85972282619
5.09750293588
0.876232762441
1.90294615421
2.91645541373
2.68358939425
6.09791353065
5.2982219252
4.68394371731
3.27008490947
3.53324573396
6.0810944373
8.56128269852
1.19642899706
8.02831841406
3.02896874262
5.46655720122
3.543341042
4.12961040377
10.2261856041
5.47832515367
6.19744768049
6.43040669952
0.840924949523
4.04058293309
4.70845529439
3.76413819635
5.51912940626
7.12506099975
6.22117543589
-0.582544959569
5.74368031836
4.16744522679
5.62996027669
3.7321664515
1.55836454223
4.75523819064
2.22317697801
5.2001687435
5.3099312273
8.2734117811
5.22470921627
4.16827394367
6.86405924734
1.80019135536
4.53140748813
2.0032110587
4.33212035954
4.91270198558
3.81127141028
8.06368659157
4.14237267725
4.52146597333
5.30843922752
4.22443148158
2.67302590993
4.92454908444
8.73350252785
5.58429424628
4.28878937554
3.61732501544
8.32565833131
4.30877733706
2.9304229909
2.79396659105
2.55615587542
4.32432000806
2.51528841948
4.80873421195
5.82020739125
7.04179549893
6.01727870422
3.45989909652
1.42398165958
5.91336141275
6.25001535083
-2.55841336758
6.74777789951
4.16702788129
4.48224200757
4.52737429151
8.08284800503
2.12419340659
2.13959748392
6.20882723562
2.8836917132
4.97718864311
1.95250695989
5.9104893062
2.19966049154
7.6352570025
4.16233624069
8.00481233737
5.17860566648
5.20158594755
7.79061489373
4.99362840039
8.27406078718
6.78172527974
5.95433770954
6.5290091938
7.7906049261
6.66465892772
1.45116498452
4.46071015039
7.11222374586
1.43171823107
8.00478144971
5.10717404014
5.81431070101
9.60164631328
5.57409877552
2.93953107667
3.00280558703
6.55399121278
8.61670320298
6.69914521732
5.73629029836
8.14146920794
1.33363696536
6.97385821848
5.76794136999
3.52266215548
5.74438300831
5.84399649002
4.34009616904
7.65018616993
3.8769819514
2.70982821989
6.00689401033
2.74661294883
5.91475880067
5.33858150326
6.08759934707
7.36307560563
6.87703150954
7.87725895557
4.21101887721
5.17016133353
3.0761346353
2.35948284569
4.6457895357
4.7350790251
3.97386092894
7.76744405732
3.53501267738
4.78427314826
5.42217418969
2.64471817693
5.88559031357
6.34197198581
5.01151954688
4.06615967622
4.33797013983
4.81229066762
2.10969936094
6.14553239423
2.41859646249
2.43037736578
4.71877855771
3.79342187198
2.83909802127
5.0203829967
4.55554359172
7.28563498118
3.78291903457
7.42834522312
3.9890317245
1.54407313621
8.35754768444
7.39325319313
9.09488874859
3.14333479511
3.91702198401
4.0220411176
3.48519013007
4.35453531889
4.43501035395
2.14967878019
5.64972200039
3.27703039796
7.41486478922
5.57752426789
2.9347111722
3.7584609335
6.32300766127
5.08546570033
5.54398096277
7.16538940709
3.70212360835
-0.10407022261
4.79590106067
4.1211968263
4.06483646743
8.43300076314
2.5452725921
4.51271903568
2.68792955515
4.90033554493
5.61506946522
3.71371754314
6.25733596576
5.84772785248
4.97881600276
7.30659003468
4.17318532288
3.55476056507
2.7793545063
8.15230523116
1.1858260727
4.98415187025
4.51289305201
1.08696697813
6.39129691994
6.76169300175
6.85584890878
5.14744035126
3.86850513076
6.87826565108
2.35952526273
3.0263514352
4.7520408657
6.83552052365
3.33523616108
4.83118372878
4.46820019894
5.36812459931
0.772689829801
7.34098360334
7.19731082743
2.67295306455
5.2499389612
5.4571981945
6.11511635528
3.31305020044
6.79083306344
6.54089076622
9.63160616834
5.50617995456
3.66216902596
3.20433759273
3.21641880102
2.45641499096
5.60357538963
3.13592217676
8.88171202023
0.542494172593
6.52645972375
8.67091901664
1.12984559652
2.97540097852
3.96663763695
6.20147854767
2.55143803827
7.34116076352
4.25810504387
-0.293042233451
8.49179214567
8.3166429499
3.01509430305
1.71960719358
5.29859648206
2.70675972838
4.19791200768
4.65587191416
6.14294517645
3.07240483919
3.82263574249
2.91155422743
5.75865316451
5.80012353071
6.04847051686
2.93132563536
4.20305736769
1.42873421374
4.65148428569
3.0430086968
4.43911739971
3.14673073615
9.20083502655
2.55376423166
7.17382285062
3.79060429602
3.39721761101
7.35624536771
3.64852116058
4.54957956034
3.41717537818
3.41282918948
5.58684578821
3.50683075774
5.15871591924
6.27626734251
4.08087569068
5.04717710158
2.9488318923
5.22324352569
8.28064972618
4.36377205188
5.24206273512
6.42549700633
5.09373736633
4.57296915337
6.17894459322
4.96190135408
6.90981500845
5.2260770613
6.21618526534
3.77468678259
3.84472915616
4.78724184591
6.22715979095
6.38173604901
6.64748497763
3.61714363947
1.21481621009
2.97700936033
3.86922217423
5.24369904195
7.97105385151
6.9001599887
3.2506570872
6.03546968289
3.80306674241
3.06904470769
4.51806410847
4.5752911507
7.65869303374
8.89720890751
5.84896707504
1.65364080296
6.27537181026
4.46595760054
7.97739272546
4.38230188619
6.46491550664
5.0733860057
3.47504413265
4.8568553016
-0.0835660539018
2.56901477267
7.80183980167
2.45398435934
7.91920901459
8.21934556677
6.8396220632
2.64541463154
7.12173789526
5.72744577508
2.67551996829
8.78826032841
2.68239739605
4.23726055097
4.9459334484
7.57020948959
4.31463704196
1.40718465117
3.79692459783
4.70377100764
4.96648591799
3.2169717751
6.65842440688
4.91165362545
1.95816437493
4.77193168841
3.62122315008
5.30735812044
6.45555408299
3.89967259614
5.93502457253
7.38281280149
4.21422324878
2.47899154951
7.76795190603
7.54492038399
3.30081223657
3.71748050965
3.76337935153
7.67052969461
5.16464362413
3.51090201304
6.47263632869
4.73984805305
2.07838495729
3.15032824673
7.1766870902
5.77556523865
8.25292007722
10.2331704715
1.47740601956
5.23423147435
4.0153017636
1.65329258811
2.29771144214
4.48496305434
8.52148851512
4.33994879475
5.5040996896
8.346827241
5.93056598176
7.11931996332
2.81042038623
1.70864539685
5.40878048292
4.77611423401
6.3210347079
0.79075802144
2.78394898238
3.43362296495
5.24487208642
5.21174212117
6.17338216787
7.69930006213
3.29954516056
7.06257416469
10.5245669534
5.9171426116
3.00202217192
7.65442184074
2.90814768782
3.75260565836
6.63982810386
2.06608645875
7.62813907333
7.45421838456
5.30828207819
6.95455299404
7.09291259484
3.77984188275
3.75078883247
5.60820552738
5.36833520208
5.14686347948
4.5978120733
5.43488679249
3.38809671052
4.76973535969
6.39665300942
6.22628498439
4.55871544483
7.30530878114
3.30539445879
5.44613589879
4.90215553479
4.76757240785
2.09374530672
7.87658971864
4.56293158967
4.09531492387
2.79366841273
4.58513439525
8.13621598903
5.06504517289
6.59665769633
6.36109440649
4.76331101869
8.93148231118
7.53734199235
1.57564991865
3.73004074043
5.70571991365
6.3024150477
5.76280611515
6.64424357099
5.00104914193
2.07286300955
2.71209675399
8.85019795137
5.90202739501
2.55953045585
7.3196590822
2.63154818787
4.62704721198
1.93981232029
8.01055802254
3.38531446823
1.07810493321
2.0996877216
4.76436672421
2.71273154358
3.22861358914
3.18731925479
3.7836781577
5.67468892068
8.07999352834
1.25554268012
7.37601289106
7.08539593687
6.49009503337
0.50557888218
5.55820216734
5.68338747166
4.0559037966
-0.625382890507
5.19678470788
6.8555659617
2.3110812203
5.26383378204
4.76198417654
1.86454829086
