3.05827423751
5.42990786785
6.59388629522
3.78367615817
3.72715817836
5.06342640124
4.58209463295
7.47418204551
5.63474615673
4.03627544386
0.850434923291
7.71091831624
2.46082332407
2.2719102184
7.56410677741
3.59037303487
7.68896012117
6.81085584043
0.541353685814
5.36224590496
4.05219317506
0.582145687603
6.75885433287
3.30090586599
6.62655542629
4.01653019432
3.53975871252
6.11325046581
5.93488470655
2.85871387659
5.60203287965
1.35340906616
0.35602503282
5.14588998233
3.12671300557
6.94138352296
2.76611792084
8.76364302976
3.01976307789
4.8921285779
5.4071134207
7.18518545293
5.64174735788
3.584445568
5.55265578637
1.72134990452
2.13701467653
1.37882446234
8.03109778997
3.34945522741
7.4471726456
6.33531875683
5.90252423005
3.77941955781
6.69063714473
3.34285371196
4.26807543405
7.02215230054
5.29309495022
4.07784975724
2.50290702072
5.73557610166
5.53915598017
5.41705767351
4.03054159794
5.831873915
6.93181277078
4.2845237533
4.07338477597
6.07035323525
2.55147033689
4.41956562763
2.08132712026
4.1573606286
4.82253055232
5.77107725601
2.1819770277
4.58713965759
5.3706486111
3.41993097045
5.67524786024
6.68320378188
4.41521663237
4.89737862578
5.15348147719
3.03860577759
5.12617645203
4.7649858441
5.96519099112
4.170351
2.92749522498
4.50424649279
3.43848473306
4.39811181251
6.53923528105
4.10779031195
2.33591954334
6.33647512689
2.08518768152
2.09295878451
7.76868102482
5.1619850052
6.08084464756
6.8369258403
3.76146708902
7.94698747603
2.20741552688
2.67893533955
4.62657415938
2.93927649135
3.96953557052
3.62381034793
9.08071358785
6.88280175663
2.20797609864
4.32939087973
7.6474748173
5.26946116177
5.17923972836
3.00438508766
7.31886788666
3.90018878959
4.83277258449
6.62255389469
5.09796217857
5.85629828721
7.74251525087
2.24963459224
4.92081654999
6.47644039647
4.49883906997
2.55237990113
7.03421835773
6.16559088863
8.53111381134
3.61783854248
1.33620768348
6.31348128563
3.99686023418
5.01905020207
3.3271012801
1.76683075488
6.4703254084
5.14526797003
4.43490304307
8.14533230459
4.97931870432
3.10367154502
5.0368432298
4.51835237688
6.9186766554
6.15910618554
4.84432600013
4.62897594917
5.44152820772
6.53710374285
5.95433132196
0.97141363914
2.73481872319
8.48348317366
5.86398312553
6.93861971545
5.89865477416
4.78276645005
4.59051439783
7.54318532535
5.85264422564
0.771631167668
4.02535932624
1.68355030374
3.63004933419
6.97231485259
9.17809567923
6.86236792736
4.74392274599
6.47675182236
2.08270392843
4.41647509922
5.00140503492
3.29163719645
4.44727638151
9.32382531005
5.45197888821
3.65325095384
5.31124879219
7.97914575487
5.73757198153
6.40875854963
7.80080032763
4.86882749551
4.81304298516
6.4645936063
3.12943656432
6.5281832078
3.95710390219
4.47056523906
5.99245073041
3.55472367209
5.16788323478
-0.169856665611
6.5284590648
3.53216917529
4.67731926232
5.03453440224
5.65154260328
4.5897670633
10.0366174227
5.28034962769
2.05402485079
5.98743714431
5.83846435128
8.79831448944
1.93853813363
4.54746777975
7.29039235135
7.24208647889
4.58317983342
4.24166345589
8.67877342403
7.52732889864
8.10853688431
2.26108186832
6.20784573149
6.79727968102
3.85475851013
5.46471177075
6.07284135195
2.82665943658
2.55624502119
8.40173331795
2.93239924288
5.58939236563
7.82954793994
2.24870372672
3.92997744889
4.31204531719
6.19343186747
4.07875462688
8.22183643892
2.37486869313
5.73092100703
5.08806451237
4.19362762751
7.15923800064
5.87645237116
1.79568486778
2.37787664538
6.5714663529
9.7259414342
5.04705214197
5.80376674793
6.40361068262
6.186243334
5.84620332865
3.31826282768
6.01570596546
6.93242171459
4.15249962492
5.68854126913
4.28008717805
2.67002760612
8.51498830412
0.672930919834
8.26402725415
4.3783245965
5.11349454754
5.99814024858
3.67032705253
4.79322003346
9.67351649642
6.90949112264
8.26732855442
6.18203524053
5.9300365535
4.61090395328
-0.183169705267
4.32647499301
2.60512870122
5.76912630223
4.86802875459
5.31249237386
4.5926661284
5.63890685553
6.678076842
5.25467517977
4.70820323342
4.13818908164
7.68773817876
3.56752103352
6.07295481729
6.43174382615
4.27538490319
7.39782079527
5.49895657984
5.67333570363
7.09961792926
8.41568536338
6.58650632677
3.82359602975
5.10486011729
8.23666524141
7.66119572064
5.11042790738
6.06320444274
4.42381072575
6.27409264822
3.41701474675
7.32631006465
5.78954681599
8.17901757485
4.3142577251
7.53184304359
6.45199803138
9.72830161902
5.44536498261
5.57174012871
6.65568795422
6.52813035605
3.77026057912
8.11685846876
3.58776205067
4.45388634021
1.62738868388
8.51381693807
3.81688709443
5.84615217567
3.04487345302
1.26966526928
3.04243726019
4.02407868444
9.50577231696
6.14922464479
4.67631343007
6.26602332846
6.32716509596
3.55086109049
3.14574847994
0.618572306769
3.86895607123
4.9608366634
5.0744455565
6.28621146073
6.17912846603
6.02843590087
3.15567135124
4.97586283421
7.08794971307
2.10674713078
3.86693523705
7.30004068624
5.20099422797
3.51361823674
5.3052319057
6.60155504684
6.17773898307
5.86532063982
5.83967110192
3.47212459738
6.51130701508
8.12548046399
5.85788834717
4.16160262161
7.39100710414
4.2699247392
5.88590671825
5.76197932514
5.81926530935
8.78405504897
2.66671727036
4.44463480145
3.73043757077
5.90398420422
3.32649816285
3.53485296913
1.6047286429
6.9088075229
4.46430548051
6.82068177847
6.82785428789
6.28434671698
-1.78693775248
3.52425470355
6.60608646956
2.98604566056
4.92338018025
3.41332032094
5.55426697216
6.5080638814
5.82486451982
6.60207736721
3.45388682854
5.99020767471
3.83892737947
2.65844401472
5.00260529106
3.51368797018
6.11948766358
2.72409331194
1.53704831076
4.05732686435
5.07418006432
5.54517893036
6.23276943179
1.1373206177
5.99494727984
5.97302729389
4.39739425542
9.00231482719
0.595270774481
3.61049870262
6.36333079586
2.03287113596
4.27877495135
7.04852399414
8.64778113457
3.20125812107
6.40030087652
6.51724555572
6.97033598879
3.63880684569
7.50967354585
9.25683041216
8.14295215162
8.22406305116
4.53694571032
3.97413957537
4.67820828308
7.08691129497
2.02180475038
5.29421130428
7.38944533051
8.43081372948
1.81637145883
6.92184311776
7.89367010991
7.59294961033
2.94427131777
5.66182457265
6.89260895793
3.04680473497
5.40108970923
6.05182706088
7.51497787047
5.65192138109
7.39999525571
4.21343757601
6.75313640408
3.50257433704
5.57367593785
5.43804277465
4.2488351164
4.57826259099
4.61594343376
3.61599760947
5.27856242302
2.66543807492
7.11021873343
4.80652994986
4.03912995757
7.02321620494
3.30595425366
3.05005156554
6.87983835609
3.20476036407
4.66249820651
6.19347644392
4.85769320691
7.3104844331
3.3777588106
6.24130500556
4.16507165223
4.17102138875
5.77194563397
4.35519452343
4.73750041576
3.8341519936
5.80574351243
6.37515643422
5.3933095639
3.63176234509
5.01161639693
7.24909417942
9.12736700874
4.6871302227
3.88135972297
4.88956442134
4.58547555347
2.60886577029
5.93279940595
9.84165537698
4.9811798096
2.79129033935
1.13307491336
6.42492854202
6.15915498546
0.761698451534
3.4709026804
6.29597149493
3.67984907212
4.09607370692
9.46993889035
8.51159523963
4.08149343954
4.388126141
4.90782392886
5.22644822343
3.72233405826
3.71423530066
4.71890380099
3.9678346199
6.92442438185
5.02130882941
5.37278426795
8.27595363249
5.39901675492
4.44506687169
8.59569810538
6.86507742357
5.83654440802
3.81440560994
8.10504727286
0.477781727955
5.87697907384
3.85500829189
0.0688929796061
3.16266804441
7.80456198524
0.907874656928
6.03385763901
8.32280339288
6.34089324949
5.09119339546
4.42092500159
2.43380999975
4.31094898999
5.08950871199
3.52986595281
4.23544883352
5.18065512267
4.38571269814
7.64313451167
3.17643998588
6.67678602005
4.73408022734
8.05173629478
4.20477920345
5.47356073913
4.77621568365
2.13932541978
4.48639514434
4.14595813124
4.99886934269
2.60419926096
6.13294212117
4.75325497183
3.16129777744
2.68152977465
4.7741619658
4.96306147364
7.29591775781
6.67433934756
3.13712721611
0.730519992137
5.66385176491
2.62704932168
4.66835990825
6.28844740578
3.06025781276
2.16962885208
1.808639529
5.7377137819
1.65904190454
0.790934262527
6.07362885185
6.39329665869
5.27009336053
5.71963660222
5.17583602641
5.34393240309
5.03793224717
6.5952073428
4.58012734957
4.64949373021
7.46871670394
1.79822349692
5.06578128591
6.3556187934
4.58737225802
6.30601095
3.35092327789
5.15302364881
2.30953993622
3.67045989306
3.98100695598
4.28883674827
2.02185991318
4.83890342789
4.29137062156
1.9721915088
8.05574358369
4.76109867779
5.12904969082
8.60746362779
5.88801086567
4.25556587712
4.47710772996
7.33421380665
5.1548311946
3.41138942091
3.77693917251
5.20466243708
2.81746407815
2.69384079108
8.84556983474
5.01143698207
3.04999218329
3.99956044217
1.91955618619
4.68445173003
5.92357989744
6.32782980628
6.90915605301
2.32305514087
6.20128281408
2.919877794
0.107676038729
3.28248413066
4.05601042995
3.82016117553
5.58321780863
5.04285917503
2.66109978427
1.84034216666
4.8459248619
0.767968256397
4.48449332208
5.24498036373
4.21764681584
7.32922389117
5.25284194686
4.77258746791
3.87872447793
9.51656524939
6.79347412073
8.07618459495
10.6494212975
1.75533664578
7.60029725982
5.96705740726
5.07975273883
7.13869924598
7.89813087366
4.3058948912
7.34724739386
5.70295474869
9.25254678704
4.33760296595
6.48019763877
2.88284034267
8.7255322849
6.5061354373
5.26532581169
5.53515212121
1.39108542092
5.22858023688
8.65628009108
3.03433504535
6.25692034491
7.3962087548
4.73400744991
4.03617184928
7.01878499586
8.57700040219
3.57899981037
3.80656060306
4.2094944499
3.2865380438
6.98973525069
6.68718370928
6.15817296482
7.28631376795
3.80947310877
6.89237300826
6.99114151
4.49164707039
3.14668980093
7.52961813432
6.05365949574
8.04524149512
4.2342806266
6.03880003279
3.35912935448
5.80626783867
5.47440507837
3.09776213095
2.9724822332
6.8284119241
5.23948130158
4.88796866703
7.44236453785
6.30755432604
7.57220327771
5.87505592574
5.00342008581
8.73827053045
3.43724816438
3.47060208636
5.00554822976
4.09137485551
6.36607583431
6.07034775878
5.37282342995
3.94145740044
3.74730682527
7.93028619643
7.68265882064
4.23849228562
5.79439457417
5.60106098272
2.72500181357
5.54367943662
6.83262034415
4.91461803825
3.33711893458
4.55828702887
4.25004562101
3.87337993307
4.02451885849
6.98968187193
6.33522743175
2.09427045562
3.97917840221
2.77573401503
3.09560720688
3.68908920741
6.05186769876
4.48986367842
5.30062681056
5.29145986788
2.67412383844
5.56352633472
2.96140442601
6.55166742589
3.05931294707
8.16812588364
5.11346195261
4.16313765814
4.78754257833
7.03454735602
3.83174797842
2.70162404052
5.47427652622
5.95284171037
5.08051168899
6.18000919211
8.27676622128
3.88475716946
5.90038695653
2.73317772703
7.73316469124
6.1581765811
4.97223325967
3.05739923743
6.27820671703
7.12361739641
3.34977770329
5.03946643353
5.01561315393
4.9343389063
3.30583167794
4.42971657011
4.47283127089
4.23817254051
3.90643801486
4.33881961486
6.847902645
4.471761886
2.17905090503
4.1270294989
6.09507101609
5.79062699913
2.86802237651
2.40257164793
5.51110685676
5.36020294376
7.35907320932
5.69364104287
6.83290441379
-0.46514633739
5.43352550631
8.79241186972
3.23253137238
9.61219043389
6.79228242925
2.93891971941
5.40921929684
4.49077382004
1.22905083517
2.4965623961
7.39202852978
5.06522751527
5.89795955654
2.0404896569
5.62078321751
5.17756835025
8.84044348883
5.17062243106
5.32435813893
3.5011745782
2.17765211231
4.78121097265
5.6575001551
1.76409594396
5.00644130942
5.00931056422
7.42771479069
4.33952697654
4.48402271845
3.89996583888
8.49498126007
2.73681002891
1.82998610378
5.60568184306
3.2857687736
2.13127741102
5.77579571581
4.41074568189
3.68492322756
6.76081577975
-0.0691910492388
3.54824099138
5.71875602623
9.43543643956
5.51080470973
6.21424787653
3.82430763003
4.81389503402
6.2088517531
5.58693108839
3.45881515585
5.65388680007
7.81097094921
4.4040570563
2.98976478296
4.78298758028
6.13436914209
5.6814938382
3.81400623333
5.63123077924
3.69863759977
5.70850001796
3.5922032818
7.37876182554
1.07312060307
4.01777812251
5.24926359307
5.53263282825
6.4148877619
4.88848290015
6.71077294074
4.82493936013
1.26466991242
5.46466064489
3.29629851308
1.87797536232
3.49425669561
5.35557308337
4.57728035958
1.84749093722
3.21139861346
4.20536314992
4.83200478542
5.82884652988
4.41771504763
5.45767766269
3.08501555293
3.44081424446
3.9966888928
3.52824021246
3.80280947002
7.57161179464
4.43588757602
7.19530115277
5.13117787349
1.14434552643
4.26007457561
6.47638823686
3.50863974509
2.93947118627
2.89870349611
2.1912637495
4.24992438906
7.93347620674
2.65312968243
3.48692497244
7.81186243305
7.14145719483
3.88949518817
1.88742170814
3.01648010422
5.38790865773
1.51088468558
7.93974248494
6.77061690886
10.3527178422
5.06562690097
5.63594532244
8.48912123004
4.00717047225
10.2213974882
1.06972948541
3.44178785547
3.92780760422
4.50365714161
6.05372464391
2.98079095415
8.60341202228
9.16723090899
5.15803503376
5.29696151045
6.52992205766
5.96308857875
8.18235183817
3.75616978331
6.16332582734
3.15268283632
7.69549923185
7.33722372643
2.29476897102
2.84530375281
1.11221181953
3.58167353624
4.3873991274
4.27306768557
1.34119096898
7.45658166946
4.20846141901
5.76162365529
5.30004317325
6.21475570349
5.47123556384
10.1222369827
1.55501932076
11.5113921712
7.59722177229
4.24005380462
9.73792686673
5.04018801947
2.95195995678
4.59866005547
2.25337853319
4.67139313809
3.1823071091
1.86847611252
4.14106732103
1.03734706072
3.70305863678
6.8087428753
1.84094669735
1.97924778667
1.76355049626
3.81597970983
5.99136669135
3.34950337125
4.52218228524
3.9667429685
7.02502943971
5.80021201259
5.22045746188
6.43567975191
6.63553684808
5.5761604164
4.35571575259
5.34878227704
6.89405659186
1.02705394449
3.02159919773
6.84642237972
7.50201383255
4.07987349924
3.3768623955
3.354424299
6.53812046845
9.4603714879
3.16860582322
7.2358622016
4.96182602124
5.59783794378
5.7194361508
2.52291593221
5.11885629927
2.42901027678
1.17790326762
6.90528455573
0.84678517182
7.66246509533
4.12349974349
2.70409424054
4.81321877951
4.44954760504
