6.87569778538
4.17221386242
5.50979104414
6.82926102882
4.0327138336
7.71393941635
5.43470771623
1.91383296649
8.51858123049
6.29834950203
4.1455902777
0.731175767582
6.20733008484
2.27534531566
6.31101047024
1.91227325509
0.292622618431
3.44610796445
2.57468890213
8.13059953323
4.38520983232
3.1466597087
7.93087035688
7.02358203383
5.01989182439
1.97338472924
8.58969142439
0.181840565418
7.46034701488
7.88558876233
5.21549996408
4.4210637381
2.97086126394
5.56328114448
5.3851758735
3.91213974332
1.8898427249
4.94534571033
1.05911937354
3.328307795
4.04056674527
3.96826061458
7.18757430629
1.3653064998
7.93567308744
5.10633252585
2.63784075713
4.44717767363
4.36501634646
7.66431162052
5.46496546749
5.63455308464
5.33539371247
6.75021279519
6.26693784485
5.56256253813
3.7694876461
4.8131904052
3.83458300878
2.19084468025
1.37359972617
9.50147455321
6.15429819779
8.86742010702
4.03006277293
6.1998724482
5.93072295331
6.62678954146
1.94986656441
5.40798432327
3.96132529421
3.20063647046
4.92056605085
2.99907042177
6.68302557849
8.70158194266
5.77907418156
6.94655308462
3.82691613601
6.07931698044
6.86386683157
4.91169638721
6.74638690075
7.185057819
8.86997335734
3.34897983273
6.68876505274
3.56625970432
5.06249758401
5.18513326965
6.03182457452
6.67512987867
3.72110940201
2.05414629321
5.03172284825
7.17203481802
3.39815267996
3.38795539098
2.32296178641
3.86486749773
4.5095754064
5.1417559176
3.28490437278
6.29663562185
5.42637192895
9.13452365487
5.46995480431
4.31170679022
7.76058385676
1.64974001492
5.69005066456
7.33007460952
5.84889249368
4.56109204111
5.06787580478
5.46371739884
1.23130351783
3.21634411815
4.00214564125
6.75622550408
3.16637685612
8.06859008911
5.06359269147
3.54134500924
-0.0711004660467
5.21874233102
5.82742258465
7.10817574957
3.51445234875
4.21396895547
1.22234176594
4.62899071629
1.7111058296
8.06068285952
5.15340565749
4.83716082263
3.3991905641
8.83203060936
1.04018726598
4.11833589698
5.21912536145
6.75207715252
2.26252392534
3.74784116663
6.19992866413
4.98905630776
8.73189371675
3.51382219302
4.44254373671
2.25875301191
7.3725956502
5.21873237598
4.98724713596
7.52332790425
5.67101458914
2.09310012496
3.72877572323
7.72972264916
4.06754978529
5.14562091546
8.82130011288
7.02035636047
4.8466424519
3.49287968904
4.36516249076
5.27958269033
6.74446701647
7.14695752048
10.1839713376
5.65892601312
4.351326988
2.81227542966
6.51077814607
4.81473465907
3.11715561886
6.25790572988
5.58910119696
4.74287333959
6.64775572271
3.26120984072
8.20167019848
3.51909497118
4.60328210758
6.5984338065
6.64000097885
6.81096163653
6.60736468559
3.90371607715
5.25706964014
5.61305274644
3.87774341594
4.43295538164
6.4022392339
6.48443831782
4.96451169141
3.83082645457
5.68054076254
5.75935465434
7.91118996012
5.47448499072
4.62263600311
0.882746333917
6.8002003161
2.36913739877
6.35182692457
6.13638914159
2.75672646918
8.77674514039
9.92666543837
4.53349400827
5.70304525165
5.6542024242
5.89297842131
0.544812845786
7.05686119314
6.41319392331
1.56220459718
4.66226461067
3.57481301996
2.52841641806
6.86706736271
3.98951886262
1.00548561569
5.95799734991
5.55775509272
4.65951014661
7.15214334505
4.21925282209
1.64794551651
3.33634162075
3.11390613999
2.88118803148
5.92918090069
6.6957153063
2.45337930353
4.4213745322
0.750750900785
0.87128968995
0.180937938995
5.50956635605
5.3157837797
6.10782445319
7.03589201246
4.41632017673
8.74114135143
5.90086230023
2.0665508779
2.19491782299
8.20626498519
1.71538211225
3.86402611904
2.91789845252
7.02854655553
2.894060268
7.29919755909
7.70680445844
3.04509110469
3.83020184104
2.37496174037
3.96677396613
4.26229174948
3.63669699863
4.04081104086
6.34744048205
1.66487547586
1.97179496343
6.01219413494
3.58490223627
6.05675698552
7.97431596536
4.07347094088
6.57950562034
5.49593901924
5.86794409869
7.80339586285
7.24428192507
7.33720010625
3.14192105679
8.26348913179
6.15471652963
4.21787700157
7.35708052552
8.86326417763
5.54268320989
1.77502182996
4.52217399045
4.77254584546
8.34842903487
6.20285982336
6.12362769899
4.43129795106
6.51828654712
2.56236615797
6.12529043425
2.18251688327
5.015312399
10.2634338008
7.81448529105
2.94979804254
3.9821536743
5.05307919302
7.40316043391
3.19638847937
6.28234656681
5.07407579608
1.23604249369
3.99589981994
3.62997016223
7.36581462227
4.68072748228
8.89535319708
5.43951362731
2.55848711278
6.85663445053
5.86693007143
4.97697730221
6.12136163361
3.72248847004
3.32127745614
5.11109116161
3.0059302323
7.75296489751
4.36939660196
3.40908274495
4.54720520674
4.49870236917
4.65423836699
7.30479011762
6.0575771743
2.41273536429
4.02376318863
6.98258911473
6.40336869741
7.73149910841
7.3668375943
5.29791545474
6.02277515934
6.6084494031
5.62068158881
6.34570892102
5.49194910065
7.59592360832
3.77621991228
0.444303934983
5.86532032308
2.66756869001
4.11061590953
4.73031783865
6.63074593805
6.78425412072
3.69210533842
4.35656211266
5.31846994881
4.38435916413
5.65937182174
8.07809192639
5.96386455487
5.53127295918
6.3228258511
3.62241200523
1.83782468653
8.30990423421
2.85324304773
5.35619449697
7.55749382683
4.66289514989
4.31372124617
5.0717759858
8.13959752652
9.06547449231
4.90453340822
4.59790775936
3.75015817184
6.29544148984
4.30384338615
1.48255947756
6.98606842302
4.42452447974
7.50492722142
2.65590434409
0.095813141767
6.02844792616
6.80484101873
8.06609276135
3.68557873023
3.51470873217
7.08026050889
4.23135943809
3.73957572228
5.6407248006
3.82052743207
6.60021565277
4.68909485065
4.67085293828
7.11341385493
5.34542120164
8.03873632852
2.70313127385
1.19217827427
9.11011523726
5.30078499735
4.86196336832
3.79931086391
4.29742073563
2.17817346302
1.58638449545
5.24113400492
8.09251409484
2.59698794721
4.33429104949
5.24871641287
3.67299328247
4.2354804408
7.74171993303
2.85273458574
5.34426713658
4.01313488245
4.33236673313
5.03214872142
6.08054006459
6.95734336989
5.98133438566
3.52475172608
3.13415581631
3.32453916656
4.05756127954
3.27710100739
3.80673742268
7.05188714034
3.16439868248
3.89622851274
6.34589490397
4.37625158768
4.36242299491
1.78964032462
3.68315519734
5.19934717899
4.76465815421
6.98504141222
9.54994429175
4.72235687128
3.07739910495
6.25942447224
5.10096133889
5.59504613624
6.20510889862
5.89839377249
7.15361878557
8.37313316064
3.24425115545
7.21197859245
3.8117766898
6.03167706627
5.47752579468
5.10614091948
3.75314898783
8.71503896335
5.797488895
1.13126697966
6.26514673252
0.186419568504
5.38049125302
5.7906793696
4.78550640592
6.9055405099
2.64209741818
8.00088152541
4.0197169475
2.94283392922
4.78515869585
7.96652277659
3.60776059237
5.35208363489
2.74967120225
5.40418450219
5.92647831804
5.24698516867
8.64983882685
5.06778973112
3.90127439079
5.64573704285
3.39487409417
7.69769636162
4.80177371265
5.28987857392
5.60617255115
5.95879466531
3.60199081203
4.51803839235
3.45852703535
10.8973494124
-0.35819452972
8.12689206484
4.05546599978
2.65314686096
6.81775680821
6.95515514196
7.53478853746
5.95789409787
6.50985887596
6.74152288625
4.92933433613
3.20180374777
4.96990665976
7.45521933733
4.26469135597
4.70352031774
7.83852233938
8.2524560848
5.74620009899
5.79141714979
6.92218137339
6.58920037106
5.84025532534
3.28111338902
5.58612146204
7.10242850586
7.44633574211
4.71069299017
5.90101050847
3.95738907702
5.90743364262
4.25724615521
6.68950578222
1.84258449715
2.88591562124
5.27548514052
4.89954654599
3.14872786316
6.18036831674
5.6173312144
7.1626638808
3.84113955353
4.03954133657
6.97093340077
4.5283975319
1.16143915114
8.64800427159
3.51746659765
4.96885321715
5.98902879118
3.69612992001
3.17745839613
5.16744764304
5.27747227937
6.53206167873
10.4849327466
5.86176326234
5.10676548622
5.93281943712
2.45594529175
2.93145193803
6.65935020999
3.89871936189
6.03912312777
7.37405462246
6.97446383377
4.105717057
2.14648805508
5.55858812844
6.97047555575
7.14876956457
2.25225518348
5.28337746885
3.68869704783
8.8429228312
2.90314053197
4.45629974336
1.81027295481
5.62389447495
6.57242426951
6.6638202686
5.48835165383
3.14432360349
7.97154941735
5.20860836767
2.34695442493
5.81595930401
3.75855607398
5.788997914
8.78352246417
4.41905353683
4.25280662547
6.29797214131
8.45037272043
4.64760316798
5.50216742314
6.44106971726
2.09278796358
1.28856149357
3.40770669332
4.98307540092
3.80435067005
8.08426693186
6.1002283102
5.2641079949
5.03574389959
5.56991115523
1.82802496944
5.69703114507
3.04897445574
3.1640537961
3.35637684769
7.05670488691
8.27261386665
4.89203981542
5.98121799718
1.92478714072
5.69158744577
3.05205229939
7.14759051019
5.55714726467
-0.0695902792543
1.80523226019
2.24507186534
1.93361579767
4.27011115533
1.81231660914
2.82682947296
4.84665746879
4.74303665514
3.08680908114
5.08944893291
8.6239779872
3.49263871633
5.22527360624
4.93016992611
3.69861784359
8.13784352502
7.10310582396
7.05476414033
6.17238929866
6.679080318
9.27600617727
7.69803899473
8.06455557066
4.76269284541
5.27655460554
2.54631365775
1.28182449657
7.85256971151
7.26032754046
5.76546199029
7.95646657947
3.76535455281
5.57315453212
6.8094834642
6.64296787368
6.26503656488
6.14109956164
4.5602422304
5.68004695341
2.79223918389
5.64169449701
0.809865731288
5.23097507485
8.27558749649
4.26971938072
5.76827073726
5.55302541421
3.93908920375
7.29111929888
5.32834969454
4.8831168585
3.15418022643
3.56115877883
3.75966060045
9.84594395285
4.57452481475
5.92561430745
6.14175450322
7.51781800957
4.37532125633
2.89489671225
1.99937145521
5.62868035868
1.46407289372
4.47332339551
6.12768846024
7.7660093974
6.59736953136
6.35290988258
2.28339482434
5.76079353999
5.39845369723
0.502814173983
7.11265103534
6.40760362214
5.17452106583
6.52531064756
7.63936614241
6.48013485558
4.12450628082
4.58914332773
7.40579710573
4.92616406854
2.79885635993
3.75399830165
3.49629792613
6.80077965304
2.47217018108
0.93996122313
5.79640423054
1.81865349329
5.67963071128
6.80609446859
4.84638324826
0.298394551276
9.28167703484
7.67557742219
5.86045878798
6.3133940005
2.13492957344
2.54828692719
3.58834346077
6.35600627221
3.44578764832
1.33591821523
2.2246958675
7.66695205771
5.83517682982
5.14210890283
2.61680603688
3.83867270155
3.71698530484
6.84484550083
4.52083949316
6.68190958378
4.87124371178
1.2668976162
2.40242015046
2.75144047631
3.83134726915
7.0858840774
1.71816285218
4.03079445068
8.56998806611
2.75772300082
7.30968088604
3.08741274893
4.29586938567
4.62126596939
6.33166486013
4.90706506373
5.93973684537
10.9525515578
2.11108000863
5.40433844036
5.17338799543
4.04841393069
3.41942840375
4.88427879781
4.11724619381
3.68957868026
7.17154381387
7.63608144532
4.47456888653
6.04128629417
5.39053990107
1.23982430626
6.59424326163
5.39092199845
7.43797418882
2.64057886535
3.72198696871
6.07820910076
3.23939820781
3.66033717614
5.18657729525
5.31790957215
4.20601051477
7.28943498515
2.05852721612
6.22837155057
7.2526668956
3.34057811195
1.484708874
5.62044651885
5.92524271381
6.68880929437
6.49424765738
3.77290802607
2.91932823705
5.77243258884
9.84981832708
4.54999330223
3.82030756744
5.09143656495
4.61161593347
4.65783686714
3.34494078588
5.21885382289
4.15186744728
5.76802326899
3.1248120018
7.01959514998
5.70680646532
2.2075648136
7.00832604854
3.90183645947
6.25956095159
4.77024458919
7.61361959093
4.79168608337
5.47540119924
7.06204057346
6.61570642308
10.1720849381
0.678380353256
8.02576243464
6.92015075121
4.77298832327
2.38914080764
6.74691223877
4.13072737828
2.68795987493
0.517177646996
5.94368187974
5.1264390563
5.60313691601
2.65565480333
2.98173206232
2.73466252817
5.40554406391
1.37545988415
5.33861852332
6.27787782988
8.19005414321
1.10589469974
2.03527519279
4.63625982302
5.7299671897
5.39702976785
3.4903388718
3.22372336271
6.2484851301
3.66084537052
1.01598248166
7.52476354845
5.07232912807
4.82386359058
5.58381759653
6.40828595911
5.09680794117
4.51485287532
4.50121465665
0.357656922326
2.25384795187
4.27627777518
6.00900213371
4.15202691772
6.3244443035
1.71469927049
8.02313655487
2.8747460056
3.8214643095
0.72065738784
2.91222097594
4.18534122196
1.98865187469
4.20576679184
4.57572051961
5.44512548647
5.2573196129
5.59355058997
5.80034503953
4.17688038653
4.07759412902
6.87379183169
1.90446153496
4.97798140992
6.04149449586
8.41659653283
1.8509896785
3.36574981047
2.14942972726
5.47781194542
4.32032105258
6.01520966427
5.62883865323
7.51413942157
6.81743215726
7.39486252736
5.2294247599
6.38802039832
2.27787376699
4.78061555023
8.60444321007
7.10616663245
6.37334336424
5.69998490391
5.47777504328
4.48624992896
2.71274670863
4.61372794946
4.67319727955
6.33206529547
3.85823116657
5.44278735843
6.44439346467
3.51313947883
4.97594844827
3.53183422115
4.7660811037
3.58612922536
6.13893308761
5.81238229996
-0.316169456919
6.80065579497
4.81207780328
5.72025895802
6.73616987373
4.92184297348
5.41593949263
7.02647297983
1.75059483197
6.14284346045
4.91979469009
5.58265926825
3.23230399533
8.63151017404
6.65383383766
3.5013466795
6.48533524829
3.11810351345
2.8554199548
7.19893203537
6.84317783099
7.37825411808
5.64713816983
4.58202095961
0.914257665801
5.8123596335
7.40587797405
3.55561790103
8.9820745462
6.08629008621
4.40890763287
6.21651434724
5.16851157174
7.9484908634
6.73962998317
3.01934699233
5.79068278168
4.76461627432
7.32712697925
4.5503807237
3.36920000271
0.574440887406
6.06171691147
4.95293075426
2.92111421936
3.31597414956
5.05494657703
3.72254461858
2.38021778008
7.11136333651
5.01889759268
5.89352175673
3.28074439982
1.06313735299
4.03586571327
5.87430831349
5.05926488703
4.83827136869
4.5160025398
5.82656640188
1.47596717094
3.4443660519
6.2589123284
2.54615889788
6.78836214958
9.22230897831
3.3465819813
3.5216013182
1.4320192002
4.29083807207
4.11556420338
3.10394069771
3.96424391528
4.31313480519
3.07256791296
4.97118390104
4.70583754887
3.31742715605
8.00077889341
5.7444787841
7.70355453005
6.04693279818
4.30440260697
8.30987157808
7.13159854146
4.84894951092
2.97416868417
2.4684412635
3.90536060567
1.79744001568
3.25743223536
5.69067048973
3.03282711405
