3.67249224127
7.85992783763
4.19006110822
5.00818079405
6.86087809623
6.4017173802
6.28416495975
0.325362268133
3.4288444218
8.71018032885
5.5519116151
1.56882040837
3.49472399826
2.7724408413
3.50770891809
2.0536695633
5.41292595685
9.04352360273
4.98178169137
5.28948966235
4.61126909578
3.73255742379
1.9500904662
7.24649146243
2.99146126895
8.86804390273
5.19997763986
5.36305748007
4.37859794097
9.75645811091
7.38258050881
3.79793567424
7.44662290056
4.08954058449
4.82376589359
4.89227175393
3.00648954249
2.95726652997
3.37088848448
8.82851243254
5.91047208139
6.69886740719
2.9423981606
5.57581769619
8.0787459653
2.91052398137
5.15816962391
6.47583319567
4.20688584931
2.46832455468
4.11343558071
3.4122693459
3.88463565038
4.90767094649
4.76761949435
3.83644895462
4.97161153737
3.2926830517
5.39322922214
2.90065077678
4.3941166836
5.11107014483
7.96870113696
5.40793481177
2.69402086146
8.42914068588
6.90523355423
9.44813485783
3.40445607584
4.34292291101
1.68937452574
5.64445612084
3.25750474796
4.40142255458
1.36605939397
4.57939868575
7.3171485053
5.8102621126
1.04114115626
6.75478422314
1.95679251933
4.46665460231
7.58794518297
7.91319885003
1.77917019433
6.33249014814
5.44046215923
3.5059964232
4.40734966993
1.8772431913
6.50569879622
5.26236692084
6.71169025133
5.68072592526
5.27005173513
4.39794352785
5.77850180846
6.62407251022
5.6784351112
4.38930281375
6.10482196913
9.1844673929
5.1640182273
2.39070943429
3.68041015989
4.66691082126
6.37216957634
4.91142036367
4.38921230256
7.22681088275
2.43365664048
2.82205986274
6.02366762562
2.5453855867
0.989294759542
3.25348987645
9.36408412679
3.18523801454
5.90457127038
4.41967771314
5.67624050679
6.14458092524
3.30783396488
3.31631923477
3.73748421942
3.23483976144
2.56974853964
4.08414729832
5.7066923499
5.67805697263
4.27529448947
4.8898397735
2.31218418817
5.14900005515
6.59236053073
5.52622264739
7.158243292
4.66735717266
3.65208857724
2.34726677959
1.16803596367
6.00754596945
5.23665141876
7.04172225001
5.01270288846
7.71427935424
7.4613227173
3.91725906112
6.26594307964
5.35761558463
0.0152396629165
6.16647939538
6.18215827203
5.15046646949
3.76927969744
5.23863165665
5.4743826841
5.15252278715
3.37142892507
4.68070973501
9.22561890226
4.31198990519
4.71712390645
3.97845914509
5.22277182193
6.49188487745
3.90501271537
5.77338969178
7.71319475242
6.86639414851
6.4509896534
6.8520588824
3.94049142422
5.25008402092
5.85087421552
3.94833245394
4.99276375132
6.91405603445
5.43860251755
6.75032363606
3.58335560217
4.48458951824
5.00097046922
3.12236231939
6.13879287353
7.06694432219
3.31803985359
5.35853698807
6.91684770861
1.45002021359
10.2021538298
8.79968472123
5.07103748654
6.06380635093
5.77483354006
5.08841326158
3.2933483084
7.25623434489
4.9851472612
1.69560072287
5.08230770081
2.73045829262
3.81173029103
6.21723370336
4.02322664073
5.01401762434
2.01190616651
3.5870946667
4.34828287465
4.33915948924
4.28143828477
5.53660601091
8.07307703173
2.64596774862
5.68693985057
2.98622456494
5.83396741247
8.25445107085
3.28473773139
1.9651571404
1.70346368622
5.62941448532
5.29559993727
4.07779115934
4.14120700959
6.13316991293
0.680679731897
6.07446806626
4.15851199632
6.49819002521
5.42033593701
3.42946715733
5.19322554901
0.404364382345
7.25532965352
7.35977124034
4.09928260561
2.76426610934
3.34935400691
3.72404257977
5.67890002118
6.03471690956
8.0473876335
9.32303860365
4.55786697659
3.39112072316
2.94375028774
8.75550816317
6.04390603239
6.72691468767
6.75666299303
5.14397194424
8.01706673446
2.96769276758
6.74087114752
5.63541364495
6.27541654508
2.82139296897
3.61154958586
3.93217051049
4.93617445944
4.82964237534
2.06324756678
4.84572931439
4.8163276666
8.10558649674
8.1778355672
5.56855175893
2.40480780513
3.03288260392
8.20071446608
5.56870803728
3.75233932196
5.57030691508
7.8974192937
4.70724104756
2.51334980031
0.708272101065
1.91989612381
3.74863228431
5.26545267242
1.75684491753
3.44552367489
3.47814786589
5.47780940028
8.14912063418
6.45629517288
7.21472985858
7.55617558505
2.70194402387
4.95718735563
5.67285442032
5.60914973546
5.29482500072
10.9398238291
2.17330819922
5.00290851146
4.02612970705
7.84568497015
5.44922748658
0.85547833191
4.09229259399
3.21345840011
5.79807641639
0.747258850889
9.16121593622
8.84181843857
2.63273780869
8.93382949592
4.13683119836
2.67751146187
3.6765828063
4.89784241713
4.93916825676
5.39098259144
4.96373242651
4.21310998514
1.25523409392
4.40528372926
3.62957212758
2.71545420779
5.48421374262
5.43132232782
6.7892473456
3.56248631206
4.00786546766
7.76679249796
1.03845010782
4.66833284838
3.20971363639
2.42411301991
3.26581412606
9.64169270033
1.68201479534
6.19674512127
5.19723234588
6.81437222984
5.54125898283
6.54091946796
5.52832321082
7.15358289185
5.61391628297
4.21731343923
5.70781813217
2.82839261871
6.88120040626
5.93973000646
8.34613988583
4.9731835082
4.49008981153
9.22004831451
3.6511081824
1.30907588938
2.48371744497
3.28435661062
5.38414891227
5.19379086872
5.94779421414
4.07674517406
0.882181513039
7.42777271796
4.46305672584
1.19072313983
4.33237865344
8.80820158401
6.90849317615
7.28060356449
2.59752407424
8.88874667527
4.07338714851
5.47168459319
6.04617432581
5.51578939013
5.29915692936
8.25339903708
4.39553294162
9.57686204268
6.02353260635
2.62278757683
4.43762579498
3.82458276233
6.79962347274
6.20323760131
5.71428025254
6.13468804087
8.28760116163
7.63805151237
4.76361249002
4.82043223759
4.52442613794
6.72799708087
5.30447562513
7.63247696447
8.10241037565
3.11591893453
7.67130193867
6.32996378474
6.81449829649
2.65866991436
6.21942625322
3.76537049773
5.98419389455
8.4684317343
6.10590885702
2.76796956778
5.85872274803
5.36593078696
1.55081904188
6.84223310416
5.26769614036
4.85927230559
5.53941024688
6.79803784222
4.54535347103
6.19914701257
5.17730110465
7.92951037859
5.19370302725
4.61722687464
7.11366008481
4.86560285735
3.8613257126
4.87958098601
-0.0343245930908
4.30505547161
3.99809410156
2.345717636
2.15350129356
6.22983150219
2.93644055398
6.97462213218
2.82487642927
7.37334534591
6.36312179723
3.6541934928
6.42872715401
5.79393376429
3.04730437457
6.49846719734
5.62336751645
8.9009525956
1.59505468835
3.62774684033
2.50769148206
4.73715043874
6.97906918583
9.46806824065
5.41228981523
1.0382859543
2.07446567932
3.02927321408
5.09195294101
5.94570196944
-1.65651278041
5.49951529959
5.92588600985
8.34668723521
9.28052029192
7.91697050589
5.20042833395
2.4103721488
4.7982104598
6.2520409339
2.38080131336
8.37796478474
5.91668256316
4.76552686283
7.69195903115
5.95532926832
5.41579343031
9.14108244925
8.71609363313
3.16512647556
7.41792423465
5.02526455586
4.76565756189
4.1579235806
5.89452531314
2.94912081899
4.11287146847
4.71826611834
2.50371676072
3.71279027722
6.80631550917
4.19476864223
5.04637602409
6.93698880242
2.4016716854
5.50183157595
7.03900218771
5.67662482831
9.20156226453
2.98274549912
6.84505081846
7.49981452103
6.15447691134
3.98557766733
7.03467851024
2.92354748505
3.68563345051
6.20737293111
1.22251561195
2.71531262983
4.19802783828
6.87708766555
7.13556666494
5.17092427256
7.52882117008
3.29604560901
5.28567693174
3.33833719045
4.27045314546
4.16950883006
7.17500177428
5.7634205384
7.43250558307
4.82765855552
5.06007425738
2.33408509984
6.41927227556
5.83186871496
6.51212177567
3.77262563653
6.535770971
4.72279218926
5.35355114459
3.07597496272
6.67744440596
8.5550468313
6.47095718822
5.94183100426
3.73513422558
5.09195531102
4.54096671689
6.73964250914
1.9712556675
6.14359060491
4.3063533292
1.48042427015
6.10247063549
6.00780554986
5.99083498481
6.01611905324
5.31365843617
-1.21734519447
7.5169967366
5.69462034038
5.88723877935
3.41972049937
6.97004606695
6.66277522604
6.85788096968
3.37365091855
2.83036573695
4.10091083308
4.20157993001
5.8936902271
7.32006213798
8.96902929936
9.41607083106
5.1990877859
6.86757664852
5.13283268641
4.85572140914
3.15313713409
6.12505906243
3.54501914458
7.79380619316
3.89147713712
4.75162766756
6.38420043108
8.65778092932
5.95484523378
5.23119134942
4.42077455899
6.54074048795
6.43216775187
8.53568870415
3.49440594732
3.4536652535
8.99538515658
4.72693218254
11.1496653476
0.879066485993
3.11343574955
3.56581973136
4.66738653991
5.23560994195
2.64779645636
7.48373966977
6.72542285047
1.28816499876
5.98816790827
3.01993372354
6.20397775674
6.07683357289
4.21851992867
4.2192637509
5.36485119979
3.87364244063
2.71944210037
4.43105327675
8.18857332409
4.16245083273
0.595948072022
5.66734118946
7.18572745235
7.59101078036
3.52309420951
4.54384625871
5.80263880626
3.62182451298
4.42100218865
5.57503167294
6.20056615558
5.28400981674
2.02583912986
5.1193607391
3.15516574198
5.62078022648
7.86344775921
7.15956355531
4.98965194793
7.96481184114
5.15678055126
6.4783034599
3.14957436378
-0.0296119546554
5.42349332748
6.37892714614
3.65162603155
2.95191740566
5.46449855623
4.75704011657
5.52243530728
6.21694466034
5.33342654738
7.24786953723
6.76850291239
3.70921388143
3.35152793616
5.06904108118
7.69169020479
4.62088831259
3.16899027272
4.40167910454
4.57774076756
6.0953658659
4.55162796602
6.53040412823
1.31858424413
10.0789943053
4.06740912138
4.8150538112
8.85908694961
3.86232591807
5.03419155307
4.85967569119
5.98636866749
6.07275872425
4.72493189704
2.56647836433
2.10893335547
3.06814803443
4.47312434244
5.51275171126
9.29818878441
5.91144291648
6.91684078846
1.15627535677
5.37733373535
3.69954763124
6.80068876775
3.15751739915
9.00659299785
8.64456603966
2.8526017164
5.38805805127
3.74600174776
5.75662383434
5.93955792987
4.75218122675
5.10854645108
4.09277953761
7.13824667227
1.76488531888
5.5241749034
7.73483735491
3.25875803559
7.09235548956
5.71647283863
2.28188164002
2.66410713242
4.14453275658
9.47187814711
4.25018244728
5.89157192215
8.15880423757
7.05355737597
4.46484996529
8.17554413484
5.88737808675
5.33050774567
3.25770527753
6.54868458777
5.44860790291
7.75854108978
7.48638477453
5.10029233216
2.07491987931
3.43313583295
4.91807074711
4.61931001963
9.06619741442
5.04454259943
4.25158503491
4.13392404958
4.81845442507
7.24166089004
5.911240233
5.11129989047
5.07810580767
5.97998793039
6.00514748514
7.2294354494
7.3298724648
8.37399192077
8.08851754991
2.8329580142
2.92851572733
3.28949629205
3.26096487845
5.26884706013
2.67371918045
6.23413759367
7.08515229594
6.90748299857
6.02433046394
2.94596467151
8.06087734737
6.0393838353
6.42344508298
4.7644385752
1.47482829439
5.11147192438
7.58360808401
5.31908939044
4.97424062692
6.79837191404
2.2278266176
7.02174399027
4.06792748927
3.56673676495
5.81447760129
0.560852781468
7.53224279318
5.31175291428
4.94658942001
3.40390035317
2.9707281462
5.05458986961
3.70771416956
1.15911372888
5.13027576138
4.43957513085
1.47282432757
5.59679853643
8.60727943822
5.87376027733
5.09938182503
4.04173849139
5.03764396612
4.96850300842
5.36338367374
4.96050321234
0.52988247588
5.75976065369
3.6750501181
3.67888917445
5.39490469467
6.14906880222
4.56419584437
3.2547557234
4.82633370486
5.45747131642
6.82386204695
0.526139594706
6.14710267046
3.83580291155
4.88277710106
6.18833085207
2.92081591188
6.78148388811
6.25698708872
3.76616967719
4.75486460156
6.8733532968
7.25825070441
4.19629301213
2.05878280729
5.46210534295
4.18841178303
6.13560839493
3.39049102385
4.78085111502
4.83805821002
7.13973469638
3.3421523627
5.21380618509
8.14555096548
1.83999574241
7.12574174015
4.54476999503
5.95365116817
0.395349197424
5.72852221669
4.57648049408
7.15470249995
3.83197291265
3.33968826839
4.75887776561
3.81351456763
4.01336171235
4.92724615623
11.2995238508
1.84355588043
7.04617819961
6.5220195741
3.48807467363
8.86837869608
5.7684117344
4.02499745548
3.70402597595
5.79119676
2.91318680848
6.53233035464
4.71757265963
8.39526386602
5.30040225482
8.77355797094
4.29877468261
3.43896653261
6.22541658787
7.15044446192
9.61097591067
6.8632895794
4.71223963787
6.01771450858
6.94438496332
6.50959903153
5.15448690103
3.20214852485
4.34366809956
6.06851120116
6.30772292006
3.01436630529
3.89510041567
8.2962940009
3.30006106941
2.56689561606
5.43824179621
8.85802211244
2.02752768156
3.29766247702
5.75668998494
6.84523349493
5.29380865514
4.92141065796
2.60786697568
-0.303240804258
4.77162320498
7.19014996779
3.81762713316
8.19845492562
2.15514122317
4.92446799178
0.896613447181
3.42138903964
5.78542963065
4.14868719093
5.04300749981
6.28245681462
2.55146797369
4.33849521727
7.3849851524
1.76312514374
4.83717710248
2.95763246182
4.03801203997
5.28841763969
6.085783274
3.38377693005
3.24763945343
0.915947396878
5.01799194441
4.47535283906
8.07435806277
2.73275091618
6.59205376024
2.81792878731
5.64272125619
5.79431463642
6.6235084216
8.10343170117
5.90854481401
9.20140659545
3.69695960876
4.40646061273
9.37400656845
4.51500944528
2.96948807458
3.84329756764
1.83673304673
2.48774897317
8.28966986399
6.42235610725
4.99630798616
5.19641526817
1.7137370872
6.09522718854
4.87926695034
7.38755822552
7.72590911295
5.06183785236
5.41916953147
7.84100887688
4.81418225204
5.83873929357
4.12415573598
4.41933774038
2.55081743885
4.03172764884
5.43329089066
3.53011723915
4.36279484504
5.3964656107
4.44002623795
8.71790028384
5.44420255023
4.42445561104
2.96400551505
0.86021490828
5.19265019314
5.67151594469
7.51347984354
4.80594826429
5.38546545383
2.41301753721
1.92255141716
4.22766894991
0.00393788049922
6.25941438607
6.36796497261
5.11774491377
5.85171604392
5.09525539063
2.86040450954
5.21758982458
4.93602716737
3.08590401993
4.377545621
3.78504260938
5.75247352829
2.96375632152
6.10285181402
8.7309792863
3.97464623461
5.87322872242
6.96459700203
7.63975801448
10.4525084876
7.22541720016
6.84063164713
2.73361262637
3.14226850307
7.06681347625
3.98549296033
6.35006835901
3.29698587572
1.62002094117
4.38865485149
4.94438702608
9.02709197039
3.84022683921
6.43798791321
5.41818817267
5.00726998322
8.38308229833
6.90076579181
3.61560604843
4.86017599461
4.92457285368
10.3535592895
5.59187217888
2.69516894008
2.8425591072
4.09744999419
5.57892887758
4.57715009433
4.21964526635
