2.62264993449
6.27150426978
4.33212238922
5.64526837214
3.56457533374
4.82066941227
7.34504591102
4.41920331082
3.60489817794
4.66519664071
5.3608717051
6.87255773253
5.60384509106
4.83372684286
1.49450330411
3.62773229516
5.99766643031
2.68297924454
2.6772836477
4.36662372045
7.79040801279
1.82984170256
6.55676217569
3.44666906689
3.79847077753
4.39993390037
7.18886304217
3.64377649017
4.45849433084
2.32131504208
3.66375715145
1.41259916693
6.23726932595
3.62777252941
5.15996868165
0.980817255111
6.21252243118
6.65092615433
3.04735333453
0.364953969092
4.44253340955
7.61676811722
7.5112243852
6.91578049631
8.71907629885
10.6053783303
7.15502352589
8.99691986178
4.07906965237
3.36050364149
8.98226577611
8.53810425446
2.87234462456
3.103399642
6.05010735448
4.75312752064
10.11121504
6.77536967113
7.30969749192
1.68831610214
5.64685913993
3.3882513646
9.75658160301
5.57606128839
3.36894137063
6.70598334215
5.25866479701
6.95867931791
6.29441469069
5.37766628552
4.28079029036
4.49633197478
4.2233446283
6.01691663825
3.84141004693
1.51735507124
4.49245591749
1.76619458431
6.52032453492
3.37406691439
5.7843987514
4.86465730457
1.99042886941
6.51645531737
6.47025311938
3.35131572635
6.41003304567
2.32616763256
6.30270608892
6.65800459366
4.17327972168
5.07233203056
6.4758467758
1.93873531825
7.25653687084
2.48730751292
6.55652579759
4.31234795329
3.32843339354
5.38374256909
4.11724860438
2.47038704741
5.35221905993
7.89248873844
6.44876756035
7.354430512
2.71633844958
1.50645590615
5.36630152223
5.13903019116
0.810148385451
4.02663497284
4.2924803074
4.63882098434
6.5131001989
4.09760583088
6.55769748612
2.95837464837
5.37254411415
5.94886642945
8.32286970678
4.03367060904
6.30936936594
0.259885293642
4.35912022376
4.30254641489
2.4260994268
5.7101536756
2.46327246213
2.85475226425
6.89418710648
2.40967974744
4.95682123098
3.06456520277
8.43054030441
3.49470249427
4.60164230929
6.25666278163
7.66030681987
7.68144765217
7.08934567838
4.79122650699
3.80839223346
1.44654696541
5.00118164663
6.04357873527
3.90969973109
2.94316092231
5.95563657798
4.56757523834
3.84044963563
5.69527098661
-0.0447629706044
4.97068788992
6.37633508743
4.86524109774
10.1210845839
6.97248041776
4.88761883798
6.51925185234
6.24288813666
5.01725816758
2.03942049954
3.04428693452
5.821592132
3.90004673706
5.27380345873
5.36713187339
-0.219183624461
6.34748761426
5.54795767847
3.62761725045
5.59444100762
3.68213095949
3.6372361529
7.11849606277
0.964108045643
2.94616697004
4.74898397873
6.83619625555
3.44089324724
5.50303749306
-0.261194741034
2.48587501863
5.14109315054
2.1614200612
4.19011237395
6.01453509272
5.24274854896
6.03262390685
2.29020010279
6.96686377241
5.24351684254
4.82296974005
4.90247128943
2.45002123903
7.03144730908
5.69660943
2.46845231649
8.57545047494
3.70336503054
5.99798184813
5.91793450753
8.70793664065
5.92754598906
7.37756021932
1.76207160117
5.20506100122
6.40763170396
3.68874062458
6.53655670052
4.46172665528
6.18695273387
4.24265117166
3.58168976157
5.16939878476
3.99805289998
3.89395602496
1.35922149669
4.13530536781
2.1639848504
3.72239653011
2.09754354453
5.90749840245
2.10072802727
6.42800968541
6.98398917717
0.696152747369
6.17632768188
6.01766187771
3.11663104336
6.64077003632
3.89357416836
2.31903702548
4.76432819672
6.06161110958
5.51812727463
6.99800326983
2.66973206947
4.47429576682
9.23581609996
4.56165011483
4.65755669478
7.28465369394
7.03022454728
9.23762560262
6.93956106986
5.36622031054
3.67772996397
6.48864472297
4.22205685324
3.85543267326
2.99084367812
7.93425064843
2.27004676614
8.75607079142
2.85911601545
5.48988331249
8.40289935538
4.78301423903
7.81936680145
7.12648181452
6.11286360867
3.59577977046
6.70384515435
6.3887204041
5.40135084108
4.41452514743
2.22227072319
7.36451351489
3.60707012741
-0.260103347293
5.1285541143
2.66043405871
7.9709299964
9.67959744919
5.15463955348
3.70942563532
3.03754637004
6.03314550509
5.30067345141
4.2358567628
6.94681302112
3.80505670611
3.14987881087
8.50580435843
6.35366246991
8.03763600643
3.49092865263
4.79834414345
2.39585118167
4.50548911737
4.29131974668
5.82151488183
2.96682999566
4.37130502708
6.95555333776
5.34377254628
5.02933801065
7.59096885886
3.7515298333
5.12890605992
3.86676927052
6.61318375148
4.20373733666
5.95098686013
5.48082548998
5.66336901498
6.55583468583
3.81911243039
3.98214108382
3.66608981309
2.10580984284
3.54602218417
2.9026695471
1.53448078204
4.64455774923
4.42787909543
4.86452002037
2.48095666216
3.9077354263
7.79766283941
7.30525267675
5.16553692337
5.04648844753
7.27764048202
3.96566692061
0.537248919276
6.41951935349
7.3881334223
5.37372519572
3.32518667145
5.26181397186
3.25694610889
3.48217546473
3.08675148786
7.53018816456
6.03993024582
7.36126523904
5.45285106354
5.93446042664
7.09947758996
5.10223517386
5.39195184397
3.79226580806
7.82644938901
2.68854325403
6.14845818349
7.99364350037
2.03031294255
4.31282192738
4.45009151156
2.91841018767
6.7208654477
2.52142120715
6.31457579872
5.09929077518
5.95904631615
6.00395355967
7.57868816537
2.88053373359
1.62716188557
3.01929613638
4.63443228116
1.24699319459
5.76109642401
2.48588611674
3.487130346
4.59156856759
2.57031504108
4.5396776338
2.32763284366
5.63880659666
8.0931353695
6.37136307189
6.0932803554
6.65585051286
5.35765523574
8.55210461759
3.0937899155
5.79910043016
5.52839313438
6.50662512237
2.42193751184
3.62797881635
0.158450032806
5.01201977407
4.19120423448
2.79724334463
5.38524466206
2.21802785656
5.35301820986
4.13107745251
5.87296623369
8.96557852017
3.82124539074
6.01174978113
8.40464969137
3.96508414874
8.96646815838
6.01627592659
7.22212025863
10.0076577447
4.00747046188
2.93339318592
4.19538643294
5.70640242076
4.69875133301
7.04209438349
6.89787504403
5.60039800304
5.54768090934
6.11191858313
4.31368267554
8.47032089859
8.41713567408
4.92901323508
3.01379248821
3.00548670573
3.88453630245
5.08816436677
4.85277315164
5.56295954764
2.11415857279
6.82679643758
4.85762617476
5.58471376029
8.30553487878
7.4665976242
5.90301139227
7.80658136999
6.47737599729
3.36664753304
9.3212592582
6.25654184173
5.65990392236
7.03495050234
7.88676388789
5.32655822201
7.56147859445
3.22548552994
1.65502987303
7.21648364498
7.33093213096
5.11289486059
5.14872019058
0.830379164137
6.86544281101
6.01669118236
3.77961216348
6.66973611527
6.8915692825
5.09062296979
7.33548651685
5.97548110165
7.76446073893
3.9735658418
3.73371164403
4.89925762951
6.80374184434
5.39041210421
3.26111100404
6.07284574661
5.31688228326
5.40964383385
2.92364529743
6.05757421628
7.1198061113
6.38280812993
7.35631693388
8.45590468513
6.17690157645
3.09174289061
6.02696253414
3.0785895467
7.03845623825
8.40661573602
2.29322873872
2.51343878238
4.84317456728
2.89714260866
7.61716544945
4.21528298733
4.78824687956
5.67760130893
3.40357858579
10.1238818021
6.63150742739
1.95502651989
2.27628948742
2.68773701181
7.33470834843
7.49594734839
6.29499773248
3.77814285454
5.54096910355
1.671179305
2.81969913661
7.01532755661
4.12323988573
4.33833359932
4.60527234688
2.11083021566
5.52047420147
6.3753715047
5.84339300064
2.18916347091
3.16281363011
7.62392443788
6.00519233227
4.3701956061
7.46362206913
4.83811185552
2.33062521754
6.58580601874
2.69264330474
6.44926972862
6.62025385792
6.65771099998
2.53790457895
7.02660326886
4.05968719422
4.54321744148
4.58681179797
2.89651050384
3.16887013372
4.17883187319
6.70456867508
6.47176303632
7.54841540459
5.60739157723
3.23523721184
6.09892668275
3.18549533865
7.32668254528
1.01857768322
7.55751704641
8.3005224387
3.48550199522
5.13888646184
5.36661315351
5.13140045016
7.97665573229
2.80992942552
7.17295368477
3.55423922447
7.02780072738
6.49087169562
8.21527729008
5.46184046146
4.54979025469
4.82112206046
5.67889836894
8.94048733725
7.24836797354
4.56002398801
2.64367272253
6.81986152432
7.8923910535
7.09997287012
4.71688786966
7.22238438224
8.94474528832
4.12760106005
6.02747784519
7.34818648815
6.01008696123
4.43435068135
6.25011200017
4.32612633904
2.40854316236
5.1493433804
1.5211408617
3.77525996019
6.98842918264
7.10816564363
7.72990339535
5.90470018742
4.25946860175
3.00394704354
6.04182389616
3.81605415695
5.34227394576
6.03615690675
8.59387863403
5.84259081479
1.31518744082
5.47287582996
7.78949855416
7.07484866921
2.36720099299
2.97687820698
3.44113401776
6.57563379506
5.43449135387
4.51445661211
2.55425979205
3.80459772812
0.745869477122
3.68509259322
4.79016389487
1.85247918034
2.81850569959
0.213019801913
5.56596848346
3.97577113388
5.41895223903
11.1152026676
6.30024321819
2.50034821314
5.17691317729
3.71575313899
5.97017451532
5.5033395344
2.98437314634
5.87331150383
5.40772340607
3.57019354437
4.96047153155
0.54585046361
3.38783799431
6.82905451471
-0.0447114663495
2.52058885882
4.6092984092
6.92929879531
5.06849185658
5.89272799637
4.38984350693
4.21619934281
6.98289130017
3.53195827386
4.88718769516
6.80715616529
1.48508771316
3.16549602379
3.8154487504
5.70619152943
4.11431366833
2.9664682839
6.06741245123
5.47224531816
5.39905809603
5.22876076581
5.33766341665
4.84357072929
6.78770491521
3.86013201288
5.17578116365
5.10406518743
7.51617088986
3.49554136939
2.54976712082
6.64420919684
4.64665756268
6.42181702283
6.05102659551
3.49936226449
5.45419873231
8.23917551438
6.70013960161
2.86771436859
6.83992695505
5.72910315369
2.02058943046
7.73853193073
2.25655517802
6.32225068433
5.98288288161
8.01064518055
5.89096756249
3.70568814859
5.76589176788
3.61787779883
6.6135545953
4.96656216631
5.9688394291
7.86175207449
6.55865827747
4.89415450375
7.69378945182
6.70690416925
4.00637701513
1.06952911637
5.51903658475
6.16925346856
4.65391969295
2.32230988285
8.20101821963
6.05139152119
5.5572654606
5.53887806524
6.39117246528
3.58241003838
2.45481925101
4.53903576869
4.29483005509
3.04982889469
2.64274854525
4.24067298415
5.34987036518
3.69196426308
3.95643681803
1.58064434569
5.541287007
7.1785744748
7.53213784024
2.93332896309
6.7105496443
4.56142103845
2.56426406774
3.48330155318
8.54449829122
6.91153308737
1.69816702529
4.82798696208
4.12698151558
0.526618945412
3.89790085517
2.80398562507
1.32046525875
5.77152492348
6.55164482907
4.56775588117
5.56766144657
8.14119109831
8.49188042668
3.41113574405
4.31954069278
4.1343236502
4.13063252135
2.58096260159
4.36129957448
6.08433410609
4.55071630297
5.24002830242
4.12110991588
4.3375298659
1.50475700052
8.75513674174
4.32836008309
3.71489942013
6.04037696101
3.26065212767
6.5328496075
9.48305008666
6.1624137149
3.98126213999
6.10004523559
4.64347907934
7.17099821106
4.27456217145
8.19794238134
4.44495663175
4.49246615558
6.2185880582
4.76767355073
5.74220210997
1.57144185908
2.38094918963
6.30879392604
5.03998514173
3.48523067694
4.55622103169
3.86301223084
4.79317949956
3.48437958442
5.53634580513
5.79440002443
4.28833711025
7.85525769894
2.65768536504
6.71988758968
5.19994804766
3.64970337884
4.26354362349
2.38444336301
5.00625790456
2.69268942934
4.18374125095
6.62769895231
4.60756069481
4.3026066839
4.68858808399
3.17393383979
9.53926286643
5.15002580514
7.29164847893
5.39386614667
6.29185801087
6.47570823279
5.20752219413
3.39979709208
5.3286201778
7.93755591857
3.94053130273
3.84081189003
6.29408800414
3.29629784095
6.38932706873
6.62806613099
7.19418718044
2.67891443588
7.37425916472
5.63821647232
2.77312601146
3.07870321335
6.72739437128
6.39388546341
5.62315197274
6.25605142106
5.57606973678
5.79468436588
7.22675779637
7.5119634112
5.0951239905
6.93736899093
5.43257787191
5.3532665803
3.38345797489
5.00210867202
3.44007007727
7.49944236805
4.34452404194
6.4462416919
6.62036307064
5.53815212186
3.61833629115
4.96571633607
6.5276447368
6.3163124899
8.45972883413
3.13939981262
4.41800917328
6.280836137
4.88563855898
5.33513504239
3.36866849772
4.98680356722
4.19283190189
5.82590330647
2.80501473536
7.13994493737
6.28582661033
7.49126640822
7.73409436447
2.16840028572
4.3560184943
5.07598815612
3.21198128136
5.16873633468
5.83388880973
3.78571063944
7.98569061261
5.49021264118
4.54035326799
7.13986172621
6.89387513934
5.33242563614
5.93041482792
7.07927769944
7.03489671904
2.38766206559
4.30560582506
6.14890326047
3.025729588
6.36345459701
3.91836870818
2.42127776398
5.29660442992
3.45216331495
3.415049198
5.64925113109
7.31937689409
3.20156275563
2.76366759011
3.88974814394
10.2759078482
0.925862754984
5.29345620937
4.06732573194
0.824825940388
1.55153855934
5.89110788864
6.95399766108
7.00571313786
7.80752075939
4.7498671223
8.40802580769
4.39004179406
6.20423310779
5.77769173963
2.55125747722
4.64369852233
1.99661890462
5.61527357237
0.261652806487
5.98551393995
5.4288226134
3.09240741306
6.94548385963
6.46322999893
7.41903951611
4.81266931073
1.81182100853
6.20753515455
1.30332843553
2.4832208047
3.74110615797
2.67987483801
3.308126991
6.10819750792
7.97338729731
4.63400322327
3.39175275751
6.61622295281
5.58385392067
1.80129292073
5.68129806421
6.55529336242
2.11322347642
6.74111249608
2.18960979173
6.61368732715
3.08601014305
5.24206809229
3.42582439765
2.88740910958
7.54632632745
4.84336643017
5.44673027285
5.32314754297
6.45834328598
3.54864927744
7.08500320025
2.4830811902
3.17676961403
6.6615245474
6.98551186492
6.09109312868
4.22376706077
4.44837642447
5.59254401686
7.75893829763
7.11323963995
3.68506841945
6.68807390778
6.44894430448
5.37733002881
5.14570034079
1.48242240954
6.69515407031
5.81783956674
4.06892627839
6.83405787906
5.70140246159
5.68466075234
7.72791658848
5.99957034227
4.6114483593
4.89433871828
5.8756793904
3.92329424379
3.00844066962
3.33667632338
5.86844488027
7.81033333006
4.50909800531
1.981444094
6.5103914749
4.50049509487
6.78195047686
3.84957430058
4.95847531086
2.70215480954
3.08269316976
6.16029793953
4.97457711711
6.95723093372
7.41456549459
1.90829593694
4.18902388939
7.47514946039
7.99625860753
2.62917588728
4.76498723904
7.7648776962
4.48584683059
5.33885914067
6.16330171096
2.81526920544
3.43341019092
6.85786706494
5.59038905075
4.03782190571
5.14522160388
4.67374877505
6.11793656456
3.11658762952
7.29006561396
