2.49667338648
7.22657111819
4.2414352834
4.6588652436
6.01393659779
2.33830062704
6.90331889154
5.46506548878
1.22014733281
6.39891516987
5.58244435217
3.69643799722
7.88635378224
5.20036880259
6.71058044919
4.95805082669
2.44090398591
8.20988121699
6.71062404093
9.41715330992
3.16892670774
2.2990338195
1.23573866573
2.81708704455
6.1857212268
5.75310270349
1.92927244465
4.03933212596
8.42173882792
5.99594173838
8.57307540525
4.25166461544
6.002048506
7.2265309117
6.94621082333
7.14684188251
5.80993238553
6.33655936876
3.05371079937
5.89809818599
5.65121686967
3.68530841166
6.35671070633
5.19875192599
7.35369411222
3.66608999952
1.73067304521
4.83288322628
9.55176715629
5.23242212828
5.47986459812
2.27403192802
4.74708887094
7.21383114113
4.2796723514
0.058291515482
5.33796433955
4.77387330938
5.59095129124
5.47023160897
7.40527241559
1.87591934601
5.26557884307
5.89227187144
4.88580699785
7.62633926106
4.33558072591
4.92865569881
4.08448823284
0.617756589058
3.99615468449
0.439009589817
6.38441221729
8.97258159963
0.844181743306
5.25592093655
4.7506524972
4.2168007009
2.08351859663
7.22320397065
4.99194777537
7.21553143355
6.07246699565
4.50070916771
4.22269127984
3.6203359673
2.47458385294
2.80150815616
4.54025100995
5.95336997324
4.65461325764
6.0137209215
8.16815011824
7.55433834083
6.24410870645
3.75092261334
5.45171557786
3.00066507398
3.92805445137
8.10333898518
2.36499132268
6.82952827133
4.58650403333
4.22019034388
7.49076680957
4.80947167834
4.17387754103
4.58880252308
4.41079462813
2.03587822289
6.19376009664
3.78276060868
5.72165672161
5.8338347443
4.43739216758
4.21062855949
5.64586134096
4.54020070716
11.2370953145
4.18082437602
6.32191734809
3.95935325249
6.98168927063
5.56662685847
3.04391150545
5.92083735093
6.97343556768
1.04149190622
1.57977849087
5.94816288123
4.10166710319
4.32710639669
2.07235472981
4.96690248182
9.24083553224
8.43278632536
4.99418097279
5.69414862254
4.3248029413
8.94309740184
3.30653609479
4.00989047944
8.84682391869
-0.15879612634
5.34087212475
4.13023634548
11.322673194
5.56239695203
6.08819964206
5.1376627241
6.11118680476
5.59333070321
3.8905757547
3.38756530859
1.33918285015
4.30493895188
4.44194662599
5.70592744445
2.88706833448
3.30675986794
1.6764712674
4.76534015696
7.00685038423
7.45243302644
3.33296592674
3.65187988484
5.37966878883
5.21836686378
5.29825981148
5.16484042241
8.16277860593
8.73444190337
2.55853569254
2.03885837712
4.25863214718
3.53708773083
7.11952887201
10.9047310188
5.52392067497
3.85312196972
5.87321606047
10.298593404
6.24640284219
6.34655266056
8.39018482595
5.66355987284
4.61267026506
1.93731437077
9.49857744525
2.36968590296
6.61341609324
6.8961159236
1.52790664123
4.87450121958
4.3150621214
8.05593161061
6.27967587677
4.25003971403
3.20021561184
1.88245147483
4.05426694904
2.85603500668
5.3781963222
7.42838246106
2.824288857
6.37667092865
5.71281751525
2.34765876165
5.53366046554
2.49308406828
1.48830558914
7.24055823226
8.3394363659
1.92923067626
4.81371696174
6.52312484741
3.04201536922
5.43675492452
5.62149245917
4.54289939256
7.75421494311
6.84871826208
6.98375450002
9.78991932342
4.79186453642
4.85774531202
1.4417071585
3.15136473083
5.52131905755
2.31453927691
2.20576371923
5.73174132896
3.3870005511
4.13749371747
4.15128573044
2.71909566547
6.82401472288
3.4372964889
-0.215064631948
4.32815434592
3.37450034946
6.49242879294
6.8079829889
5.04075699687
2.06308145543
0.277882985204
6.37314978212
4.49441359843
4.04008102542
0.760610151276
4.96778540121
7.03649396297
6.91495047774
3.03910535043
4.80992363385
4.63429072288
4.73214348624
6.04299336561
6.66307098546
3.04426796004
3.45140321522
6.38186937713
6.54131626359
6.87547365753
2.05160219222
2.58292637946
2.96053361472
5.31370496351
5.31822836669
5.89639445158
4.56276961997
1.34056066618
6.12180679667
2.93790087275
6.87643896222
7.74090499892
7.17358772699
2.65415147631
6.10421211473
4.53144332947
5.19877807465
3.04650840864
3.27115438957
6.20100785901
4.87488141512
7.54725558955
3.79070722551
4.79714204603
3.65810724971
4.54530388285
7.08696901759
9.30274625591
4.78721921465
6.12646571064
7.04547412012
2.98364393504
2.83707410547
6.04922930058
2.03586844685
3.79115209126
6.60063564817
5.66831798937
6.41678250477
3.25282232727
5.80776131983
4.32885731196
4.8616505662
3.72909520754
5.6063213613
4.38744485389
3.99648453784
4.09698632626
6.1358260513
6.66718177916
4.20754976492
5.72625857619
4.87221054401
4.75648801378
4.86970273395
3.13649321468
7.2277512654
6.42646366106
3.70946904584
5.65834044063
8.49862813343
7.2892149063
6.89728297753
5.34494039183
5.60279404297
8.20821752432
4.20622973978
7.475032343
3.90511960057
3.93480383411
3.24254276768
7.93581206566
4.41756767073
4.92855582351
0.179323592888
7.074936094
5.40269305673
3.56245372587
6.58985268675
2.80765258686
5.79573779062
7.38867843675
5.7621407053
5.81248113633
4.68575291865
4.12229644133
7.27990673535
7.37726410026
6.11225337334
8.27497891369
7.44359415786
3.5360069223
7.32006812826
3.62151021442
8.15262655005
3.08744925239
8.35582240542
4.79505609111
8.43884216198
3.81659076573
7.97745357872
5.51782415314
6.59602246945
8.92847574587
2.97630948202
9.44183809938
8.0596914115
5.29302151409
5.08528171796
5.32937703248
5.51766141345
3.36593397857
7.36729656051
3.81350702877
4.03119418593
2.93406768674
6.92901616323
4.17222200306
0.654394646781
5.75989508302
5.08946497733
3.05722736392
2.17002952523
3.32959119004
4.99279978245
4.81858395879
1.82406056425
6.07501374794
3.90509058781
4.20867546064
7.08471962398
6.22460466962
6.63119245145
5.11161992015
7.92090208264
7.53077767442
3.34253301518
4.67259254008
2.93585925001
5.1572625385
3.59743010502
2.20111037489
3.46185092957
3.73480531231
4.3797078054
3.72391225687
2.29022946644
0.996785761018
4.46145919534
2.40426490838
2.48293754149
4.28711456921
3.74733708984
6.35355484716
5.24280288495
5.45257214288
4.65994037708
3.16215247687
5.85394448207
3.35713522802
5.46597706251
6.57164967839
3.32219340552
6.33511249272
6.06716137297
3.93307260085
6.35824173814
4.02475101579
5.49036418633
2.29716008854
1.3896319264
5.12112485543
3.09526736203
5.78929468441
1.47159827734
5.00220007368
4.81298516958
3.57319441133
3.56420164741
7.19408199317
7.09207048471
5.02192769053
2.90722263188
4.29689250926
4.89202287075
7.50936285413
3.41845651472
6.89577119187
4.25234896647
6.60119981913
6.79041741534
7.15388706799
4.99473604239
4.31950888745
7.97073218745
5.81344766767
4.97141226112
2.63963886245
2.31945732946
4.5517098236
5.15110218932
3.27047789658
6.41239718665
7.76496510788
6.53147134604
8.65799622914
4.66889154377
3.86635886376
4.88533918244
2.87623798415
4.88896493464
4.79314126235
7.56619350498
2.48437081661
3.65737976306
7.34310136638
0.787418186905
4.6309056919
3.58761357192
5.49333830441
5.42734211928
6.1969332955
5.69006741353
3.08687500469
2.67780763329
3.21899380501
7.44773253237
3.99495515717
4.90897006885
-0.330947178776
2.89560837567
3.13075419304
5.42118351746
4.45306532197
4.33395894653
1.36906535154
2.55395168003
7.88542466825
4.6715306494
5.80456419721
5.93538150687
6.12771403526
6.87275060628
3.12632520812
5.8064489673
2.80122235567
6.21319091944
4.0082529771
6.07252771398
8.48007693529
6.86482267428
6.7442226823
6.99788720823
6.6173943945
3.693853848
5.8904476251
9.94898514656
2.72268916821
5.2870577558
2.53481649912
8.51774622296
3.40686903322
7.47925271908
4.27324209873
3.57064597229
7.73235193468
7.0772788944
4.36642392353
7.93180393557
2.61101229256
4.29311710771
7.9343092247
6.46975387023
4.59677383128
3.35626877055
4.98008581617
7.08728558627
2.84399081456
4.35755759213
8.03218839044
4.73524905969
1.94824785108
4.20504715682
7.28348741183
4.82550288993
7.69763761102
7.87332369228
4.12234221005
7.66402844777
4.28487697919
6.17623988872
2.80775344028
5.15224157692
4.00696683935
2.40534462519
1.85541961447
5.9726517708
8.62144966809
3.40352873322
4.12149493603
4.30988370088
3.44497403495
3.90961621699
4.5338694886
7.27007244729
8.74854503318
2.82569198488
7.40145584417
7.77284642396
4.70104151732
7.11637319733
2.97072129076
5.75116641485
7.22730350453
5.420298198
7.78169083699
4.49079880278
0.123600519767
5.85568277517
3.47658275479
6.21192963012
3.97068737149
4.77932246943
2.89958862065
1.53525276645
2.27340739882
6.47980253185
8.44814156322
3.36121467265
2.3839597839
6.91440732405
6.80002702197
3.38311645226
2.8140933472
2.20724055314
6.6696239659
4.99171275867
9.32053610795
6.1400779202
3.13963687005
4.32705416192
10.4348764376
5.20107868954
9.07786579777
3.69601448469
3.32998079528
6.46145441512
5.76771633859
4.84891876355
3.7450766159
4.9129723908
-0.107979294441
2.75949615072
5.51160007031
8.38231083952
4.43693771452
5.36927819257
4.81913480567
5.74532715953
6.5687718997
3.23712711547
6.59483997114
5.9618966845
7.25123928619
5.74347353143
6.43225587243
2.38651619864
6.16771070559
3.67375248885
6.13588978136
5.01609583874
7.11945586558
7.2173602242
2.96263465846
1.06801327531
4.25627449347
6.31348083865
7.81943997191
2.67437701578
5.82816007196
3.98226382063
7.39522841119
8.48729511651
3.56343633364
1.89349391586
8.18849091321
7.46720149752
6.23633120895
3.69111346054
4.42195445637
5.85927252298
6.06585414805
7.39907118906
4.64156866184
2.44399276106
6.32991168105
7.18034494756
3.72895534015
4.3610271997
7.22151809646
4.12727238829
5.59135030392
2.01113051269
6.24576930998
6.12716511361
4.1422607953
3.71745172989
7.2464707786
5.3307297774
2.71641072563
6.22622486576
3.16016818036
6.00468573107
6.12354996608
6.82182312913
6.25375515385
3.63295395642
5.50663645768
4.29048242215
3.20709783197
4.3937567102
1.95345769982
7.69831020293
5.85864598581
5.55522996958
5.87514482622
7.43259643354
3.96518045241
2.66510852287
4.31975989559
5.56108442744
3.11302174864
4.45248783677
9.11714727652
2.66553453831
3.12292932753
8.33826558498
7.55430812159
3.30401054185
6.83904117137
8.44239277787
3.4975275797
8.27630229858
4.99879590388
5.58893548601
1.72993437795
7.81145672047
3.62998554062
5.50084570602
6.59895053206
7.60199794902
9.42813296584
5.32374296726
1.44628222715
8.65637718337
5.45393918587
3.78683404985
5.51218953819
6.72305064611
5.96852120925
5.71773790646
3.87726734217
1.39855193313
3.7105100992
8.88327159137
9.09490343347
6.20998701204
6.22820313675
7.02163762647
-1.06695422064
6.68988452166
3.10232170043
8.00047140493
5.97633415666
5.85228862343
6.18046537259
5.92749968329
3.70815880013
0.600017385934
4.89251019187
2.7865327966
7.77323900702
7.29754903666
4.22913135321
3.99684400163
0.0870611443057
4.93720567338
6.47077770056
5.72232781447
5.60807438638
1.26409396363
7.64843808683
4.41726799435
2.7891156968
7.7937999171
2.51085858097
6.19257310996
2.5788373549
2.42479966816
7.13833550294
2.93074383233
7.55554085671
4.77343603563
2.41992062871
3.05832281595
3.06174372229
5.46516966102
6.52081854353
7.37673174491
5.53067990775
4.02807811389
8.46395666438
3.11901134539
4.78806592134
4.00006767018
6.15137828041
6.72771044992
3.71011441702
3.16753953478
2.40042511017
3.70053849944
5.42104643422
7.76721622578
7.72337923714
6.37902585646
5.85213014984
6.40593710192
2.19202455085
7.30356284013
5.16358959997
5.59636465443
3.17100321095
6.17650557638
4.53540053424
6.79917127579
3.7836115616
7.04104414594
5.17504927416
7.10847500708
1.63377641051
6.69900591397
5.82815146728
2.40850460426
6.41001923785
7.94259490466
5.1311052397
2.60510995506
5.85035283374
7.71746091653
3.25184382268
3.21991932283
1.90879910383
5.67144146747
5.28670055511
5.04925631656
3.78578882686
5.26148190202
0.195310572816
5.46829799264
4.0638905881
7.04908721705
3.45380853319
1.35041779173
4.3531525246
2.22991749395
7.72960103469
4.18182386611
4.53542864531
7.5241826475
6.01744266552
2.4307177737
6.32412434973
-0.86458510063
3.24705292697
5.80791772903
7.45156918163
1.8078629244
10.3223012683
4.53267106567
2.17056271176
6.53337666551
3.18057496568
4.36679587112
6.88218053462
7.15968039025
3.47362886714
3.22297401094
8.16644817912
5.22738492923
6.99947467448
2.09675168928
6.09554846508
-0.595705228051
5.8085818744
8.25294206833
8.71765758528
6.86291880593
5.65810510437
3.00193531705
4.83369789295
5.4123489809
2.54510810724
7.32750839607
3.37447714743
8.11936254271
4.70360421518
4.68123635795
0.675801742216
5.85885079805
2.45874404483
7.04320469747
5.94339136203
4.15952313871
6.35389869566
5.03519913997
4.44179975781
2.90608389069
11.4493896787
5.96470403992
7.40547415062
4.33610693808
4.83176835825
3.9408618554
7.02112514365
4.40425001638
3.2140129105
2.58275643935
3.91205035863
4.47714319544
1.05238918315
4.43932244727
5.95159395328
6.63549668501
5.28705143161
3.09015674387
6.15391588137
5.41085852237
5.84136014277
4.11368809158
5.20362958246
4.79604738362
7.03118433649
5.80176290845
4.78896058339
6.36993189464
3.3994072609
2.57907447225
4.10384836748
5.31048181223
8.03724943482
7.09268483686
4.4651960668
7.64758183911
2.74695979047
5.66200285566
7.43928195621
3.8005084275
5.94236883166
4.0269426834
5.58179679931
2.76940184365
6.6669582468
8.10971232123
5.75832089393
4.41276679812
11.0290518803
4.94159651309
5.11867635496
4.42968881712
3.38546142011
4.11657179066
4.61510466814
4.99895119959
4.96257657042
5.11832494436
5.40057209332
2.99180533813
5.94398069165
1.28605531372
5.73490943193
5.08251233438
3.42612192189
7.78040772624
5.97179813612
6.22461521471
3.56741647297
0.918413224897
-0.742088377327
2.98481028027
5.18459568056
3.19293790165
4.03424901471
7.35580718249
3.49988208172
2.38495569483
6.0812027619
4.81998833675
3.78878490537
8.21951663498
2.81777135573
6.11695464603
0.857757550557
2.99590734481
1.6355780151
1.59037743496
3.24704191395
5.65231965137
6.92129372284
3.98174510378
2.85448209162
4.73161848325
4.59975694511
0.835643836847
7.67219039438
5.48464568914
6.62479020791
2.35860582649
3.14641628902
0.11905682025
4.44301222253
10.1124782504
2.58142705197
4.46153356445
4.05600647829
6.13629477961
5.70506795373
4.83647530152
4.9542378172
3.93255912862
6.41802028992
8.28104654944
6.88520806691
3.69503305001
6.35841144073
3.7663017122
6.01693610836
