3.12005372539
3.99507512038
8.0273815687
7.11554687783
2.49486914616
3.87795554406
6.17307285299
3.19628851065
6.73392689673
-0.298860657463
8.41195609367
6.14114027745
8.47293310986
7.43629404212
3.42757474797
4.20775909992
3.2254497642
7.11819958601
3.15630513319
7.42766990379
5.95089923453
2.94548409762
1.17631591881
6.28334540554
3.79051683464
5.1522979892
7.85551212507
5.90991866542
4.19956968505
4.02157375084
6.01677339437
3.77639482734
6.66272941668
2.80529586142
5.26022340252
2.92949866265
4.16034533351
2.49370602965
5.56637646029
4.21212377783
4.06376147985
6.63566528569
5.89897177932
3.85628505588
5.44045251693
5.38163066637
8.30384259921
7.67868324173
4.47607752101
2.88193556888
5.0902984006
3.49671101815
5.75454467439
6.6978888369
5.84450215843
7.4980772253
0.557393503614
7.03245356298
4.33711474286
6.90416786678
8.59135860426
6.11562325098
3.34761390393
0.936671542165
6.15662462972
6.74666838694
5.295120104
3.98565435844
4.92015392621
6.12272209898
6.79338191507
6.15733473894
7.68982716077
4.02404251342
3.96580549405
7.78301692219
6.31146132764
6.89551473958
5.94069428757
9.72289492465
4.991551538
4.85246093667
4.16157151279
5.03100474405
2.26518681123
4.44170211853
4.46578478673
7.78046703863
1.73589900862
7.66401967825
5.75545848755
3.98040051781
5.36288518555
7.17801624062
3.34962574517
10.8202592847
2.9152004891
3.784755554
4.27119665352
6.38060949154
4.14131084332
2.23478547381
4.52584168837
4.32003092076
3.23573167021
8.89209651521
1.36817248186
6.60846403724
5.10909376507
4.07208285835
3.76306066863
2.47233708176
4.63243552951
-0.212703104269
5.16612675066
1.04228470851
4.91151981946
5.88736230626
5.26108920193
6.37800523812
6.19158569775
3.54043630242
3.41191921224
4.37025209941
2.43479378453
3.07307832658
1.6346839472
9.22182355912
2.70637659665
2.83925213498
6.43967540138
8.3087573446
7.07099902667
5.38928258512
6.73287505144
4.35514082648
5.25196098409
4.03868149945
4.58841780389
4.33274313597
2.76161171039
5.76029032975
2.64976331422
4.31692887274
4.87779845976
3.4579605367
8.08038135696
6.21818949306
2.11809753245
7.51476337906
5.6614301825
3.13093599919
4.96482810727
0.897565281148
4.95923532556
5.69821215932
4.1571621083
0.421269600078
3.52422852814
5.67893329298
5.7258865575
4.22396964468
7.67228165329
7.7045707935
4.27258904448
5.4860053202
0.54899587412
5.34964816234
4.46016945552
6.27752784276
6.55692274434
3.84562209209
6.98297002986
6.1988161726
5.64303423311
5.8803927123
3.69013630989
1.19464555897
5.2618416565
6.26642269424
5.86398244932
4.16242065702
2.74453320585
5.09228538168
3.50734958289
8.41185331903
3.93965182717
6.23580272059
5.96190415493
2.16717532558
5.97319409187
2.76805993187
2.1330973959
6.4635897291
4.14650015037
2.90293367926
1.54139311263
1.14047272132
7.33838844584
4.95698302309
5.8417550227
1.59957268993
6.42163274359
6.93868523451
4.40995406565
6.62494982964
8.98609667808
5.16458306803
2.32762985238
4.26852731844
4.54590983843
4.13408308197
4.8160492149
5.1763351941
6.93181210132
4.75745223295
6.32781578932
6.55500349312
7.41615493402
3.26826331041
6.47329066962
8.57290729985
5.46948366251
3.97891990776
5.84605569001
4.22585134148
4.37428727224
6.50979894564
7.69282658904
7.01517097581
2.09159808513
5.86603525006
6.20877767523
4.79989896807
7.14057962104
7.64358068872
6.2015194337
3.71185875359
6.48040064202
5.21326489088
6.37668742328
1.68314830071
7.07342279828
4.512725662
4.15649434361
5.1443587491
4.60465584221
6.76008824113
3.66792475244
5.487011039
5.71372989596
5.62103684021
6.75747251173
2.01576946965
7.43577074004
7.29365176304
4.06721916867
2.70131642999
4.57036181739
1.17136572583
8.27051219483
-0.920207934833
7.94382583565
6.6154079154
4.76856522586
3.57277075465
2.31699680321
5.3031942699
4.07410582781
1.88328440151
4.42698140442
3.46514261999
6.83379675869
4.88711190012
4.30807062392
4.58456724492
5.38789992688
6.43979646863
0.472224828506
5.11185258194
1.87996413347
6.41761883019
6.2143376465
4.94068631425
2.9770151073
4.08446542808
6.43891865155
2.24864416744
3.49118028293
6.30754819684
2.96973050829
8.76943792356
8.66610319989
4.67517557249
3.85032869796
3.84715314614
0.518303678014
4.38458278252
4.76252228869
8.15826388907
7.17400600701
7.12928235429
4.25875934444
2.17808492397
5.51286955736
4.5393043662
5.38620596973
4.78299543917
5.50165070123
6.00137051936
2.46501228424
6.72081679921
3.57776032159
4.34433108993
6.32281786101
4.67376653073
3.56061767535
6.74932088269
4.56478776998
8.55900897687
7.44191230773
5.06010145278
7.59190826716
2.0673229494
5.79759357287
7.64750745886
4.37220633041
6.03334002308
7.14755597882
3.89801066135
0.830630409405
2.35789402292
4.98969518031
4.09542170227
3.92796063107
7.15116124098
3.60751518517
9.81940001522
2.92804041734
1.68437394258
2.27538796214
5.97238724565
4.19314217609
4.72972019977
0.918602313825
1.09771681756
4.72860107543
5.07969060741
5.20903542348
7.08937339653
2.80505723625
7.19127026366
2.47511668709
4.82683026088
4.16675974589
8.60742942931
2.40101575852
3.34108681448
0.595680388562
3.96921286753
6.51209336111
8.06796584424
5.76358173043
3.2380929507
3.23613275599
6.21760296216
5.9963019267
2.67483368861
6.42522466526
4.82326762705
3.25223183683
4.33555520879
4.55700042243
3.5632882051
3.02705713273
4.7427275817
8.00548877455
2.74073976335
8.27470310076
3.25313736636
4.95443624782
3.36740383608
8.51083081943
4.04400038843
3.86044214139
3.79325781434
4.82039084594
5.54941692658
3.76064250039
4.59236476344
3.28550771171
4.82357364762
6.78042413249
8.33375792516
-2.24627072422
6.74824196458
3.1750907121
4.50133070912
6.47831214591
8.32274690056
6.25063827329
7.50096949702
4.48394364802
9.34114466005
6.940360506
2.68806547109
5.97349576798
6.63167484969
4.9807653435
2.91200158813
3.66817399928
4.58557059875
4.68911922157
2.06913199077
5.4498185994
1.46557277799
2.14552713381
7.48388955908
5.03575046918
8.04497002461
5.02279413791
8.28173706637
5.95190119273
4.57450731156
6.26257874398
4.20113095564
7.48178669123
7.57209379476
5.89209137314
8.10718344746
1.99158110844
5.50995519493
5.54613144117
1.07141542994
7.65936068025
4.21384653938
3.51998107147
7.6795965792
6.53554600869
9.12798464102
5.58797380465
7.33588456483
4.53367382353
2.55281997599
2.94278672882
6.67373093818
4.62640779361
3.95637514076
5.31058441292
8.06440093053
5.47881586332
3.52210941968
7.39374882936
4.86991591016
6.69356053462
4.7945827624
4.93542540749
6.12909634643
4.80612119532
4.51769655262
5.40405809249
5.51796640742
6.35160035664
9.42599220014
3.14277871746
4.00675249452
3.15513022356
8.57014131676
5.02221478094
3.73423721514
2.81688293972
3.76647138721
4.8799476496
6.06642373634
5.71393107457
3.57067181414
8.14402065848
4.33441920452
3.47458138969
4.75202463729
3.74437809608
4.60272150725
6.4706279124
3.40996094215
4.2849838346
3.93123571193
10.669051845
4.17875747257
6.66159007794
4.8389868624
4.33788906478
6.21973818315
5.18013764088
9.39246344344
3.47942115575
4.9384957808
4.7890539741
6.3880088614
8.46545538671
3.99192640323
5.04929707458
3.38055537274
3.06962819202
-0.00362709631047
4.70449423628
4.24647627827
2.50286277892
6.21528454715
0.753498789333
4.68662139063
3.86898847664
5.5320509368
7.87317130999
2.04200096624
1.98535474716
2.26349452349
2.32112448707
3.68715413495
7.69095824557
5.29574071043
2.58483185012
5.3275072629
5.03025665609
3.27194127084
3.78894003006
4.50505089231
7.65228366689
5.29722915021
2.53727567323
2.51951783157
3.53006333435
7.81858592848
5.51611234318
3.18431454623
2.58074034734
4.66240064631
7.91394906517
3.37990349593
8.24178071042
5.38354951814
4.72739816203
4.44747211965
2.90133327191
7.3845322595
3.83503038351
5.33935679973
3.14779347396
2.36833475544
5.75260738207
8.35879408594
7.86768714718
6.64258477354
6.30527752593
5.73646337389
4.1652160336
1.18191106436
7.29331959282
2.75603511093
5.53409061135
2.39748375683
4.23406326323
2.85454576286
4.87818109468
6.62971737942
3.42276556784
5.24534449089
7.0211100491
4.98043454899
6.03821225899
7.59668061835
6.96240142841
7.34113918839
4.733336248
8.33022336395
5.06054390051
6.17001439203
3.94273524269
6.37442906735
3.5342465306
0.163369222206
8.07665616507
1.40107824337
3.23875086473
6.88068604325
3.83932574127
3.43845545802
5.96617957765
5.67094455524
0.599851193292
3.83334989018
0.171106631299
4.35745868268
3.15251088158
5.05047863323
5.64677173421
5.7204316813
4.68430833294
3.03321037808
2.56866939221
3.41883093283
6.8681570544
6.74414521896
6.98013683517
4.60091544007
5.93430889658
7.2248737764
3.42841586431
5.37287745861
2.06911035319
4.39157511932
7.91489141893
5.1108711805
5.34703228361
3.84726013462
5.37394731636
3.03621895238
7.11847064996
3.9851786242
0.978302614503
1.872768541
6.6835355657
1.99529537403
2.12458289498
6.78379712083
3.06095256366
2.74182149531
6.0970925789
5.78067211106
1.41100822992
3.73499417734
8.43934221988
4.40675793704
-0.0308816064017
6.57053259578
7.10675714863
6.64997498727
7.1277703199
4.49612377989
3.56842455075
4.19625953085
2.01408862776
5.61225251698
7.17537233779
3.82389202913
8.00009958844
7.01398954091
7.8048042582
7.23672394373
8.78324562316
5.80624484087
8.15631526468
2.71753326483
3.13765174986
7.17014262994
6.5770680855
5.48894599235
3.63411322951
8.76602177388
6.86044061847
6.96292796026
2.30441125485
7.00065384371
4.97856406799
1.85296681752
2.51159054809
7.38194350423
2.58704110278
3.36525730076
5.72567266706
3.48594702594
3.60191980417
7.18750870697
4.138437342
5.40650098352
5.35394056422
5.41208884594
4.4252004864
5.88479038517
6.03874715169
6.88705724889
8.05620492111
2.69631319276
4.67902205278
4.68024047254
6.3391914687
3.85060118319
6.31320530056
5.04674714646
1.60461403552
5.4128730193
4.89048057741
6.87085944515
9.25336423302
2.9276858854
6.93103751333
4.59346185748
6.80949804866
4.32520720472
2.43998127628
8.58615765717
6.92158821869
4.52674500295
6.98643196409
7.98324991526
5.57177396844
6.06554663573
2.97803670144
4.65842697825
8.011303493
6.6022298158
5.37428547143
3.81173428611
0.209686215203
6.07132746217
4.97953025727
3.21747958719
2.88360654196
5.32779570758
4.03122788708
4.86567609097
4.43681674291
6.45825918844
4.48045930125
3.42063065862
7.9340527023
6.78830661755
3.0663887534
4.29161090051
5.21909648265
6.14252392803
4.35210132635
4.84763114217
2.28077513793
8.78788613103
5.37133077212
4.09782397565
5.86400385758
5.2673163729
3.64184079425
3.811715427
3.95679217212
7.18309475188
5.37839542311
6.3220075978
5.8467504528
7.14300255445
0.0873005417229
6.23728409134
7.60920986455
2.52930802001
6.05504887475
9.21659931169
6.68732253669
6.77113868525
4.03047838503
6.88094158015
3.22651104686
5.61176163009
6.83889809089
2.5018344214
7.64067920968
5.08577086956
8.28131596421
6.1526594939
5.82647386638
5.39530833085
5.75121040631
5.78027646972
2.26532287004
5.68968642939
6.13701692174
2.58822707049
5.14446217358
2.1487832797
4.45793571589
5.77876520003
6.83262234194
10.2559840538
8.46657654527
8.58054856178
-0.0705015491264
5.63960734413
5.9961987859
4.78387508721
2.27880738704
7.13056348896
3.11016286306
2.10960468215
5.32561302157
5.41083524922
4.61431613796
8.24167410408
5.45202440617
5.62939433612
2.7907528399
8.58786285801
4.80964285037
4.09969087704
3.88125645077
4.69084851474
5.5104327882
4.75626418018
7.45573391781
5.5918676489
6.47092176316
2.89691015724
4.0317993833
3.48281340718
8.07238216142
2.45810340435
5.6669095043
8.19335142247
3.49317986445
6.01746512407
6.15876711054
4.66484704667
6.4432701577
5.69604090024
2.2839760274
6.09526417765
4.86688753796
2.03870733263
5.34514382197
7.16896679558
3.49199701472
8.20437481244
7.61901477125
5.74660481575
6.86889577469
7.12334486077
4.2983055242
6.45508478163
3.16845812255
3.5052217584
2.99691529556
7.55946137815
1.34724899949
3.38834409398
4.36618982023
6.70241544697
3.86262118211
7.69542177495
9.4258230196
7.91071065035
3.57373481654
4.88478822388
6.9473977848
10.0454864615
2.52081493972
6.17706515521
5.80878828288
3.63465046672
7.11326600713
5.78825520815
5.62260153799
2.00082786609
9.19056973539
2.53308967211
5.33714039278
0.724454667586
6.84096106185
3.9266183999
8.07258567478
3.30911956583
4.27137708474
2.50607569807
5.51152041253
2.17503231284
5.19489905154
7.83277495227
6.11404715303
5.12898705114
5.2496185239
3.90822117772
7.06779558777
5.17653946798
3.04652504533
7.49845541751
6.36600354936
2.7944734258
1.65342970902
2.56841902078
4.9438514492
5.40892981541
1.94678122962
4.428604184
6.06697278572
4.83303292378
1.53096345778
3.49285809698
6.41120110656
8.1817574012
3.96903802849
2.76209980369
2.98593350252
6.95545889755
4.61310230153
7.35235580724
3.5749904051
2.80994297216
7.33788536036
4.61570405862
7.07290950829
6.63410169175
6.33965086097
5.070024365
3.52298151387
5.06030588409
4.03854549364
5.86647036538
3.11870524424
1.74557966808
3.95467850371
5.69084410628
5.89907449357
5.60418370811
2.98938666194
4.9744490751
7.80311484298
8.04681133036
4.89848094864
5.35738366284
6.12084559271
5.66795533774
3.06745477358
4.79080192771
4.35684245628
7.74871062434
6.1859435609
5.13634900249
4.97439039255
3.96215925192
1.41169242326
2.60086587715
6.06913408213
2.06148959431
5.80230292173
3.9426694912
5.16535178426
4.80124070844
5.5352293223
4.868120426
4.24033689735
5.60771378715
2.59611335964
4.89185735787
4.9753651016
5.95910827569
3.89355664092
4.07873217656
3.45077079247
1.81984838213
3.7584784333
5.07235323537
1.98416043685
2.75133938975
6.30334568826
4.09025473496
8.16864428906
6.10994150628
4.21504163055
2.46860288374
6.88884987135
4.74658332588
5.05710470687
4.5254011796
3.45323813303
3.46120313673
7.41598971819
9.54425475941
6.5245701756
2.48676343849
1.70802008868
6.89059536857
8.24674274874
4.61124837646
2.46222740237
4.61324818707
2.19205671206
5.5048475659
4.71496858005
8.91132131019
7.81391440729
4.62830946424
6.7764557875
6.98612065252
2.63458123638
3.76296845727
4.11104937048
0.98600855605
-0.452737469251
0.278754434641
2.92619357414
5.69733113956
6.00073083063
5.1469435932
4.57288912555
6.72432889964
2.02756750591
10.7433469834
