5.23285918159
6.67630892757
6.18928825636
6.35223620701
7.15905490949
3.53084139445
8.5392897706
5.16066878889
3.44378273777
5.03454067471
0.352091925712
8.44066072525
8.50250117042
8.09396626294
4.49976551023
8.01628951754
6.38268626646
3.57613800647
8.91663417642
8.02686702885
3.93472568468
5.84383635466
0.988834869119
8.200785155
7.11054046363
4.28011101444
2.84682419025
6.91146281905
7.22530860195
5.78184261969
9.8832324853
5.07295836936
8.25701777203
6.31595656465
3.03517872561
5.58858225158
6.0306499589
4.86782068996
5.25002138961
6.14364829728
6.50429182722
3.46412123474
3.07539811481
7.04029510958
7.17424262766
4.99562882935
7.83579049401
5.8329752694
5.86350700365
5.87894132158
4.14947599139
7.29836244775
7.34636036416
2.6862195804
4.24646598524
5.64198126974
4.48835710687
5.9549652418
3.82926351742
8.55164136733
5.37929960027
1.65718300324
4.24764362816
3.35175271443
5.85322190396
7.61320484599
6.61675428052
4.53663306438
2.12402088804
6.37723802361
4.58226842272
6.918168088
4.18078764266
3.84974344168
3.86633196268
8.07337344481
7.25710535957
3.3878269197
3.41213310117
8.61275560487
0.21012134418
1.78794366557
7.91673804286
7.26664010087
3.13552901378
8.26593277535
3.19423921766
6.22838386228
8.47596594614
5.26557705973
9.54500908841
6.68541455561
3.88546361185
6.7567446753
3.2684570617
7.389128864
7.18870974189
2.45316804221
4.86421948045
1.68323019413
6.82587099813
6.37251053561
7.99375908742
4.96361092083
3.56116419128
9.11737375037
3.67074524821
5.88196510219
4.39133863097
4.56183181005
7.49504901129
6.94296303225
6.97729494214
5.53517304786
6.40917574522
4.54329386102
7.39260361955
4.37136276493
0.238956028128
8.11564615639
4.03096426909
5.7369649313
3.03154503708
6.01212058079
4.61073923846
7.60506890044
1.86532789642
5.87663426459
5.20774928698
4.42473134827
4.3477763
8.85560728709
5.64805419887
6.9520966263
4.39834945124
0.872925795225
6.74221397675
4.49686826223
7.95307392004
7.13512697544
5.25928846192
3.58217463915
4.57270575818
7.95961669388
6.18065373969
7.2276757411
6.27164147088
5.96662892844
5.77443659946
3.86091465879
5.0042774822
4.70023517623
3.96659273505
5.11378426822
3.80055583867
6.93748768655
1.08545080904
5.06746907592
5.20334234694
5.15207371992
5.72409940342
6.06210464303
8.23351415753
7.36111859259
6.92308574346
6.38331023581
3.75863914873
2.24100019235
-1.29051098559
3.46744257389
4.14332258774
8.61260696917
5.39372289006
4.53637476918
3.88536405393
5.69460405368
6.37342811142
5.67916505502
2.27745147384
2.99750575371
5.19381641294
2.76268571905
7.59245091716
2.35996428867
2.84366026461
4.04096634934
5.63754820611
0.572873453489
3.69936591149
6.96465670859
4.30629244455
2.8694333359
5.929590622
-0.00706704041691
4.74041654272
4.04411190763
2.70428116981
4.62941265276
7.57453576298
5.11831194772
7.60842086155
6.14158021061
2.87190768621
2.08125672034
4.8847197058
6.95003226495
4.57163729205
6.01277382832
0.985452619375
6.64053121327
3.79087371457
7.56378552911
4.6768462873
7.73193291415
8.00269165215
4.40706951143
6.16317211998
9.52139201593
4.91594762747
6.88565239689
3.13725107829
4.76284808697
8.59072355443
4.75904702143
6.46414737056
2.10830412476
2.58652233345
2.65685219406
4.5940423172
3.36308656007
2.25484723992
6.51388366689
5.26062031599
4.51787800043
5.50052817813
6.83066880399
4.74333652756
0.721782143044
4.94417029483
4.85325298796
8.16085291983
7.37526026978
4.73050629054
6.82013010053
6.53218855967
6.1620969048
6.23910147496
5.74005500632
4.76376613095
4.9428139061
6.81898417572
5.85706654417
6.97875635774
4.03356267801
7.21988080374
5.15850874107
9.1515608257
4.75024394899
6.79479716445
4.04282684326
2.89454037021
5.41875048966
5.57802584764
7.23734450672
7.35315059535
3.38560837024
4.52370614643
1.58607469744
7.14031928209
7.06069286046
6.77685333265
5.35121131631
6.1095177324
5.25307727329
0.935788767389
6.30222415669
3.68192600524
6.18855461233
6.48221688794
4.86632879632
3.86520373576
7.23453671922
5.53190196838
5.54945701286
4.54024289245
8.05170592589
4.08838484364
2.67946781771
1.72910708766
5.06041699285
3.08110308316
4.25472442831
5.3127645011
2.805439457
1.40083313031
6.82503405422
5.37857975125
7.20095436138
3.79463778352
4.77484172877
0.626160402532
6.66012930504
7.28429047726
7.32774750005
6.00765074175
6.64517071244
3.52008506886
5.81385575232
2.86632884573
7.58393150024
5.13735847222
8.16957680465
0.821620809368
5.34128201585
5.49184414508
5.86736505574
6.90389386961
5.85535687666
7.27894778779
7.25677859306
4.33954659126
3.83722594557
3.56515690378
2.22011011093
2.84318587655
4.16911799883
3.56544750922
7.08373472885
6.12949510931
5.04379313002
6.39917979583
4.74796417464
3.15360736437
9.34755026686
6.14550541999
5.08986272113
3.78971516793
4.93097746467
6.7664393489
4.63086736363
3.85257517112
4.29165189222
5.77941743332
8.74601134409
4.3241099772
6.25026394786
3.35335074612
3.74580135931
5.0160007398
6.4242824483
4.95598219666
7.09576555952
2.44045279134
7.54192101224
5.14164061863
6.47295914977
2.32342484717
1.60680919495
3.38787452808
3.99731903601
5.97768659753
6.3884652221
5.89272856514
4.70501273474
1.06429172708
6.53222615688
7.18514843312
6.68793458016
1.78407220302
3.73903199565
7.55740010489
3.63593234194
8.4794495795
6.78779122491
4.29737267157
7.14890156754
2.95824929377
4.55739196612
4.62518599757
-0.0109370347059
6.8642601599
4.19267457149
7.51308099294
4.8418176864
6.37840979317
7.74834847613
6.57563784975
4.04853420862
4.21888259648
6.67977116152
4.52510622816
4.59884052487
6.64283533874
2.21331739487
6.02964528884
6.37333783296
5.58166755922
4.16580447526
4.39141185341
5.71815250976
5.48017302723
6.58894901573
8.91673783657
1.47548883515
6.57910612787
7.22508465366
8.43564195255
5.74348062121
6.17752816051
5.26771969168
5.66425691419
3.66081303717
4.85532192682
4.4400692896
5.13289939008
5.64622264694
3.58298609648
3.58471669162
2.84273466073
1.77955925035
5.00597079804
6.07114484706
6.69554225657
5.19306042721
6.31045486598
4.57658763609
10.8626570743
3.59644676267
5.82430310877
6.19953671293
3.81702758024
2.08126045472
5.85668818765
8.09256570587
7.47337688031
3.72319752108
4.63281670665
7.26965375875
0.768092224022
6.97893604295
4.85336653323
1.10110293582
6.55994825631
5.77366483319
6.07890418501
5.0879635096
1.27087688044
4.85299568786
3.21476016687
1.25773222181
4.311924382
4.74539567118
6.07814268945
5.68085459727
5.66839842301
7.04313987695
6.05198228978
5.42728185021
2.86812221334
4.00336031014
4.38655181977
2.22240955657
6.70814079763
6.82412605371
1.52035639268
3.89308975356
5.08256919746
6.22139826797
5.29722233973
3.01304228697
3.07317550847
7.25086113434
4.06692406008
8.68737491379
4.0200259249
4.44230374682
2.32975747271
3.42911567239
4.40561930862
6.01176358009
5.00996336529
3.15193838575
7.82407936181
7.19553782218
3.90091420486
4.19718098554
6.75550001527
6.35819711247
3.63936834504
5.03310791272
6.96210087043
8.31566926519
5.01678555734
2.75533085137
6.40723568962
5.82514036299
1.59117146549
4.0374114182
6.9141966369
4.30188635741
5.56007370837
2.12712092806
3.75243049124
5.77787876328
4.6666878969
4.46483338801
7.05489686999
4.81328661528
3.0625169001
4.94241943013
1.60573882054
1.85314604946
3.94250392578
3.63972350875
5.08027687841
8.24792851081
7.17355566078
5.56540649287
3.4777704609
3.20537833864
4.6394241361
6.06114735442
3.25376931131
7.45527581609
3.66463378706
3.67942709063
0.553041368783
5.83641835093
5.49054116246
1.01656455139
3.63792675882
6.14018265948
3.98699913723
5.0141946955
2.99784242564
2.82602691935
2.40570200389
6.26716318509
7.23871588616
5.33098319832
6.22728261768
4.7353487534
4.65635914488
5.27539392976
5.81247191547
4.6077404057
3.29407757563
2.21682560781
5.00310150646
2.36722020225
6.52013160805
2.47404334785
5.95409965793
3.88031095864
-0.0999664906974
6.76275258735
4.74997341574
3.14894804311
7.06475277539
6.09470530604
5.98069707949
6.47324243601
3.41432494545
5.19432122858
4.57163900111
5.13904338989
4.00585860728
2.66066586706
5.81023737409
4.6021390179
4.0611454963
6.71301080062
6.97141880461
6.11408707033
0.542282457628
4.85517868324
3.14070373704
6.51705604024
5.86200701293
5.466638233
3.28497415254
6.8774209981
1.15205362933
7.0817302803
3.89406597032
8.30606907544
8.93856652149
5.47416287418
2.81917424507
5.69357903744
5.88094769823
6.5884778513
1.96585981714
1.48524306637
6.95842996338
3.78250854227
7.58140228354
5.33044681914
6.17975735846
1.38701495131
8.03686072782
7.23252689735
6.38982845041
4.45357353511
6.20556964699
4.5881357874
4.50225536483
8.2290873271
3.96010749258
7.66898471048
6.99562923968
4.77114486939
7.36164701424
6.83288780556
7.73488007576
5.17266292679
2.61353839182
8.62584227748
6.2590207905
5.21526698708
2.98107334292
7.85841631513
5.56382942185
2.83899011436
5.70920559124
7.80615799774
6.93500589917
5.00503125653
3.5586222917
6.11480846391
5.28056866745
6.00447584141
1.55824714734
7.99051140583
5.91526717707
1.3621774425
5.16066864914
4.85152769188
6.07039577063
6.74372091376
4.10886717903
3.42041070978
5.54830989747
5.96116289617
4.87701138119
4.49590223166
4.78681133275
1.86902038862
5.02982868821
3.42292928421
5.0104229357
3.79763711225
6.08411549046
5.34307593554
6.74158727306
3.94762661611
8.02097533224
4.32773205388
4.44579494783
3.51974927447
3.63514718615
6.30929203122
4.61900658974
5.62213012229
3.55064992441
7.97779981572
7.71839099645
3.23854614721
2.40634024455
5.41516925198
2.37307627766
7.72108915258
3.24626625634
6.96623188102
6.95554092976
5.80376160528
5.26363933393
-1.47066208742
7.20789247782
3.4462058534
7.75677809227
4.69710155661
4.40610295303
4.90381559341
6.15040373197
4.92185511827
7.62742385811
3.07826772035
5.02482221095
4.51072515888
3.6119203981
3.1375261979
6.93923139479
5.82805924938
4.64352189015
7.91440128435
7.00795428011
2.93130476437
2.40989443163
3.01777935875
6.54768728456
4.69120383853
3.46253480728
5.09420357769
0.427278855211
4.35554564683
4.20040681624
4.90598161391
5.25157802201
3.39221487482
4.47697103674
3.80642567078
6.51657926896
0.320555045684
4.27250978217
7.30793367784
-0.484130500146
5.89986818327
4.52604050508
5.68347260037
5.56161057007
2.33304494183
5.46215504353
3.62900037031
1.0067622771
2.64750088436
6.51494066891
6.81209235862
5.33486111432
0.921567056958
5.16146144597
2.15724841497
0.900014455549
3.95669712346
7.14552493933
6.38622125065
6.55455312316
4.19573974516
8.91963919991
8.44006731857
3.50006506227
4.72358281257
8.3996853815
6.18027214817
2.67234424189
4.52755091278
2.15076102721
6.4495215272
4.98902763526
4.65251618716
2.84653216449
7.21676531852
3.76927749186
3.60928280779
7.14173110429
6.94664940551
6.60558745097
4.71688831233
5.03667907875
5.60811360729
4.75930979731
5.74233120226
6.27493743544
8.20345225542
3.32388777162
5.49441441104
7.90570383286
7.05103705363
4.59838138756
6.1734554118
7.65626314051
6.3306002062
5.13451658643
-0.838217797087
6.73938111116
4.68632617348
1.53182119656
2.90081187962
7.19240961004
4.30713870631
2.64758161083
7.00048159027
1.45699846834
5.7245284886
4.44064377532
4.03869419167
3.42714783348
2.51133611592
5.94517282852
1.94501457955
6.25649949854
4.22263062261
8.11329687168
0.863757918079
2.83046396473
5.53528776256
4.77747936349
11.0781933579
3.48188529293
5.15698214425
5.29310122324
7.51740030463
5.74471934551
5.64332706385
5.14953188817
7.78634130124
7.8557276069
4.0108744639
5.59922878095
4.50242464739
3.99001349211
3.1583771226
4.23616160247
8.02615808838
8.13104901684
7.225872658
5.7476858242
5.71668715384
5.43695171312
4.52763238202
5.84527969796
6.91498006445
1.51601394604
3.62657774754
5.58883837516
5.18562430855
4.91451861348
3.43605638742
5.06647944452
4.50785309945
3.90401612207
5.15099525385
5.92713421739
4.40035999287
8.04311638649
3.5015386721
4.1447225398
9.47888612068
5.50599298151
4.74539501394
5.82494053493
2.4565352705
2.63804184947
4.66431127906
5.69525746525
7.06154088712
5.79590262775
5.22558990893
5.41270057765
4.53562217138
2.80464530852
5.19247988968
2.08353793381
4.27101820368
8.75701854812
4.8842241341
5.0101001292
3.76032947585
1.87509247844
3.49747305893
4.3816960466
2.95122218413
7.0649532852
4.08608370781
1.31213509443
5.57074225507
1.74857619737
7.29707398042
5.84167094151
4.45983742853
7.09371239177
4.46121625801
6.3974479829
5.87363989902
3.46591734241
3.233654638
4.12459120554
4.99795185245
6.05715481379
5.03813468737
3.4013301185
6.28739773945
5.86713982798
3.15358891389
7.32183882518
0.370499024217
0.393026750977
3.54493653991
9.01709177319
2.19600146948
5.0262707159
7.14649777448
5.30056938561
2.23689151622
4.15669502887
4.22688345328
1.8281607121
4.80794377208
5.90057789273
6.73533697671
2.2653309231
1.3552322489
5.08127575063
6.05587222429
3.49646535367
7.47433075549
4.48435990103
4.54475243167
1.06040053252
4.26790053866
5.95435328329
5.29855142688
3.86867365365
3.88712613622
5.17576187156
5.68719428751
6.91827952825
5.41148679607
8.5259928428
6.81209588448
1.30273979246
2.38218866629
5.72282702636
7.09760227314
4.28572828807
4.88897045275
3.77865429728
6.74164944572
4.80120954709
5.78678498615
6.42459972385
9.03730328729
3.49254934213
3.30311385561
7.816615378
3.23907009352
6.1643097834
3.35008390525
8.62873449976
2.32911275944
6.82505670044
0.608670361022
5.74002432321
8.20346755053
6.09353524814
0.956257859356
4.82792741538
4.39729465966
6.86606810569
3.30296895801
3.3694918473
3.02687330672
3.45349522885
4.6130682501
4.4477102099
7.6593701108
3.42548003048
8.92081206788
2.85172156557
2.72453436131
4.72186527642
5.45526246579
6.32971407241
4.86618833277
4.36641551732
5.48284465187
5.5696908305
6.2540539532
5.91677068747
5.41139346419
7.51601401568
6.04587906225
6.34478998378
2.812627052
7.47835100766
4.61258727185
6.77843525836
5.13863805326
6.83585742112
5.47996743697
5.61293006895
7.98968959379
2.9901770463
3.61789543048
2.8383517688
1.65579451722
5.14138416776
6.0816846212
6.23697639517
5.40115232436
4.12618591203
3.53940656153
5.3855890501
5.06390077597
6.38198685061
6.298912957
3.30942045415
8.05669272781
3.23762008453
5.37407332568
