5.60961916418
6.9930845348
5.08053455156
3.0954004873
4.24582551529
9.83257189238
3.8173389221
2.30148555397
8.68060992272
8.72584998719
9.07732680338
1.77881727231
4.80894412194
5.73937107279
4.62962287406
4.91264390753
4.64764326148
5.74964522636
4.95023428688
3.15267377599
7.84409668288
6.00650483138
6.5361689784
6.30001199905
6.9109426085
4.1425918293
8.62800950485
6.65597251486
3.32780478637
4.82818191871
6.63085834816
7.12031523086
4.09554599776
4.61654861205
2.76512024624
7.17573768727
3.46625402175
4.06146282532
8.11800464122
2.28431162805
4.09501097774
4.06804036648
6.62614750651
6.71729127905
0.716571293364
4.3021892932
6.6483592114
5.04553538866
4.2135842235
4.21582071415
2.04863069607
2.82738656203
2.30360357634
6.9259820247
4.35585331698
0.627777219998
2.63169592633
7.11475614683
4.21111726073
3.80890940171
3.01527064488
5.13047483016
6.31800326715
7.05056101684
4.36715786279
4.19113367166
6.05114041328
6.24693708433
5.29619639416
6.48810404806
1.95328288453
9.07041409351
7.84081183842
5.7566417063
7.32295344037
5.08990267127
7.88352497311
6.21101931745
3.71234642171
4.06178591127
3.86210665417
8.22504081476
4.95111106858
6.03379489475
3.91726433363
2.24902848193
7.32378707619
1.82560069308
4.79613484618
10.1070128976
1.53705779653
5.75415212498
0.291621944415
2.82992977309
6.78425283975
6.79322736642
7.40800514137
7.14593364427
3.53528890058
6.35662622658
5.10627348677
1.93636238083
5.94682168917
5.44253497171
2.35503933894
5.72230458445
6.67577274788
5.15153553217
5.4686107942
6.25211550935
3.97395828774
6.23128991164
5.22121663206
4.9412790511
3.99246144528
8.62915441602
3.09460343705
7.41845625872
5.02928716164
4.11971057492
4.0898391276
5.57436658629
3.52527371693
1.72693408645
8.14891085081
3.89429700901
7.59144429227
8.43072307497
4.71304490525
4.39610423109
5.38842645046
4.69947417059
4.87764681906
5.20902338165
4.13513590142
6.11030766517
4.0189932318
6.94934912142
5.90578982486
7.48473724162
6.33616523896
4.93606436332
7.41602974215
7.21308569389
4.39457427235
6.6170831482
3.73662479585
3.87283884336
4.84627441219
3.99093894852
4.88292873495
5.29513394679
7.68640907312
3.10826037173
7.6884487503
3.78822699498
-1.42356312145
1.70626859984
3.20056349284
6.19159633763
-0.299638890371
4.08984917248
5.38157771755
3.42257036205
5.5878389578
6.69170852937
4.65975526152
2.40742726548
3.13676207403
5.4297984678
7.17886914573
4.3417003824
3.37719298087
3.20190293319
2.77078944388
3.1529450323
3.68047488803
8.93410878745
5.49992568387
3.08377472506
7.79914662109
1.45742127884
7.95503489213
5.87238713615
1.72242357867
5.52856397624
4.41456659849
3.96442124005
5.90311545541
2.84624787985
3.24430773245
4.38500226303
4.45703548489
5.00922717091
7.11014204983
6.6761803595
5.07830567436
4.71269625891
4.62057275365
8.19209903367
3.74727461538
0.601424701465
3.54610348563
0.937452569178
4.07853704257
2.36014812726
4.08498171941
4.36892086856
5.95005590198
10.3973813159
6.35573513574
8.99648997111
4.44746714566
4.18186644698
4.80909401463
4.3524508267
7.25315720431
4.58822319798
6.751847738
6.4583789091
7.21573693704
2.98946641961
3.73443727311
4.31534137927
4.84310533819
7.94545903101
3.89916091685
2.9311136448
2.99556690727
6.74752806756
7.75209563964
9.26057159449
5.89225079828
7.32346857834
3.64401122072
7.28665074953
3.23749738317
8.86333941837
2.29646733467
1.46980406177
6.06438882074
3.65838997343
5.05228479917
3.27595475983
1.34461957164
5.92370991467
2.52279670592
0.989338111182
4.11364742928
6.80825226193
7.83590286385
4.42735521818
4.31745149891
7.25485749558
3.94267975055
3.15827897925
7.26220307574
3.49884600237
6.02297567453
5.17103640421
4.83059462081
7.49531551164
5.09419490209
8.90950894553
3.04585082053
4.80811537962
4.43105732906
3.09637796782
4.11105551747
6.18276471256
5.5425869494
5.05081170091
4.09484500721
4.83587715395
7.36574161761
4.35592302122
3.52128211101
8.82697715047
4.09991507085
4.04327023092
9.18842124045
4.94949391645
1.84631637969
4.16545001255
4.30825869315
2.9553199662
5.60709449123
2.91161599604
10.4318016411
6.6704427293
6.83439765522
6.69246697063
6.39412720885
3.9117184612
6.18033574402
3.86573603813
1.04559314715
5.06058604598
5.22047069325
6.82122481752
4.21789439064
5.60236990469
2.32998400334
4.98324772928
3.87449961492
4.11010564255
3.35884208086
2.57213231492
7.8178570039
5.40171097535
6.95253724308
6.24754902545
6.12697816117
1.79905192016
3.06133285226
3.93319813163
5.04168987719
4.53689019102
1.71955107702
0.574922303724
3.47655640475
5.92305298455
4.87424925554
6.77982786352
4.09709638099
6.03692109556
3.09527616435
3.663931447
3.92925415446
-1.081440894
9.36717596424
6.68448650987
1.58858720146
1.61179201675
3.45324395712
3.89964900277
2.11566057384
3.16849682113
5.92535837802
2.38985618373
5.63087184331
3.84975363697
6.38302977981
4.30400407403
0.56673196174
4.92460243029
3.08242242896
6.88949284161
2.68477567626
6.7896481492
6.2798161477
5.14415341156
4.67296784452
1.27479665536
1.0023111385
2.54267165343
4.23333381995
5.92004631777
3.36465332453
5.29167956592
0.346889230649
2.69336000565
4.34807330401
7.67746793177
5.19213154659
5.58045119409
1.59440754988
8.08819266604
6.80864645677
1.75135044284
3.77716888741
3.96957727191
7.27929955664
5.5613712333
4.95275675084
8.18253504844
4.09492598395
1.84762105701
7.76846946276
4.22166519085
7.32299755531
6.53563048932
7.37925377156
6.3592363379
5.62609133821
7.85414943973
1.20756572955
5.30855005156
3.77944348293
7.67538117844
7.34032115944
3.65219596343
7.21447158922
5.22776467596
0.802057094783
5.44257335479
5.47541289244
4.04635949731
7.87459570351
4.4086379026
5.68712294094
7.95585858922
5.10249733758
6.69323407742
0.256126748485
3.2580385081
4.54147021651
4.36345200053
5.85124882973
4.58432643887
4.93835989151
4.76586404639
2.32659600043
4.17805775037
5.18333895261
6.40588000245
1.81119194105
4.31964941216
5.06585054623
3.3629070349
6.07817876278
5.85049057566
6.95510644372
3.52448370746
3.70230826459
4.58872131304
3.98378709669
3.11413767091
3.14309345079
2.70106068738
7.25413351734
7.20217996373
3.45614855389
6.89805549723
2.35269553799
2.68856037708
3.73823979757
4.78791434912
4.98460530553
5.03949945788
4.38319551682
5.23293023762
4.60505981556
6.1633829123
6.83713275808
3.7332360255
2.56939388577
6.756160653
3.53111948671
6.68512272552
3.55186080917
5.41580208248
6.49289066232
4.17718302207
7.18271644533
6.3776046323
1.5626564586
6.0789501378
2.08259272328
4.46665521856
5.16315430207
4.9395363478
5.23182715906
3.10241134029
5.33705397395
5.84493268283
4.70076770555
4.46103559467
5.65448017992
4.17647149565
4.77649593614
5.70213505208
5.68679131537
6.0707586225
4.33419191166
3.60628889834
2.28844834042
7.48322627093
6.19399689464
0.92512409146
8.49365151939
4.45096313716
2.78249721848
7.48200773052
5.21869695789
6.45155910956
5.11287998067
5.15857049448
2.66400464258
8.09447147689
6.027288601
4.37958826272
4.86678215342
3.62139790578
4.76770299124
8.35642844031
1.880929091
10.2596151847
1.73056713287
1.03362676835
3.14673922351
9.40619512652
4.9668855385
5.873907845
4.49635727887
4.21454429058
5.48831032734
3.22143161928
9.41835992036
7.3006199929
2.94259792147
6.40060852255
4.64074081406
6.83812894034
2.66627304331
3.14114011544
2.71454805062
2.40936788268
3.17178580216
1.6588633482
3.63972746271
2.22861588424
11.0985719873
6.07955142143
2.69889660176
7.45988009947
4.31360041569
0.917680835153
2.99077087226
5.31878698743
7.34561442209
5.71391224249
4.74444923651
4.22717243066
4.21482465473
3.29673075788
7.0810245275
1.6010405484
4.38132625561
6.12619925366
8.52651224701
4.35935402878
5.74885005836
0.34332531285
5.97975423308
9.47361838456
2.90050996099
4.97757355959
6.9720970461
9.01264886511
7.64699743074
7.80486877521
4.14632119213
5.19474754237
4.22397996506
3.98812740584
4.72377708406
6.39539288296
5.85876154994
3.7150021323
7.22066938098
3.91965794609
5.60735601802
3.78762008907
4.36521932636
4.03938156538
4.25826411
4.14123293664
2.11512284564
6.16843487271
6.52169442336
7.46700452197
4.33188616112
4.71430378234
4.86172831165
5.34848036097
3.26644812415
8.02766187439
5.43354761494
4.59577154043
9.57828895614
5.6878705023
5.810528342
2.59083098361
6.73277854934
5.00938926618
5.60381621947
2.85465251074
6.1473209843
2.9973688769
3.21935328397
6.58355701013
4.28140814958
5.77287754645
7.93117821436
4.85263258546
5.05568748964
3.81782234293
7.18714494066
3.85014991689
5.12652038003
2.39802847
1.35434247265
6.13699133915
5.21471138168
6.63314818541
3.77715843367
4.21184245603
3.883666511
3.7394052351
5.24255869723
2.31071324372
2.6802091585
6.40884687394
5.97960290475
4.11325735959
4.1379902841
4.64552036649
6.47798799342
4.48680649267
1.9066728087
3.39021150668
3.9536874428
6.86997698781
4.07851142235
6.58403794964
6.83823747192
5.56078851014
4.13580747257
4.41050984825
4.30629076605
9.6232489672
4.74139228725
5.34816532193
1.82189836378
5.12678556632
5.49657361522
3.81561028342
5.79540633139
5.28435177957
6.52589405365
5.73137949227
6.61906218018
5.92400905833
5.16035737302
6.09278834344
5.52412358266
4.81247864964
8.65001971746
7.10664499662
4.67276177228
5.24861661093
7.61007162273
7.92176715396
6.82228965173
5.83313211636
2.95683516311
7.05121508192
4.41001383893
4.17296290133
7.92193795503
7.20854097699
4.51846350266
0.784820045266
6.03250789852
4.15884520263
4.4469246888
1.68458187689
1.42731099002
2.47718910747
5.60127963663
2.0132819944
2.83680941696
5.11444643866
4.32931959744
5.54314654792
5.45170487732
3.06218862497
4.02862839853
6.38540838006
3.29026114847
3.55058625573
4.53468473306
4.44677309377
4.22638749939
2.16889580331
4.30541746156
2.06149887829
4.60844177527
4.53081648355
7.06657035144
9.1885440839
4.64187965032
6.41627057997
5.19527391021
2.08469179689
8.63094981427
4.85787906057
2.5261632608
1.96034882221
4.45823959458
3.92902081908
4.11673604999
7.27869453271
5.40408820195
6.49233807727
7.54844769249
5.68044096127
5.60292529783
3.72838845966
3.54177392124
6.25680122934
6.19113207054
9.31772853827
6.14536635144
7.12008580216
8.27317260951
4.28743584963
6.53985040909
2.36781305975
1.40588676131
5.14283421765
4.93879939546
5.29901022901
3.98309852144
3.3712955764
5.42013820117
4.96459617481
6.77262401886
6.06289703113
8.65519149936
5.18715626337
5.57324844798
1.81524332537
5.2438153396
4.61482486759
7.28262014201
5.64997064427
4.90705526801
5.61594921045
7.37969262005
2.52277054484
1.50081047245
7.23277220512
5.4397102539
3.33958889533
4.91780596991
4.76014453077
4.44929256768
5.24376098559
3.71513095643
5.31599914504
5.71717793167
2.37025571018
3.17996396028
4.81928051744
4.45128567722
0.312572453767
3.88940086567
3.41644347029
9.91775538882
4.78196212353
3.69284194284
4.04358375578
3.46829068399
4.51862032575
5.18624721799
8.0265916703
7.84699140983
8.31850080405
3.76465963703
6.00299260678
5.70742713955
9.67996427152
6.13921371935
5.41930699942
1.4828962761
3.45466759883
5.33709805693
6.09600260262
1.74282174551
4.99537987391
2.91399439573
7.45874130805
2.82177588755
5.56967968193
5.90463121938
-0.719459733815
7.59461952615
4.99859666019
0.561337588536
8.70055600552
2.43720826642
4.34513593398
4.59289725456
6.06631137995
4.85563360475
3.29708398003
4.50149439591
3.71807539017
8.16418268505
4.34750219816
4.6635824476
2.6816853177
2.23440497443
8.5069945685
6.2389711557
4.82270466628
1.25789030315
4.87695489988
4.50283625941
5.17923339987
8.14462907081
4.73929986414
2.78126697641
7.42351674583
4.15824956211
5.93336375753
7.28518665873
6.3388674539
2.74775181372
6.04829127179
5.32103981279
9.35599616071
7.38763416071
4.55878881637
5.81295208361
6.16871153662
6.07086425658
4.60062830569
7.71322680093
9.3850989181
6.38987460825
7.00446240579
1.2609107167
8.82851900846
3.58117422464
6.53202126408
4.93119317738
8.04184872847
5.63022892943
6.53299085933
2.65585620382
8.11643190624
6.7733123339
7.37758487238
6.76578079254
7.86006129507
4.86367088264
4.77186758915
4.8149528241
5.33071899985
5.32375350511
4.97697519608
5.57000886968
4.56929633553
3.71478170393
6.36217993391
5.25118372134
4.76086495394
8.53739623427
3.14199748444
3.78583349785
4.16328404193
5.93205174038
1.38647730942
5.59501653653
2.3340545405
8.57474092738
4.07741145181
5.70625931071
3.29769263572
7.72636955563
2.56566026032
2.17345945156
4.01195022517
4.30399038593
6.98344083916
5.39001506716
6.9707294085
7.66196797641
3.16108894111
5.20490515732
6.65763054852
8.83534425931
6.13844381373
1.5184412339
4.66813486259
1.00532852983
4.93526438569
4.06531262662
5.17255501223
5.41137111217
4.12326867227
8.35457168757
5.16440189242
2.34484255258
8.28323035596
4.85407968898
0.729925884662
6.59823023819
4.43234773758
5.96224521668
5.94249701968
2.87516708054
5.63833296491
6.86723027555
3.94077517155
5.9785303122
6.00071849546
6.90458871009
3.93788177142
4.02757851988
3.08893440082
6.22331203949
5.22460157048
3.73760863993
5.44227914429
8.41254683551
5.10554244353
5.01464969515
2.52345800869
7.46238023578
1.74140779437
3.76242071896
6.29177897192
5.8794967281
4.00003028756
7.00986688781
3.35288562999
3.75231792564
8.4410061577
4.42341011346
4.61269495401
5.62199144586
8.04211961906
2.39223156261
8.06779305335
5.12050197603
5.31793303045
5.72682118117
3.81087582535
4.02160740961
5.17269878626
4.03109474897
2.72175686438
7.09739260813
5.50793399488
5.98781268823
5.27257587223
5.04918087459
7.89129978207
6.43759223086
4.02313615629
1.61667671371
1.72059146119
6.48317142715
4.49704646815
6.93624535739
7.13289139371
4.23385283061
5.49238762323
5.61467912857
5.17304266145
4.34318150058
4.5577792609
8.00063301747
5.88021897318
3.31556238863
10.015819988
4.6480600116
6.91528938358
4.19145543356
6.47144004311
6.52753605648
3.08027718141
3.53409143545
3.19869571672
3.46918841018
1.40620273474
2.18879959615
4.53554751424
0.573242700849
4.67434077478
5.58738226811
5.00431880352
4.5372501344
1.59106652805
3.91720127831
5.08198206346
8.00920024865
6.57288815038
2.60873359061
2.8818735314
2.42591006317
3.70053102806
3.05376871336
2.1548725724
5.10472560989
4.55643754281
