4.62280141463
2.98977258606
4.63923489145
4.18352278056
1.89917757682
0.763346143579
0.665231333295
6.69246015695
8.20609679626
6.70764181675
6.00406341041
6.93418737642
4.33667376871
7.38913969955
0.771114404967
11.2198023087
8.51400402013
4.3554879895
4.56709461749
9.28290730819
2.92506441471
7.29339796715
5.76943290165
4.2233051371
5.54433238048
3.41375688885
5.70699285823
4.14281732957
2.4306985079
8.20497161114
2.05720162635
5.57944374915
3.97401126196
3.90101810397
1.85113207442
7.28633067396
6.97255576634
8.50876856302
7.57074920895
6.68001798131
4.82894779754
3.72776917287
3.82724036254
6.47947676448
9.01676768858
4.26194991871
2.8644467766
8.05945857448
4.82934312484
4.68768776153
6.08192332439
7.3823001809
6.7669664208
5.63394288371
5.22126959972
4.292426762
5.46705287828
6.9757587165
3.27557199807
5.74510386087
3.38800012984
4.30807189042
5.13917683958
4.86343886623
5.25796155733
1.75223338025
5.36429778002
1.10931841923
3.82298219598
5.43380412248
4.37819178704
2.65894657316
6.38980620286
4.25405095192
1.53086261981
5.19130654113
4.41871859569
0.923150496576
5.66994941909
8.30614005846
3.93256959268
4.29222599528
0.392418300347
3.89748394161
2.77911775008
1.86616419736
4.43096168442
3.72825757096
4.4816504752
5.51086001127
3.10699265343
4.30917511206
1.61209821492
3.17913586502
6.39194996991
6.02819393132
5.19297967613
5.09114181788
2.85555000681
7.94146934692
4.82411116598
4.55735274161
3.81441582951
4.97076694232
2.35164388844
5.49726269163
8.80922332838
4.83127168602
8.5561249748
3.16808661182
3.87123227765
3.75592633009
5.69654142156
6.95175085834
2.34768530215
7.29116007711
0.270761542958
5.2666694863
5.26093333323
6.25078591938
5.25958096137
3.31371943618
4.83724964549
4.16482773378
6.30935946111
5.87150450001
6.60057378912
7.87999655931
6.03862451777
4.73297985939
5.11358708147
3.9454834396
6.67228809691
3.72596513844
2.87263934791
5.78849455012
4.41737282182
2.94491546189
7.13927423802
2.92346082266
8.67580408051
1.8095068989
6.43884375631
3.81840161509
3.544946937
4.38394628565
5.37703321613
6.00098949651
4.23081553435
0.568149446813
3.45418603841
4.17236534744
7.21608848442
5.4160855704
3.81229433531
4.38479478828
6.84376971726
2.76010235531
0.153143804106
6.285774647
6.97772778804
6.40222434229
5.53057060302
5.2290727782
3.56730916325
5.90910510264
5.48531355936
3.41846245152
3.72950682089
6.44823166322
1.7735822064
5.69424438058
2.94890892476
5.29523166789
3.30206906195
2.787177519
4.09598355125
5.47460396901
5.51555757245
5.30698495178
4.15615480639
3.96584959618
7.58925301233
5.57475932727
5.60114738692
3.1080785359
5.82936892554
11.4901906141
6.67603753036
7.03311696959
8.34969406011
4.2510570468
4.43051078586
0.260404559476
7.9503653692
5.31910986849
6.83373044743
5.44039471947
4.1753742597
2.28266516081
8.5580845601
6.29001819619
5.63566657757
3.7432302509
1.98098922399
4.45304301019
6.90549147724
6.42927475584
4.92616168113
5.18785010578
2.80102855545
4.52944301844
5.62369296966
6.5296042453
3.62105643517
1.09436618634
2.59881448077
3.29508382168
7.71537049273
8.00872237111
6.10485228492
5.46792496198
8.98505671476
2.39559437134
5.37781940418
1.18910785599
8.48582410067
6.42517813544
1.67198586318
8.02267904121
3.6807989522
4.41127251736
0.328631626398
5.37980767029
4.9439577902
5.99398229902
2.41978599298
3.0108508363
3.80161726795
4.28411572785
7.04329343886
3.98661631386
1.80196808599
6.78145551938
1.2174041088
0.518734108522
3.92629546262
5.08490243136
3.95929301737
7.39239831278
6.60562555722
7.44202491274
4.930153609
1.44437130378
4.41055299554
7.07946641881
7.91910283113
4.68181657379
3.36127149407
3.51370977552
6.70252140022
3.17604567843
3.48725830642
6.05437526652
5.29289102944
7.30068364601
3.97950658511
7.36565708835
7.7325472258
3.97105446669
4.80161260462
5.57721999543
6.4931402088
5.35858147941
4.76292403852
4.46866844694
4.7130687581
6.81574820813
4.28055002974
2.11825820571
5.07503352359
5.56401603246
5.82104127344
2.38621538924
5.92263761369
5.69031318054
5.42957625061
4.34446025089
4.9389757514
3.66137001907
2.32753364347
5.78860843683
6.99732748588
2.28840540238
5.25411968517
1.42537301574
1.21497880583
7.58477060566
3.3025388421
4.75245937575
4.89003502899
4.79415741546
3.92109377803
4.02016824591
7.35855297726
6.67225649866
6.3415638321
7.31117810337
6.69958703656
6.10838256794
7.62050547886
5.78586351197
2.92933653271
4.86740356942
6.95316214941
6.21985814321
4.52403051167
4.49886170521
4.54429103745
4.36560902756
4.05862905734
1.42136166717
4.84853579731
6.25750401322
6.32152728303
7.3783787365
5.23487581614
8.97099439833
8.04448245776
4.28322543447
5.57637381362
3.30345644761
2.58435520044
6.10462234614
4.71153323802
5.79813756478
4.88012519623
4.06302657313
-0.0769474501364
8.03327165074
5.60503581402
6.14660824721
5.52732894438
2.4766479438
6.28997394083
2.62618896916
1.6912190906
10.030098709
6.11817384922
0.84947750363
0.349952684465
6.19434967196
5.47426945868
4.39563772916
4.09223709166
9.37430621111
2.55701845824
5.09782386539
4.32815408471
5.69274008127
3.13440611739
3.88095967171
5.17343258644
9.94068957676
4.38148504913
5.91532302249
6.4722343337
2.04199447018
7.93828284489
6.19364336989
5.16957968272
7.3697599494
10.1983363663
4.19842451784
5.80775459278
9.32021607605
6.86757423336
4.22242281498
6.71156861168
4.32681778373
1.82422373077
4.76695252577
4.8829986799
3.91452552236
3.54302589834
4.74513590754
4.89466036321
6.23848575466
7.13674988146
6.74764812027
7.09361544712
5.40348395188
5.66851903895
3.81098209162
3.15668624843
6.53419737757
4.59403773182
7.09393274234
8.33512859822
2.51998403256
7.53676340637
5.14617965062
6.71790207661
5.20536760968
7.56189670275
7.07445456536
7.13593908546
2.88831463871
4.91141110389
4.95002719148
4.02828495459
4.01013563303
8.5361414357
2.54705533364
7.24910763729
7.33528056623
5.02823827685
3.82743784203
4.12745010062
3.73485493122
6.8973206182
8.31851987356
4.4723186177
2.90702062101
6.07936175987
4.59876216848
4.99410890487
5.71310990123
7.59502898038
4.39450866247
5.57251642952
7.78151234414
5.2200325311
6.67947285053
2.40155219147
9.6441366168
1.8660307586
5.06013610993
7.65603537258
8.70933676821
1.72604553497
5.74417585823
5.24129722499
8.99819777207
7.32231048648
7.9186047086
9.31238025795
5.07243758406
3.85664670979
9.5495180189
2.51624905382
1.93586353421
4.86640888408
6.42801281178
5.11974590512
4.91723227739
2.98296972828
3.31607690728
6.21499144467
4.1919452712
6.10160506513
3.72858492385
3.06539930565
8.98842731834
4.54397126768
7.93949018331
6.66886506101
5.77167407718
4.35811887242
5.10511702019
6.58003206635
4.09236909533
7.47776135268
4.90724580885
7.36394807146
3.23276236503
5.96598630504
4.41085451743
3.51792640912
3.64997509167
2.12904292453
1.02968641697
7.1899286901
3.18393609569
7.89737130833
4.79225357798
9.59383878538
4.35410639628
5.8874215364
5.12189213458
9.29553288475
5.81805057229
4.29211616974
5.37387614161
7.96118430481
6.69479420882
3.66463537652
5.61193958664
5.64262958707
2.05648239084
5.77848692865
5.02592466284
6.79876384023
6.32504590025
2.40979108128
1.00628035642
0.687671772858
2.28942236055
7.90933617615
5.65030600873
3.16864919645
7.84248431683
6.73627954013
3.36545421685
5.13737418403
6.74807911829
3.61895124554
2.66058522776
1.07076728086
3.84521337097
3.37049803167
7.03112138301
4.54076915638
4.52900310304
7.80954991659
6.85143007563
5.56977646319
3.73526218349
2.65803557897
3.8004476638
5.39482967683
4.9500129707
3.48367712031
5.75801248351
5.99728487613
3.76758172239
1.37643198203
6.03855457259
4.69232625797
9.51419750842
6.79160682814
5.27146377925
4.79660059424
5.70268063865
1.04227950763
3.49554564053
1.55080365691
5.25024069618
4.81905701341
5.25545226494
7.9014128381
2.92860588567
5.51162077497
6.84751034466
9.40929450315
-0.0503923079103
8.63179641163
2.47883450981
7.59606245157
5.08560410453
4.39827870319
6.66700846335
6.18535690349
3.95487522259
2.94708502307
4.04278431825
7.38975553914
4.55288167799
4.09010075971
8.72092019842
6.80181517711
6.14875783463
5.7524791321
5.22982259543
5.79326273094
5.54100653112
8.82814156915
4.19106805695
7.29749394656
10.1170945855
3.64328579338
6.82722880066
2.34463511596
5.83090979121
4.68318630559
6.98308263193
2.95749863254
6.18262212797
8.69424320461
6.89079093872
4.42983281233
4.21151904272
4.29926748631
6.08483141207
5.28796376392
2.69868110509
5.93633544963
5.26318306337
3.89752514441
6.82957847905
6.04966856426
4.45897713052
0.550327485599
3.33586014492
4.76326829539
5.71424653076
5.42888893243
6.21897463112
3.34718101597
4.90122004187
6.98489086035
6.12597335775
3.70899169017
5.51657341654
2.98559347232
2.51774831505
6.53396753067
2.36167638525
4.5439537928
2.6586252766
1.66156428251
2.17810632902
5.08296782958
3.2911408673
2.8558472797
8.21629215198
5.96260327035
5.2456202852
5.47141337572
7.71109002558
6.31640463854
9.0920911425
7.88562192192
4.8792478493
2.27812174455
4.40967779576
1.4949926039
6.1002317183
4.45569535551
1.0816262654
7.13217113376
8.6244971521
5.11740428208
4.93286449828
6.34456477801
4.07957044794
2.77216176894
4.55175428129
6.25432623132
3.79489786773
2.69551034105
4.59321573657
4.11209310391
5.32247456612
2.68181735705
5.23148900209
2.59543415331
5.52119678389
5.56437664784
2.15142667858
4.20622429624
3.90266633355
5.51910931243
5.14331760648
5.36826485964
6.34129915259
4.95460661878
7.6690822294
4.10279889795
4.92186164854
3.11294306995
4.6842146526
3.29104099989
7.31494283556
2.8230099634
2.09420448861
3.92805313741
3.36167953688
6.69815602652
4.27357549122
5.54317569548
4.60429818002
5.21119999844
9.86811251428
4.03939250338
5.08149748922
2.90658776288
4.10413772011
5.1927048268
3.88316029178
6.33708242821
4.39361514874
8.48426990658
2.83833412881
5.62325952345
10.9940252956
6.69848705558
5.95501979981
2.63986448275
0.140643296571
3.96938153625
4.45590385368
2.40005843747
6.03061967359
3.86489316452
2.98551183076
3.53581975409
6.39297295377
6.55227641576
5.35032755894
3.89904159794
7.22831609959
2.61085844566
3.44133020947
7.24959272327
4.29702791349
4.57672585016
1.20908994537
4.0976163648
4.23796748006
3.2618239535
6.04268029885
7.9738344476
1.30546720914
2.9093504324
1.65912070182
4.55058965655
6.35469343545
7.58588748707
5.33739802452
3.69319222664
4.38581227209
0.989762091123
5.78846005901
4.65118993571
3.18316882333
3.2676115671
3.44135652988
5.61315582368
5.47065307358
6.29239776541
5.20629028623
5.67972900243
6.55039437875
4.38175127634
4.6334655073
2.24630161731
2.26238149394
6.57286080368
7.84856382085
3.74076711979
7.96976257093
3.40381326816
9.42867075146
5.58386941805
3.55807796234
8.76391031975
3.15426141521
7.03219781198
2.69101021463
6.57194149426
5.46729275869
6.00463655434
2.11731237084
5.42744122637
5.01942073137
7.82263205172
7.11427814626
4.85059004743
0.936686026074
5.16390149339
0.958816328742
7.22796368524
6.01830096025
2.61625129628
6.7972266168
6.06336853876
1.46302803195
3.90293509618
3.45612042806
5.77340160015
2.18692749758
5.95794257707
2.80419856208
8.07826775838
3.30381065525
4.99545673188
2.12275469287
8.38014257606
4.81805579066
6.23880180845
4.97008587501
7.06174898474
3.17424853715
6.84889989168
2.23173648752
-0.217901925463
6.27380642806
3.9339686334
6.22905297784
3.67666875532
7.55259221824
7.79564333284
6.36019856318
6.14653340017
4.60644368518
4.15580924008
7.99327114209
6.87806565766
5.25278070889
5.65932184784
5.5077117588
3.39282414462
7.21752404067
3.1781989215
5.88178583831
4.75266244402
5.78010491105
5.79045547138
6.59092946879
4.12496901245
3.04053740508
5.72574961463
6.16533992598
3.84721158707
5.24574630625
3.84827519122
2.31905825041
3.52178325769
5.53189913248
0.0899702882243
5.04173023697
5.42450317286
7.80455574154
5.94395264773
6.65721077955
3.36892539191
2.78539081355
7.6153605262
5.25531387172
3.97546685572
5.93233965879
3.48231321705
7.35378795825
6.00736834358
6.02141451733
6.29063439958
5.30791595419
2.83982793391
3.93074990333
4.30402873303
5.16569649653
7.87476744433
3.38055210132
4.31790433223
6.10935909111
3.47366500466
3.34676830626
1.61624713626
3.50194671061
8.21527656269
2.15606635608
3.46712066097
3.60068559153
8.33217456751
4.06162498917
3.06677205435
2.75288106101
5.76733168513
0.189281720914
4.05594535114
3.13791393729
5.15951132807
3.68845981263
7.37510417114
6.89705818278
3.64404792072
5.64002667577
5.87572662129
1.54760407888
5.20379400846
6.05501461051
6.46538695557
5.19126237383
4.97533795363
2.22569773214
6.03755123866
3.69016341992
5.33583083274
3.28166141273
5.37627361801
3.33666080896
2.48881857802
4.60475741346
6.15734538886
2.74571362254
8.12815194369
3.49584796379
5.70245815558
5.6552347243
6.37780656341
6.04558380657
1.48740718045
4.82995191393
3.08230590605
2.04608180931
6.6824896121
5.97138565076
8.05512403024
5.96011486104
5.48904402701
6.81409576425
4.6813403296
7.07213619251
3.80117192383
4.9054988038
7.14256749074
6.83332775206
4.39310730035
5.84533438703
6.13037730627
7.54434005964
2.40538511165
7.66110619537
4.62579185625
7.62119175996
5.58777810019
2.36768779481
7.90737101211
3.56008669975
5.48302376802
2.06678418403
8.21952092991
7.85688237965
4.69333784328
3.16204201441
5.64965089609
5.89448204287
4.82420911106
4.17805021991
5.08520801051
6.53065136784
6.05236802352
4.83135645584
3.8587646961
3.59712200395
1.14373212473
4.21662822046
7.41765435265
3.73558694137
0.495194327774
4.53060743252
8.78372892887
4.16581840104
2.94309636096
5.56751402668
4.84753196038
6.9899729469
7.81433811812
6.26627765239
3.63626414797
3.17271046457
2.38513924088
4.89088646586
4.05106997582
6.92836429237
3.6469085451
6.09231280301
2.55716057562
-0.269466376993
7.63504117329
1.76661636432
6.11550036399
4.26427577121
8.24470525392
2.38544336608
5.67162972673
3.17903428534
5.06078788728
6.293093922
3.22604161184
4.21480926788
3.88925612492
2.48030108955
6.57967266008
10.5264530676
7.47628728057
4.99319896958
2.37845902322
4.08802678209
3.09560551746
2.75212901445
6.28562359321
6.8814145568
4.33390674847
-0.0805987295884
8.07138411956
3.7662914225
6.44386898237
5.17727336918
