5.01117865818
4.80769979364
4.97664243448
7.70619030105
5.19210346453
6.33116010121
7.39799093637
5.62878893044
2.24453237833
7.23261803643
6.19269126601
6.11541601039
4.987562
4.35747229321
6.43875204179
4.39433310941
1.69690806902
5.07369340171
7.85655974073
4.53917461893
2.83503719005
4.49174405357
7.60859119421
4.88659093799
4.93108645523
2.28966277322
3.89471833852
8.40068817778
3.68970762998
3.84214793526
10.6075620947
5.28012742498
5.17412025156
4.91784999486
5.31754554767
3.65910223985
3.53484153796
3.2451611024
4.51986782955
5.21636791875
1.29711463332
4.75417690055
5.99137785223
5.33163325955
5.73619673529
8.29862041328
3.35684335342
4.43949143597
3.99010957989
6.3960932953
5.93967311102
6.26282922659
6.5800733744
6.68442030007
1.2006499054
7.40088037864
6.54251357076
5.12674456057
3.78792799503
5.63133461845
5.28461847625
3.37177974166
1.64408181908
7.58039383738
3.53565063062
5.23607920744
7.40404455162
7.086491646
4.16888987605
3.98659062947
4.14963352068
5.48733298353
5.62073552735
3.80636746333
5.36898542562
3.22307323076
4.79832885893
4.35674647869
4.29892269282
4.22021841357
2.39456016809
1.53879619074
2.17630839277
4.51675400499
3.4776895826
7.94666317479
7.14437454741
5.23734128099
1.44304614081
7.93251807554
5.49573739711
8.66325134543
5.33655264054
6.78442565513
5.73788509231
4.97311378689
5.80081039726
5.87260492786
3.85052061318
8.00787082009
6.47695535927
2.39290354565
5.59373458315
2.52850181883
4.0776213757
4.07871221261
3.59948897886
5.11066325704
4.979189299
9.03914897577
5.68207740776
5.8033940059
3.86183523809
4.72154534042
5.48639059292
4.8338379823
8.39625219559
4.74592475829
3.02282935059
4.57010656283
2.30739498663
2.96623612191
5.64360872708
7.07203428546
1.74350413793
1.9683028083
4.62507069559
8.67252798329
4.67983103277
2.72865149193
7.39830729412
4.39584385468
2.88498975451
4.69613103608
5.06998727295
3.03100592938
4.92290569995
6.76395821313
1.57958853803
4.91673019282
4.23875126084
6.91806038154
5.77791411281
4.70530384358
4.56914225718
4.06914186042
8.81028017291
7.89240874432
4.4097983457
5.1457461644
5.45690319018
4.82760410426
5.63711769862
2.27067136078
1.13496945629
6.03047445534
5.78028080768
5.32195662748
6.99952289588
3.31522170148
7.27916721365
8.37819648232
4.96137179946
3.29297351373
3.68057322675
8.12981635173
4.41960589184
3.42259809725
7.78957437218
4.13122835876
3.70320957592
6.79753083049
4.42258901453
2.26262801092
2.89702035437
7.44445183007
7.1687197175
8.71660139485
5.73839946094
3.23000607957
4.75931884617
3.78056417194
5.30450652141
5.67467875333
1.91137624007
3.00959374915
4.33522055092
6.91964805439
6.13642669223
4.02841472365
2.38816210365
4.22788630084
2.55895400205
5.38565496784
6.51836793987
2.50653457249
1.34986099986
5.08326729716
3.81284046441
5.06088404258
1.83191860255
6.94652495196
5.90957758677
4.81083616412
1.71504351178
7.64159874236
6.95992918061
9.82066326578
4.09215992316
5.05416422563
3.8734568672
4.06382795247
4.46509337745
5.31318003581
7.26080529243
2.50182412161
9.03213466732
5.12564023719
3.55313174582
6.25551968372
2.46769530173
4.71620126073
1.22249727762
6.30384584994
4.24462246053
4.29778250201
2.35109778836
3.94631542956
7.30445988171
8.50186331703
2.25918175209
1.95928688438
3.46499013089
6.60825238018
5.74998211249
7.46236297521
1.78027328126
6.51439895275
7.52766863539
5.33667689847
6.42716651804
4.92246249657
5.37872072472
3.64563530328
5.3043378445
6.61632129447
1.40677598873
3.47835427988
6.76580454184
2.46863490296
6.24087590989
4.03687433357
5.96948234599
6.06218002615
6.15250349017
7.89849211391
0.949704902356
6.56652204591
2.57230956676
2.62918809192
3.80690215814
4.6432141249
6.38258343052
5.92982579053
5.72876484746
2.955630768
5.04624156029
9.44119496452
2.94152372273
1.94829370238
3.84198321533
4.08837051689
5.87546661766
6.80012368112
4.12624377975
3.82510972861
4.83501541093
6.39228164287
4.46594762983
8.13137693333
3.77187718385
6.36221047614
7.94886315649
2.25692647405
3.9905591046
0.520093587082
3.11310016514
5.06680214676
2.18004274105
3.1354139221
5.44272212013
4.74095627454
4.52873679028
7.27727596417
5.54249678206
2.40294588263
5.31606503931
5.60442043132
6.61868764365
6.69409398993
7.88840802041
6.4888818861
4.38221845709
7.62688481552
5.93596799703
6.92110747895
5.09268365131
6.6872015384
6.79264991264
5.30368591129
11.1769268744
6.90205761673
5.05651601353
5.71984242955
7.05890277224
3.89249229477
8.26875485895
5.14644401164
5.92996101369
7.49809132036
4.1851679113
-0.552122409317
2.3581116522
6.67580860307
4.82622780865
2.82544745096
5.48408755591
5.51102996823
7.21020117631
3.97466342054
4.70412486618
4.77082889615
6.38691406889
3.6610146858
5.1525216374
4.62071863119
7.12404101534
6.52048545559
4.82078804663
4.38254037384
6.62353575198
7.39423213462
3.07494886047
5.04944377343
3.54967207569
5.93816792593
1.56378347749
4.51168275534
5.72594991631
5.36877677698
4.43783160383
4.46902687861
8.25752915237
4.67157250563
5.53134977481
7.89383078945
5.82433131339
4.50596852308
2.07563849877
5.29209353725
4.01788858784
3.43021047134
5.69058331416
6.26716213433
6.25766469522
4.35293305794
5.8683315018
6.15650757497
5.5216845456
7.06476600451
6.61629710795
7.95705788717
6.99996697527
5.40674650875
1.78918721341
7.04746048827
4.57247372746
3.72742514144
2.34448271426
1.39802458555
2.34576097347
9.77442443468
4.63916810235
5.95285071639
8.15972834726
6.38863657554
5.30883739914
4.65265247962
5.45921400486
3.2332286419
4.11701958344
3.94275304357
0.472404483825
4.18573630527
3.86192208615
3.22661183884
6.98543320543
4.03920799907
7.67421313981
2.06090319767
9.25466551908
7.38369231002
5.40621004701
7.32572415361
4.47782866968
3.97151552203
3.03558553707
6.25722385226
0.7183512841
1.83110891733
5.60321420329
3.33773506822
6.33211325335
8.25649538102
8.51529520224
8.9211546916
5.4585997989
7.69785058434
6.80819272287
5.21192881856
6.68099293225
4.73473090026
5.49756736512
2.06225192773
5.00143916407
5.22847941483
8.66823490963
8.59325228989
4.48296339142
4.0865152418
6.00910311932
8.01232739465
10.0106715349
8.12322189806
1.21834224411
4.47119590545
6.9776874846
5.67788540911
4.76813617147
7.82909711323
5.92678296792
6.69072778479
1.80048851009
3.44070883916
3.2719487966
6.46261208068
5.81489816173
6.68226107768
9.08401873099
6.41177055081
3.37801437426
1.82051114972
6.24287406854
5.2286137145
6.1350549812
3.52163952971
4.23906399921
3.01005701764
5.2167462901
2.50370058685
6.04697184446
6.84106842789
9.82255891371
4.75309620768
6.65325930886
4.4703068575
3.82376387606
5.28183225124
5.50877169264
7.44666168226
4.80980162114
3.2761216538
3.2671159271
7.33605953342
5.25044661798
9.09343702488
4.06103441937
4.30768402461
5.14147560037
6.66426042229
2.41663753143
5.67458750169
3.34060412348
6.29031327344
3.42883132345
4.43753375719
6.4380963357
7.05996485068
6.2712487798
5.88129128442
1.40822767461
4.54839550601
6.3724756697
4.5706722669
2.96012184123
0.982615210234
5.02293421549
4.23126698294
4.1129440503
7.25543497986
4.2511934522
2.9207070552
2.55747617488
8.64279603055
4.96920086575
5.45984164877
6.18797002899
2.93795834554
4.31277956215
2.24309047837
2.03537515693
5.43653735959
0.503614233583
2.87880020746
3.37567000427
3.86205801961
5.01952417814
3.27403661555
3.53375046692
4.48352187886
4.63965785632
6.15832245225
2.18131902671
4.79607101249
3.58259057309
9.7954629548
5.74705531152
4.78158826822
3.06412592053
5.15431434615
8.07351854784
6.17650853493
2.12432494878
8.74461325943
5.94178371118
4.2877341715
7.29812164392
8.86619442536
4.72547401196
8.87404897214
5.1356327424
2.68640346655
4.83704191947
5.33533360463
6.90388490724
2.63531521783
1.78526436331
7.9519128176
5.9622634707
5.5461418582
3.47654049908
5.30126728
8.05509425996
4.2191835437
7.37936051269
3.90439234274
5.27196326214
6.73745021507
3.71919557947
4.05605621127
3.60143064679
3.86473366357
3.19017465368
1.53675782577
2.9609038275
6.04006872562
9.2412608646
2.97501599988
8.46735905765
4.94318017268
3.81066901139
5.17461404088
5.1114952834
5.29816774485
8.76603202676
4.25049188963
4.36159714008
2.39560756674
3.01308550067
1.74606443832
5.70719867105
5.0114226942
3.98203524615
5.03435456343
2.40298600785
4.27680517546
4.76021230313
4.17662465481
3.60115629284
2.8076916618
5.55180228734
1.30317785046
5.68226048509
7.63093538523
7.29311444954
3.93350300846
5.99926809753
7.64459638908
0.960841055502
5.9483901012
7.70199157418
8.10214413214
4.04300974586
3.45523138968
2.51444325114
3.82885576418
2.38896216919
3.79400863722
4.00903231095
8.75445420256
2.05960676171
5.78885833706
7.19568380597
5.38829158576
8.93927481039
10.2202587518
1.92330275278
3.50281704042
3.29655910128
3.3213646042
6.76852593389
5.60142719349
2.25863808329
7.29919393343
7.94670259374
5.19139135228
1.35098259082
4.76344712993
4.48596491131
3.54692712997
3.68081529687
8.59909352903
9.85000102828
5.76047744554
1.08022389143
4.69115685573
1.6913659515
8.1377520107
0.658953107713
1.98493690716
0.954260083832
4.05723453452
6.67756519693
5.48759507759
3.59398422064
5.60843802906
4.4388615978
5.35594157895
4.45719085637
3.09902519831
2.70729833487
3.37522820414
3.48374518042
4.06091759108
6.53880020132
7.29988365964
4.93403207711
6.28343159599
6.37252307654
5.84138334694
7.40533634995
5.49206519716
5.88817073553
4.62259503714
4.88992965327
3.04877942956
8.20550223878
2.25087292549
7.40530952639
2.07836658655
7.74881731152
6.50803615878
6.48547167347
1.31777463007
5.61419864108
5.2969860429
7.70066896761
5.07556789742
3.53238432574
6.74521876027
5.45134825192
5.63195546708
7.35382144975
6.59195299943
6.81989593585
5.20997723038
3.95925064401
3.63146543316
2.78802873637
3.20931078311
1.37334368972
6.62240790668
3.02088171915
4.99284492426
9.00120545479
6.74014559767
4.9833994804
5.73864704296
6.27023160909
3.04830942169
6.43526444372
2.64206668868
5.75813107704
4.7320497601
6.83650642985
8.18606094351
7.11128675112
6.12771290076
4.94788841761
3.75140896305
3.76494732241
3.79550728255
3.99494620722
4.20040706026
6.83498357261
4.68328303965
3.71132402103
6.22653219843
0.90572868635
4.77275410683
5.07988757216
4.65922574284
4.63652759275
8.56660620245
2.79642773739
4.31651835242
6.34093965902
6.56574569745
4.34567228833
2.87176788069
3.29815921873
10.6939576025
6.44489428582
8.76951141018
7.41973453495
5.51558393092
4.8113324406
6.89492943771
5.02607135161
5.43502676646
9.45608815809
6.57188148045
3.14625251802
4.68098493458
8.78875536751
5.69231314542
1.85694527399
5.22907752644
5.91077525441
5.24004736764
2.77071911814
6.88826632953
5.82463788709
7.60229859579
5.55791887516
5.19981788873
4.89277803311
7.90701001716
1.79402676327
5.29023933581
5.56716257788
5.05044131528
1.82789501144
6.36676873221
5.55813631033
4.12039603687
6.14915015382
3.09189350496
6.65785992374
3.96249518816
5.74083052022
6.87558573064
3.55256637871
3.83698842979
5.40415153568
2.20358722895
4.08281810504
1.98505848704
1.5309846356
7.25427045186
5.12673709489
6.0823897914
6.50745721042
6.1984374387
6.42391684282
2.84533181964
4.14726614589
4.03806034019
6.55346944614
4.88194126119
4.28078502547
5.66027268426
4.51875272321
7.21320620269
5.34423637731
1.64341601126
6.9760925112
3.21625909478
4.9289039132
3.26048005963
3.42458016095
4.07308448348
5.73784117595
8.43357586415
4.76205956682
4.90021962013
5.19049937873
2.10691637118
5.12268307998
4.05263192597
3.35193486154
6.05784826983
1.86980638715
4.89373123819
6.77212039316
2.78259392963
3.60804325515
2.16228509483
8.33748461706
2.22707105238
6.23988909856
6.47909268465
4.4728577255
7.02376908727
7.57461950943
3.64533560354
7.25233537036
4.01145254164
6.90847948515
6.49917611679
0.299563033717
6.63068503492
7.96548617363
7.45330580718
4.50295245715
4.90668859516
4.26979926095
5.67452141997
2.83027734725
5.5995839702
4.84429396589
6.92121738114
7.96958760931
4.71032416184
3.52529196428
3.16010802034
5.96986957071
8.213277111
2.55022688117
2.85882128092
4.01147569648
4.58201857187
5.51833264422
7.60872286451
4.49453051064
8.22038310273
2.42072864915
3.22812772465
7.6159695905
3.97600295398
6.48003324412
4.35368577226
5.73152233248
6.10832340691
7.67595179147
4.84489020012
6.06122226132
4.01899975228
3.62218464676
7.01951745701
2.13070346479
6.31809698873
1.77008349753
4.75938472384
4.01364022662
4.0917564296
8.71902873213
7.49435895151
3.55616977539
2.86957229492
2.72288512682
4.61863185166
4.23250522098
6.73934195629
10.1513867656
2.67926833798
8.50854713063
8.04011982855
6.04465911424
5.49022883766
9.92734955773
5.79790469114
8.11166696824
6.02281763511
4.81089552885
6.70610139844
2.09841933901
7.58259486263
5.29166618729
5.86131454116
4.42809544274
7.428032034
7.17002071636
4.68896088035
7.89107227429
5.39006356162
4.97143676168
5.74933244257
6.7725495873
4.8838767843
4.8827947749
7.77340871158
4.30637253428
4.94189155346
4.70734431668
3.40993461229
6.9119524499
6.44291745215
1.40789922501
5.36209349938
6.02925124779
5.72400803032
7.42405612757
3.29923719843
4.79197169501
3.32783265792
1.67145601111
4.20864844004
3.32528080425
4.80583517433
6.90032031286
4.88205252534
5.23851686498
7.2145065685
9.08893672859
4.95985146453
2.90923586122
7.64005225749
8.6268696697
4.05383372749
4.27685896813
1.76414330598
3.18710965249
4.52506366604
6.95001733516
5.0963436042
7.15915652203
6.00964713675
6.87516538813
2.41734850551
5.97661915011
3.4981490834
5.24563057515
4.5592998013
4.13780975889
3.63269961255
3.63063384378
5.34350082809
6.18254194532
6.72176899652
7.84266649959
0.0265222471356
5.60066544227
6.72086312409
4.85658529934
-0.40261196228
3.54613573488
4.9055237733
3.58562762009
8.75577453816
5.33293393993
6.21287324649
3.67699856334
7.4008565463
4.092201298
4.41478375458
5.00354844881
4.88662862422
4.98092358158
5.41586166559
4.28033338222
5.24657370649
4.33794987192
1.89719769911
3.64740767469
9.29433311839
2.96710861093
3.7984926365
5.98236858418
3.78062963341
6.95536013591
1.91756869346
2.74483431453
2.19240181982
9.17957738482
4.95484287453
3.72876189415
9.12616956148
7.5030392772
7.96112622509
