6.43313289409
3.61618403145
5.24524811678
6.72102881728
5.66305722389
5.64774400275
4.55880380949
5.92222251527
5.39098201032
6.14587401609
7.56419727769
4.73147139165
2.22668229544
3.41348749459
4.40076329546
2.59893201629
4.37503038398
8.99694201312
6.61403666659
7.38820985621
2.80309730663
1.08074019661
0.416691804721
1.66947715501
6.1921886054
3.96111938453
4.08819196408
6.56178911325
4.80017526147
6.16364805348
4.20061380082
6.19219869542
3.80267354357
6.02718627658
6.5861528115
9.66736040907
4.05883773914
6.51463508562
4.88447122585
8.38166590491
5.22329609828
4.63588216281
6.6314486778
6.12386756695
10.7594627997
8.89501513179
6.8574786131
3.50562215282
4.37905040741
4.63549142798
4.28556726484
3.02579888046
6.13548445956
5.75950835629
3.61563239999
5.12341761726
1.59509604183
6.01400476498
4.5241147493
8.11581996846
5.98227985336
2.0804295515
5.67644328203
4.96432069033
6.69570803292
5.95389330606
5.36938270104
5.40319124774
9.28463731531
6.29955177307
4.91182797799
2.21360346326
5.12905926265
4.06245326551
2.4374657282
7.15331830362
3.29324809651
5.13282763686
4.75203133017
5.62272668039
2.1386410342
2.67208235887
4.48025493828
5.96339147704
6.72351635082
5.56591090342
1.76945504639
4.6346460649
3.73538131808
4.59966075735
6.77724298049
4.15823680834
5.02831857644
4.34887673341
5.95843211501
4.13168855507
0.056204577128
5.61412644782
1.26278188709
6.39512181548
5.90797353257
3.42148171021
5.78587797651
5.28453988171
5.94109018124
5.75357451202
6.76479472582
4.91535663807
4.86824717108
6.71135919333
-0.648617956805
5.70710956254
2.32159776685
3.70447956018
2.25553913952
7.78669885604
7.99646373694
6.67971034109
0.591219410472
5.88431340076
4.12995260819
4.66320413836
6.85792286948
4.00785673108
5.27737669257
0.0232254580162
4.60767060778
8.2298567026
4.81001685671
4.03609936527
4.8822997866
3.6532455006
2.7625973525
6.09369358994
1.53956499174
9.64687030311
7.44144260023
4.51645987873
3.95475449738
7.0447921521
2.67185992393
1.20364184714
7.30915600532
4.40185691434
2.01775972179
2.15451726052
6.47917151531
3.84931102369
4.21879648758
6.69166610125
3.64502430307
3.20192565478
7.47893806531
5.54810028438
6.41904050437
2.86020376459
1.26405923653
5.94806224635
8.1597402763
6.45503691045
5.59113453692
4.47540770741
6.71980036056
5.96462645189
7.78296917209
2.71563528294
6.67320989607
1.57957979112
4.01820585351
7.52500028881
2.91167895012
4.7802968035
7.79703085785
5.90430574629
0.577724077566
6.17686693322
5.42530322552
2.45428143576
7.99227711239
6.33639665925
5.66504779837
2.31706316687
4.83300205315
4.85868566667
5.65893276866
2.0466083041
7.19050334398
4.73954074038
6.33822761052
6.50084266239
9.72255274196
5.94050347666
3.24079001478
8.62193119852
7.11076265451
0.919334148199
5.43720839701
1.42697625611
4.72336806496
5.29129395185
1.0340898049
6.45070911013
5.74880838305
7.71343112602
6.40158380312
7.11215584954
6.35116630181
5.02909710695
6.05923092115
8.1208530072
0.981219641191
7.93969319785
7.22003044769
3.51386572247
6.95299619257
2.31272064352
2.08871680971
4.56229726493
6.0742307531
5.59227386045
7.53544974224
7.45273183097
3.55510834631
9.42958207673
4.02450537301
3.15374518183
4.51044300617
3.9817353284
5.10906481559
7.03016607888
2.81515824224
9.01299392579
6.90946181126
4.77939912645
8.0557115267
5.46449957491
5.25003153797
0.645060819997
5.5563890973
5.53853629199
1.17650783881
2.97589332669
4.20738046376
1.63046274978
4.56560798501
4.29147515427
3.20484251291
5.95355456299
4.57008951776
6.49337900217
5.38398781562
6.33853442059
4.85232187657
4.80218675236
5.99324626735
5.70350568476
5.91787349648
9.09374450023
5.60255767026
3.10278790793
5.60071381625
7.07631799216
6.05727531219
5.70439890406
8.28329919122
5.03912904735
5.14799946679
7.35492884704
4.23883660246
2.43100055788
6.01248046991
6.92305741727
2.21464051048
7.26244442686
1.86201928192
6.38839083177
3.72708770889
9.78241335455
7.82758961555
3.16932138201
5.88100537339
8.41732566902
5.15050376611
3.39757030886
1.79256739356
3.20513857261
5.18474464179
4.57214848414
7.03961001431
6.43344650266
6.37992605904
8.53843509276
6.28487829684
4.48771969569
3.82173408396
6.00840961697
4.91142939559
1.76754003419
2.34801187066
5.0237571921
6.03917477077
4.76767181941
5.83158740915
7.17468143994
6.70869993055
3.94305667001
6.91219494383
6.76934172041
6.15089130648
4.33033134227
3.1071361719
6.70046667533
6.95528961172
4.88162339684
3.98124020158
5.24540415502
5.23688957033
9.84188623664
4.43576663691
3.59474374856
5.82942285607
5.33719365
4.37148703559
6.4757189745
3.90253200166
3.78018186657
2.53073096084
8.26205724775
5.41131763218
4.62458625275
3.1534733656
6.85111199868
5.44159315433
2.14930644184
7.77487790652
2.69614949742
3.804723368
3.8720880379
4.2808309218
7.11625893956
4.78162760328
4.98161604964
4.15518644718
7.11993472281
6.42289613169
3.48598235463
3.2493280781
6.28900813342
4.17724296271
1.5838228409
5.75093275789
6.55946662931
3.48670765012
5.78512847207
7.1712098716
6.14886363516
2.59449728683
5.22388926565
3.84799143296
5.13601595482
7.10717170167
2.61038038683
4.36374047997
6.03617451598
7.70975441544
2.41113301125
4.97698986306
4.29015206732
5.65894683738
5.15077030547
2.4706169109
7.07235710308
4.92035596912
5.62645342696
1.2484256352
7.25204311881
3.72897957251
6.7692270524
8.04047891812
5.49571652028
3.48705514882
5.77416603852
7.11711466221
5.46954704555
3.28410813329
4.47007115598
6.04381323018
7.96261262219
2.21045955073
4.14048579767
7.14348000306
3.55972914806
2.35351807409
4.04048062011
4.6124700262
4.13425408534
6.33369403662
6.3561529298
1.93565824097
4.38850916997
0.220691678023
5.15016860149
6.30592845307
3.81644336502
2.30708438121
3.64047239082
3.22294624971
6.82498156447
7.34442441599
5.6895299055
6.04307016377
4.58079285839
5.22986780129
3.59312083875
3.17276303074
5.86190399564
4.21338697522
5.53201717879
5.47126522853
1.55233070614
4.50585244435
6.43856939442
4.98804305452
7.38586614381
7.97644900489
5.47585460254
3.80749661653
3.59942776341
4.78249545645
6.31967386384
6.79366500021
4.04561999004
1.39068986828
1.99252214963
6.70613640944
6.64836312178
5.11897723376
7.28700873169
5.77634918869
7.55113851452
5.53239271143
5.77661891236
1.86404145802
4.84000472317
7.52672200944
5.03184626399
2.99015778311
7.21118881848
4.37123361377
4.99518881646
5.38816243442
7.02751294611
8.43201880929
1.5406709206
6.93764682238
4.13110122118
4.41289157794
6.18078509366
0.522069362289
6.48564939963
5.87519768029
5.6918656243
8.96900808373
6.97528698503
2.74151019541
3.45422934164
5.45814234481
8.9660378877
5.81262103811
4.1920710925
5.15579155148
2.15075581679
5.97292772253
5.1258301911
2.13464094105
6.52978576942
3.83713740988
4.94428876827
5.38983998812
3.1174645359
0.770750024514
4.94846295662
3.34055417743
4.37702336253
3.28291193668
8.68315488383
6.8472799201
2.57105331377
4.3808043795
6.84408737567
4.55015434113
9.2913238281
4.38179081445
5.63507610591
5.41711597386
1.91144046982
5.83167701679
5.37330706556
5.83393846247
6.10327113078
5.39167355377
4.62872788423
7.07618188409
2.47209308928
6.16202848278
7.75829852404
4.9409372665
6.30935115947
-0.00701401471919
7.52283994484
4.53695161191
7.60009859843
5.34316954774
2.20751234906
5.1577809524
2.85435763297
7.19929538679
3.07740156719
6.0938126016
6.70453194252
3.92293438013
6.76082948884
6.09304304661
5.41576844851
4.61309035126
4.48099839863
6.36002219802
3.66522968751
6.2460785308
3.36027696317
4.66231128255
4.44872005224
7.11335263305
0.668428544346
5.7688216968
1.02032110486
4.71566713508
7.65143501305
5.24213339937
3.19199864864
5.37047376134
4.05740923566
5.9667105883
3.20602566927
4.56399058429
5.18138315686
5.30121826386
7.63257160327
6.01465971875
3.54674396741
5.03920348921
3.52552821117
4.65031888012
2.38897307365
0.916197862741
5.09303217198
5.96518947248
7.79510552113
6.01324446863
6.02171440289
5.66323714166
1.76530934316
7.59693448257
6.65477103804
4.2531295962
4.48625324379
4.98872260976
5.9606168506
7.22934086281
5.61944263396
7.66575122606
1.14823476923
1.94734275216
3.34479535006
5.20517398184
8.05764087636
8.29457570344
3.05359051798
5.86044499227
6.29278053592
1.26020559764
5.25085480469
7.70076651048
3.31282720723
0.993620179559
3.40335192186
2.13293546335
4.6023067671
3.52404999314
3.11127684052
1.16360285841
2.72432032333
7.56852735078
6.05453204991
4.38586307874
4.35569537164
2.005217436
7.16445001122
5.53821468467
4.43743868497
3.93599241817
6.78285895471
4.21637555975
6.84170190635
8.40986483072
5.26633967009
4.10939494723
7.97866960394
5.55580084549
3.30133306516
5.27812087614
6.54163218265
2.69696133857
2.30064128884
3.97168328797
7.58999038777
2.40947055519
2.57783077129
7.62487942578
5.43339438468
4.23106986967
3.35336725194
6.26131600322
3.81099254054
4.10873502909
8.59524037839
4.17694045431
2.87191874207
9.41344674162
7.16980582275
6.54167047623
2.8422513881
3.02870626735
2.99956059399
4.16701441559
6.39503659516
6.73085347064
5.87143181325
6.42778457535
6.08488691277
3.71215440843
2.21074016751
4.60948247943
5.38314263149
5.75156957178
3.03211397957
3.48509970387
5.72309677492
6.38943569362
3.86651228198
2.29705519089
4.70620126647
4.40759072208
3.78183211783
5.18039745696
2.88740807553
6.02758133927
6.79636405808
6.02971592971
5.7882873406
7.29238029056
6.23582160992
-0.733664380795
8.14137475294
2.99476250643
2.39424834194
5.50335186472
3.72935533207
4.3988110588
2.8218374078
7.27140344371
2.65544355335
4.4134543747
6.76061924389
4.01333539719
3.25852448116
3.20582627997
1.19360760783
8.97047821008
3.13500477457
8.18919954439
7.44559882301
4.1077715104
8.17163238214
6.66184996793
3.53923284971
3.46286624856
5.93365089743
4.50114184239
4.82279380333
5.26637872741
2.69969265315
5.05606760422
9.38743262997
9.44133963828
6.83763675062
7.99892420183
4.44835769978
6.41815573294
4.95724943278
5.46265385673
4.80832923047
5.74249148913
1.51563752072
3.22700647228
4.72462231071
3.41622167026
4.85376442152
6.22373844697
5.25250200368
3.53580995435
6.02160207881
6.82147453319
8.43013543526
5.04335367561
2.83322997931
6.78876283844
2.13928234646
0.752461002183
4.02786012918
6.46418702851
4.72268816411
4.94019435684
6.48395529653
0.594807437338
7.58047762299
1.94417890347
6.23079574472
4.65468382989
7.67212913359
4.62307984603
1.75006650893
2.85547896493
6.73476917885
3.29753179121
6.30585691561
3.4049665482
4.36909550766
3.73907534555
5.23797631772
9.61203004014
7.76295403303
1.89070144656
7.19619334149
4.18269803521
2.48122294902
5.73145560547
5.74473345359
1.76869861269
5.42129823545
2.77707818737
4.0070763791
2.75732108448
6.39633856399
8.17393459948
3.64718673493
6.12501368058
5.24703097896
7.76612951917
4.82749779596
7.28712134939
3.66158537248
5.52239135284
3.59896583903
4.85275414514
4.65689910045
5.97524526839
8.00559315907
3.29966476231
4.43476385453
7.28758173406
5.70772553093
7.66130494646
8.06479570339
2.44641811542
2.94831418831
2.79802327076
8.02423781319
3.80900874607
6.92993819842
8.82403653942
3.93915086699
6.56114210926
1.50538060323
2.08282173151
9.50287685584
3.30884236357
5.61785256287
5.40813188748
7.68631330919
4.71050879183
2.83880628382
6.01101635898
6.03683293096
2.94167742393
5.49462082728
6.00179397841
3.882335413
7.07496035029
7.89688447124
1.76729513086
5.92569818363
5.64519622128
7.50865081296
5.94345591122
6.66846062163
3.78985487846
4.02000051258
7.82576574996
3.71831718193
5.54661390374
5.36344075636
3.01050174717
4.31941286436
3.91471246355
1.23789083979
5.01348362686
4.4383531075
1.29081529052
2.93127780052
4.45387290355
4.25867775346
5.54669017933
3.78828522164
5.2461932347
4.23298708539
0.0219279705788
7.84256548432
1.90209071281
4.68060929421
4.57558944199
3.96225497842
4.34743771843
6.2123073658
4.76178470593
6.41465807627
7.20327332017
5.58966148789
7.87454402207
8.03821068384
10.1752239352
7.27016297554
6.48337119233
5.82301469304
7.30490887215
5.39895121333
6.66439940477
4.52886970836
7.02833254582
5.94807219789
2.78796087577
4.30143908122
5.01020726194
4.62860931677
5.91154405325
3.91146331923
3.97860719632
4.48137436151
4.02198707774
5.6387904002
2.66435080256
2.11292258523
6.81941977569
5.22311284989
2.20830304378
6.37953350022
5.69061141398
5.26515182905
7.81897443831
2.3659667018
5.21120074968
5.17348454537
3.51602853225
6.19654329672
5.66831851308
2.64707910129
3.25052856139
5.12321976791
4.01606769549
8.57537855511
5.30100018163
5.14082968622
3.71086047869
5.14895749037
4.76347297491
5.04127074769
0.936002292861
3.9782441929
7.96811879437
5.50415981873
5.84623003054
3.91437637217
6.53821453673
0.806633410589
8.52751347707
8.60195037557
7.73348939259
2.96935401142
3.52035679427
5.1125602275
4.10391857139
6.53739273681
5.33294158713
1.50599715424
9.20017863837
1.9279469287
3.51550499146
4.10223450954
5.57541824807
3.35804019448
2.94169379528
5.4760714641
6.97117450822
4.71010521934
6.79937059598
3.5464297809
1.6504443515
2.93623575026
6.48738677324
1.81402773104
5.79196367956
5.3539974117
0.736227876591
2.92475931253
3.27721449096
6.05583464131
2.22228559846
3.76202496811
4.24841922781
5.65683480983
3.92142380695
4.42966691784
3.45934838003
0.362645143518
3.70363729293
4.46887898347
1.97655642191
1.17051186204
1.68321726461
4.583186541
4.73443525867
3.60723997786
4.55997258148
5.4054841367
3.98547697994
4.65273877965
-0.0329614966684
5.14754794714
7.80047303903
2.01864595871
4.30134140722
3.67001283862
1.8012968077
7.41801806483
6.39667929674
2.87175502483
5.69749836964
4.41600541267
2.79942660838
4.29748292833
5.17245487323
8.17525692419
3.22282374413
3.86450117296
6.44646894954
4.97370752268
8.27491163107
7.67466955633
4.68857315813
2.35854279977
6.69535534177
4.12788956269
6.45756810552
8.09066266128
5.42338015292
1.0139692926
6.91908203996
6.72972823741
7.17603302173
2.91990770055
6.55826264275
5.33894754783
2.19906302987
4.06896132998
4.51666452452
6.44747598636
5.12893816896
11.5755175636
3.94740512132
6.00769578349
0.961748869036
6.69844951922
3.8244920052
5.28651599107
3.02208925731
8.16189696984
4.28938361554
5.21192460947
4.50159296922
4.03598790934
