4.63825669469
5.78573454173
2.4872352578
6.89422465509
7.51098996441
5.22677429597
6.76758664221
4.55926819625
5.20446160747
4.39944099732
5.41365311622
7.88626705742
3.86377335264
7.01433998708
9.55107707204
2.6981709255
7.82317241881
5.10123171206
6.24843622042
3.16385589375
8.51024408705
3.53402744333
6.87202166638
5.985910999
5.17834796517
3.13072379816
4.02685943192
3.68674159347
3.64711106271
3.51769823932
8.42706448863
2.10157696934
4.15824978677
0.542141514035
4.57231536364
4.24827665099
3.4145617296
6.54735574336
7.11502348004
5.39115149338
4.30287403617
5.94315153623
5.9514489054
5.03920402881
5.0142108927
5.65928341218
2.51037783425
9.09453973472
2.61613820878
4.95736543633
6.1759561698
5.3710363093
2.81526898114
6.13341882061
4.60891223355
2.25694014582
7.45010848726
7.3530596872
2.7877819482
4.51462586253
5.98716499641
4.49209049101
5.32854450968
2.62616191309
2.17154477437
4.51874332002
3.03002573687
8.99408694016
6.59237423611
4.95524170822
5.41109857909
7.07540275129
6.51526682319
5.05811048524
2.96388801994
2.96579760117
4.85584165467
5.23144097769
3.90784229484
6.45722898692
9.21125511296
2.048237253
6.60737118056
4.49753435747
3.59898782919
8.66914660383
2.96954325028
4.68259553412
4.69803313861
3.84804623902
-0.260471129797
9.21822815724
1.76577180452
4.15696978415
4.96547449732
8.7655032255
4.47410921144
4.13584207455
3.92052475545
4.59720392123
7.85493887624
6.95488530343
3.58559281532
4.15927887891
7.2259659687
3.2940645926
3.62738829229
1.1221119704
7.94737027584
-0.469861458007
7.63399637276
7.70724519072
7.29837921208
5.10758599118
2.61875953264
-0.502614246944
5.87163328444
5.31139247209
8.10324942533
5.1151922538
3.20226424321
5.53121152128
2.29511796184
4.26135781438
6.34604963813
1.48381107656
3.76262063352
6.9246660814
4.18066261204
6.44208704651
3.16820223919
4.85351074552
5.61007633665
4.82234387601
2.82549443284
3.26798362644
2.72871167989
5.13250064338
4.71318550333
7.80042365254
3.56435102233
5.98398566807
4.25469518472
7.63988697694
7.38600759229
4.54050171863
3.52955553796
1.4947148627
5.4617399097
4.17534461928
3.03578520572
5.93901034608
8.25818603962
6.45196277115
3.1119190256
6.99009573405
7.40033358937
4.11575949021
3.72031813938
5.23265994119
1.9373182804
9.80493870201
4.94613053468
4.02789326804
1.71208762483
3.79113124472
1.56886410582
4.70606040555
5.87403848754
5.45675120768
8.4269448133
2.53820829067
4.61292409462
4.92368995809
4.71098446875
3.4418267355
5.53440418154
3.7084831411
4.32966549815
5.75424893474
1.90498762786
2.23094043898
9.10118502993
4.25536907232
8.14985998749
5.26397738803
5.20721468575
3.73231497423
7.29165110221
6.37879674527
4.65385494319
6.40064943207
6.92380216358
3.63385160044
4.99599936944
3.93020978881
1.9870115655
3.43195667297
5.57724904709
4.99131873605
3.83475850978
2.18045237044
5.58802320777
2.76722208066
4.49422485997
6.54904962164
6.05186735923
3.62752720646
1.350154734
4.30853462614
8.99794394249
7.24492386286
0.674164340214
2.98358355181
3.87781860531
6.58816462853
3.8502822319
5.60427412867
2.97789413143
5.51995968493
5.11844921878
5.44959715102
4.33232270648
3.25916468934
6.60965990977
6.01028212896
8.10521091071
7.57084481527
6.69616984726
3.01217926031
3.8500842869
3.40317206432
3.05093775348
4.66514480222
3.21123814738
6.2667905858
4.94665516908
4.03378379812
7.23675844377
3.87530260712
4.91918111347
5.79823110425
7.51681074455
6.49834575751
5.60275135857
6.05164668329
5.14610448612
4.01359853704
7.34501322598
4.65795433439
4.06431980823
6.74727401624
3.56095243396
8.15035907844
4.09001663756
8.63983867067
3.71828459274
5.82013397114
2.80669632901
5.7104214435
5.34757487378
4.31888821104
3.36380711996
6.59550534858
5.03775555666
0.777986965088
4.95032614568
5.92884388336
2.42578379139
7.53486346531
4.13503355338
3.99521815311
2.75877202047
5.76136585491
3.35199564019
6.65710829682
4.48678890866
5.82377867568
6.21669809755
2.054007264
4.89687214701
5.58940971163
5.48366465214
-0.113560311888
4.95929439168
4.65763144359
5.55134674113
6.67343531808
2.70527909652
4.01377272665
8.90141340817
7.99117166857
7.84955521086
6.73266203453
7.16584807059
2.68421057759
4.05040770912
3.65431156948
5.27731553921
6.17360479216
6.36709341843
8.51028646532
5.37126734179
7.93449737747
3.86466963197
1.58383591313
8.05601487172
5.30351107953
5.20784599056
5.97666758002
3.8794359162
4.09925099767
5.70550808971
5.46094137907
4.81728224851
6.44526332507
2.78686367252
6.41642970116
7.73189672841
5.61348322928
5.69899615577
4.3880280505
1.34057407512
5.12089112365
5.87065139024
5.11961136077
8.46610056989
0.173036013262
6.51289796557
3.97273136222
5.58916202899
5.07096971671
3.41193344373
4.33973465906
4.93746563994
5.74846510541
3.7851965965
6.87765032364
4.4772452658
5.97761907985
2.25360112516
3.17375327682
1.87938475217
3.82080696094
4.54972591004
4.03348322384
4.35943440274
5.20403247786
3.98614678123
4.61171610362
5.14987307383
6.18098904403
1.73154991878
5.8346444289
8.58886020715
6.87921509201
2.58008701276
6.1485947406
2.98769340957
3.68621490648
3.02591792688
5.01284178555
8.00082863268
3.88364845783
4.09198048838
4.10415359106
6.11296611704
5.09610632029
2.00089366565
2.14695527591
3.71041751364
6.31300843736
8.15691933901
8.12548685999
4.86708674611
4.16625701781
6.09013859738
5.72011708345
5.36397660718
3.92921905917
3.82556087549
6.11841583535
3.92133502737
1.48437049414
7.94086160155
7.54959255567
0.609805218985
7.3702138407
4.82257889745
6.06946410014
6.53697795325
7.64543753589
6.04856880051
6.15551655936
5.92005310526
5.66337884014
4.02225676046
5.34687224084
8.8888972997
10.7730111007
7.99580113168
0.727299494757
3.61412298615
6.91104061427
6.58737322917
7.50808886882
3.83063237213
2.27996621449
4.00533287654
6.13080253743
4.24834834492
3.3950930436
2.7540024074
2.71923401669
1.5715674561
3.27485827661
5.52689678135
6.45544367101
4.47784553491
8.7605212991
2.47306035539
6.06854819643
1.83299073329
3.8090252289
3.22324881344
4.42246524186
3.54741580821
3.70224172435
5.92936271121
3.55170274406
6.48113697959
4.458105982
5.05496627084
6.86090815718
3.64522064884
6.03387770186
1.96856046057
7.72617259335
2.40461884047
4.37202497597
4.70508663165
5.16249654429
0.817151232283
7.95936744826
4.81591812531
5.1677720043
3.84053122219
6.33353303224
6.16982700508
5.62011930246
1.72413675457
5.75114504168
8.22938705556
5.13836391588
3.92111089766
7.2338569599
3.36590844152
4.74295068542
6.61623665586
3.58915245754
4.46752821443
5.71145713091
4.96481463803
4.87699616879
5.89935379617
2.47026299145
7.54550530752
7.80914410326
6.67000605347
4.09469321196
4.70297367356
3.81548332172
4.75957116923
8.6464638095
3.94816151976
2.13095605086
1.08484600809
6.53581780147
1.5701419876
4.20605914117
6.32065082094
7.40147287629
5.26278460525
6.58465645099
4.73890360639
3.45582392462
4.20795171858
4.02937614188
6.95078271741
3.26441705366
0.650712827907
4.23679174837
5.12406498017
11.3502770081
6.87739496025
4.14898888398
2.93823625496
8.54056947055
4.89176160505
4.85311609667
0.000437334949702
7.33957456352
3.13927588082
2.01139597527
9.02058840739
1.55431856477
2.67509201344
3.06256637747
4.28329798453
8.12727091189
5.84981173185
4.81181285179
1.23750831437
5.21641615368
5.11170832054
5.77637754815
8.08044079518
4.53197746253
4.73929564263
6.1428314446
5.34420929681
2.61163942972
3.16262358185
5.11435831272
5.15766353492
8.24035750305
2.38066626019
3.94508855421
5.87743613566
4.09290219634
4.69850513138
1.48531987469
8.62492004005
4.24787233927
5.41249690848
8.35841577302
6.64978579224
5.35458112644
4.1803182213
2.99873964093
7.88163364174
4.9943112003
4.87100496311
7.20322559089
5.734016956
6.82776178497
4.74492846613
5.21733396912
6.7165887834
2.78457341913
6.53415935209
6.8101606562
3.71315439395
4.34754032419
6.42978170916
6.47865441408
8.59806524159
2.85863820085
4.78639922885
4.46500023091
4.48232000302
5.12890660356
4.54695045264
3.73761528074
3.68712604039
2.31532582487
8.95413358338
3.77192429703
3.84442618761
6.17091262676
9.33733334854
4.41717066056
4.39332101735
5.4307862422
5.68499891013
4.07869969109
6.96951418423
6.10327431676
4.04829605357
5.89011459412
4.23856068394
5.49026294358
5.44499210214
5.13811444244
2.96686581138
8.02653382054
2.37931029719
6.99258028562
2.23618974222
4.7256965556
4.78299298609
3.33430886676
1.97764762471
2.24460836884
3.85480553579
6.67548765695
6.3446835608
3.86588548324
1.52978883718
2.0330793688
6.59988642689
1.44481423085
6.9765438636
5.41023848665
3.58800285489
7.15966608744
5.10738699697
4.4228236452
5.93337447092
6.01875144234
4.75679972282
5.03760142169
3.03955881146
2.49096174679
5.18912596185
5.8368161266
5.11986403992
5.90595571297
4.04890324362
9.13311576237
7.36244908171
7.09317224419
4.18665552754
4.783776038
2.40919441208
2.99079555491
1.80692624542
6.17036895095
7.90314141864
4.18232978722
4.67920227429
1.88496161368
3.83731003686
4.91912298585
4.7554464243
1.93356809042
7.3292810184
7.01769529198
4.02861836118
1.43770283048
7.37925169467
4.22907749864
2.04099937141
3.62857421336
7.14027869653
2.58449943282
8.10203263477
5.54233554009
5.24669891672
5.13199378605
5.44191671839
4.93103164289
4.94333961295
7.17672187563
5.48844006537
9.98450039146
2.84481632555
0.829497844389
3.86807609956
4.97336474182
7.21315597346
6.53769758949
5.87516496091
2.00885477486
4.36771479438
6.7967036259
1.36878091312
5.03793830675
6.74087527937
3.17084712648
4.13580489541
7.77349613053
3.8230458014
4.15043137825
2.32568451308
5.8253077009
3.72322114314
3.83374975467
5.90519680644
5.55879936248
8.1035592376
10.7570505417
1.53188957631
2.8001035874
3.32056858925
7.95928715385
6.63813108931
8.01298734648
5.47636545136
4.89935179392
5.88820407579
6.26483992797
2.89692195089
2.89164769222
5.48886691242
-0.641034706554
8.6132734545
3.93344615095
8.44711203051
2.35615873133
3.44075488927
6.0735185545
5.19439099213
5.96518268401
6.17407681533
5.07655407264
5.078417112
1.74052489666
4.40097734102
5.00270249362
9.24347882364
6.73312945997
7.50728989365
2.83512620592
5.31212204534
3.75433157032
3.32626924121
3.27367053657
7.36045249827
6.81316289304
4.08021366448
6.63686806188
4.7532075662
5.14154972431
2.34938470769
5.30381574261
2.81316110889
8.30096611528
6.45511673349
6.29974918817
2.34577135657
4.60698129236
7.46943535648
6.83596652691
4.06887701829
5.18949065983
5.2770561263
7.11020075188
0.300270435689
4.83510139412
7.69299528483
5.80191390679
3.94019863375
4.4434706826
3.31043998746
7.83245690182
8.17068055236
7.18393749926
6.99947582408
4.13060774914
7.11085772379
5.38008003249
2.40197554188
6.21111582581
5.44164269846
3.5919663226
5.28628394
8.56430069137
5.77494699596
5.79467705169
5.31227477224
4.07361107112
1.52220033566
4.61407453309
10.1625699951
2.6593201798
5.37917476532
6.41477772231
1.38936068637
3.22161267215
7.94527952051
5.05429080134
4.94302141581
3.58284317954
2.20119960852
4.42951382191
6.87295712513
5.80109719461
1.78113666286
7.0621453889
7.69908635217
7.07751993652
4.47445182737
5.9511685155
6.78899317548
4.36843550683
6.26033855579
5.92719459617
5.63759386642
-0.238127045882
5.78951190767
5.00517863757
7.96592846863
4.6493362912
6.9236070329
3.83051050096
5.69022207475
7.39368319508
6.40770330076
4.70476798118
2.77097439987
4.56541897662
8.86006638862
4.48342094019
6.82025267804
6.34170954039
5.83224133442
2.19288935504
5.5073230666
5.91107821917
4.92182339641
3.41672538234
5.58106827987
4.97746717751
6.0457206362
2.5547065749
6.82881517372
6.16028734942
6.25113141212
5.74716877224
1.18135072249
3.07526356267
4.23355019449
4.31626153699
2.56075925519
4.55908929383
6.0184874862
5.51427760014
6.36444049859
4.97046605198
3.57758043673
5.40662511432
7.32792195048
4.8471975451
3.06040087208
5.32604776526
2.41560784353
4.31647562094
10.3216446592
1.50182123337
1.19137524603
8.72925713789
2.66458956429
3.11971705245
7.16591752541
4.43830760546
6.40943915928
6.93819263508
5.43032043881
4.41480978833
10.9292238451
1.62692943953
4.97294376667
5.48622400251
4.76681469705
4.56291537495
4.91317770305
6.98948895188
8.55187568346
7.53706298366
3.16478543923
5.69838264834
6.5855653056
6.00786132305
4.53932830981
8.67758067658
4.95467300504
6.79201843507
5.49886687529
2.9422128494
5.97677218989
6.10720796416
7.11376442303
8.09146177364
5.26501546685
1.69664673695
5.84115714248
5.39154555906
7.41628359631
2.90075972814
5.75298414409
4.47646824231
4.96326010781
6.18823162116
5.42788053359
2.40744572673
7.94256109806
7.76384333731
4.85897636725
5.11989090887
4.44705549144
5.08262850805
6.05281636176
9.33013330535
4.54362595572
2.33360034825
4.03130717143
4.07020368865
5.44741923571
5.51776731642
3.9165219977
3.94578615889
3.04254337457
4.5445558609
1.73444856129
2.81014929592
4.04224427525
5.82012705729
3.73976630872
8.71710461534
6.30185144804
0.826413052181
3.73805299205
6.11646583773
8.58519195699
8.42842380726
0.859586702034
2.47524665423
5.127409615
3.97878456627
1.84683727776
2.95734778149
5.2189408508
6.09286594672
4.12811698017
4.02179765356
6.03017737183
4.39757217518
5.88128103451
3.62890029087
7.38523508696
5.65922613134
3.65632630498
4.22762221831
5.4430880689
7.17955620534
3.1436077906
4.46216047232
4.01695514598
3.3934815978
6.1313980998
4.19164581449
7.31060650747
5.02391606034
4.02332211931
3.20969906811
1.58413063425
2.89319096876
6.14093711449
3.92232423245
6.69031791958
5.78925004596
5.85631620883
3.90885987422
6.25755633802
5.53768211483
4.52265166413
7.96908016686
7.4199692948
7.67707521292
4.83687825177
5.59300608549
3.5912345682
3.89467118441
6.84145411443
4.00739436357
8.47117038017
4.40452848304
5.08103735228
4.52009464587
1.46860734041
2.07186466401
6.69088015295
2.5952792456
10.1102998401
2.80609624668
8.88423626229
4.1304162459
3.89092897908
3.50257854407
2.26875440026
5.15777459294
4.95949883977
5.47906514418
4.77137979092
4.49365509823
0.929089811667
3.95549561041
6.53892239423
6.13804959058
4.88421774518
5.9804567771
2.43958954809
4.41434738202
2.26157404895
7.82687964794
5.719668048
0.946147136943
7.32931049268
3.592732349
