4.55030203162
1.66602952301
8.05599933762
3.99890546323
2.54850237231
6.35015864291
5.39397935239
4.24275989109
0.360107926396
8.36267831189
5.85926939661
5.44388436259
7.82247068267
2.36667899109
4.10768866136
7.28880320173
4.79415897372
5.08303678894
4.37306273594
8.61581354495
6.15051967594
10.8878965502
5.26588472776
9.44766493206
7.65239366633
5.3718464973
3.85241648893
4.39926990267
4.17272754029
4.6447293248
4.08197496524
5.89125033523
5.2068719603
1.71188009337
-0.939766851379
5.82443319541
5.3912544485
5.82896895563
1.68053216265
4.94914418032
8.63173086843
8.33392676859
0.854919044681
6.12378308426
3.50123813683
5.87549321951
4.41604013444
6.03026462246
7.8186641055
3.55605425734
4.24270312712
7.9397992545
2.70919277672
2.4450612812
4.37106403451
2.08462161282
7.99731345478
7.05807756247
4.40432426733
3.37951461812
1.77856661439
4.05379072036
4.36152125285
4.15046964857
3.7857251452
3.45673967425
6.0352369213
6.13307186607
2.01693058005
5.5791850231
7.76213823863
1.50301115529
3.79002415237
5.43274167371
8.74663619298
4.13330718468
3.1760573605
1.41772784499
2.816050543
4.04628415676
4.19477396377
6.62913409894
8.62687842273
10.4387952115
-0.233207058276
3.35160857793
4.74771089886
5.65391957389
4.84632954158
5.72502510727
2.98843975815
3.26054149451
4.55009824985
2.57452992188
3.98352944333
3.60618088966
5.96586262895
1.53528421092
2.02237262613
4.12821821075
6.11393022411
6.84778756646
7.52964939106
3.01718920396
5.71578248265
6.5105479667
9.42081870254
8.52059837918
3.16916909437
6.13579074813
2.44377998731
4.49517611434
5.03303225326
4.66763180733
3.62459119246
0.208743160507
2.96332357862
7.04619971384
5.21383487125
4.78570355657
8.42084399442
2.00902246452
4.30950658331
9.10487419943
5.58558815106
2.11373111746
1.50341237874
3.21478369106
5.73655481671
5.69639445006
7.33893897765
3.94601686885
4.29927943315
4.08396616173
6.98341961687
4.11215229878
3.39327990161
3.58925147087
3.33734718455
6.5598058828
3.55563726366
4.16510137854
5.03782588809
7.22491922884
5.54636877267
6.27552352308
4.22668136588
3.56179792376
6.77215751895
5.18787514035
5.17754506547
6.64004104947
7.12926569712
7.34473084404
6.64506874641
5.4189695324
6.10417682775
1.70966267858
7.97291610744
3.41657302385
5.71356516659
5.6472355743
7.92665542646
5.822297471
4.56924664997
6.3389135349
2.78991742628
1.05930263484
1.35658668439
5.66850404955
3.28430106897
2.81167104491
0.518599113344
4.85959504809
7.3814551007
3.67337458943
6.21159077072
8.47219426035
4.47151701393
5.24338528491
4.29646857655
0.426562765241
5.76650172924
8.18943319814
4.59871675159
6.0890922901
3.87124451474
7.59578465631
10.2237046631
4.9230495019
4.82087895173
5.5507206268
8.39287523896
4.90530945723
5.19226315914
3.32499256755
7.15529020034
4.4562183379
4.68660684045
3.28240355142
0.820287867051
0.874253026076
3.9659497415
1.26660533918
5.92569514295
5.74574626308
4.67739566674
2.5235999475
6.35907465902
3.39502996267
6.53456469599
3.10637898764
3.75249897699
5.29333495798
6.16984625182
5.29970509065
7.64407227614
3.64390497715
2.99315018315
4.82685591289
6.09127303384
6.61439165116
0.156227451727
5.06493519532
3.24242062856
7.87816964811
8.51042049907
10.3086231003
4.83610417877
1.5563318396
4.26348200273
4.41453610362
5.98784987127
5.22110634899
7.50624255864
2.44991836831
3.05922157546
3.56170399583
4.73370955912
6.7596279629
5.41657804155
6.00940743485
4.447329314
2.41680290476
5.55917455908
4.09979962308
5.39573629039
3.21126140727
5.55513506556
3.69218286235
2.19886761411
4.0202435685
7.48756639196
2.97788014195
2.73937793402
2.66773506741
5.17903295978
6.26822963553
4.10735661697
3.58228640485
6.0619086365
4.61341773414
4.52079027742
2.93729791844
7.76143216219
6.82149662448
3.42738742969
5.38509863339
4.03144693599
2.09108590039
1.6232036978
7.70268201133
3.99027907011
2.9375050782
4.91541723903
6.45145879194
3.28193248049
4.87683267468
3.67592044829
5.32414023685
8.80088442749
4.16332764157
5.71168617387
4.13126821929
7.08888616061
3.16922646675
6.73869291422
7.78323436201
6.31213082796
2.0404671306
4.43181283702
2.83951841012
6.73055050334
3.73722474178
6.0025315202
4.20700532705
3.36553828564
4.60905006815
7.06741788984
2.05931718604
3.45493850978
5.21384022754
4.08033816523
4.6826615481
6.52080692565
5.28706309301
2.22874464682
6.88953037269
3.29722649028
7.13222061551
0.885469584358
3.20784128935
6.44978904444
4.98656665354
5.15453356074
4.49023764441
8.23171404145
2.09854227171
4.12272493272
1.99666118559
4.70686680603
6.41650846542
0.638568049527
1.28924751696
5.80563276514
2.05492651726
8.35899620859
4.84895675881
6.25866765066
4.14921290675
2.23975061598
4.15222461646
6.95772073035
6.53445189568
4.03023208238
5.93365413053
6.63269714712
4.58128850416
8.2049669338
7.04387743111
0.142022723325
5.89676733915
4.75544770383
2.493511592
4.9456582414
6.32584982952
5.34977938656
4.00702158654
1.0727487538
4.86955153444
4.93423279061
5.7328881966
5.78645134555
5.19899026035
2.67487448618
5.08571748158
5.75619539335
7.43926863877
6.02711588273
5.27469007495
5.5821867164
4.75178417715
7.68376944008
3.18403975471
2.2454684606
3.40456346669
7.43006812329
0.339427455787
9.65975592109
3.37080473828
5.41181401362
1.13336649226
5.01753710397
7.81186941353
2.80017554514
5.52974450382
4.79598353812
5.67675239246
1.98818438887
2.4766266252
6.95384208154
4.09278287805
3.63496117249
5.69068382962
4.91307312497
3.23518348724
6.05552480802
3.64516390247
2.45639973764
3.57775757841
4.24454683613
5.39584055682
2.94475548026
7.88881512634
5.71322843116
4.85257826348
4.47857396365
4.15871633287
2.00239995734
8.63201389063
3.44583543755
2.42935738389
3.48886483634
4.62527893112
3.1254437313
6.47557370588
4.99294326497
8.07366738021
5.13545894217
6.72402080181
3.38762465327
4.98367136404
3.85241460118
0.625279412118
4.43843914063
3.55512276801
6.55566767101
4.06796037696
5.9559470093
3.93178031657
6.25421716833
4.82100239952
9.02365315387
1.34858407903
0.262777787037
6.4686009154
3.19454515072
4.58522043923
6.21859944847
2.14808598715
1.38142438842
3.59336229624
0.492679863429
1.91031106546
9.2267386189
4.88339240482
8.37587644889
1.93844786079
3.44423437944
3.52523549048
5.65216829706
6.74983140859
6.51812608009
5.28030415659
5.98366473248
4.92990917486
9.28445694222
3.28161936439
7.4404016886
5.02696837094
8.13954767382
3.58405612084
5.94304688694
3.53430149954
3.98841119477
6.22156060501
2.3334200541
3.76436223717
3.99954801083
7.52334144465
5.25289573276
7.78353938541
5.94351268331
2.15909762394
6.46011601454
2.44242393975
6.32682563445
5.98917391219
1.73760124659
7.04057504723
7.50378790833
3.83336911255
7.07548519383
4.61972058409
6.11620328839
4.48112423998
4.15670985891
2.38590085025
1.73580427959
4.39545126484
7.56980523286
5.59665932634
4.18013484317
3.69544033659
7.44902659055
7.17511458907
5.29793985219
4.46335203386
5.27723494203
6.69326878488
5.3272235344
0.611405325356
3.65740006849
4.8697529952
8.43792236353
3.74166913596
7.08119338128
2.38144790232
5.9725364921
5.59026459111
4.83383503027
5.14064134669
5.72888508398
2.25869011008
5.78649444
6.12498631941
3.40269934432
5.83645596712
7.87365993361
2.48642214768
6.13226230208
5.67128706037
6.6738679234
6.33925075825
3.23564578808
6.96125415833
0.195701063001
7.31017380247
4.29425427861
2.42474374134
3.96498812183
6.93288352436
2.01838364272
3.995319558
2.82248704797
2.46866427191
3.83923144936
5.76078322872
3.28893815814
0.523106124834
5.79903825597
3.39091056115
4.05625871127
5.11501025875
2.41847748356
4.08193138152
3.91930949021
6.47742265225
5.30339822327
6.27925591845
1.09005352289
3.63967931469
5.64112467819
6.54581713187
3.34594321445
4.5915345285
3.68843485237
5.08647981459
5.59461410677
0.753663577995
8.90180321576
3.64563556634
4.76093928501
5.95074447817
2.76249595916
4.80470217828
6.00807546928
6.6550248951
3.75786373371
4.45007873914
2.99169625362
4.39538839782
4.30355188049
4.91689798407
5.84888474355
2.95154791087
6.08294635028
7.0335485269
5.6383389262
6.05125094907
7.02010292283
3.98138543039
4.1567783157
3.99358506806
4.30610682288
9.66955292625
4.10047375864
6.49844990715
1.73104480701
6.62614844219
4.35356421045
3.17760467524
1.41115863748
4.33735143416
2.32501639568
4.63028978661
4.0796114242
7.6218977196
4.73888491159
4.70879143404
6.08209829227
6.24991172877
4.47024003229
3.8268374854
4.66245549732
4.27992326454
4.78645082776
1.83647605757
6.03976080556
3.73610893948
4.51780549642
2.11108767009
5.28044211064
4.13777147477
2.88394875203
4.72227404454
3.53467463293
4.10002430054
9.29036030043
2.78418336904
4.51838323703
5.04937381127
4.02474743902
3.88616362141
5.02065336961
5.4106314479
2.30295737454
5.86072660046
4.88355782195
4.71342384828
8.34539131194
3.8703236377
5.65381067269
4.38477323808
5.99527921358
5.09036674411
7.77300696219
4.73131772962
7.75523227304
3.86028589861
4.96441955945
5.49261127836
4.18035948649
4.97370133847
5.55403666729
3.17671617992
4.59924714379
-0.819927177838
8.80520367862
7.75406735459
7.67910179642
7.35783290965
7.51397635816
5.03372271145
4.82026871437
2.54878828294
7.28103836777
3.50369896799
4.86221683954
6.67711777168
8.63011866411
5.60790489092
4.96304486468
5.6463869778
6.46337960912
4.70077368868
5.02097809301
3.83970938844
4.36543333071
7.32549284654
4.46791868164
7.09878564807
4.41175646265
3.01719328251
5.64838619389
3.76178327294
5.50072176038
9.45807375991
4.52860567404
7.34174569664
5.870754301
6.84214719902
9.42099680115
3.35562504615
6.79198757003
8.77620862797
6.98722155357
4.58347813059
6.39738412662
5.85066853739
4.83713955501
5.95299591176
7.13061754825
2.84069950903
2.27791256256
0.624750807302
7.41012968968
5.70769350573
4.85577833179
4.16438520631
7.96896781737
5.91890044455
2.74105301334
6.58683497668
6.92503347482
4.06777629059
9.3068024606
5.5853032328
3.76349669293
5.90221124303
4.86466571992
5.0663151159
6.35804971447
3.60561362058
4.59285663674
7.96048398712
1.98156855793
3.57907896531
3.33167808193
7.44935039441
6.6211950418
5.86396162721
1.92652339814
6.51512810548
9.26805398075
5.58408283925
7.8397921194
3.16182161981
3.98000448257
6.67271261092
1.86282998723
4.55448976906
4.41651409519
7.39365834873
5.27869752661
2.20042630647
7.38683737158
1.52946332044
4.06384363329
3.28444339059
4.67249665173
3.51852763455
5.48256495348
4.10712146044
6.40813277765
3.26098693344
2.52125549859
7.56741798204
5.28800729145
7.68855090245
4.11581627768
3.19850751534
5.03988211393
8.35859122252
5.72821838125
3.01358106487
6.69950127856
4.44104001913
7.82044402158
7.44993996949
6.22962150737
6.58532852852
7.55404066881
5.37705211903
-0.668756261646
4.63411514297
8.26169112126
5.82930901803
6.08745813196
7.06474874465
4.66812664111
4.03150893759
7.11963239436
4.65598415524
5.15502360714
5.55383585259
4.4449812944
1.88908568432
8.20648941957
5.16155242747
2.89834144395
5.10097245777
11.3189738644
7.45063720029
5.52186230433
5.54992798469
6.328804702
9.8560460302
4.32763480267
2.23958527619
8.10816668814
5.95042836245
7.02992227454
6.92934667832
3.79669494504
6.40588004489
4.69462168805
2.08193763701
3.93471141055
4.49676819589
2.94903099141
4.04407935996
5.63765934427
4.89737855461
5.50334440328
4.13780299587
6.16741347791
5.22604598824
2.80081132967
5.87595158364
2.51470810808
9.62030577124
6.40043674316
6.60581587229
1.87828285791
6.7171000372
8.23551356342
5.27144904056
3.99798496872
4.73798496964
4.8412560227
3.28081349806
1.63767248917
5.28749568413
4.48183802935
6.11309390899
4.77546250137
5.81727304905
6.89612695621
0.900422790232
5.8900068419
7.03499211272
3.96782166441
5.72710634681
7.64133962181
5.0919719132
3.60301762886
6.41371413309
5.26093341085
3.31096253971
5.91149243186
4.29859528933
4.16709959845
3.56176490562
3.7991999996
3.78867361474
4.7004761586
7.69095833678
1.86255197336
3.19425677318
3.1143231036
-0.279835244823
4.37709921499
4.19480468897
2.0013522426
3.34206605666
2.72199367859
3.05618737188
6.10520966593
6.47231157775
7.8446597341
7.55720636255
5.26948136085
7.90091404501
6.04699209416
6.69012358559
5.80108496861
3.70655635862
5.71618359972
8.26247622929
8.63556632976
4.97759512464
6.57802995481
5.22936816022
4.96184219895
1.98228786239
1.88844513494
3.77582611384
8.25116050579
1.39330265025
9.1032531781
3.48113461195
2.9250443992
2.67543239763
4.08683666588
3.93864928009
6.39374484759
8.88355890757
3.06808097116
5.50553906026
2.45665974766
5.11050312655
3.16398320141
7.1706719132
3.12860332254
1.88766425625
6.42375077318
6.19101973992
5.87994042914
5.50338691145
5.06529921572
3.85880260738
0.901749121436
3.9371971562
5.15367656873
4.26904429313
4.58431510905
5.1540826029
2.56813275503
4.8878759117
5.71963395538
6.27522733372
7.81452270713
5.93048672177
9.12505914193
3.46600720571
6.26735767298
3.20611714745
5.40125733248
4.73443201709
3.09074449568
5.90796293493
4.94750805509
5.97539737267
3.92829587135
4.33391719556
6.35575087505
5.55690194634
9.26696386629
6.06175659128
2.21670828187
4.99973371829
6.82241908298
1.48996858437
0.163601594579
3.85761743785
5.77492342309
5.55459264016
4.2076965261
5.55421455908
4.36292134594
9.00047465842
7.83077774737
4.39701553285
3.5730028605
1.27765856768
1.00682709228
0.0131012607592
6.31832140407
6.75701761855
5.64501211592
6.91148342902
6.78337695624
2.91970651842
2.60988321014
4.62498153934
3.50701181833
5.13533488247
6.02558686
4.42865334036
6.36503233981
6.3255666927
8.16531649035
5.48646232728
6.00028191861
4.28607799547
3.37974946491
5.25539006679
7.53561106728
5.9269569396
4.01395664063
5.49800351065
3.68308640665
4.04462348244
8.5886469678
3.96343371218
3.35227085384
2.59440598781
2.67739944224
6.35498196571
3.74456204394
5.22851741792
2.2706012003
3.42937121894
5.8750770362
5.23558354571
2.69029334399
8.47855766833
3.74624461393
5.980234115
3.95263109359
3.69783752779
6.69807069033
3.79017877085
4.7440492562
1.66555775307
1.04276461021
6.56935268078
7.60915177547
6.01302396243
2.64529616296
6.18345249054
1.69939103941
7.67376199258
2.96325748147
2.21423459034
2.90506168995
5.10252834524
4.94991953235
6.94833114361
