4.0098631387
6.95119250425
4.42797509466
6.20050505084
5.72326876193
6.13309589634
1.64353120507
5.96795240901
4.72084770979
1.30776505936
8.35887756671
2.89357631044
6.06073406501
5.31480781473
3.42030961546
3.56082534841
2.32634388343
4.42943253007
6.21376329249
4.0826213369
6.3359219728
7.91267450635
2.59535563093
1.37396967545
7.10491089089
6.03189216757
1.2364438189
9.14936359299
1.54739578168
2.70826152336
6.74640876684
3.59764289539
5.38475249981
4.92759718885
4.80401844672
4.65693937427
3.37234118207
5.26041477985
2.63350208194
2.05109116886
7.1500318509
4.12992322229
5.07091902906
7.89710764614
3.72469534762
1.80111836891
8.2163292637
2.47466664581
6.91242515405
2.53843128559
5.7766444862
5.62948388181
4.6503588083
3.16716799047
1.63068687306
3.88540504266
5.35132413358
6.94196293037
3.6818586815
6.97289395395
6.51468538148
7.26248470174
3.85688749882
7.02685826558
4.26906363024
4.40069291861
8.0507529883
3.13287710405
3.87020720163
3.49691898678
5.77373930827
8.58930315502
4.07261451803
2.94963647352
8.86816118245
1.07056809041
5.98690417293
7.38948191986
4.00738026082
7.24487344127
11.1309984839
2.89472609349
4.11900006052
4.32114930436
7.36295087097
7.7363241597
3.0203318173
7.66371585738
4.6275382224
6.79119656601
5.09294831949
5.24946551144
6.61804997184
7.58539702528
4.67762651929
5.21088458459
4.15646090993
6.29375328984
7.05010378452
3.89218472259
8.49199980381
3.99955710668
7.5582744482
4.83421890408
9.66170724117
6.44374848992
6.49918157738
8.20950865358
2.81711311355
5.67686273596
4.0671426732
2.52475082133
6.02733797551
2.8856894943
5.62807511189
6.06825023748
3.57362158446
4.85227286367
7.71929146539
5.57582868394
7.63224421893
5.78889922602
3.8740523893
2.36340804976
4.88193597155
5.47527050275
4.49206261145
6.0206951029
1.36075091208
9.40315317215
3.86109360977
5.3438835152
5.3599694108
4.92721159182
5.82232617887
5.0160344966
7.31527983891
7.18450760352
5.19868044546
4.73929324099
7.52781967029
5.58761242616
3.14387269859
4.33046009439
7.82959363187
1.97783611638
6.83565882567
3.79723669034
6.3309244252
6.40189703189
6.39271050948
3.75553125444
6.89985130515
9.16743493139
4.02707518352
1.34462248418
5.09225337984
2.43646775982
3.98628261738
1.67539486249
4.54193484609
2.72339650654
5.56157432866
7.67735201369
3.44341820057
3.96770009347
4.97974129583
5.77617685689
3.85425611297
4.83569803671
4.34587156336
9.59868848718
9.53438217165
4.3895790151
6.65762254668
5.08525177929
4.80328513935
9.35936297866
4.35380103137
2.24958303923
8.50709082816
2.33259113217
6.40616819462
5.71151921258
3.6384722111
4.25795250083
8.33330044879
4.70339545613
4.64644485219
2.34793419791
5.71705636674
2.18622550309
5.65023471824
3.83386177509
10.3818736955
5.02464669915
5.33579263229
6.21415482535
6.9787011319
8.25901081652
6.08209684698
5.89686723793
5.5707734504
6.16190376647
6.60620131496
5.12696301331
7.28760285998
6.10840405184
4.24123456069
2.3996662017
7.92348884797
5.31976851103
8.69631839569
6.51548411676
6.90812738087
4.93253568662
6.00561962574
5.36847731207
3.50132597448
0.911583781902
1.81284410293
7.17139335129
6.10355113377
4.75308474524
8.15051876184
4.2145970801
3.76657020434
7.61328672398
5.38934728783
2.93414823114
4.08777232352
3.67915522751
5.54314814381
3.54264084791
7.09923712553
4.10258364142
6.47800784734
4.81098318546
2.55930839647
6.54124304245
6.23100926803
3.09524507249
7.09922790235
3.40876507372
6.61187045901
0.39371539818
3.99728353645
8.25928448439
2.46871247984
4.44876342684
6.26085149284
5.95758112966
2.13398248996
5.61185997924
7.45103871215
3.79340280714
3.31272414151
4.66708177938
1.82881570185
2.39530158711
3.05773687993
1.57905332396
3.93611609868
5.06104109838
5.88709277876
5.84564134374
8.10147479996
5.58698812084
4.36863092604
4.69176751534
2.88061577605
4.69796239349
2.41532484747
1.1229618352
5.62216967529
8.68666036678
0.196405966147
4.63730829251
2.97317343241
4.41296857132
5.60487793953
4.33206606172
1.42971446303
7.40841106666
8.93158993426
7.23715323096
6.16180799898
6.43490950159
5.68816342896
5.1085464526
9.65883267028
8.51376064631
3.68319965637
7.71354916221
6.04384409602
5.79022959921
5.89524939531
4.04059301802
2.05116633948
6.83680667319
3.26758920738
5.08114602692
7.84094441084
4.68432924415
5.28540965449
3.56138662453
4.02100506325
3.97577489124
3.59804562633
7.60061316131
3.5708174518
2.47245217749
4.88323521762
2.54309198444
8.24255065345
3.53164985445
5.26577063392
4.75139738125
8.08641508916
1.24909180623
1.86414378779
5.00765533766
2.72694269024
4.47733376363
7.68353503192
7.11311156337
0.637023862634
1.65643098888
4.64500079972
4.77900456184
2.85785026777
3.29625681099
10.6562695078
3.2139248617
3.00385298959
3.77100297041
2.26951696047
6.58736385052
3.45465305447
-0.0631249321821
4.03802321048
2.83630541768
9.56461686325
1.75018470525
5.78258590625
3.56380052063
3.86050153665
4.87826962023
6.44627112899
2.96743384464
7.86360794901
4.62715776293
4.9627970187
7.99471338791
2.36303634673
6.4470751544
6.40395039979
3.41637011518
3.94120175099
5.33642023446
4.21490498254
7.16886968023
5.44361583901
4.75329893837
8.22148764949
9.06303758375
4.74064877973
5.6147086759
0.620096441296
6.25765634884
5.20936810468
2.85936781991
7.9691990629
2.69182063568
0.572938076803
4.42752262489
4.13563017473
3.4125230083
5.54925211109
3.96851078417
4.09895120161
5.66480263033
4.26718151548
4.74898275633
3.86118634257
5.67469526392
3.89874092157
3.47088970702
7.21173714248
3.9240953391
5.17562659508
2.27859673808
8.42593779659
3.57279724534
7.02637952958
2.05915685072
4.58294564661
4.94206032823
5.98799630171
6.77859876006
8.2091693352
2.97077479302
4.8474010351
1.88925717211
4.84345104397
3.89991750133
3.48406662506
5.0345044717
8.00588055809
5.47269832793
5.02307344884
8.23559197861
3.02398431283
3.21060618262
5.55739244845
3.03966817498
0.44518466275
7.797334652
4.75067029692
4.93649633454
1.42743489913
7.27749541677
9.39225655857
3.89013639807
7.50026963791
4.19145320501
2.98259341287
6.0548454918
4.50496421597
6.85542159606
6.96915411094
6.0950149373
4.71048736893
4.91819556363
3.4114205331
4.41067857147
1.03713999619
6.90944700119
5.59483187867
6.68521285978
1.68852150786
2.07034570668
4.20470132129
5.4845423551
6.01079987182
3.733120163
3.79764058336
2.28661855078
3.80178927843
0.887148149363
2.4382757485
4.42065190311
1.77324898222
5.91070918885
6.4583611847
4.97973265414
6.3214964589
5.58643828737
3.83175958307
1.98894436492
5.44386869145
4.10678817662
1.59790784489
3.70770564945
1.94384513333
5.79663096894
6.63901104237
6.97215670744
4.35483459052
1.09152265458
6.52183160837
6.45056597927
4.87810869489
5.27974802572
8.15225370631
0.932245863792
3.46532737531
7.26541908199
0.668595480878
5.64024870948
6.28857836382
6.52653551163
9.27758395072
8.42129911986
3.87098133753
4.98526911733
5.17358317224
5.38339073764
2.87037489501
5.24841422386
2.32000858777
3.03366786629
7.51015270421
1.06030871511
6.59436446916
5.55457247737
6.68025745937
4.34137940278
5.44689533528
3.04047360323
6.64144809595
1.21699559219
3.9923316787
5.35655976547
5.2298941787
6.03322412625
8.75039177709
5.74221103235
3.74001765374
5.96115402482
1.72435632068
2.78181409132
4.10636957813
4.53806661071
5.73454781383
0.111704493653
4.70813542409
3.94081666068
1.82437935031
3.64036850423
5.0954445804
0.825458394969
5.60566549194
3.07514011448
4.56535167987
3.31791239051
8.08528443464
6.37565939914
4.88698739927
6.91483242815
3.92415584909
0.40098876058
8.02358087678
4.98025024455
5.29219173127
4.18458401814
7.74784430872
4.46068608602
1.80889825003
1.61165915211
8.98998974171
6.46368733159
5.27920193532
4.00663278208
7.46584781249
7.37606048484
3.8860450793
5.72458574974
4.2672128697
5.99188965981
6.62241481533
5.41727196575
4.56213169112
4.01283816341
6.54581145755
6.18522591186
4.06502447805
3.37253835021
4.5566095772
6.70813498802
8.60827301948
5.71921359577
2.31112474834
4.98488636886
8.00669766355
1.72005128493
3.98717949181
4.68468079178
2.66519074214
2.26933392109
7.06293019763
6.49215617232
4.87805734939
6.17656555859
6.72620453887
5.01592389172
5.45414831351
8.28942780851
6.24422682638
3.62442649149
5.21714362585
3.99900751757
4.97911475368
2.21629953929
9.74866502226
5.51452582035
4.99238758835
7.85651429234
3.37789584168
7.10156625622
2.82446936386
2.80074005522
4.76865394775
5.4967917453
4.1384279865
3.13425200516
2.80253384992
4.3977902884
6.05746863797
8.84304164334
1.23359329586
8.06995901996
5.55315929554
5.07830632524
4.47498585799
1.98051793888
7.31062141025
5.84579517856
8.78111038308
6.23002836948
8.33370068587
7.07949427369
4.48760172105
6.77823930163
7.21950335597
8.21615121707
6.62165827351
7.37393585967
2.01886213851
6.96193933543
6.98281863011
7.40424492751
6.22807974629
5.28087236603
4.62048890562
7.69661119785
1.89359130104
3.43477789863
6.97781050347
2.5606588016
6.47654569621
4.21514939362
7.37895863212
8.03231657844
4.81047832037
-0.35084899987
6.3559463088
5.11346683857
5.61166945468
6.4401854576
3.08781341319
5.01464640972
4.93723851555
0.259218455944
7.41705809965
3.62811868154
5.65778650559
3.46718333939
2.82692305195
6.22454690076
2.53769169325
6.96474310497
8.11608483193
6.30161346232
3.45825952752
3.47094400212
4.27774501563
8.08780170039
4.0228583056
6.47218847063
5.40482101539
5.06936397527
6.02196337691
6.73019535503
5.02241119402
3.64934262181
7.10769987551
1.82411426407
6.52082349757
5.43325017675
4.54619002536
4.5742344256
3.819326041
3.83188479252
5.96249159193
5.33960470527
7.25294896528
5.24787113067
4.95171648193
3.47260140169
5.52672844571
5.39292917944
2.7010469076
2.44740557138
5.18749972478
2.8243079438
0.29457387159
6.03619202023
6.2382118443
7.70564150311
3.19191877128
3.46599140009
4.55699083924
4.36129522411
7.63836446499
4.78203729056
4.28541318494
3.32524444758
7.06427946636
4.71313089287
6.50187222598
4.59486471327
4.89127810951
4.87082432407
2.66249752212
4.6260818715
5.65663415197
6.9272859633
6.24151589127
4.03233350235
3.81965010219
8.38090492269
2.22401295308
7.47672786493
9.48063726681
4.50694183213
8.54464292383
3.08990143727
6.86097057117
9.53196178477
2.29618241531
5.17539477409
2.95260074651
5.48370051837
6.61585130229
5.73517679642
6.62494327649
7.89135040812
4.37299851795
5.93061499618
4.45717110116
8.10810544141
2.73068695625
7.79382859236
8.34203841435
3.80370081748
4.13571360055
0.0724154080865
3.2578192337
4.77610859702
5.15486120508
4.82722861422
3.33131266021
6.56981240097
2.14565019473
2.49818153855
7.6876200772
4.14719078042
5.06094168096
4.09041143233
6.75316180221
4.45158607792
3.15566079653
2.86407085899
6.504566869
2.7500069497
0.267495266033
8.79538866633
5.42990967784
3.85419984084
8.62481611656
6.01598085094
5.6761078394
4.01305292391
4.4752191307
8.75656432298
2.64067512955
9.22456072756
8.15216576075
8.37703653167
4.43690344591
6.09986690123
3.58236425237
5.35085386654
6.33311582508
5.85774028226
8.55317418003
5.94290387963
4.19589240937
5.28023994038
4.40590611322
6.11721027395
3.99107522743
2.41364261917
3.82269391216
3.14308937337
5.81254018297
2.06092862447
6.41286246901
5.13215469825
5.13607784892
9.03081420706
8.02655640431
5.36303578049
5.02454648784
1.0653836378
6.37335219094
0.44342503634
3.05527302501
2.88000206039
7.11596460604
4.78671706945
4.56984134455
8.85007041513
4.43345898016
4.35256405092
5.64362457271
5.20714484539
3.72677123115
9.36067765687
-0.0293300757282
4.95949918529
3.05659254532
5.91033276772
2.78014236021
1.93077772056
4.63756003309
4.23659179295
6.01379753819
7.69799321799
6.24249188139
2.29171741932
5.02512293811
4.94947765107
5.91036852749
0.429955128126
4.66676557855
6.47895843389
3.84104577341
7.01762630294
4.05365053044
1.82851655791
3.40378111322
6.10547916076
2.64815025508
6.71305987604
6.79565596297
6.89578599838
3.7453705788
3.59153794686
4.84105583167
3.07866281435
3.31316038086
6.16045465893
3.59526264157
8.10519793372
4.9425235956
7.073499334
11.3115176539
4.54101091993
3.0783895485
4.97295266965
1.55131774894
8.46858340167
3.77017876622
3.84559162669
4.22791422571
6.69959347701
5.52848073418
3.7169584399
3.53922470563
5.34791423914
7.49839144273
7.77048306213
1.12065385444
7.84578791473
0.630864826937
4.99461358965
4.36718737496
3.70204087285
7.25130242605
6.25630516249
1.0527847108
2.45350282402
4.48203523989
6.28646558696
2.84240894779
5.78262786477
4.89008976682
6.26074398919
3.61103191237
5.06596070455
-0.054381952177
4.96175359134
5.61781237703
4.06422528144
5.04993825252
5.87434380473
7.14910347144
2.46708341376
4.20887608196
7.0345148677
5.28683496727
7.1768294142
0.770904232669
5.56059318798
4.38058738992
5.70334460586
6.52723190658
7.64975512534
6.17775850176
6.77876379784
5.47705685596
2.39768713387
7.4201937745
6.71762228087
5.2849328722
6.86715634667
6.24580821405
8.03477425133
6.27875552219
5.46089558933
5.39818065741
9.08677119424
6.24894821996
5.94816880198
2.75222788388
3.88810719156
7.49321169614
2.7003823526
8.69668854671
4.79766646926
5.98576603853
4.66776362948
2.89092833205
3.99089665973
6.1788654489
5.56456789164
0.976241475549
6.36731992116
4.90298688873
4.30255192631
5.28721113773
5.63019693025
6.54807319261
4.84409917249
5.58314008913
7.02422061174
6.52241569314
2.92002933981
5.85458753571
3.93951266554
4.26603549645
3.93392499414
3.01615244475
2.93408524823
3.22215481421
5.30594340472
0.329330656578
4.32909662383
6.02816461219
5.3455881926
8.51586802291
3.35122843869
7.2616098666
5.53491312018
10.0287289542
4.86440440746
1.95562276033
5.9124515233
2.01166590085
-0.439708935185
4.37138880712
8.06863184132
5.27255164788
4.39541944573
6.380859013
2.7907005022
5.06709795382
6.06740725833
3.85121545999
2.38765610334
8.66200740012
4.17709774511
3.4611820663
6.8387565602
3.34123063412
5.85882589243
6.55274918555
6.5376537629
5.16197839107
5.38500664682
3.94023278184
11.1590044946
6.49863787005
3.3232516502
4.28726829488
3.27145560118
6.42120189665
2.92901328429
3.00135053966
6.62190501643
5.9528886912
5.52643315068
5.13403528961
6.06142887375
6.84107819767
3.3001645068
1.95976677239
2.57601314385
