7.23686976295
6.39489561875
5.0196241087
4.10069101854
5.52854789182
6.47871439587
9.23303892626
5.64901920719
5.80752392487
7.73146848022
5.63700682889
5.70971329024
4.53137858592
4.27908173337
6.57065611841
5.57719265406
3.87372924939
4.15899264553
6.62919218646
3.86219918419
4.28569169182
6.67209756991
0.932405487224
3.69468654835
4.86067035009
4.00358369947
3.20314944692
1.75527774008
3.53000041107
4.18661735133
3.32481062997
5.96530079647
3.36972662309
4.36720220702
3.74317711105
1.85441024499
1.2137016622
2.93748721068
7.27103706787
6.57902729595
5.2517012006
3.35225704362
6.57588425217
7.12906790536
4.36884674697
4.6216670338
4.52255895613
4.09444185357
2.49369182624
4.16955978235
7.33930139052
3.11905932065
1.86209514714
5.17087632309
4.29527446947
6.73054815393
6.20533664068
3.68784251379
5.7206312476
3.56318770516
5.59589201388
5.927996274
4.24953570209
2.50902977175
7.68932912264
3.05029400736
0.959866551958
3.2723557362
6.45840648829
6.19778272439
8.23177526788
7.45162574054
5.6388426338
4.8998211426
5.9221657734
6.09312379588
4.68527370701
6.64490518363
4.25653216211
4.0210174703
4.5247932974
8.03632480522
6.57765495892
-0.138191761043
4.23150615418
5.04613939135
5.66966779582
5.42963292867
4.56156421893
2.80365074166
5.0301223364
8.51092783234
2.59104034849
7.1734135785
1.62308973963
7.45990907453
5.97064891407
5.03857669049
2.8760290252
5.87451022732
1.00472888849
5.41830299082
8.16281864735
6.74810190121
6.69506228764
7.24898634612
4.33452968625
3.24800603305
2.20763561259
0.721996113185
3.49326566428
3.15080294048
4.67030175336
3.68423235617
5.45937683783
6.89335897963
7.03635286359
1.06278674515
2.19471724312
7.44480779683
4.49488624292
6.57587546853
4.2937893568
2.81283126729
4.17977085734
3.3089375793
1.77724780754
5.54328559205
4.47518982787
4.45671726973
6.46914523012
7.53392358256
-0.305548551439
2.88889630012
3.9299839409
5.10489015845
4.65304233656
5.53015083425
3.58123313186
8.142615943
7.41170274395
4.57224701571
3.27918523048
1.59706558883
5.87351052488
9.02550629049
7.52472634638
4.22496017736
2.99778707934
2.49401561675
3.93321174351
3.4251825309
8.56058103317
4.35294985922
4.72598093601
8.69621311371
5.03633234056
3.97232640859
3.2373792824
2.59795534754
2.84730716488
4.96226812884
7.34564520501
5.45541874617
2.63038294346
4.65868668124
4.42451677399
4.58763034705
8.93896840907
3.90983116834
4.67695246079
7.22555696638
5.6590598696
5.27817944951
0.749649089412
6.35658402268
5.6942825354
2.60203914873
3.20970046225
9.01712419456
4.35101230802
6.39179021225
3.53849679734
6.36811845693
3.4788519895
7.38112813622
9.85611819381
7.86513949089
4.87725816891
6.76816619053
2.49159296353
4.53750027156
4.91255388732
4.95408967366
4.79408886239
4.61311755879
4.32125191106
0.634072946857
4.31323999305
8.52881639728
4.21695753959
9.14966011566
5.0821429738
2.01788891357
3.55117556343
0.974517037026
4.39853092934
6.04385428353
6.13775756677
4.72654511216
3.0991371226
5.53469559958
3.71629271757
5.83231567036
5.96071377551
6.03953475614
6.1255323896
5.6052534275
5.48887342466
4.74893309549
4.75610795645
4.17837843558
5.40069827158
5.36642640924
-0.717840319347
4.84387546695
5.3532093166
6.39712864548
9.51129454744
5.02224997512
7.13442863876
2.62163390229
5.63320716211
3.39426009336
5.91576027434
5.09379914523
-0.0766327487051
5.18187272694
9.03678884616
3.04341624433
3.91102834563
6.67424658815
3.47479353635
4.69793342902
1.26972126813
5.73644742958
10.2095961488
3.93611757902
4.46674143376
7.18335822414
7.14214317727
3.00650845379
4.96600093197
7.21436774803
5.71154262711
3.83414853973
6.2102683516
3.09439841614
4.90868743643
5.24830691387
5.31555803143
3.46568198987
7.60726196395
4.0947386915
6.33398684059
5.3837842989
2.73792720037
3.48606683113
1.68069366006
5.90338169272
6.87136355644
4.47674513122
7.3024527591
4.88242851299
7.17604153612
6.25903978246
1.3640378841
2.31238361795
5.14979913232
5.81801658375
3.56847918591
6.31076383736
8.01171680619
4.24346694472
4.55283349784
2.14629669376
9.39086479581
6.88305658942
3.94824347365
3.20534516177
5.49617279518
6.50509777387
5.04558660179
5.75073179588
1.88543950438
5.98246547774
4.33739426324
4.71703744183
3.55903493649
3.95772512148
5.7189280454
4.67274906062
9.46287222125
5.3191844876
5.20324504677
6.28218637866
5.75014939106
3.51702384518
9.12650516055
2.30322448598
6.84239285496
6.14636868113
4.91186913484
2.9108288939
4.06388401195
4.02134349599
3.05621894584
5.61768970985
1.53014889013
4.2116564173
5.97808227574
5.26474063638
4.22815192296
7.15833932498
3.64683671346
4.96361038237
4.90644001806
5.58718096666
3.44197366591
5.14234229689
1.02876525903
4.12850594089
5.449796511
5.26039620062
6.94888209321
4.94943319696
3.55485312542
3.67762480919
5.45127846579
2.60869432905
8.48310596927
5.83915045268
6.5731502333
9.01916677912
7.7231672134
3.93504898843
4.60060568163
4.93941910135
6.66805230726
4.442370668
5.54517991444
4.99103387475
6.46025847346
3.6461164857
4.05664506145
6.90279850466
2.99700219813
4.99618555573
3.86976584498
5.36841998296
5.89905622639
2.82819871474
4.72182009147
3.95273740422
5.47817603413
8.34713513194
3.73791419956
3.61560978451
4.93810352364
4.19029270165
10.6729394565
4.92875014952
4.45491850872
3.86305732607
3.44230496192
9.32782628286
5.70826692309
4.79176582961
6.27322593732
6.65743075434
5.67457737089
3.53901438166
4.51767468085
6.03424277584
6.05873657047
3.00391178621
5.65723913024
3.21907455926
5.85177545418
4.31089555218
4.25325722371
3.42110528322
6.15153190183
6.24905594324
4.73528022832
9.25159179702
3.80522457125
1.57292558097
5.84209525745
6.47415035255
4.05137053954
8.72599053766
2.02991305105
6.29833998873
4.36728125464
5.54859121047
5.7872135425
6.22661453554
3.97461464499
1.6068801856
5.67380695185
1.76515964589
3.71733467563
4.6895924415
6.76724463606
1.01422500431
3.32393992207
3.05522006449
2.29743865676
4.01823699284
4.79342296447
3.19991340646
3.57939954063
2.65858492112
5.63568721005
2.58173182983
2.21809518697
3.23027465089
5.35802331397
2.88249294856
2.13860203464
9.69342148861
7.87989347622
4.46587993832
4.56265375984
9.20105223712
4.72011592828
5.41872255206
6.03510113123
8.42926656158
4.55724935389
3.49999706305
6.75611782177
7.34763279136
7.17021983127
6.88411686484
6.69624423687
4.10952374649
5.26567109986
5.26291489271
11.0641117605
5.67861968281
4.53423397684
3.51151228462
4.49042893238
3.4733293995
2.45693120632
5.95279475591
3.93352415419
6.13894753907
1.93570041625
5.35804294196
2.38523632947
7.03768681006
5.37826493646
3.74921963973
8.21741542607
1.75382103141
2.72602328683
6.66621423187
3.1999917029
5.53703448102
4.03426192802
3.02367138031
3.73499472024
6.56456825909
2.62115666652
4.61108140401
7.33829506245
7.40288059605
3.09409090042
1.72392949818
7.88737131327
5.04486806037
7.12793680832
7.16701088718
3.4940513509
2.08873293058
5.99104682259
2.58436431707
4.29610757952
5.90650666928
5.7181321075
5.75219198626
5.30490719734
5.83623439269
5.17669047112
5.17339676788
3.31636033841
0.96009993922
5.96579512871
4.63205073039
5.96668034028
10.5414657277
3.352261143
4.33742247859
3.61287077866
5.49197139669
8.16041087836
3.50271482729
7.78063705075
5.09729278723
3.30057523415
5.92145367902
5.95591956646
7.74516037947
2.06860713598
6.51634920873
1.94549092688
6.1002457651
5.24854953332
5.67508534177
4.82844459922
5.94459090177
6.40548788847
1.46256467637
7.3009703909
2.73920361348
6.3327811479
6.58008702432
4.33270978618
4.72694513206
2.32906214722
7.76579473102
5.25491700245
0.60894762524
3.29332944407
5.1302695231
3.5511422944
5.25445629041
6.05273381987
5.5346832787
1.59832188031
6.13119558136
3.50618104195
3.70391091729
4.90425337402
3.52529594578
4.72771872406
8.09917266675
4.85094056254
5.5956380483
6.37226302174
4.1258633467
4.45572258824
4.27324288813
4.69933908992
1.6953842576
5.59175222261
5.23493477273
7.68762584762
8.75443794687
5.49581452722
6.89069500201
6.53333300037
4.85414906596
6.65078666607
3.7244493362
8.13515097489
1.53447366876
7.11166031486
6.21583022812
7.19119936052
5.83622100864
10.1594787204
5.94448402253
3.28003836813
5.79218783878
6.43592986347
3.82152610072
5.55667986361
7.02298613978
3.99095922026
2.54762854661
2.89231625072
3.33271624277
3.69159676786
6.21686902893
4.58419078682
6.61073826607
6.18217798322
4.53280561166
5.83507206268
3.91070726643
2.96875399775
0.766483982368
7.39183789024
3.98276861122
6.1526794282
3.80281306562
5.29129322465
9.48550426355
2.9564891774
7.66782061756
4.21260077177
5.47598151402
2.53458177649
3.1958287182
3.52180563347
7.31852799022
7.95481983845
4.82791803033
3.61679106102
0.960858234537
4.57642764
2.315031774
0.801169048072
7.44462072821
2.43584222295
4.08172346917
4.84846001979
5.82288044825
7.08075528846
6.11297647616
7.31771277432
6.25236416076
7.48246003981
10.7268208301
5.37788589746
2.88854666421
6.64732828124
2.21362453408
1.01255956218
2.22862558923
0.449077046197
4.0384210699
1.31515712711
5.04002593629
7.10834588338
2.42288316959
4.76580951466
8.21157973218
2.67612608302
1.95723952128
7.4653105327
8.04546504668
6.88044010974
5.18524455584
4.51357366653
3.04375281426
3.2860587714
4.89393587578
5.87533424407
4.1326741481
5.73561458369
5.03973077774
5.16103519275
3.81445697339
5.66263957208
4.86734125822
6.5259477936
3.28520549933
6.02130085424
6.54395113906
2.772238305
-0.451715570811
4.90368926722
5.33775194302
7.52592524218
0.884541353093
8.12344114513
7.84954724209
5.9677853315
3.55403279712
4.05865927529
2.87553007371
1.0318678602
5.16405857596
7.07070996974
5.77138822952
6.95397136252
3.5591725302
1.62648966077
3.71857366405
4.8984682523
6.95678300647
6.71261504315
4.39360460398
3.88552124655
5.64692244108
3.58511130633
1.88052292311
6.41015990099
4.71343222657
5.3374370325
5.36902725039
3.05788707487
3.36026605094
6.19705868416
3.42123185489
2.53665858336
5.75183520539
6.72901966942
4.10020822128
4.52044593179
7.12727194853
3.13301480906
5.98361532836
6.71569241347
10.5007463131
5.74328339592
2.74522865132
1.42707117286
7.45390518334
3.49539533553
8.84243300902
2.05034162941
5.42022478272
5.10549992428
3.48806898472
8.21506862177
3.79735875194
6.45078661934
6.02419436471
3.31420948569
6.02445472885
7.48919000125
4.95845494521
4.16348588672
2.52146658773
6.94792513896
5.85930051674
4.83875632994
6.36590674503
4.11848687829
9.11610371436
5.78591392874
5.49581141576
5.28599641582
7.11756148645
5.41198172071
3.88302485376
6.19368429189
2.13155782543
3.31244958477
5.61452641854
4.18752421373
8.46496358368
6.16577937091
4.2279477282
4.38532185573
5.15928034851
3.44984528979
7.0182009766
5.36718723463
7.07854792665
3.09464237835
3.37214721004
4.53272206195
6.37513751256
2.70151394957
9.37581232721
6.46403388423
2.87201216504
7.89668677064
4.5891524412
3.7243140471
3.81154899681
2.76953678175
9.54290761398
8.80062197366
5.48619809614
7.44172431861
5.35256800773
3.48420883079
5.68391920118
3.60458783414
5.47674485943
4.38679108809
2.76978897274
5.33572866574
6.90769939589
2.93580717569
2.19910952111
6.01064398462
2.31359542762
2.31244019844
6.97310274145
7.12358547984
1.57392491566
5.54416227808
5.61545967635
6.74101683058
3.75842495864
1.37604286261
5.01978251373
5.70342633579
5.36630703745
10.4971840202
4.87319131209
5.0074172811
2.57093240345
5.64564383779
4.39657187546
5.44541472339
2.42485357493
5.83073816995
3.69784546261
6.25885791003
4.28139335653
5.46505836446
3.84588007687
5.79804062645
7.53307005392
5.89166440948
3.91463011995
5.19254250863
-0.0433292724896
9.33898698284
1.05835247742
3.94068522525
8.59769006433
7.4816583299
3.76970416781
6.55657917226
6.39056529667
4.77376176187
3.09602931889
1.31658475557
6.38668847098
8.18479731197
2.52805395117
4.75761405233
0.508684503783
7.85642200125
4.52705489865
5.22642305208
5.29260657828
4.32069212518
8.26168609316
6.58283938138
6.65748836442
6.57336919913
3.5648210296
5.21883481538
3.47472392953
5.54409491333
7.47382348547
7.56121253238
3.06808017271
3.47006160556
7.03154848779
5.56881597451
7.01456601134
7.56777777473
6.2642103641
5.99929211741
4.1685460251
3.93978470236
6.52863433269
7.29486225814
7.44615346166
4.1591534976
4.77845053363
5.46752074199
5.74720536875
6.12498109707
4.51035325812
5.86054564854
6.73004820989
6.81246960432
5.63864407824
2.79347741959
3.42599362273
7.2593571718
5.67204096121
6.42481940726
5.70654012894
8.700356542
7.41312633897
5.27963064345
7.52558932424
3.7411305237
4.86506999359
4.75946162671
9.3317448516
6.55007446152
5.26857850698
4.51922317598
1.05414828815
7.89601005005
4.73337545312
4.79367739021
7.33654661517
3.24186875492
6.17027854854
7.08710334118
5.30512054051
3.81985223813
5.26573309357
5.11619141981
3.71985387601
3.16171539931
3.51150399014
2.68169257087
3.83017579692
2.85140364203
5.28498949007
6.43585648469
4.69273358411
4.32541592153
3.70253160878
7.60633810529
7.45824839852
3.35188391111
5.31773713508
4.31938714992
5.73071835622
4.66414570372
5.05531309459
5.2039775154
5.12919442586
6.79408600107
3.85757600476
2.71040384099
7.9373356247
6.36688701434
2.81442732771
4.07297773584
8.73841715497
6.10750322569
2.09767886486
6.07811647698
3.83896090273
6.45042473525
3.94053128583
2.70338479981
4.11588264696
2.92657909852
5.49307639964
5.28628151437
5.35996808409
7.35074816431
2.93953741333
3.48867612438
6.67404992906
6.68378059246
5.81097263902
2.92289378647
2.63950326361
3.17893736929
2.05195998693
4.49572865109
7.36688239929
6.78558704066
2.93626324493
6.70490062313
2.919542158
4.28522428079
6.03541958041
3.58656660073
4.94655546186
4.6744273746
5.36058884857
2.41079630732
6.9642794988
7.80676017428
0.820132636705
5.42006584682
5.7459000203
5.5575875396
8.01465092864
7.82964809408
5.11659030154
6.42552317041
6.98759575491
7.39079800523
4.15667868301
2.38879194935
5.69297134816
5.26008963104
6.12490959749
6.45013407235
7.77297706714
5.96179350246
5.53750337388
2.95971435315
2.84099893918
4.45976482505
5.54068102832
5.04791872598
2.89601503438
5.73853128601
5.02602659823
4.17117223996
7.07796248402
4.75601763182
5.34384373233
3.88196368784
5.53189258459
