0.265709692289
4.64194045889
3.24683271447
1.30862481098
5.46651709105
3.83658943023
7.67484891148
2.57582954472
3.47754958799
3.15039417495
5.01533595363
4.31161393049
8.13471404043
5.6494354372
9.50040028465
6.11757560414
5.56851843566
3.97044848834
3.91374149644
6.96304425964
5.45409729895
3.32976698932
6.54528634417
6.55799540156
4.92298656868
2.16578443661
3.19461940553
6.31828933249
3.71753772601
7.25216546119
5.02067523826
5.80171355267
1.63596938647
3.71340056869
4.98948927214
7.43381660636
4.1368371897
5.91611039131
1.65951136177
6.37657438966
5.12343920925
4.05809931832
7.97579641294
4.05991739346
6.13292015508
5.00451950695
5.94606014752
-0.49001940569
8.58669192196
3.65181931218
0.771361762756
2.72210618259
0.79967318864
5.12537699389
6.62769463131
4.76256486762
5.68895169981
3.82368216007
4.57436850366
3.51092741961
6.6033261293
9.12290188896
4.68812128612
7.17267932978
1.43605955316
5.80132884261
5.23283735429
5.56544626591
5.90127162341
4.93966570172
6.55001979874
4.26666325644
3.18940773563
7.71164165367
0.771266796218
3.89197443801
5.02693832242
6.76439684649
2.47153310071
6.47779225447
5.90992415997
6.43792658251
1.46800550451
3.68819084906
4.0674889811
5.87846009785
3.65522428956
2.49518877018
5.1769125349
2.5081328237
6.43037176231
2.00615129878
3.74238005521
5.02927632853
5.51017500712
4.17756187403
6.37560398979
5.16037164528
3.80615764689
4.64950339441
4.71046341721
7.44136166362
3.32003894805
6.97813014645
7.47295366983
2.53075598835
3.30466765931
5.83730700577
6.43221192394
3.54582901757
7.96567611758
4.7745196101
7.62502352926
6.43097584706
6.11799123848
4.24441731306
2.51480172659
5.36308396871
10.2249097815
4.49049386773
5.0897100095
3.88328395007
3.94603874747
4.62290922637
2.43105791569
0.616076626254
6.55504276213
7.06618812848
2.67446034818
4.64415757354
5.07932157164
5.06001484623
3.51688435566
7.0861698139
5.14479812233
5.44711528701
6.36152765273
6.6746147698
7.82699941758
6.11290600094
3.97477445222
3.8835729551
6.34684074338
6.29806110773
5.9346782125
3.839693765
5.73513073898
4.31388345717
6.9489972909
7.2196123248
5.0009882858
3.31673060632
2.61376614834
4.86954181091
5.00551885243
5.41167845822
6.34497264114
5.9513876975
0.894500199103
-0.370729942563
6.01227503256
3.96588991347
5.03796395997
3.0067446064
8.30127474848
5.3482173763
0.069806538653
7.29733564526
3.52872758145
6.28331541534
2.68443686123
3.29014218577
4.755148288
1.54679468029
4.31924097132
4.37808929822
1.99331193989
7.85635067255
3.38836048727
7.42518165433
1.74459730229
4.59510865325
7.09114447528
5.50286433165
7.3472099824
2.05262027786
2.27299282548
4.19627581132
7.10687253318
5.72606197987
4.87536963597
5.2327996013
7.79479872771
2.39781690938
5.20305984115
5.41339276019
4.44599259367
4.88095514269
5.01614412087
7.07194446918
5.79889109053
3.19925829067
0.113482103393
5.77537334571
5.6170413335
3.9216494414
5.52679157226
6.19791704407
4.31689350601
6.86554270246
4.46633637546
3.54113148819
2.90950114258
6.70920154136
4.40473725403
7.75367021686
5.19227443929
6.39482268116
2.91859816248
8.57868550548
3.37660686147
3.38091761712
4.444499509
6.07326105787
8.05344301423
10.1035018321
6.47237534007
0.38370956374
7.37869111934
8.39566132966
4.27984484918
7.55597848478
-0.517135799986
3.90495319626
7.3558950807
7.13525044204
5.4755051155
4.20467771008
6.39401495302
4.46583821089
5.91263865295
5.2906474667
6.93750857624
2.53420054396
6.63431067838
8.69255928263
6.5691344519
6.04667309981
4.86621517588
6.44286400157
5.09445332514
5.05194897031
6.710259304
2.52750171814
2.02781810781
4.85182321871
3.45896705127
2.98051680521
2.58070232839
5.45134791325
1.91138628028
7.37357798884
5.83856083955
7.33445413078
2.84982005423
1.64861971943
7.4032317213
2.49862777809
5.9859894215
9.25774247997
3.96900687915
7.55867902077
3.85204513914
3.89535987769
4.62613970321
6.45313149372
2.67313688379
5.42944243062
8.25462362987
7.64278148867
5.36248632462
1.67561327346
8.51557608763
5.7495000329
6.61961679392
1.9877390636
3.58607009982
4.23037081913
3.61768925055
4.99503450311
4.24111496812
2.74561544285
3.49169225995
5.31484606237
5.04555462512
7.05965297452
6.39424196251
4.23295149859
6.76294606624
4.16235255784
4.58836481526
5.47603668293
7.2874637701
2.7795541662
8.26873505235
4.03756081569
3.25508321237
3.2687600785
0.96215663932
5.04986644241
6.65338002666
2.31012723017
9.30392432118
5.33798348214
6.98071130315
5.80681791827
3.87475291333
4.12127944439
2.23279248149
5.0754637962
6.51537286622
6.25673812917
8.28707971255
6.26558399588
1.37102823476
10.2084895932
4.80464861025
4.74513017295
4.93384993356
5.62974494968
1.77480757734
4.37242498671
5.9491894091
3.96107542467
3.29851235631
5.60385107569
8.58160653033
5.93684585898
6.32284008823
4.45633645154
2.09166773162
2.55623397573
4.95187836823
1.40656579217
5.17506596946
3.04681103946
3.33441338151
4.08252500912
6.6213702932
2.30754612862
5.40981362907
3.03112946888
3.60499423307
9.03235596087
5.40323350804
1.57417669772
2.43465175158
2.87542359886
7.57886151507
2.01226762771
7.68500228483
4.33919133469
4.19510950944
7.63710284825
7.51903159205
2.73153510482
6.24859232794
5.37528808334
7.61595579808
5.85420196842
3.24679591916
6.36065673556
2.58020425313
-1.09289983255
5.22286082824
4.7392004095
2.56396345248
6.04481687367
7.20182032726
4.79540641631
4.56634016725
4.07290321852
5.9419156687
7.8737399727
8.12633661262
7.09373370895
6.09026404613
6.19453015727
3.51932357577
1.77575351764
6.51658565224
7.65181668724
2.43606484929
5.44852491093
5.66001618284
7.73862363415
6.4737339246
3.7381798032
5.34976763566
5.09309018226
5.07576431518
5.62616807406
1.97234874924
3.20845269209
1.87985828147
7.36815832616
2.91013468367
1.88039041004
2.41367310067
8.20800690482
8.16186411047
5.87141168455
5.02746557599
7.85250881414
1.96990837162
4.34280760396
5.82277601243
3.41943212806
0.678250592726
8.07161076761
4.47972934575
7.00930636458
3.67861649356
8.17702377199
7.54922155938
4.25343552777
5.08175922897
-0.0622975676299
1.9799423577
1.64608056586
6.93644650874
2.62844153926
5.30020408992
2.82119948902
3.54719609046
8.18335433075
4.40985663748
1.90410875475
4.00499881501
1.50635356126
5.0601611858
7.76321121884
2.77172090842
3.90428882996
5.83833259528
4.11526598244
3.15926230544
2.92369598397
1.97287179903
2.93947201327
3.37709706406
3.88868504029
5.26893716251
5.75244964798
6.19702296512
5.72784021426
3.56818656233
2.01559562251
9.19769168632
4.66766243915
3.83009567711
9.27932994931
6.95870881047
4.54162388712
8.59695657737
4.18335394578
3.3804144901
4.76716459726
1.53887150847
4.47467520783
4.10929060488
2.55426057856
9.00103776634
6.43966353599
5.97310982
3.41687500161
4.72130856242
5.93269665409
3.33210278025
3.73092826669
5.42556295416
2.88260951621
6.25502266805
2.40886885556
5.77340128192
2.28775230533
5.88521086013
4.57596794719
10.0662950804
2.88140795088
3.42584945573
4.4431499109
7.92164429684
4.71038967641
2.28017887808
5.3909484998
6.33646029175
4.95945067117
3.15899179255
4.2520952849
6.29418327471
7.07510973346
2.30673356676
8.67084617597
4.07710575554
4.30603372339
9.63630407468
2.2289469605
7.15803278532
5.53538115071
5.17604638437
4.97831999283
3.6964281593
4.65380563842
6.11654131869
5.33282605137
5.34176015895
4.30410701978
7.10794683135
4.96001014883
4.28321878441
3.46531365261
5.97177584585
2.59494456545
6.62263692983
0.803560484046
5.67147862887
6.3750276664
8.30768249522
4.92774522322
6.27225804292
5.37316375347
2.96367404781
3.52006619619
3.97258875586
3.99623498317
2.07575014007
4.10780563499
4.78002956936
6.19624205832
6.35228820037
5.58580250288
2.97503458698
4.4581679743
5.28038627356
3.16321375087
5.69351664226
4.57871016331
7.90026421568
6.99041661803
7.29693576808
7.88934314042
4.18200545808
4.91169604031
4.533540032
3.12624714475
0.488257855901
3.35818159235
1.43097971079
6.03308557097
3.49759340819
6.36074712857
1.26379795425
5.8009502545
3.26583570863
4.57011313972
5.36494688481
6.26317722587
4.02232805184
9.46324249946
3.77911677687
3.32867346958
7.42913112834
4.12384223093
6.55334220605
5.23821477098
6.69533213344
5.13058072429
4.37575546228
7.62491087653
5.29761628587
5.68852647162
5.98765376652
6.83076636667
7.52866667646
7.37539911505
5.96807699632
2.64686356862
1.58305745367
4.62210341189
1.22526083519
7.65918638167
4.73468588366
1.48517349817
7.31028562639
6.77738421934
5.5521155555
5.15841093453
6.30506487922
2.89866811671
3.98121630118
7.61902264537
3.56106179794
3.25715499147
5.0025075111
5.36545178094
3.24461619097
4.96917170927
1.83884112196
7.13155229484
5.78175215895
8.58859732745
3.36424685528
4.82418831467
3.94257836374
-1.90268619101
4.57851413775
5.87865607798
2.77331497001
3.70678346948
4.629897504
5.73864544037
3.61354250399
4.72466195762
4.97579572833
5.54839180718
2.87433036779
3.68001958902
7.43695345695
4.93820273947
5.06438239471
1.34455033748
4.52164703245
4.21926605512
2.49261915298
1.57738168328
6.1316725502
3.44413791327
5.76128854415
4.9918504536
3.39946035974
3.706464354
3.56155474026
6.54377048552
4.82013059603
2.12336588175
5.17292996127
8.36335831529
6.91074611149
4.91721410489
4.60567403539
5.42868192525
7.30070597338
5.07184199757
2.74188163658
6.31092149575
4.0571718213
4.06961577202
5.90712951792
2.87506942913
4.85260419976
8.09612181558
7.98923870316
3.35036719058
7.54394152817
3.44724922945
3.53379622034
6.47042869939
3.94694960979
4.89948315483
9.77352767263
6.87812254425
4.57366638395
6.03925985296
0.272971090486
5.06763361148
1.51346776821
5.18705992862
8.41746923829
1.05052961177
4.64435035089
7.14000313151
4.63761939362
1.60191594531
2.81877749632
9.26142755666
4.41777016888
7.60100591893
4.64373940489
8.15592519657
7.79942402667
5.63620262748
3.75952725777
6.05635033606
4.49597954894
4.62676941293
6.70623948624
8.0415395644
6.10306789097
3.05903490534
0.838248765479
5.98311153408
5.53774111927
3.5254035154
1.2443236677
6.12627493963
5.71516412647
1.19063250906
2.67411451342
6.02769418288
6.52993369194
6.72777765491
3.79481097413
5.53033730837
4.7761288564
2.4333221732
4.22674324024
3.31915037892
6.60659901952
4.3934309701
5.88562155997
6.56171086084
1.59037686953
1.79306379157
2.22979615082
3.54072180649
9.91052375655
5.59597467227
7.12620940255
-0.158986027067
7.68122204536
7.91059555841
8.06610551115
3.15239166369
1.84509347925
5.48084259138
4.37688492309
7.38937082853
7.50143343685
6.19096313808
1.91521604887
3.88023515154
6.57368846955
4.62625082095
1.38855641734
4.78154648991
2.99333235641
4.28909975507
5.19989201919
6.61758970224
3.8058821453
4.47150872242
6.98056424514
4.81372115469
7.44654292227
6.29834397806
7.32068423955
5.95245548133
5.42820565807
8.21731228525
7.20339108764
4.46581704844
0.553357129403
8.73381359018
5.88119919463
1.92602984074
2.86273197933
4.65793788622
4.35146683013
6.5674417398
5.89758581824
5.30675037192
5.50796129882
1.15919317197
3.34321327162
4.22313975427
5.26816548357
3.64897359266
4.64113156633
3.2821292833
5.25376269188
6.26571158008
5.89937564635
1.49222250336
4.68237379855
6.29788684363
1.77334305232
4.386314207
4.89929424475
4.42438818014
7.76857348146
5.9909266213
7.29512221144
9.2591595679
7.28910808572
7.64602667914
7.13619292633
5.42172593267
5.92653498864
4.96184037892
-0.0719200880006
3.32763712497
6.47309947305
10.1167927595
3.44730411152
4.58511169767
6.42559064149
6.07112417331
6.59544591299
5.34768119868
7.048683453
5.47375503311
2.35099130565
4.74365859046
4.10002023606
3.82277014675
5.71072942781
4.78072136377
7.40231813369
4.92079167674
8.6796258054
2.3821258225
7.1557779981
5.42354554719
8.63541571045
4.10035465102
5.21902524629
3.35401961824
5.43193110291
7.45959989483
5.71102258705
1.85815965297
4.33660810506
6.67644502708
5.84187125239
4.77157430497
8.46849854388
7.60442944572
3.95483378414
3.6195015021
3.5729726656
5.33662661049
5.26457696699
6.45435894794
1.16184405855
5.45082684679
4.87893165073
5.52014130946
4.80682205371
3.70141626492
9.77080543396
8.5170687272
5.08821916901
3.28693258697
4.31627105245
5.80899141357
5.99473163766
6.00459394704
8.39964013592
3.30386994435
3.5056678774
3.26159225149
4.17047734922
3.60199217414
6.05731194913
3.62550999516
5.06239733469
8.17781672677
3.55772750851
6.1188005133
10.2096181183
4.01915236324
1.34438940971
9.82470448653
3.00258717244
3.02495415029
8.23497840685
5.14563668452
6.35918063892
6.11721061345
-0.421709849425
7.25425849033
5.99252339016
3.25725542073
3.49182802601
4.63892682547
5.98836065769
2.47929592277
5.82942685257
6.08280640698
4.77595214353
1.94181521814
4.80299696024
6.09023586206
5.11989597147
7.0236194902
4.23102145624
4.06180529836
4.39974098761
5.31004642665
2.43324669815
8.52998893608
6.36745836711
6.88483785208
1.54404865884
8.63752307483
4.15103916732
3.73389794978
8.48043372428
7.64907803995
4.35706059099
7.181274097
4.18023319123
3.57041697254
4.22991307793
5.0453578118
5.23023225853
6.15280325783
6.01909312402
4.38795191873
9.61196537371
3.60680737982
1.09487049651
5.19833770698
2.97115500349
1.39848545288
4.66873310618
5.96599657573
3.94589425958
4.06261430122
1.27802541279
7.77886673381
4.89047999543
3.78479029916
0.175370423108
4.59493165266
4.0031096038
6.78624282143
8.18181584304
2.13093352501
1.69379860592
3.72307694319
7.52433026028
5.15201797859
2.00116501694
5.49829090352
4.37496434942
3.46048131179
4.10482249589
2.53307449995
7.84914907068
3.71420146615
7.4242033008
6.26051103198
4.19764654749
5.31507108718
5.20653665563
5.11384701791
7.76598053133
4.22949132593
3.73289581825
8.79751528743
6.89810298901
0.697878929815
2.90365162249
2.19252554308
7.22358356118
5.81362427493
5.7842264027
5.28888895298
5.98664500651
1.65261751905
5.04243246459
5.19007586494
5.33187420405
-0.0421417188603
2.74500286072
7.45624104126
3.93451267093
7.3063498303
4.80371047262
6.6578914019
5.34386031514
2.52124416144
4.43350000743
3.73259249846
2.59401974722
0.890375635497
3.47978085757
8.28319805586
3.23264000578
6.90593781088
4.46983210735
6.55774845745
5.29482978538
0.7424000059
5.72562551622
1.87932028446
4.73776595781
1.24480216406
