4.04853951947
4.98276562891
5.32455435802
2.0282425443
5.4073420374
3.62055022483
3.1470500233
3.09475196578
6.40909380413
9.22085946409
6.3543943232
4.24043333901
5.24389270799
1.20004136613
1.31128309387
2.97592619775
6.47237870853
3.38330636637
6.16882756752
3.21429170452
2.18558429045
4.43138011765
6.49410289411
5.82871390953
2.17567685459
6.73624247348
6.50830922477
6.91546246669
5.79844751035
5.30031260116
5.64253370234
3.93975049786
6.41276508172
2.62847224832
7.29601872808
1.95044772322
5.17800146257
3.52102987722
4.77482728002
3.13432173954
5.85641369569
2.91901481328
5.43914323001
4.92369021484
4.51969343363
4.75017011778
4.83301516549
3.15973792799
3.0971202634
3.76716656965
4.79292398733
0.7161778584
3.17809455334
4.52979607402
1.75198095185
3.40840439433
6.31132376039
3.48494616402
3.7206869155
5.69831729757
2.81147551693
4.9043617323
0.733282854541
4.33564322993
0.790627972442
6.41383849651
3.56044712621
5.54497939824
4.25477971189
7.3915313259
10.1603144395
3.39472648936
3.20524742461
5.29919395939
7.98728672845
2.33522770772
4.86438659405
4.18096351546
2.96444630742
4.61049073333
1.41919678446
5.25905565787
5.28797078073
9.25824502581
5.33752720264
5.28172076486
7.64243444968
3.85356754408
1.85357765534
8.77124477755
2.20595232752
5.09740215448
6.01762643686
1.96374179322
8.00336545341
6.53137771194
5.04650607049
7.95736181377
4.77728289197
3.01480393382
5.56053407505
8.24568065384
4.42416220395
6.57303040968
3.30058904455
5.50736352347
1.21077723258
2.91024556227
6.06999385764
6.77227599073
5.52417783738
5.01971474698
7.31833833587
7.05378748852
2.45161335217
6.73400822436
5.35817527724
3.20701634595
4.04164017527
0.995709503002
5.13294695689
7.83122394864
1.46166064478
5.64910639709
8.07515223209
5.41038209022
3.91743028224
4.43777201412
6.6092919508
4.22519584859
6.41836605832
2.98496540393
6.68206762702
4.95987126952
4.7464609814
4.65089237042
4.12046629948
2.32415673501
6.93800410178
3.37843599941
5.77263073602
3.82699686172
5.3958990164
5.42820871157
7.11077282975
3.88169738593
4.60170268084
2.87531590741
3.28188803757
0.935093165125
6.01895020765
7.32174158174
4.70850570428
3.39523807946
6.26629566677
2.29046336323
5.03182288345
4.09141943125
6.29609182443
4.75155493182
3.84160160014
6.31483634261
4.12914283735
7.13599948681
7.54890742677
6.99150484466
8.6973129942
3.7192719811
2.70486713198
5.53979998676
2.6204697865
6.35933969202
5.30201472036
2.285776765
3.18399296946
4.35567942839
6.68747231562
9.34263063073
1.49121950679
2.99738156551
3.38320069403
2.90034282124
6.60510571529
4.1087662508
6.88963193426
7.36116970684
1.80525680602
6.28837145592
5.07409623639
6.53730547419
4.17486486549
6.50348452139
2.3521340496
5.88235720503
3.91237808512
5.9380639642
4.26063318532
6.5621149612
4.59494955837
2.28816530275
6.33159640355
8.37762892303
3.09807822004
8.60054631895
2.11129386424
1.17188444944
3.11728632892
5.37794849302
6.01452683314
3.83757949176
3.51788851996
2.18915277805
1.23569118947
6.76742276197
6.24773217171
9.97092139729
7.64649217884
7.3736208314
3.96841042722
9.99644434445
2.80924095612
5.58237422034
6.35209204464
6.26729264186
2.90690534552
5.58366085385
7.90641426603
2.55401471338
5.4882670101
7.09782769353
6.89477715499
3.96330159926
2.49457706625
6.79950824386
2.85213598916
5.84604387784
2.4047104795
7.30052337
8.12448735863
2.36628829565
6.99873784469
5.98872489686
6.0459390402
7.08066875592
2.76353235063
4.23290196317
10.1058019285
5.88303440186
6.9918282263
6.37901493267
5.48958966961
5.44842306312
4.30376000543
4.87984029957
6.97373408663
0.89894209528
6.59761183968
6.85290714156
0.953042531926
3.18787376264
3.7939850903
1.97463526779
3.68230963465
4.2356734124
4.91329138342
2.63435896151
3.41736877355
4.54940922622
4.78125588937
3.62408167223
5.51807523901
6.04209073534
6.03578831501
7.86833415095
2.38163634817
5.32524724451
10.6277699958
6.07222001245
6.37167410559
3.88338455757
0.617289213741
5.90947617346
7.37375871148
4.09996027844
6.63546071676
6.28110344918
1.38677229217
1.75739407836
6.22099588764
4.37654250539
1.18974724275
5.98688778914
7.78823906171
5.72197075963
4.93443379349
6.39737111742
9.663573593
5.50563333667
3.32109469392
4.53867013295
7.2641967081
5.27811779025
6.84527273286
10.0640083136
5.55427138768
4.43937513049
5.91950516225
9.32111455435
5.30906143782
3.64290989627
8.84809863223
6.76005747548
2.47782700829
5.31838304096
2.66474641326
6.49303032877
2.92680746601
7.11975610052
6.04234879121
3.82313647179
5.2622799815
6.01051696008
4.89305495162
4.95162845647
6.45043052354
4.86344896303
5.57997443099
1.80226439584
8.91545537931
4.68072738014
4.26519506479
6.25760136622
8.97329803722
3.44511875072
4.51018680405
6.79982393403
1.66451956449
6.89016556902
3.10745665762
8.04349348417
5.60370702485
7.80260678881
6.30528500455
1.80595779405
4.18299918044
4.75870842587
3.29048975618
1.06716746193
6.51392765886
5.91522746123
3.53559827227
4.07538552408
4.08652325494
5.38170623059
4.13223029423
6.38366075593
5.19006284045
4.48603293921
5.98392209956
9.31211136954
5.08277330347
6.3038185494
4.21703420468
2.80944527096
3.07750317907
2.37721232
4.5908604595
3.68013396914
2.04537448767
4.16486773318
3.12269114405
2.10770506164
4.75206114091
6.31110910986
5.57367711609
3.28203428837
1.98598971782
5.94559999871
5.32435563934
5.95353029678
4.3105096206
3.67067575196
7.51457409423
4.69465732663
5.02985369887
6.59136550624
5.67690866096
6.20949044746
0.747691254418
5.71253804899
7.25388153863
5.07657355477
4.45729936248
3.9680597915
7.01563643271
3.43893419888
6.16598136356
7.78720581947
8.55859214091
5.66100054986
3.98157046026
6.22704967773
5.15198335231
4.47394723522
4.39929733296
3.63089343753
5.28196713617
7.95078982004
4.45266115136
5.78740940699
2.96792327925
1.75163048891
5.32039465592
4.48916920812
5.55341247872
0.888694348385
6.89656439259
6.71821387659
8.0183019708
4.38351061755
7.16825370991
5.55496071705
4.59252516437
9.12795171846
3.29827040008
3.78418838603
3.05117356739
6.0765050107
4.73152976534
3.94247932439
5.92694674467
4.55154193116
5.41325814446
5.05781951182
7.50209607455
7.67780573557
5.84285545898
9.14882156507
1.6215324634
4.15704721653
5.29284802679
2.77816142103
6.01189406883
6.2328087109
5.94662700537
6.21713466036
3.23972444487
3.64331624853
1.27217155212
1.58068598678
5.40033642632
5.05805587101
6.25755915681
8.04846797312
2.15931684544
0.344566553166
5.94785775706
1.59969020514
3.48093207083
2.62754086895
1.19361226882
5.87984092592
3.8743628184
5.26423625487
4.09730722591
2.52413112341
7.28021750935
6.97382830394
6.7549613157
0.868732417424
4.10447615578
7.52050399954
7.16042944335
9.23754054104
6.88203288999
3.9670626625
4.44869507231
7.29451013567
5.88461497946
5.20955143676
7.47862317116
4.23293239799
4.19606203882
4.37880627441
2.56498770987
4.88081376256
5.56603675907
4.30343246287
2.34909764973
0.555679715013
6.56277527311
5.20326173696
2.72692634203
4.22252384006
4.48501226553
4.50734750236
4.93036959927
2.75190793163
6.16605723569
6.8586675248
2.98812897716
5.95290025196
5.1412036533
4.42850406228
3.43245847016
5.25326385516
4.10446368056
0.494211882645
5.34726831884
3.65996821845
5.5269576816
5.17817174462
5.56654915099
6.12648686975
4.45780323942
5.89444609049
2.82674322327
2.87090652062
5.60054487325
5.13366552465
6.68274613227
3.93221236783
3.53485101186
5.43565716957
5.61015269153
5.64120917242
6.47617354356
8.59028168871
3.44154075161
5.01922726408
3.70428178769
5.7552773656
4.89490208223
5.69616778246
10.2443466285
2.72115286989
4.97062424537
5.14173466869
2.98110108219
2.32831208509
6.04820233195
5.51171139413
4.19282015919
1.80068437129
1.13923150052
4.66420170967
6.79130729704
5.46339011321
4.15596204785
5.43252607293
1.4592642114
2.78377197442
6.90526990023
4.64733749945
8.90350614164
2.70692995858
7.69204782101
2.17495492807
3.47551357957
7.42051850207
4.39948141846
4.42087116623
6.43475314234
2.90237760871
-0.653275010045
6.09305754148
6.13410772376
3.23997642585
4.77275923769
5.40363999615
6.68073175774
7.42727032482
5.07964943712
4.21158657777
2.89127298857
3.69586506727
7.8162240629
2.76500048252
6.65096782511
4.71082015207
5.0457239835
8.16698742317
3.73560871597
5.92296555618
6.83392787658
7.83139916499
6.43331443931
3.13757879466
4.47763850418
3.96087171721
7.25597888644
5.20741024643
4.89899685631
5.89346156861
4.53584596968
2.45183997169
5.96120557965
5.963874674
4.57641675068
5.40231428326
6.11604651835
3.28866282826
4.19593786415
6.85530031356
5.54398206757
8.20533926364
3.17087714073
2.51041321113
1.5026105119
4.35035560283
7.89053163899
3.6324956023
5.8977265553
5.77065141399
3.81285324975
1.92901191333
3.40547847167
5.97336695871
2.16192829335
-0.961772263008
2.67789153679
1.93335150392
3.6391195576
4.25480487023
6.45395569093
5.97051511379
8.23667820825
5.81680115983
4.7437444613
5.52377909724
5.08883595273
5.93212734745
0.732267952822
8.37352390878
3.00781191277
0.113922368855
2.98001399287
4.87702206795
5.67699919756
2.96283168025
5.43035670491
4.99136388347
4.23300858167
1.3596818323
3.94336393323
4.13726345038
5.55097546823
9.20919264563
3.63627781836
3.8877411552
4.09701292442
5.48425008398
5.03711756275
2.21365978253
2.06592794787
2.36753970062
4.06452393473
3.86130366064
6.36358489309
4.5012636275
4.58383932199
2.01977898467
7.21637671654
5.84190579649
4.22329484401
3.35265096096
6.30068711623
4.38124105846
7.05344423035
5.28165606855
4.65035569594
4.55108949633
7.98878504671
4.22219969458
1.85992155814
3.29443297469
5.39696676327
6.74709877913
3.74427968342
6.46258867706
4.41482268335
7.72535609226
4.84471449545
9.06283191752
9.06741620076
2.20558287869
5.68495933565
6.9824925238
4.26251447063
3.00582421831
7.19482090143
3.23905233359
4.56823262796
2.25483445942
8.04881972989
6.99276139915
3.51205540231
2.0534485625
1.43890890115
6.38775776172
8.66901551787
5.40847697908
8.94380489058
3.64618145061
8.73054151437
3.98121815969
4.65543919222
3.54509094585
6.6518968004
5.35056827519
6.68313944279
4.5430265185
5.68584615563
3.37726945882
4.48636285092
7.88572294915
3.86391525497
4.01084863011
4.27272663921
5.69448777682
2.84222838881
3.34150061916
7.99481582655
5.4764666316
2.93062068363
6.81568103152
4.67948896614
4.10103680458
6.71721750266
5.98541666902
3.74239536642
8.4505753556
4.49530538296
-1.81807952494
3.70034873892
6.7256793748
3.75396288056
5.01951990352
4.17723110105
7.39439980986
6.28302104861
7.07514342767
5.84588386406
2.80994065082
7.63245797716
4.26680977364
1.68577146933
5.72882931542
2.38507042717
6.93867010865
2.9409592821
2.64691914342
4.13879510018
2.02354023602
3.82582341636
4.64294371953
8.45776499137
3.87094521272
2.46579175579
4.90494580857
3.85591342171
7.01420723628
7.072471301
2.32897520172
2.99060970974
7.26932142771
6.53835568963
2.39216364365
4.20063367143
6.4148181919
4.04960970876
4.01999155152
4.5686206757
6.50244575461
4.4100868931
7.75772310336
5.00048571973
4.92161360605
0.579382539722
6.17785256544
4.52980708732
9.3880811204
2.9558731315
4.32197470134
0.976942875135
6.74715898639
5.71632394202
4.01088913089
6.20331404782
5.72659592637
4.20341485332
5.20611416898
3.76000757624
3.31837214662
6.40802467337
5.48605351527
3.92894316448
4.80207627296
6.57414835071
4.77045674195
7.44605977733
3.98394642906
0.291510105355
3.16393391905
2.83187386866
5.97395401293
4.62529757136
7.26163935116
4.81284476998
2.97737054573
0.205593282006
4.14747570446
5.97558136858
6.85517151036
2.66882192074
3.97531807913
5.41319434021
0.726712385692
4.13199199163
4.01590542832
10.5665804474
6.21004039852
6.74271534328
3.59867392493
5.33873023176
4.00919125664
4.33838789137
8.06053670434
6.32904704819
2.88450545437
1.57857077284
1.08214018829
6.87806892236
1.96438065559
7.74444444564
4.69246037958
2.90458536563
5.30032832055
6.76684458049
2.66305332478
4.87077463054
7.31430763059
2.40949389814
5.45598940032
2.29079882214
6.30810901175
8.33349179975
7.05121808312
5.06510294385
2.16901894514
5.99758384177
1.15032419886
3.34461667397
2.687709932
1.86941691418
8.27743977697
5.79698217869
7.44576286705
4.26844639108
2.18480506539
2.20630512967
2.52052057932
3.12853468831
5.39143021506
3.30873150388
3.85341452715
4.85908191944
5.9007813223
4.92646148824
4.74172096557
6.38408622355
2.71538594632
4.42434652925
6.64942436214
5.09931225426
6.91452031869
4.72515018308
2.68420801654
4.17762675641
4.25618411553
4.67529098171
3.71198985152
6.04742502071
5.40098831881
6.26203672557
5.21460415105
5.74225237389
6.15316283642
5.04498658167
6.15870282253
0.562568518587
4.51529767265
4.77368488011
8.22984837501
8.76135524366
-0.916327429332
3.98228337901
5.75240864706
2.40830557479
5.51123283943
4.02099092329
3.8313475747
5.12502330975
5.89603116628
6.22615725599
0.330210331166
2.25598431512
4.18103326639
3.73461984764
5.51734970516
3.76936938694
7.086156105
5.52027869467
2.22688484966
4.71193749695
5.35540820906
6.66677597201
4.45744103701
2.72937069483
8.83854607102
4.3846063413
0.726318362178
3.15807200941
4.47542490481
2.4067394489
3.90246876392
5.210792904
6.84548160804
2.80081592356
6.83517494267
5.09729895048
8.71963751253
5.01155735247
6.99940609291
5.20708272695
5.18287763388
7.88797565531
6.54644413589
6.92639301304
6.83063884521
5.26671160881
4.05605532761
8.40750382685
3.80800908863
5.71210650114
4.29964085141
6.11364212701
2.12764626272
7.24189636853
7.25274668455
4.89707475751
5.34564901092
0.0421855507873
2.38661504449
7.61734825372
5.81152358782
7.35342240265
3.91866927158
3.19125545433
4.91811875758
6.00636724056
5.05817507893
0.48637599664
6.35945215794
6.20714139571
4.71056188233
7.53970455116
3.4905748737
5.96005657111
7.42085020822
0.174449046239
5.57149012492
5.74418862036
5.61618802296
5.95830957676
5.76072612697
6.34991300251
5.98917593478
3.13410999812
6.58432485376
6.0235917894
4.93713058092
3.71485673234
4.48821295949
3.276766417
4.48124930579
7.57304858148
6.71609823028
7.4589177841
5.24718094223
5.23205856472
5.80194018812
9.43146879419
3.36072342656
4.31538257781
4.81493148618
6.45755809699
4.79395861373
6.85708955773
6.70828748352
