6.69520639011
2.01309984982
7.29610905809
5.14046400507
7.15062231731
2.90543701235
6.02228112815
5.65499424848
1.59931671718
10.1148231211
2.689069654
3.6774291957
5.87368067466
5.81162917156
0.595304516665
6.41727808234
5.96163561537
1.69991176782
6.59650551232
5.0311274454
7.76162038483
6.60140032159
2.69861495901
6.22118491041
5.2551807633
7.31604206205
6.61555325122
5.16593927684
6.03995393679
2.59376478409
8.43982998996
1.25037397422
4.04881907405
3.85336216456
7.49895976416
1.6196657442
5.03951244111
4.90561649823
9.23045063332
3.96527848786
4.05609130019
2.63368587073
4.04525137733
7.36338113488
5.65280474841
5.57892761571
1.92974883315
2.60670384664
5.77651146988
7.00492689893
4.25568361508
3.0065172249
5.40295141844
7.17632057805
-0.463685564421
2.04674978563
5.07531799883
2.67550280872
7.35047992716
7.90325239411
2.62040237037
7.88627547135
6.56139276087
8.95226779693
5.88057493483
3.17140121213
4.00780222789
8.33699485571
6.8057919048
6.91850188045
6.31632814057
7.95078866188
3.46931020453
3.45465321743
3.52144999328
3.00774027215
3.65805283279
7.71668862128
4.41863085105
2.53310363295
7.79981308569
5.20168054007
1.50837317937
3.33361636084
2.68057921254
4.79852894684
5.99395716208
5.68340612669
4.01301828406
4.73259778348
1.46292189727
5.19517881865
5.65174953814
6.47555916794
4.11760340687
9.10979263215
7.05997875176
7.23187974787
5.26660300783
3.9651635405
3.56683043839
4.23652506442
3.09393987398
3.71663244398
4.30261799833
5.00047037184
8.89908449392
2.4260133389
7.46931128911
5.12820107052
5.4327060554
3.21987163564
5.59664940848
5.58488229845
3.91150098804
3.61929729823
4.57261555162
-0.173734305168
3.36084886981
5.28759924346
4.68390400435
0.207513660368
5.79542238278
1.350475967
6.6143614414
4.82272241171
4.26490048323
5.1178876706
3.81190667167
4.62263547384
5.94777461911
2.52735566788
8.96013391139
6.4281816656
6.0837559373
5.69374338748
5.34275565921
4.50513001624
3.62510006153
8.8013177796
5.63581285734
7.42737533276
7.96290631557
7.99974354658
7.55365477862
4.41571440429
5.52590402731
6.98892671363
1.7733439685
-0.414586052256
4.90991848197
7.72225384159
5.04731131532
6.71655080323
5.08269098771
5.2144077696
6.45655957718
6.782775629
8.02211629211
5.90097553695
5.07784862856
5.60406334507
6.44504934354
5.64064770157
6.98963061166
2.5668379824
7.01645616958
7.29954648244
4.07133811851
5.66642017528
5.11387402898
5.99626094393
6.06687855969
5.10285646376
9.58251782749
6.22366764953
4.49592892781
5.92590912712
3.69343085696
2.09014950911
2.16434885905
2.46850538903
5.25578140577
1.67686341401
6.62968140949
3.56610791108
4.67238499233
4.92004381991
4.86266957056
4.02306110077
3.91902729322
2.61502631205
5.55556414708
2.35173356769
2.07987817191
5.12668587029
2.02829521552
8.40295837487
5.1867806562
2.23374850662
5.32927532816
5.52825956572
4.15344960055
5.42755461424
5.28777248681
7.46206909075
3.43977764719
6.78789079754
6.79236059315
5.12228546329
6.2510634051
6.1710851067
3.37755300705
5.56331335643
8.82381475492
4.3547767597
3.94785098544
5.8839749729
1.63772817889
5.34049985243
6.76083521284
2.90254899032
3.70429636204
2.29500055129
4.73934168846
8.56748618977
4.25665461804
5.64129176024
6.53060554655
5.62449020204
2.0342303965
5.60423940389
6.9549673233
7.28303010271
8.31330653378
8.40222049997
3.60355347015
1.55095150656
6.28252235839
2.79151316527
2.20287783508
4.91126096305
3.77316689231
6.58111444316
6.53456264405
4.16347829243
3.82071243471
3.38553163716
5.22722681758
7.23449498288
8.36389441504
3.46382378084
6.67114782103
4.85793827861
5.54305102513
2.60206026257
6.23166945707
2.51273764722
3.43069627663
8.44011518105
3.55417421566
4.12746325214
0.543755506101
4.31724554567
2.52783661169
5.08778687605
6.96721087789
8.48299944236
6.08777340951
3.59539589504
5.97529070644
7.37763380105
8.04265948936
4.61220500826
3.77152095336
3.93401543197
0.663175122625
3.56636555738
4.89318235099
5.39676350755
4.41181524233
8.64607807698
5.0771708458
3.67872864034
4.62674440739
3.49009073529
6.39799799146
1.01363325163
4.0063996527
5.50717429643
5.0770712954
2.34288670935
7.06404435597
10.5621184355
1.35909999498
5.03974757351
5.63363328012
4.99176755328
3.98286621677
3.83221366278
3.99562776078
6.5403939134
5.94062544387
7.70279980912
2.51702704132
3.04311735547
4.28377171936
3.08213678168
3.97433120559
4.75782529137
7.64152622606
4.867907984
3.75195890186
7.7536298546
4.26867274874
2.37374754867
2.2387838287
4.53209254105
8.24421407616
2.0642733621
10.8993633396
5.69393284358
6.30131445251
6.3908260422
5.32195531506
1.44043080418
4.77968067376
7.85666668321
9.22270072153
4.180305095
6.48445514968
4.77171542223
4.88210772586
6.37450540818
6.17722184307
3.81370555875
5.28620120899
5.831047194
3.27409087682
0.879649640891
2.48290154337
4.23225473607
5.10489830193
8.3259942317
0.977611020541
4.21320466803
1.38316234933
6.33122918257
7.48866351204
4.8670729178
5.35483086605
2.45501373051
1.94946629248
3.90504062466
2.67992621456
8.52923297074
5.39649157635
3.72278021275
6.29614489296
6.82272857431
2.23792124513
4.90720908128
5.15758575074
5.85483266281
3.17082959551
6.37401873002
4.87011863686
6.5355185114
3.12515043198
3.87932678419
2.97918996605
6.91104337662
4.18435436463
2.25765099308
4.78586791143
4.40144279762
2.89386006558
3.32590154788
3.87579733734
4.57437207568
4.89352590427
6.76844215931
2.54775761388
7.54084385578
5.25034680858
0.280634371539
7.09794078421
6.19502033326
5.32782216779
6.21560898398
2.9787371651
8.05957396926
1.49717929116
5.24467263137
4.87274301772
4.0394682475
4.85431020185
3.32659274433
8.90270193678
3.27952159063
3.50683984467
5.73496085794
2.90485728229
4.17051262577
3.29138062473
6.64548321298
2.50220077663
4.46609207574
4.0722483725
4.81687216366
7.76941516369
5.60540140714
5.8153574187
4.22205534232
5.37652955513
7.28563169421
2.54418593013
8.3253513147
4.27423829587
2.69449232361
5.03653606348
1.97290819624
7.384456668
4.49731203857
6.42318862034
1.92351610298
4.85725757125
7.46708181162
5.85043528359
2.59145048867
6.33295636136
0.566898462717
6.69374312635
3.90235146742
4.16734456979
5.37827838425
2.57362458825
5.93638912657
2.78205180067
3.70684424152
2.88048835346
2.19672524556
-1.31601965361
7.60672617509
1.93505232899
3.91856921412
6.28692696555
5.16777754276
6.3306723266
6.3634498634
4.47019902025
7.06405365352
6.5590591751
4.81331297905
4.95283983994
4.35057837109
7.47764675997
6.08926457968
5.00454222718
5.43353793293
5.03013231232
6.14332950658
5.84692800434
8.01378016244
3.23080130414
5.07226153814
6.37099000759
6.61727294205
5.49135726233
5.79351121902
8.85435701764
0.452783039651
1.27961205776
5.29926697415
2.2763960594
2.07992883704
4.17548182238
4.95524788162
3.15994795383
4.97818698124
1.95766911693
3.10800846419
3.63793085363
7.49273811375
7.28836750085
7.62490630429
4.58020787933
6.17838780395
2.97121062128
3.96996670294
8.11143660041
3.50778457427
2.11790143387
4.09441221274
8.02167327186
6.32919987561
3.51644683455
5.83902993137
3.49263948984
2.69660929826
4.13388850779
2.62167266768
6.3289733757
5.43773968162
4.80919224818
3.77511203809
6.42575339742
3.97075291423
6.32625749605
5.91741877461
4.45641973065
6.37387350682
3.80835170045
3.75047627989
2.80121094076
4.82280800572
2.80669888989
3.47390677279
0.591018894793
4.62141671356
5.51573764071
4.16278728409
1.91646559531
6.04807670293
4.28213980912
6.73573750174
3.05534119224
8.9183786437
1.98259171262
7.41963102303
6.72728435738
4.05641319628
9.56693766248
5.12409148321
4.045681856
3.63361404219
5.79472668693
5.34151760457
3.78822894788
6.59511499648
1.36045585501
4.16103097019
2.88855159464
8.00918526612
4.63561902439
6.11459117504
4.03521122386
2.66710462461
6.32223175426
2.39833426407
6.56999274294
9.07336154215
8.22798127516
6.57455867767
2.75511284679
3.94997644055
4.41935796975
8.87535209036
5.53167041221
4.48445157632
6.99911521267
3.31831521543
1.85369054894
4.07133665687
2.94387207716
3.31038158919
0.918735375604
6.8993098442
3.36641599523
3.73499303691
4.61182567791
4.60691938016
1.24725364966
8.0595295913
7.79107857399
7.0848431162
2.90871911263
8.09688007058
5.10630640165
6.87952930808
4.72841786555
2.83521770522
8.28408681274
3.18503915426
3.04989614097
6.57608768331
5.49606663368
6.35338316702
1.77285507902
6.31283533427
6.48254480993
4.06587116599
5.57471681442
4.96697081741
9.9094764646
6.00883938575
5.13770498362
5.58975162906
4.50542126019
5.53834370991
4.0561471002
5.98697407185
6.12240959744
5.74214413437
7.93677815339
4.92173190774
3.89696077609
3.71674383209
6.46879716419
2.13097651467
9.79482788905
3.02798117436
6.15222449044
4.67535864854
0.789646420696
5.97427953757
1.82936280763
4.41155573066
4.21615203425
4.0141906563
2.06733901277
4.92602100462
2.46990370998
0.441485986539
4.8825097735
3.16213927844
5.54956445848
5.09504617315
7.17037379963
4.82132441087
2.73132407207
5.19217120053
0.947737304369
6.15138245219
6.04274867029
3.31999685225
7.35324748528
6.7644680393
9.50897929792
3.17485647135
4.72383469944
3.76015217633
9.01580388023
5.11613674808
4.08662389222
2.26497378514
5.40082822822
2.69109572673
6.97595418914
6.37441988288
4.57145544018
7.9239531216
5.56020484422
10.5110993122
6.88388237738
4.35523241236
6.49938408628
3.09528412677
9.61453655327
4.27467282953
5.35544181292
2.92736863982
5.64835810705
5.59262996218
5.78718646421
5.12375605453
5.55138292243
3.98381868588
2.75216749588
3.51698774855
4.81718249565
4.91273192185
6.87626342067
7.38511177666
3.87057975995
5.5706044128
7.84250349286
5.89759852824
5.28674679118
6.93793468504
5.10072285352
6.43865964731
3.03952441358
8.44912494076
2.31856618709
6.61455151928
4.47638013524
6.25990455712
3.94020130542
6.39813317769
4.48697836447
4.54008358727
6.84719464113
0.912160250079
3.79249540527
3.74161271666
4.05926597766
5.80225575274
4.98520002832
5.25030510179
5.91898625186
5.52044444982
6.58701300712
2.56415375719
4.84974217783
7.39521545761
4.17779372622
5.08729597603
6.80242463513
5.75601039111
4.19768731231
4.57158928621
7.00978057367
3.06271668691
6.71848416404
7.49455179367
4.46099661502
2.31861629151
8.0452721433
3.52939536062
4.80556665178
6.99811301299
5.44694498025
8.89090738799
3.24962100691
7.38349567593
6.60938180929
8.19172575524
7.09826509143
7.59477621206
4.33461510313
3.98064825836
3.16673222589
3.78247823375
7.38835210391
4.57980049787
4.66420708773
0.909783789596
4.64834730555
6.60886572159
7.33106172543
8.22047433746
10.0441702594
1.43340400548
4.59759417203
4.09102383684
3.58055091943
3.80171235942
3.55754035849
6.9897706047
6.16596123571
6.05154288799
6.66874866419
2.03841906257
4.65918263252
2.29862895645
6.9011140828
2.64869023315
6.37830331211
4.65853033261
5.3021219035
3.16039670778
6.7042472798
3.72788196794
5.01270479132
6.04410788626
3.983547451
1.63039301816
1.27122590921
3.57071135195
0.733087512867
2.51281347838
6.45276687255
4.58954916379
4.77248873778
6.70192205883
2.48992356196
5.31927388039
2.97112853757
5.88156832078
7.06418636257
7.10226107861
3.47545644138
5.46331205725
4.22339102891
7.03564496596
4.32569680801
7.64123170627
5.23449803025
8.89754232346
6.87369184389
3.17176525554
6.84597975146
7.07751278352
1.34826210273
3.00483614707
6.05214144903
8.61446555862
5.64253272155
7.73758353552
3.63638865957
6.96625757576
1.75140761755
4.46460935696
6.16764055927
2.8732352805
7.43417388072
4.40560533079
5.81250707524
5.01152007175
6.74903468911
4.05004573273
3.29585445649
4.80176939022
6.03560490538
4.80206734158
0.979553944186
3.35486522132
4.65078874041
6.05688499793
5.46350275167
3.20170318846
7.87028547621
3.53312250515
6.81961827324
7.12620382598
8.0784724873
4.3179364039
4.33048383271
5.06394531036
4.09862104718
3.92007688597
9.23019610954
8.66011724492
7.80620238319
4.49375263034
3.18143242945
3.04623761906
7.3613779652
5.75187776843
6.14904819895
5.38995707125
5.90296431555
5.99935287935
5.83396616156
5.20327278212
1.90779211612
3.98858989023
5.71300738752
4.5492017501
5.53963322742
2.05055917273
5.55928493729
5.63815893056
1.56073953844
0.166919263637
4.4744907363
5.33968701276
5.1679598456
7.44952867422
2.57856625486
4.16911278772
4.28405183408
4.64552623028
7.28742700604
5.75984781779
8.15180824049
6.45279172535
5.70051886486
3.20410456445
5.34796194834
3.66694830457
4.76058131747
2.99138482594
3.6370895656
5.97141992658
2.45089032832
2.90866174564
7.09127421771
3.73230147616
4.31113833336
4.6233895594
4.87828791122
6.95806142629
5.96443297658
6.95436845798
3.90412437457
6.97420674553
5.18570678167
5.17844831262
6.8703194657
6.99572409189
1.65197268213
3.49920093235
4.14186813832
5.2964886553
7.12022543763
0.544460621121
5.09933824108
5.07301385384
4.81363416348
5.77537460682
7.46615840582
3.205893595
4.37712060932
8.58918281004
7.41755320995
8.74665192272
7.09010705557
1.07527340551
3.62454434551
4.81755627362
2.84514076723
2.19468825939
4.99704726707
3.14369415368
5.75783960382
3.22705033007
5.79109658109
4.91972367024
7.228882914
7.28794378079
9.31020396875
3.48018092618
3.77863675871
7.22681009512
2.00491765724
5.60763867949
0.73656719367
4.33989111649
7.97145223431
3.34141550644
4.2536760587
3.93380840952
6.94479466952
4.47494092849
4.74658789375
6.22440538342
6.58065913702
4.16661829546
1.62181477087
6.56535365961
6.27017983889
8.32746594538
2.60876204934
7.1571683149
2.63367498802
4.09523057169
3.09161164172
4.42890867289
3.45836115163
4.93612287252
4.25918622933
0.889010052701
4.51455113383
-0.323894260371
2.85956929268
1.0067314077
7.49823105297
3.60664523321
2.94847079401
5.63614701656
0.286433235232
6.5372926161
5.44396973943
4.54505667014
2.82633805651
4.76968178359
4.55499267348
5.33685152951
1.809124799
6.32686682687
5.96511446033
6.41159030116
1.94929990464
8.33722145811
8.39405899478
4.89311926612
7.85791160841
5.79408912764
5.7957938668
9.18775514758
9.25247747574
4.31395813813
3.40309161255
3.01524280368
6.72986560169
3.53196977288
2.99899918355
6.83826556795
5.70097847073
7.2979771684
6.48136437686
2.64943895596
5.61049074118
8.36825305795
3.98246439411
8.08802683117
2.55303086815
2.77018052608
