7.20211578572
1.72751271392
9.83372751684
4.39275475545
3.22952181047
5.4572458014
4.58046431511
3.80558836031
5.71474917684
1.81565375331
7.25806733614
4.2807699872
3.20936426433
6.07567132495
4.61940270645
8.25790863015
2.49000917187
7.97566232877
5.26195680374
1.72564242971
5.63945603409
4.82341833116
4.86407608904
3.79817315024
8.17857172942
5.94539682037
5.5449984299
4.73524411983
5.49119193501
1.28999807749
2.46121931732
6.68819539473
3.31050728278
2.77135478627
5.73557221745
2.47654132436
8.25038985088
7.25590130706
2.82964181337
6.38524898262
5.96247451134
6.26243545244
8.86816420461
2.33934251841
4.83642190445
6.07296192311
4.23591985109
2.46081774539
4.30823067984
5.77604946034
5.11440057205
4.51688228795
4.25704952701
2.57462093455
7.35986952019
5.1585182696
3.63618566426
6.25479748676
4.56311395543
4.80487698107
9.26970230981
4.42688223168
4.32231089138
8.60263786429
5.83677132914
-0.647869605228
2.92463821521
5.98339135494
5.91852789691
6.20664360199
3.52287994858
3.63906115591
3.98291211209
4.94728301914
5.48478259454
7.24134053079
4.91965954694
3.46612096755
7.12900269281
6.85498960299
4.06620481422
6.95606724964
4.98571458403
2.79288542427
6.07345845858
12.1283109181
4.89357699345
6.33208250333
4.27770077655
7.71052135706
3.92751031667
4.41924607728
3.53738120074
4.53120624257
5.57675657163
4.00262372301
5.55897140418
7.08683532174
5.30785377037
8.99612091615
7.88926675443
2.93809732853
3.68935635308
5.76676375483
3.43725229364
3.81030968081
7.75911076826
2.41199908212
5.78876401114
5.89304483139
2.3376651176
5.84751914856
6.13619345534
5.85943795679
1.47557734884
2.83771970733
2.3229146974
3.96380646827
5.5836568841
1.41405343373
3.86439390717
4.10191702903
4.67181273732
6.00534136046
2.75843421247
2.81846465023
4.11510083105
4.96526112701
5.91979694366
4.76058489536
6.86787582327
-0.00658778833251
4.33818884036
5.02150189749
5.48599098228
5.09045324787
7.6501697659
10.6588448181
4.32592604602
3.433460278
8.5847843228
5.34268920439
5.02572387035
5.68004494905
2.22669290692
7.37662949189
3.60954330846
6.1751045606
8.56181382937
6.86350671578
6.27085011404
5.73360768821
6.45550542236
5.29035976023
4.55618336446
4.15146576866
5.89867267621
7.79373242305
1.53922886666
4.84266367672
7.44593272649
3.10997046625
8.98903525976
3.47558546059
7.38999002109
6.38764188335
5.05710111966
4.84943418887
4.5399314414
7.17437119966
3.85404865095
5.25540523885
1.9875885868
7.32140720026
3.89221081005
2.83411409951
3.7115710097
1.9676552977
4.78394035015
9.22562090563
2.48074710737
5.79154829197
4.75126135936
2.53472792111
5.2470940032
2.98746276597
4.32379425375
2.81479004959
4.89441898158
7.02562809991
6.16475183383
5.16853607068
4.65580094446
7.173192297
5.78064769102
4.38100568488
3.74926187601
7.47523317468
2.9152129223
3.98113273653
5.41259852179
6.01349634829
8.72657670389
5.01617694772
4.7541534133
4.61399621419
4.27723381517
4.05634758343
5.91639636464
4.92655013631
7.69196728665
4.21496986962
3.0305064149
5.99905894739
9.15567827693
8.31220463997
2.40082945012
2.66623344205
6.7087619919
4.02545899126
-0.19749245468
5.74137444431
4.28396322368
2.48577785317
5.47004624293
4.7948817573
5.64694387915
7.68376778651
4.64589682991
6.69357728742
4.07267665054
4.75419581652
3.28951596368
5.70425819714
3.37877339182
4.61303025369
9.8244633082
2.755136739
6.14959333486
2.78765036389
6.02101971837
1.56688215541
5.56458620512
1.73135102785
3.13247089757
4.98862313224
6.86430647735
6.69705781331
4.14450586546
3.07571855558
6.55384367481
5.49437451806
-1.72960155333
3.73179388073
6.02249495757
3.68356532035
6.96340871501
2.53020133135
5.99185618166
7.27452847359
1.31406990412
6.43630277145
7.25153783161
5.03239723036
6.05287173288
2.86651244534
6.15123027766
2.9310543589
3.27311121136
4.21530362951
2.60656655126
6.39165544246
3.7202260593
5.17821945869
2.46317864451
5.19444550492
4.14853064765
0.163857024552
4.31482671393
6.16551313669
2.27719448626
7.02544000314
5.67657037665
6.37358452929
6.36191295794
5.74781297504
7.61489025506
3.73972959157
6.70228303083
2.3801148886
5.99156515185
2.60495342611
5.60379010804
6.03295813818
5.17304742941
6.94140331297
4.1570380908
8.20385045269
5.99695913191
4.42532887532
7.01242104402
4.02932186639
4.04835618668
5.93118090766
8.29217919509
3.92536752479
6.64216833902
2.57193173885
4.32524546632
3.59700597262
3.62447112335
6.40797374526
3.52160291161
8.09491717966
6.1936760358
3.42765156757
4.46801112329
4.83153542871
1.95687763278
5.36989896176
7.54197173263
5.8855834755
7.1922297788
4.50713118822
6.84577057746
7.14361464185
4.60465470977
2.4233753396
5.58123110919
3.84237539919
3.55536909612
4.7128412429
4.83451955299
3.9793445774
5.43785384884
9.19819747795
1.75189312934
7.6121092845
7.342470588
6.28291573523
6.37769878677
5.85988486758
5.50146340148
2.87639801981
4.7662803645
7.63031165734
2.66441732086
7.9803083313
1.10311992532
5.2668118253
6.35604455917
3.0911158662
3.03661192412
5.2955379726
6.99711950542
4.35872078854
7.23164060069
1.44261710096
4.29324444263
5.42669990411
2.40032297292
6.47746912206
7.82058879557
3.77396018395
4.10076933659
4.83871476371
4.02554646188
6.39057485442
3.41627651438
3.63546292507
7.52607304115
9.57979328848
6.55710403918
4.78255550146
4.14736819332
7.02964643406
4.89627689468
6.65450808404
5.69966371505
1.98756619731
0.707014087267
1.96713354708
4.7068742909
2.59171587323
0.750932816677
6.81207092512
4.87449091452
4.22407771148
6.75483130131
4.0558560262
6.30629841718
8.9348836437
5.11078632729
4.29849903441
7.52185658432
4.09014514873
2.35298437585
6.83750821016
4.48155000086
6.22529487801
6.67950983944
5.63490200562
5.41045818414
4.1998153864
4.11424287466
2.87958705119
9.46496978452
4.15892421683
3.62048645951
4.79911815008
6.0031889483
3.06834376242
5.57422052199
2.80396209713
3.3833615054
7.45411230241
9.18078951924
5.03777881075
5.31529960664
6.17929078117
3.66414120872
6.94898053423
4.98881894725
4.01737480381
5.82662454936
7.06837399388
6.24062402812
5.33879975973
4.23874849931
6.03922478921
3.60640915673
6.88203800924
4.10496917447
5.24403979198
1.43042142556
9.11527012538
8.14285934937
5.79238855179
3.04935723943
6.26789750312
4.05012911545
5.31531652668
5.34290459017
4.64080559867
4.25559558937
4.0040791793
5.68610609346
4.63049814848
6.90517539435
6.64886033978
2.45096777059
7.6941966346
5.93776678727
5.85389102048
7.33039214954
5.97471744038
5.78481773484
1.05457465376
5.29490737895
0.853214300629
6.04968553857
4.66516175466
5.70649066863
-0.773526926841
4.88012187489
3.69644306237
4.99360162441
4.81159750651
4.6638050527
6.01730075403
5.62526792692
4.95737688959
8.63613788182
5.27918465415
2.91067251374
5.11036929297
1.68346527269
9.62402061925
5.44807265932
6.56659821014
5.35302092718
5.11612573479
7.79108495053
6.6304068562
3.62166188753
6.34993172112
5.55920938339
4.50835139305
6.50954872084
2.92658934802
4.96744571822
6.24573304559
2.1669714593
9.68155939231
-0.0789063949848
3.84377842779
5.9138092133
5.28854590064
6.79003934713
3.20638337891
6.09257998748
5.31542322814
3.68205761254
5.39986832729
3.70636674539
5.65555046296
8.20463501299
6.20308157536
1.73298855986
7.03147216923
4.01078323344
5.17016358292
3.99388412526
3.75052868082
6.21553985964
3.30170424542
6.77713943322
4.32427517263
6.84459381631
4.71935944563
4.15059585534
4.63475084837
3.46967700083
5.5288821242
7.14549387267
4.28562350743
6.18467680175
2.79370170888
6.12264420443
7.56351661021
3.82167657495
4.16516287134
5.59850786567
3.78065800133
5.30014174781
1.33016281007
5.20282624357
3.72194703376
6.96285322078
4.77716561539
8.79967998284
6.31057558369
3.0889766313
1.99145525556
1.36214161018
4.59770399877
5.80769289645
4.90181165745
10.2292892903
5.02698678391
0.936765090349
4.2228218809
2.9168863505
3.84544355044
5.83651463723
3.08093506842
3.28289237176
5.40699812666
5.76918675935
6.10877505115
3.14332657459
1.58256648583
5.2076459505
4.31140225049
5.67793420705
7.20979121985
6.99603517385
4.23597578996
5.34958354017
5.35715330895
4.68507527489
6.41544345281
6.37033210997
2.40579086724
6.4853697761
7.15326688992
4.68129359889
4.96200538982
3.73617845894
2.92953679873
3.67555975061
5.80983192146
8.04572548501
8.93972448878
8.74057921802
5.65711363236
5.52094818753
5.1392103735
5.95004969072
4.05380099266
6.30405854423
5.61946463643
3.02750845849
3.00342532564
3.44210415274
4.16734823022
2.59770701783
2.32497785024
3.99383529033
3.4331649251
3.86819905186
5.91787801357
8.53439035188
6.44896244618
3.7791399455
3.37155060993
4.80890564973
5.07140760788
5.02691331222
8.27646594646
7.93200964486
3.73265443781
5.4907754555
5.67031690346
1.80043311652
5.66571621449
4.00280205043
3.92561497985
6.873501103
3.76524582337
5.30295691348
3.36342187048
6.98283256123
5.46189398088
3.99200173582
2.64772615553
2.10104618234
2.31327981223
2.64906274809
2.84093426827
7.09894004442
7.00007819677
6.08350349655
5.45418219416
5.27675782169
4.49350281634
6.19111555347
4.66369975233
3.04937356674
2.77303385633
3.88018085385
6.50522193303
5.09228599828
6.90757876615
3.54787073914
5.92476019319
4.29719127832
0.439216612873
8.10745558672
9.99673187755
8.83540227124
7.15071937571
8.698737713
8.76848028388
7.49880340129
6.91984078745
4.64808381439
1.72178072679
5.24686743999
9.58404040956
2.76131440368
4.8781328835
4.19455318449
2.29362005202
1.70088543911
5.95165238647
5.1821876279
7.85713826926
6.02638191993
5.65086054694
3.83957924874
6.60693961644
5.13765920019
4.9575018347
6.50986075094
3.93037129201
4.07626097031
5.22704756486
8.60588988153
4.06048435085
3.07107212309
5.7596622802
3.67530201121
5.28173396316
3.55223311772
7.38872962456
5.02097677565
0.990701726813
3.31346358634
2.11832980661
6.57858736203
3.9873054843
4.70656074236
4.68689460535
5.15649424736
8.56082378445
5.3031276441
4.22248844415
5.14963342726
5.69914772286
3.1871446847
6.42744934004
2.94623886187
4.95993184541
6.34583556498
4.77541320922
6.64668891348
5.7821652594
3.20675024697
5.85628445751
3.73686631746
6.06194766547
4.23000752783
10.2051253109
5.85171478319
8.16018348702
3.35509640395
5.7030777986
0.520891637626
1.86817741161
6.92092756748
4.88864005475
4.08620643667
4.0171819838
3.86582843423
5.15589257403
2.82893390414
9.53298704751
5.43758742498
1.3248172908
4.45633650555
3.90051343269
4.38448745656
2.62212558932
5.70156013919
6.11570481458
6.93574765367
3.02265506668
6.12526664916
5.27803300971
5.27583471244
7.40331129254
5.91018364241
3.66097212699
3.44723869052
4.99591808593
3.08151205907
2.94875582994
0.97966970461
4.82604876874
5.20363603192
3.99380844975
6.74003231836
9.09086597667
6.57448258765
2.21856515196
6.36906454104
5.88588678567
3.73982414967
3.87997548752
7.43647611004
9.05649979938
7.09880910524
4.6641858507
3.85653380537
2.92726427511
2.49621155944
4.4269308662
7.50423048668
-0.0437102874606
6.49442957585
2.2638058807
-1.11693996867
5.62678032383
3.35179432391
2.09976227921
3.5516273019
-0.058678947244
1.77469083764
4.48766085832
4.99498392289
6.81072382232
7.14439850411
1.92254111922
6.27739735588
5.3769079039
7.33037509561
4.33644727332
2.48156824433
6.59982901765
3.68577895883
3.71381338593
4.04713339472
7.96900153127
6.50137876347
4.99359229594
5.59369530723
3.60636392154
6.00271905778
6.21572049617
4.47551816883
4.11534739661
4.77245106192
1.08142203438
2.89626632697
6.18174771674
2.01152371572
5.79150988003
1.88310195822
4.01540417288
5.65755429255
6.0867772155
2.3717290223
8.76738740419
4.13100006548
8.57571436559
7.09775212312
7.03448010621
3.28009198414
5.08045751784
6.35406302305
7.12279669956
6.29408894937
5.7853094998
6.26880341943
5.37959114621
8.44223352337
5.37605785438
1.94720861726
3.34351264276
4.91482522034
9.52836457826
6.18058653043
3.08020949047
8.47443020255
4.7466379628
4.33246558516
0.928233243617
5.68055211551
6.76336997374
6.14322295497
4.16571386615
5.24672028368
3.35757798085
5.33146469887
1.76135690417
6.38590211918
4.89818331149
3.39702050552
0.919590221926
5.1726075097
6.78366907238
4.6314941397
5.96595906529
7.18848060788
6.42789451051
6.04436840616
5.60366393115
5.7258416967
6.36702421387
5.70099679161
3.28380454139
1.83848098107
2.61844686051
6.71390244003
3.40458830025
5.19959625938
6.3971825857
6.70953329023
3.50620127679
6.66645584146
1.73592944494
0.829706363403
8.63671523796
8.11248721538
1.62761052747
3.67478093966
4.84049448362
5.3024572204
4.71467197393
6.71237774494
2.87650030383
7.75643794898
5.10632402901
4.92911192311
6.17808858552
4.28724118142
4.80136133709
4.98511311908
6.57605782733
4.38994471896
5.17542966045
2.67947513565
2.38119743564
4.76128022573
3.19254116806
5.44826938633
4.87088080607
8.54051860224
6.68055589228
6.67989834512
5.17016173168
4.25594855934
4.19435344288
6.27034369816
8.66468210152
3.29802606043
6.95033644754
2.28167900067
3.48858623595
6.48641298544
6.24893762114
4.15919248574
3.58363840889
3.3340126459
5.03178838057
6.5009774812
6.08813080409
4.64040578602
6.92089351327
4.23511484563
2.31055569009
6.59051398259
4.16195999495
7.33371753091
8.33790820089
5.62104061955
8.12881596416
3.22059972748
-0.0778512173462
4.11391039175
5.08469784856
7.55642332781
6.16283404937
6.24010391949
5.1145170313
2.60561580087
3.66456275108
4.93938111356
1.42621350512
5.60437426106
3.71345247719
8.54586682841
4.67831171237
7.07794462661
6.1402434508
1.01503609132
4.3420435602
5.38565147039
5.36361163395
5.48502595356
4.5353871589
4.59510897417
4.54404759457
5.17436727003
5.22553195062
4.90145482278
6.49320923161
3.89703234446
0.377134536675
3.77566303618
6.44930952496
4.93900231298
2.38288645304
6.61001829773
6.37506355722
4.71596837601
1.31619784996
2.65162474667
2.84246195077
6.24726297587
3.80424633848
8.03804883612
7.60848749272
4.74423310314
6.09556271296
3.86941960224
5.51466126168
2.86770466038
4.54610924405
3.41709588718
2.85926892087
7.30609164801
3.7931877212
4.20530033658
6.31313335062
2.9228665337
2.47751681652
10.0248532559
8.14774081619
7.19299927382
3.86080113241
4.68077237807
0.973639801025
3.66317221327
6.44987614471
3.1273751062
8.20512581212
6.30949130966
4.16197636297
