3.47619440734
4.22255243044
7.5761658092
2.85137163753
3.22127972707
3.85942418454
4.01572994556
5.49366592588
4.98057927075
6.79934913013
6.25954935567
5.43146428473
5.44911910889
5.76952228034
6.56290667134
10.5575860174
6.98424549887
6.12120422557
6.93584696384
5.75583153319
2.26517889012
3.34837179784
7.31942106764
3.89127234834
3.87002303131
5.09223152735
4.93680137989
6.78135133465
4.99201129075
6.93434384069
6.70040654396
2.12616127535
1.94692601826
3.56982186036
5.1991467124
5.32016438246
5.91149608828
6.9650536386
6.40620927825
4.83433018104
4.69952609609
6.12239882417
4.7614100435
3.52910738893
8.0679330339
3.58442374168
0.792442317146
8.23009820898
5.59668441976
6.84850275629
7.76541444616
5.46281312853
4.35461955046
2.94245692323
5.8403106073
4.80874341103
2.85571030187
7.00259432042
4.54500772843
5.33442892026
5.87783091504
3.42405372205
7.09550619864
3.87097032004
3.05401425138
6.4387983544
9.38686963305
3.41328399746
4.81666277568
7.45795219918
4.49996528832
6.26902800538
4.26522020653
10.6219755118
5.91397394319
5.1242792859
2.51468926059
6.68451619526
3.89089853438
3.63514122106
3.79212358356
3.32462154058
4.54819754364
3.8906576515
1.79592958161
6.45642241682
2.82995000806
6.40192643683
5.68645915994
9.0817000434
5.02379777634
5.96418498785
1.56337347231
1.39151209749
6.73741425347
3.92252926761
5.34342977406
5.22720842356
5.52577795761
5.45721022073
3.60059193286
1.41023013776
4.44305503215
4.08540279079
3.98210368964
6.04811479362
3.86863904201
1.88859620747
1.2065997267
6.79796274596
6.51444544702
8.55238091001
3.96608345088
3.2708360738
2.64093039232
2.25397990058
6.30684862544
1.53723797592
3.38865387312
4.75686958037
3.75430697994
2.9377804164
6.06854993507
4.07241466623
3.51303510521
1.03465204759
6.94032981483
3.71808201966
5.61727021341
2.50748911152
2.75238088119
3.89239562918
5.49670935358
5.87804378879
4.79790059557
2.75792364786
8.37972839743
2.80408907514
2.49506928314
7.5863857967
0.679648645965
5.58940487213
3.93432744424
0.317032116375
1.85438365109
7.47422470171
8.23625491254
6.83082172867
3.4270569215
5.6338245811
6.45879113651
7.2028636944
6.00712816994
8.72553665257
4.86297079216
7.08055407036
2.93456528074
6.15035063881
4.38919105918
5.04702081149
4.28089702204
7.01530173055
3.07925866936
4.68407915265
3.62932481321
5.96276613553
4.38639958783
7.25908776951
7.48938082766
7.20950308882
5.6459819688
3.08739908596
2.74206526405
7.11403703459
3.9445529718
2.77401125254
3.59201702648
5.2594485568
5.54183245815
1.42397654363
6.76893616825
5.60343849257
4.62606135483
5.80075223959
8.29987168653
9.16543907809
4.83148396461
1.84729157929
9.01746285463
4.46070898778
4.86218246397
7.2456753544
3.125287699
3.90172598648
7.68417722349
5.2407684463
3.90656950994
4.26554645613
3.66632190738
0.588268459713
6.01686812522
4.23902832813
7.9305067533
5.02655124638
4.66623501302
3.29623150477
4.1570210487
7.12387655849
7.28231815038
6.23491775537
5.60205915457
6.18968783752
5.86426710166
7.41746299307
4.87158566107
5.67651273126
4.96446023509
4.4528245208
3.42345264267
0.630894540454
6.65745145258
6.92686250696
4.57905705113
3.1651605179
4.72573756464
3.23098214364
2.81904521938
5.69983530109
4.7388209758
6.19872711068
1.77027382453
2.65513267678
9.92195923283
0.985841306672
6.64005858693
3.81760140599
4.79199874732
4.69264510861
4.84833130916
7.69955909296
8.02480802075
7.06791803269
5.66470759481
5.67098097917
6.71661400069
6.41923132878
6.75610220319
3.84666956737
5.48020465839
6.95234234427
6.17278697883
2.01096722266
3.25516575721
0.747512119044
7.58172303382
8.97414483816
1.3053074374
4.42889506265
4.31901383342
4.20531811932
7.10065622655
10.7393910781
6.85889903871
1.1026028386
1.33405109712
5.31389308518
6.78393194508
3.87070102599
5.68603546398
8.34413077298
4.04083985509
4.05115595143
6.17184347292
4.09363737165
4.01953934051
2.34905407493
3.75080949158
4.79541814571
3.2761835573
6.26542959197
6.72767273302
5.81775598922
5.15347979651
2.04897852608
3.86711250986
2.93784548557
2.66005796032
4.32101086036
2.12916244942
6.64183181991
4.58558854212
5.4521601512
3.81975572977
7.05443117424
3.6953108918
5.63980913762
9.33581406693
5.81759852729
6.68354624533
6.51701625027
2.02840351616
4.63606193302
3.41864945548
0.657255773603
8.88755433321
6.32002548313
5.75768149394
7.41118565922
1.77425800789
2.95409023238
0.709242997665
4.91960860644
5.94718615832
4.55197525416
9.59387112306
3.38473939716
8.31940597468
0.750591093969
6.13249353026
1.83785002685
3.2676151761
2.59060476201
4.99727530314
2.17385247075
4.99630943381
2.66569126789
5.13135296511
5.96579832609
7.00450299567
6.51860468765
8.94389516114
4.40226750784
5.44921064983
8.44545050177
4.25002167429
6.84485990981
6.25553915224
3.52056527303
8.5219834855
4.70593922241
7.12604919211
-0.634196655319
7.17155344686
4.62651952339
8.07245871344
4.41272795442
3.7763846341
3.32404395621
8.3631600948
6.61125411433
6.22481855389
4.88922579772
6.47037938974
6.17662743909
6.70331813136
4.13538666494
4.24156975561
5.22465847929
6.62323648815
4.19045933684
5.57425252239
7.22626372692
4.1933078318
8.05376163491
3.88348638335
5.44017876388
4.65871427554
4.39517564778
3.84065747991
4.98189288662
7.07654897482
6.50161383399
6.6750303944
4.64662449737
6.96866429818
8.79030795927
6.74690135158
6.53943072773
5.2481438513
0.787838104147
4.23335570112
6.83004440741
3.35541528547
6.58682015548
3.99706321796
4.58968818696
4.63211505158
5.59075993118
5.94722572516
3.59814519421
6.9491232647
4.435600903
2.73547332993
4.19459602624
2.62520106739
4.33845191825
6.08517305906
4.88398122627
0.340948792661
5.23906599853
1.6410127545
4.32456489822
6.2190669513
4.99362190836
2.44458820176
5.69554578661
2.64453366504
7.92547909041
6.72978499964
8.49254813957
5.08975447698
6.14011911091
3.98008229661
3.43386513383
4.51998124115
8.56592940523
2.4408860274
4.42796792929
5.36938119527
6.69195814554
4.3732775933
4.39523418419
3.97447268781
6.71868020261
1.36452070069
6.39340873829
4.34436036961
6.09139901943
-1.05113979366
3.11502382773
7.32709230102
1.42613005518
2.63795279027
5.94456466992
3.37123069668
6.76200185627
5.1673660925
8.61450530773
2.59881411495
1.81497591695
4.93099430996
5.90558065898
5.16173948568
4.40856657911
5.6158940506
5.99576092782
5.79450555062
5.21489901142
1.2544759585
6.577537038
3.92597418066
7.1420621613
7.20685046468
4.3400463548
5.97725688578
3.10981957442
5.53816869581
2.65646445617
5.27693920826
1.6548763538
2.41753961256
5.87818520219
6.91449518692
6.41542085028
4.38372334469
3.47805346833
5.45779433936
6.77621825027
4.30176088565
6.73191468143
4.62955045843
7.50743329031
6.57965490239
7.04567325485
6.8564089756
4.3015028574
7.14730703885
2.37907860041
2.87870137454
2.73382720604
6.51956243784
5.57702032268
6.03412407054
5.05211830638
6.42113194281
3.00398732449
2.62044936798
6.00136329357
7.31888551926
5.75991192591
6.4278819451
6.3260647564
3.9925228037
5.78714427812
7.81883246029
8.59338739509
3.33952128271
1.72902296103
4.59357533176
5.00629822872
5.90364915489
3.23849996428
6.17458767504
3.490232677
7.47562866815
9.06865575183
7.33484666704
1.9527991145
5.60130525299
7.04439799896
2.44912701968
1.47825076307
7.1586367464
2.73792118745
8.38505618505
7.00333459145
7.36279563606
5.19451045492
5.6832745419
4.07686880137
4.15603465016
4.84095624457
1.79770656325
5.01893726396
4.47427971506
3.06740925586
4.14365463768
3.71275766186
8.50454330691
6.06419994799
6.00329884527
4.86376830371
5.178040932
5.43239999748
6.76437204904
4.04627764278
7.00224186856
5.51400643096
1.9083122165
5.19694380349
3.05368610599
5.07602795172
3.44514801757
6.22852728936
4.17803936177
5.97632116239
5.54604357516
6.99486109589
4.72046175102
5.74645701791
2.49874666156
5.4193710906
6.38994847944
7.6122854608
-0.233914305653
9.61061497928
4.43825615416
8.36780966222
8.97008499314
5.27338820325
3.22442233665
2.44173248664
7.00223910475
4.72054148215
4.96345173536
4.97285544993
6.21409930666
1.24246372549
8.97883246429
8.78942176539
3.47230208787
2.47485531955
3.45679298091
4.66076667736
7.695283628
4.23918478168
6.70913307428
6.20478392755
8.22445734347
7.28831130582
6.05365545989
4.50157045194
4.26449772955
5.56001203476
4.94129797662
5.68351238931
5.07776693114
6.91581709904
3.28340134135
4.60322377372
8.33199407871
6.75767505314
7.08176579473
5.95848585763
8.78066587968
4.2465778721
3.31880317809
10.6760122349
5.82703832962
1.05933938323
3.81911471249
5.83868323938
7.57918993179
2.59955435758
6.5536789194
1.94644716187
2.51298564503
4.31034092946
8.4229806485
3.09323464991
1.15931413112
4.09460432124
5.6913615919
4.44971150498
4.20628885352
7.55708567382
4.31014222345
9.60591672177
8.86845576382
4.30174886554
-0.850228834562
6.0108698817
5.78381336604
5.86897125612
7.47743103473
4.88041978384
3.97635519059
9.11586226701
4.69028098834
5.81999076047
4.76237712312
5.62689833608
9.67705913553
3.30856177176
2.52827280343
8.00973631131
6.21170446638
2.84759751208
6.33285016554
5.66194290907
7.00141461395
6.2233872181
2.84143556347
3.82939660646
7.57507256432
5.51901038193
5.31146012462
6.0108844945
5.40104699256
7.16376276621
4.66328386938
3.37554369437
5.76425604179
3.3568680009
6.81155920587
5.11402024167
2.62938138109
3.75381248325
6.3347002195
3.00086076564
5.68904853717
2.78403558971
5.06825552159
4.95179628512
1.84431665836
4.52871843196
5.3370491625
3.47237199113
3.87115470312
4.56883715794
4.29397600621
5.72080145928
4.19800562912
3.43166238539
7.38265891914
4.52588494463
5.23437030267
5.34846763622
5.99276195023
3.9348915922
10.166024256
4.05213512768
4.06731951427
8.76917870301
5.71119581578
9.0034450211
9.09003924521
3.201804323
5.32916725647
4.98122271177
5.4140524448
5.96413364253
6.26112899488
4.59098629452
6.09186256242
3.6825605878
6.79901824673
4.62376514583
7.86538599435
4.00333712315
4.48297762932
4.38641274665
6.33979457324
6.23034795746
6.30721423207
4.54928161029
3.13062591648
7.60761588496
8.72415944078
5.1361774201
-0.617127569782
8.17492140008
5.07841241942
7.33450317523
4.31393044375
6.14664895917
6.9965232535
4.43215577644
8.01418672141
1.42961385268
5.60237008667
3.37491930639
3.86812776932
5.82858472168
6.61110496335
10.4250393166
5.91946394903
4.25677358335
6.89644788327
2.46593959666
4.60692712687
6.55216166302
8.61061986794
3.82452559137
2.26154411564
6.88175942816
5.55926874789
5.28309913734
9.58268446236
4.66968045812
5.45955916592
4.52255289272
7.39269531237
5.45786485147
7.88760555953
3.74952713415
5.90221708471
4.00591056407
4.02907729589
9.69248546439
2.57389200263
6.06514769787
4.17568430184
4.41803985313
3.50977262897
6.63032905719
3.69857227522
3.21416901892
3.18093468073
7.10041507952
4.98350359095
7.12974466275
8.55447598472
6.0996055747
10.255205604
4.06639969369
3.44453139366
5.05583461418
2.23309287926
2.8755074092
2.66740876615
8.80973933854
7.00780398011
3.94244463917
7.94145621154
0.494498181047
5.62195469759
8.60109150764
3.81203002252
6.53726418307
2.23163088302
0.457239929535
9.71699441463
6.12069245094
7.03950153508
5.32703680543
6.85523930647
7.55503783236
5.00363818246
8.17381576324
4.39613583055
4.54215868006
4.74805961555
3.02873470674
3.52684611547
3.00145475366
4.11666381522
3.54619824491
4.70470710722
4.58745169023
7.07177516867
4.48959759167
5.99175567532
3.98577263124
3.38199326812
4.23725549611
9.211149311
4.78943280305
4.57891552286
2.31260169227
7.25218375427
4.23199657272
4.17406610736
5.41833712101
4.18643041026
0.858203555466
8.13493820789
4.6803936565
5.18189190295
4.64440597126
7.81439542617
3.8807263521
3.92869317712
6.35617271137
6.93044410105
4.81801942001
5.93737704955
7.90133831226
7.59348206097
4.08108049351
6.02550768169
6.06539827675
5.99608613972
4.08897499891
5.51702968027
6.1003746638
4.11783297504
8.64744493911
5.12965119162
3.44434142426
2.41594071607
6.31453185276
4.17623710125
4.58696999158
7.20713067003
2.66070547101
5.26210070131
3.79768414463
7.11913094794
6.34055726678
10.1258824637
5.97967562853
6.24099802532
7.06464632282
4.58452156344
4.14197568112
5.3457460618
3.9938173839
4.75395003054
5.37106215557
2.61727783385
5.19367031222
4.49846169098
4.57634022884
4.51794665313
3.23913004864
2.42381910095
7.44323180781
3.16922858566
2.8575027144
5.90325900168
3.98180002915
6.85046478935
5.57918591532
2.34528927768
5.10622340597
5.41858769791
2.00337461497
1.88889679717
4.24857824446
5.75838400684
6.47845226516
4.59776612731
6.41516772121
6.30351127382
4.53253273144
3.2598137914
6.9458172122
7.48246711342
4.12221786085
1.70560833738
3.28640839589
3.7659299974
10.3665735395
4.24882141723
7.96769938021
3.11614984317
8.38457816588
3.03027658321
2.1464477213
6.28170207015
-0.827732323255
6.68924397484
4.89444457721
5.72794951564
5.36412952295
4.10397100511
5.02744805584
5.40012996107
6.39144224953
7.59965851714
4.14621087628
5.79384675288
4.78952534685
5.18877219908
5.86086613745
6.20983164488
5.40359523334
6.37008443728
9.32627701495
3.70647487142
6.16344271303
7.41103627358
4.14927088988
3.05210401742
3.92123523559
6.36406587527
6.32358624671
4.05229619669
1.38685628532
7.21989770583
2.78955546982
3.21988081386
4.39435070892
7.28366792298
1.70413317467
7.75625081173
5.78718936135
8.09020656417
2.55646474931
3.93004938192
1.84884889165
6.66581706137
4.35091806595
7.29392420542
5.34024488749
5.84112978071
1.99054026257
3.77733508025
3.23557672758
4.7920448826
3.07759395
5.84925953589
2.24291759666
5.74247714386
6.30662058069
4.25942067239
3.9468470107
2.79794773383
6.3712862652
6.2395786462
5.2451393489
5.93036835569
3.52924543016
6.76389002041
7.00423894959
6.17260930797
6.08702971023
6.8999202937
6.76911278113
3.09712867372
5.83220129945
3.76360692375
1.00540009941
2.49196835564
4.15735137006
4.73207081175
3.07053040133
4.7163164517
5.06988058413
0.670337982812
6.46000237051
5.68694895564
6.62366079318
7.25385282779
4.39168294808
4.88321411216
5.20165559832
2.3489608262
2.94331483458
2.56413372536
1.13562186036
5.6254952812
7.49724764884
2.30148919888
4.89262378699
6.66413085864
7.92709713123
3.4889392569
2.9760295911
