4.38331808902
1.59583648811
9.33678408129
5.2866479298
7.8463949051
9.17412513768
9.61549519685
3.86220257571
4.77461894515
6.67293191018
4.58656935654
3.64316528453
6.77876880097
5.41042647625
6.51868263586
4.85670836727
4.62491510691
6.42796385152
3.94065154446
8.7428127006
5.39973949555
5.22759484719
4.97125059257
5.65519002981
6.21830099961
5.38586612209
6.78654546521
3.83849481883
2.96601922246
8.80729563919
7.75143592429
4.19730854716
5.6543292758
4.42023195504
4.47620354851
4.48965003284
7.44043147399
5.18856184501
3.08336760464
5.25419334644
2.44244762058
2.31400613091
3.26195713522
5.55618390942
2.82941062441
4.10120816346
5.91811105678
5.64545628294
2.74471558093
6.61280447095
4.64316923445
3.85459640572
2.37606067877
3.82184196261
1.896877292
4.44960068746
4.19990985526
5.99498875571
3.84139419744
4.77471023163
5.20979848758
5.24172075504
3.83874533609
1.92885192423
9.19027775577
4.3395026291
4.57815813271
4.27389716557
5.73906700945
4.55344528761
6.46041423017
4.60827226698
6.78854516786
7.62254895685
6.67753083673
2.54777899392
4.43474650077
4.5571455896
2.45604893683
3.55617414659
4.22710070474
6.25485124372
5.63416594264
3.46189381375
4.08963744711
7.31940002795
6.39419652121
3.66090659144
6.75779843617
4.78732045339
6.49683281821
5.05539857281
2.12784951548
2.49290712305
5.50598704021
4.24226345655
6.18806487567
5.85524137312
4.99288833743
3.63336627524
6.81295273494
4.44538503443
6.53052513674
5.16911397048
7.8488437828
4.81236542943
2.60760491741
4.06554850849
4.71649674131
7.69888678796
7.69152615072
3.8236915797
6.45590017589
7.32926927712
3.83177373541
6.54160564942
8.53227651782
4.87772156351
6.05960777368
3.66669461497
5.76044246445
4.72207253994
0.0140940930647
2.99987381253
4.86891622565
4.88138308108
5.50631490077
7.58820687839
5.51485524165
3.24030030467
7.83808439176
4.77150364355
3.21808603546
8.12093407531
6.93174868526
7.2029306188
6.89211216149
7.53242228187
4.26894910149
6.06799160552
6.62664524757
4.42932459271
6.66673012254
6.62614182369
5.65548941317
6.98281890569
2.56715647534
4.21730279688
7.18081086731
6.80231717372
3.47748073773
2.23526250418
2.78969389139
4.48568740633
2.26813114142
6.46186143976
3.30600378026
3.42657454128
7.43350648111
4.76987336871
5.85064800906
7.22925716324
2.29339577181
4.19007633136
1.63608187191
7.93343109161
6.47989760017
1.3351614301
3.07313057553
5.09842352687
5.80312839693
4.96582920594
7.0888025383
3.41535778399
5.54613913637
3.90296159948
6.32363466331
3.9514552955
7.20004166695
3.39078604506
2.86838593361
0.571233089849
7.39722176096
7.91741061902
4.94569827193
6.21732808248
6.22711413713
4.17193961099
4.10328445698
6.19263016896
5.8467152588
2.16441475612
4.52200523784
3.2156234721
2.1756844718
6.57507158916
5.5092791898
4.28746151909
5.12539950502
6.4685137826
3.76061827235
6.41440180534
5.40205441396
8.95135778932
7.62920806642
5.19743877509
0.461709432317
5.9325758065
-0.419262426763
4.24147958434
3.3300451006
0.831079759792
2.64799755231
2.75017272258
3.37897714249
6.07621390771
5.31287279039
5.25167956201
4.30646003468
2.02163552142
3.13315101646
4.8204569793
6.98567239437
4.73287758718
6.9334621169
2.9283442854
6.70863503775
5.29578317335
7.6040489831
7.04250830182
6.30431238237
5.53308248776
3.03881979384
5.63246503326
5.66700535885
5.88002991193
4.27730006873
2.63093218371
0.911644595149
0.781650293649
5.78413335048
1.69960828957
4.46781994579
7.07565302861
4.7323462043
4.33240871767
4.29440837585
4.17883884954
8.85478255865
7.31990299438
3.08788699747
3.62985487767
7.00401194859
4.84633526418
5.56964045776
8.84360082965
6.82365988558
5.356798188
5.63992535196
3.40536206786
5.47080480476
6.82348473804
4.31239662637
4.97076361883
2.78519083865
5.09998922238
5.82693475082
1.49496811485
0.45402151071
6.50154695705
5.06784968473
7.90158058399
5.5508438905
5.47232755555
5.48882649907
6.30264937308
6.37395565971
9.45145302883
7.63472670662
6.03623887938
4.19946001403
4.08972056571
5.74803395329
9.14762192835
3.97957816001
7.37220505768
1.98533898993
4.11704260837
6.00479151362
2.4025379996
3.75129115111
5.99088056974
3.06472622186
3.98968432435
5.70287326998
1.6012390722
4.33104056123
4.56943558608
2.72000639618
6.1821198598
6.45510321145
7.58427165923
9.92945644354
6.2772772963
7.72518552405
2.28587604251
7.7702261215
4.118817267
6.21089823288
5.27066452325
4.03270469602
1.34389102056
0.707828925443
6.02209697351
9.93932072663
6.08034404293
5.68468611958
5.42681426742
8.29916772859
3.61678615569
5.39033975473
7.2151214785
7.72689505735
3.51555786686
5.76059584292
2.69709153369
-0.0610360565171
5.77994931335
6.40267794398
6.54701640734
5.18565637258
6.30458577901
3.51816773323
7.49568589492
4.55659027352
3.15407077408
4.54918502977
0.47767313912
4.06884200762
5.59682286071
7.8382448199
4.05617930595
7.65044548568
4.53851405117
7.08877786371
5.55470835859
6.88844403841
4.00017031288
4.91171296641
6.2109897651
5.73262359593
3.2862746357
4.04314150136
2.24774834587
3.33175062525
6.5877795715
6.32531491551
4.56274461516
4.88154312797
3.45847838535
6.64279339959
4.25905466972
4.14495010267
2.79206576237
9.75409421019
4.42763162608
4.88930632307
3.41734192246
7.85687738416
2.2044055893
2.29461360155
5.84620762579
6.90174040793
2.45427656899
3.435777286
6.49557302292
6.30388246792
5.19254474537
4.53210547307
5.31152973556
3.55610346357
3.55261500498
4.68377139334
8.14706981183
7.42263665375
6.75638639973
6.05074128915
6.39882309102
7.00566618551
7.16865559939
4.26286916646
1.75255882338
1.95159989002
3.00842697073
5.54086628092
5.00026238423
3.64083605476
4.2394133107
3.85433237699
2.43720470188
1.9219761314
6.49570151602
4.62403694031
5.26509112366
5.89129258298
5.30829732322
4.83267979721
6.94033645187
4.72111974886
5.26878792628
9.11892830429
6.74942098523
1.14460360348
3.90851963656
5.00721336461
1.80829052177
5.55998017099
3.11591101483
4.45584545894
7.46048499975
2.97792045616
3.93520495777
2.63183882025
6.16030969658
6.28118423115
4.50441297067
8.4115476378
5.26985610991
4.9878987118
4.19854839121
5.19022369031
4.96670545715
5.19518160561
4.73925037674
4.06791419244
7.02477078797
4.59488859981
4.77306343018
5.5866774096
3.48130822208
9.23779680849
5.77969067496
5.69517977093
7.44770798585
4.76490064066
2.58940199815
2.13074526833
4.32577429168
4.6789795216
4.62198884986
1.89605302161
2.18933219686
5.89796277124
4.81832678193
6.18693619483
2.1551664459
5.53035576129
8.13874881529
4.0008634513
3.38820577894
4.02217860044
7.25743515481
5.69895723647
2.73954241335
6.08483295852
2.77636303439
8.32453485074
5.04257656553
6.59601990448
7.13222886991
1.73786138228
8.79524950126
4.47697270241
1.39352342323
4.53413197539
7.97358028856
0.640967468757
3.58763672426
1.53495801998
4.20167959677
2.93262243289
4.89219469358
2.37352171722
4.9350907486
5.32409089613
4.68113347695
8.41810408727
5.29536843286
5.60509590204
2.75536294123
9.94325300233
4.21830382787
6.52068109054
8.06532997446
3.94991069082
5.15986986742
6.10935854939
7.34772722522
5.21338738215
5.06926043799
6.19556088477
8.02996536494
3.96507592094
3.62734024491
6.32416815717
7.48509826034
3.53378714704
6.5595406971
6.26125581987
4.99622638377
5.19986258513
3.18605609541
7.28715370288
4.82034763435
4.26050217505
5.77027300719
6.32065314317
6.4826268161
7.40384501993
3.8216803163
3.49768313964
2.93954022613
4.9448397757
1.77633478531
5.65933397341
7.33139035611
6.00987472464
4.93279175398
3.56479280269
6.80131411735
2.79293929599
6.45870767613
9.82804227139
5.98966364498
2.54361493892
6.45701593358
5.4714368497
6.23697641929
4.75280262136
4.99468994904
3.73044227274
4.49321267233
7.17735015803
3.66419974386
1.50874317682
1.31913928732
5.05815574464
4.84626343406
3.20900240999
5.8075370671
4.25336232105
5.33017197608
1.97715475158
4.04629621724
4.4288155945
6.89212500024
5.01270121563
6.23063021335
6.94979634247
9.06519999968
0.640873381949
4.37992771782
8.31405583507
5.37176350258
5.09462636547
4.95708538516
2.1307469449
3.74646959375
6.00258303303
8.62885565441
0.584598956987
0.429220614758
8.09213074773
5.21325225158
8.28218611722
4.6394250537
10.5604697296
5.61087077591
5.68701168978
6.23625401454
4.90849385622
8.80376982354
5.68397990045
4.64247307781
2.83716446727
2.34010369923
5.99859952778
4.36333810086
5.18661314648
3.82010910815
3.47320941504
4.39341148645
7.09445480684
4.13935707664
0.568554729065
5.79125841587
5.24901192209
8.88632995077
4.12903494541
6.98883113207
6.89649022688
3.64991601378
5.60198421833
6.6806640485
4.52190637081
8.13681212603
6.18581835291
2.65150059381
5.42146831751
3.59807744023
8.78791752135
5.29963236504
4.18037294113
5.01132839129
2.91316318275
3.47505870336
5.49978787703
6.01329356292
2.56747711156
7.25106603564
6.5141776846
6.17286276632
4.53620076949
5.77228861032
6.41547285197
4.42558612109
-0.620895880208
2.88322320584
4.84822580164
8.59144669985
4.27834884867
6.12299076649
6.14091306137
5.9107351029
5.85490753842
6.44819828593
2.75403670991
4.97025050893
2.34950590167
3.74543440618
3.28761968226
6.76677690201
8.05734973457
6.38076777818
4.30265908732
5.57255787029
5.1201340471
3.50137902563
7.00928225785
6.46455376644
5.05662384118
2.57112467096
1.10550362238
7.97577757734
4.08766762777
3.65998201747
1.71713955815
3.20944050614
5.84849791452
0.987490025348
6.39602225563
8.50655055813
5.64773706933
3.63890565777
3.76568884871
2.227721933
7.88641905898
7.09826357075
4.7990796448
2.26528825172
6.01202305378
4.48738428815
4.48410005871
2.29201418965
5.7454756782
8.11052974652
4.75903646911
5.53259469577
4.36789287589
2.52253168404
8.08927656283
5.25803088748
4.39426153975
6.78432276734
5.37079684586
6.30239977747
4.97534384102
5.56742017579
5.09874793512
5.54573571913
4.83343797597
3.26877048301
6.05426175518
1.30817929739
9.15252804265
6.84782583007
1.70051596842
5.65609435245
6.22952266137
6.19086590458
4.47670215836
4.1839054961
5.75913404699
5.20032426418
3.10256734604
5.645813713
4.5815210718
3.99178125324
6.67437737252
7.49706743782
2.7822815675
4.68886222913
6.4320587357
4.0061236846
2.76990930298
3.19410201317
4.21075182892
4.88847270827
10.0321768415
4.59301013575
3.76404542365
6.34507936742
3.42809072968
0.472422050305
3.82328542186
3.57592179645
5.81228739745
3.42183194603
3.88895136634
1.25754046171
5.80166555808
2.17850264738
5.03714108696
2.69963802301
5.00062614737
8.19800908776
7.27418966238
3.94570296448
6.05070293291
5.92450921236
3.92697511734
2.49303873834
6.05717475094
3.97290899861
2.91311386091
5.16812516065
4.47851385428
5.65339033189
4.90449445736
6.74410846908
3.37170702012
8.12472303376
7.53943046643
5.86684738441
4.11862913616
1.77659706899
5.22308313947
7.0808151366
4.453798504
8.94148222299
4.07990932866
8.83120029307
7.99685351042
3.90582918465
4.73945894223
0.571430134688
4.7444947627
9.23111846262
5.19942919781
3.65556420805
1.61472373929
4.97527122236
5.00978688221
3.75314609637
3.50140964834
2.91390438021
2.90982011059
7.08446900877
1.16839596747
7.30774064187
5.20674079182
4.78860876747
2.74677612607
4.42072586229
5.81901518162
5.73811720024
6.34326522464
2.66608799179
1.57805313264
1.55856292643
1.47483263795
4.71672433113
7.76478344071
2.34545759988
5.23846369666
5.20864325624
3.57684233131
3.81983257427
4.60758053503
8.40638206106
5.83178133868
5.57782671313
5.01089502659
6.71510093965
-0.114072272295
4.47253092562
6.04108615366
2.72600915065
6.92405057697
6.01161401174
4.38064191559
1.52639562535
5.86137840788
2.1837924243
2.99870088108
4.50851872145
5.50507755147
2.02305884624
6.63589072751
2.27718151948
3.66326957335
4.8667203667
4.20593738086
4.1947528751
3.24196274594
6.1615378321
3.97288525293
3.17832121695
5.13442147854
5.17980501697
5.6382853469
5.48594737382
6.48207402327
7.15148017577
5.34773819867
3.35679552961
2.95347396884
8.26633816829
0.250434430086
6.58971091709
3.92374636704
4.7436470109
8.6182620058
6.92804319924
3.90519870603
7.89492421232
3.4694303066
3.35798666286
2.55763537656
4.70309685945
3.65831659953
6.62766053826
6.12466418672
2.76984438185
7.59194104441
7.35153132732
6.59994248761
5.82011917853
8.31320438135
4.79746489934
2.71836001509
2.18840561355
2.42870961461
1.632291818
3.64800850521
6.26044303095
5.36572405451
5.65261825362
3.89693289505
5.63835548694
5.61544469426
5.98050036216
4.8406191145
9.35392503503
5.77957475592
2.58854253165
7.44352956741
1.64756747315
4.53097248966
6.77118860029
3.50595518854
6.55971389339
6.6226238682
2.45430332018
2.97245136959
4.19865775714
6.85193150892
7.00263198736
4.05209636747
3.15990981618
8.49934813801
5.22875474346
5.34377443488
5.8790651804
5.00668285641
3.68269121582
4.4570024594
9.91924461872
7.35592108598
6.89690308561
3.41383838241
4.11489198376
5.30098421954
8.38787564096
4.23764984193
5.1431416143
3.10169050166
8.46690642299
3.21814749325
2.63103343409
4.70087040864
8.75864569958
3.65667444982
3.60828326458
4.63850247529
7.28330625531
6.06598391823
2.3498749842
5.46942455202
3.83114863001
6.8136340775
8.81729790663
8.1979786087
4.6296917922
8.1100149341
4.67176529773
11.1603512454
1.83831077123
7.58943250958
2.15369743336
3.86431036521
3.00506753193
5.67183492159
7.48079796401
4.48982975033
5.53852883072
3.12848454913
4.71293590983
6.815512411
2.09442556849
4.64104570737
5.68145569739
5.16603848844
4.85865042588
7.68216700776
6.00777957301
8.0901300957
3.04404176671
4.68733989981
6.12909146514
2.48738751379
3.70134543336
5.60487507811
1.69528857467
7.51349063187
5.03834884676
7.01146007215
6.42595006964
5.81395247501
6.78120278353
6.502231528
6.04369075444
4.20578456578
5.02597260994
4.88965155865
3.99807553959
3.19977977115
3.47332896452
6.0768812385
4.68540475023
6.64452318279
7.51539239144
4.73700384296
6.00303614698
4.80218183254
6.45843780832
6.54951914585
5.26376562367
1.69884712759
2.71857970202
5.87374298513
1.09860134887
4.13803083719
4.74793384135
1.80339643311
4.51500285087
5.6563423315
5.71120691447
8.31061667793
5.16536410612
8.19295373663
3.462472503
4.74742250005
7.21404096985
5.14040439567
4.99022267219
4.42406549813
7.11232115117
3.3182222807
3.41687398866
