6.37833742672
4.15478534669
7.36860978629
4.61723533745
3.34484540903
6.00365157905
4.03617786545
6.41201462745
7.22164802079
4.52197851978
6.30271973642
5.7634460555
2.39923401902
5.9200715441
3.03280565638
7.01332071434
4.77117453973
2.28021087034
4.04466625967
7.35681608618
7.27639690706
4.35873318978
5.6389013406
3.56852705064
2.2794151136
8.21224318262
4.21429973424
7.78827285029
8.80722558778
5.011759521
5.57063164493
4.72935955379
2.41635396341
2.89551745626
8.01483524784
4.73232795012
5.42915202972
7.78317914327
7.80190616327
4.24206117511
5.37255637583
6.62807741628
3.86574201471
2.11328055673
3.66503986402
1.43042897377
5.42552047682
5.01777763857
1.24305303182
5.66384089228
3.25572542497
5.12854739822
5.99575884602
2.91486034289
4.55245134834
6.47816160443
3.87383031637
4.21915181775
6.03399966684
5.02808745952
2.79849791795
-0.93584540974
3.01683643476
7.69644803492
5.6619233626
3.1038803309
5.08326971442
1.7906797174
1.28173815002
5.27979775791
4.41722543719
7.37784401802
4.75524036144
1.64857591217
2.49542331576
1.43160077674
1.68061551968
2.2470195503
5.12565250285
5.39762260617
4.77627436083
6.39157404283
2.29296702674
5.81418574542
4.99251470697
4.79639430915
5.62087632709
7.30842033752
3.57823235775
7.27782753374
4.39025575703
4.35742381147
1.68187424405
4.42807905871
5.61153557245
5.88035028641
6.55224870305
3.65805042076
5.87670934038
1.95198193208
4.75493431986
7.84512962769
5.79579354762
4.37710237126
4.39303579531
2.41186599553
7.35878739806
6.74258973819
1.47479687663
3.86356339151
8.36130621321
4.61678355649
1.06857194927
4.52091426443
5.75648865981
5.09522254229
8.17989418993
4.34367512906
7.51602507008
6.24881453714
4.87037485136
4.8842197999
6.7727243827
5.93606122151
3.39756936136
2.14209786954
8.85066926308
7.63052659
5.45907638308
4.17467490174
6.21878397105
4.43935282873
7.00741681161
6.91021801018
7.88702593534
5.71523472112
6.66542297836
10.8894425625
5.08326606317
2.84650925829
7.05126625751
4.73884933687
7.92503603475
5.64733575274
2.11278452422
2.43129666629
3.04256662979
4.49848982456
3.89297473441
9.24522969977
5.57158512376
6.6921971741
6.06779098418
4.85872113376
3.61286166276
3.06992508293
7.96217968045
3.70318489567
7.03024501384
6.42571117672
6.40640722042
4.60265947635
3.31786926092
4.9142068588
4.24792996361
3.52387971112
7.93262120569
5.42660677361
5.3679193192
5.42249234225
3.24291944831
5.69912253923
4.8184675111
7.90744245823
6.71152104451
3.11887282332
8.01912131159
1.8945272789
1.6586169711
5.15430857444
2.32331009639
5.34924363407
3.13277806208
7.36690586758
5.85441277929
3.80931029422
4.69220352537
3.93629462066
5.29882236429
5.87782276618
3.76893504659
2.24874844528
8.68294718613
4.87516948346
6.29906446292
3.96502614675
6.33375611845
6.20724300586
4.35227702761
6.61038502627
8.35011664395
6.6993620144
5.86658344591
3.37905905175
5.22731158097
8.3625569831
4.29700097774
6.34922045986
2.814507426
5.93843578452
6.08937567059
8.45722721906
7.95175189814
4.57206317311
7.02838374095
3.34077211923
9.32365969027
2.18178651144
7.10971735056
5.1943064851
2.2223802857
4.57458087675
7.14975953609
8.47576444092
6.52171469785
6.15194932833
9.73471355763
5.64412875276
3.81795598974
6.16631344791
5.12776504273
6.29391539486
7.76949832293
5.206548951
7.50436435268
2.48269056419
4.76011095497
3.03512835671
3.35536855014
8.92113905786
-0.554050211207
6.5526917027
4.13926510174
4.60685701295
2.67282629813
6.44697686601
3.8204269593
4.94636235382
6.23642381739
0.655448237898
6.05907478012
6.39437998815
7.07267273506
8.40360825656
4.56657918828
5.55113135057
4.31565094274
5.67579919741
2.58477595602
6.44457735588
8.88220670465
7.40385932438
4.75581876902
-0.132711756083
3.98969419927
7.84802669842
6.35798875301
3.23994680438
2.12856116859
2.20258310018
5.16124600299
7.70718263121
7.71953316255
5.66187701513
5.92279373089
5.32297016517
4.13331329791
7.01688457459
6.43533264826
6.05894097484
5.31048515446
6.52534399985
3.86547981939
1.95908669567
4.45745999646
5.34081895162
7.82659208311
4.69329439776
5.28718367134
6.40957296042
3.50229347252
3.08021871697
5.85000799044
2.39269970172
4.86417281127
7.92513135784
2.13194094005
2.5144048355
-0.125555306285
1.43677999194
4.46145777992
3.27912669505
5.32087100128
5.28920577729
4.4209250939
4.65674473066
0.743106425242
5.97570474011
5.03472322982
7.09641333256
8.37371088243
6.42832068248
0.52396817632
4.66899846321
5.23119795319
6.05860005795
7.20479367749
5.0254824569
5.807937536
3.85181367485
3.54802918909
4.40055751663
7.27811534608
4.01474986479
4.24409647721
6.10033613705
6.38116001278
2.99397303759
5.96691662176
6.24493015801
3.87811448243
4.51832453493
3.55034758234
3.54561245976
7.87874777014
5.61427164675
5.94653305287
3.22699971503
6.720126907
5.83336670925
8.31223518303
5.0142344046
5.90478608173
4.94076432857
6.06629236577
4.50809760994
1.61619644349
6.73703171671
4.55256844335
4.1473777651
5.86514542263
4.21863804105
3.65209382305
5.70792485889
7.46182865823
3.36870272733
2.08829302263
6.88593685172
7.79573940148
3.02537839979
4.42229880284
8.61792301739
4.19535746264
4.49079179862
7.93754893365
4.68302096804
5.32199415347
5.31609531318
4.24751309479
4.97227388735
0.951067511399
5.64028894767
5.76845113486
2.88366729436
2.80275885181
6.40728819214
6.96802549381
2.58613288856
6.90867853285
7.21675003984
4.12491008304
4.10165796617
4.83535663398
4.30789841284
5.28667076633
3.51081423345
3.22229509964
6.73411920938
2.25654340307
2.43612181448
2.66209501002
5.50117648485
5.58490343524
7.44467882292
7.00220165903
7.33489067254
6.51669882139
3.96736370739
2.01858221972
6.59774339295
5.44678598132
3.01962683824
4.2186288595
8.20158473756
4.13845985442
4.52901474974
5.28139544775
1.92105252655
4.47925339944
9.06643359653
2.34116124131
9.00647603562
7.45099227377
0.832357573948
3.58580967373
3.55954952192
9.39058885649
5.91096493566
5.12024857179
4.27150946872
3.69589315332
3.3382682132
3.29270717019
5.85119846761
7.92722614747
9.67293144419
1.32884420717
6.68242775068
1.91125559676
2.61818322125
2.6344914327
1.64491099533
8.69346734529
6.72117837433
3.86015254485
6.99230174595
4.37130982422
4.8719455626
7.44240957908
5.99483075175
3.10254122827
2.99336604596
5.83798149481
3.48059683743
5.61010560095
9.5405752092
5.44378610988
5.17026748638
3.39654988528
5.04740415647
6.14899040258
2.95853027134
5.307655809
3.76192476322
5.76683348776
2.84333044855
4.92421928453
3.93692626972
4.26783505302
3.82676142381
3.98372463418
9.33203403353
5.90084255722
4.26655553113
2.7588731317
7.39407016182
2.67209149388
6.14530289388
5.13311771009
4.45813316048
3.34036852832
5.25497892675
4.4470357731
8.50330935012
5.84989229901
6.14300949076
6.36746900865
4.01864021433
9.25241761058
3.09950538723
5.87660150509
4.9005809308
3.09686020064
5.74015257812
7.09902700586
8.06362203333
4.62791451992
4.721420374
3.46981835464
7.03129536258
4.86670299828
4.40725581141
3.11656105518
7.70325861115
4.49323884347
1.62557528494
7.48167789062
4.34231343069
1.92188732139
5.02780659813
6.37601380093
6.26379145724
2.46264431576
3.79225943381
1.38067575912
6.68561314836
3.85496846195
6.96627565394
4.5043595859
4.15766318262
4.62293725457
5.25621941251
8.03929115722
0.532616601502
5.042109006
6.70271247845
1.17218546188
5.04927907507
4.63573329755
5.98447151757
4.32223620414
6.39040197063
4.69770013793
4.52008967373
7.56095746789
3.33578879992
6.42322297431
6.14718315454
7.09728911608
7.44480483191
5.78502995424
5.77740693865
5.86020420041
8.13092175711
2.48865322902
2.6544032502
3.27811783234
7.29631677937
4.93651896677
4.7968742909
3.82956687214
2.53368129281
6.49763238131
9.47155266532
5.14417779909
3.68677637493
4.02628478252
4.25078512582
7.11515191974
2.38934119948
4.29251274459
5.06643086367
6.05314207393
3.81167023757
6.10610366341
2.1240789161
4.20574306488
3.57140083385
6.9351835306
3.92189035315
4.45799328707
2.07525350907
5.41782732793
7.60219161414
8.30144682987
4.40942155893
5.60122967805
6.36323466882
3.72915173534
4.01481666147
4.68727646426
5.71130144963
7.71815946937
5.11680194212
1.82764038564
8.27765842716
7.29737076379
7.60122911242
6.19955336588
2.028188211
1.69856113385
4.60136215277
3.89192534951
2.88720785269
2.55598369018
3.37850268258
8.42531208473
6.11673660687
6.43401541795
2.65930045832
1.47250418318
5.37916436592
4.82280584158
2.09613760537
7.20292438664
2.95708564847
9.31803466773
4.56191147241
4.39361869962
3.08273408408
9.86183130175
5.53118132272
5.20630246869
6.03449063722
6.69431365911
5.85576914887
7.936343008
5.9345472574
4.00629678861
4.24649497467
3.50061017654
3.47455135806
2.69510317411
3.25904944166
2.1869735944
5.68821746821
7.05179221652
7.45651557806
7.95955393522
5.87818576004
5.76039894176
6.6074758188
6.35038909459
5.02554392732
6.67652664702
4.07506043319
0.757651999778
6.18625184808
6.41379592042
3.89724710758
2.84498259008
6.65186337225
4.9442955184
6.72309706997
7.30648440265
4.44754583513
5.32073184802
4.03804222172
3.44111712918
7.70594720363
6.66875082123
8.41488115858
3.38937037559
4.63841209468
3.43348023292
6.38585661718
8.23718439119
4.0500004261
7.4686461642
0.253213503276
5.11809351961
7.70741635434
3.46016470093
0.828364629599
5.51573198621
3.47263295807
5.61172957346
4.91848527189
2.63799391238
3.17267728705
3.66660546794
8.24761415471
5.16457020731
5.71791643146
2.59739860465
2.49955936502
8.42888407051
5.93656886421
1.8422189971
7.67055858601
5.79561496398
4.68670176544
2.33816446411
5.9273657121
5.78949356014
5.72174383519
5.68586209018
4.65772114297
9.83496696306
1.19645369815
2.36740723465
6.30728059385
8.51852934699
4.87978089181
4.837987975
-0.188596579609
8.46667958413
6.9458176211
5.19657592883
8.28026658972
2.68732970835
7.2789246406
4.31966245457
4.56448673308
3.79658711602
6.14145252785
8.04991422339
9.62385369107
5.21531342361
3.68856946581
7.40590769423
6.20869911428
5.94858163197
4.0218664304
4.17350647894
6.036293095
3.4645243431
6.04252380793
4.99314766626
4.62023513426
3.46023424383
5.68026079708
4.22743227771
7.18893497433
4.79243684692
4.78290218721
6.8801599164
6.34858827317
5.82283669656
6.34776379331
4.64995736462
7.59135788741
5.31838070657
1.73643743763
3.12209381868
5.7705228398
5.46480097172
1.23118848396
8.0671572065
5.45322436586
4.29531718396
1.01951924338
4.51222180797
3.44653690086
5.29787109285
4.80103207034
3.18346151926
4.63380967368
4.59657970692
3.21343356167
5.58137077843
8.81538256307
4.12724489727
5.26521234984
6.28152415882
7.284790788
3.33541036009
3.38283341827
1.66307524124
5.47043388184
5.08509599569
5.74570397033
9.4378354938
5.0613054053
5.70607854843
4.19879594137
5.35819849657
4.80212449163
6.70464986997
5.07285328737
7.16956308846
5.13859185904
7.06155446839
3.80119033434
5.85410282821
5.37593320674
6.99921724745
5.28719481279
4.1071354685
6.85292418311
3.76819223625
8.01101875634
4.35579045486
5.40627036113
4.2952309088
1.11916607151
0.897819927182
4.64311079882
5.0790186529
4.37304153454
8.26809323908
4.20846944699
4.19347090828
6.7534012545
7.11587802839
6.55669284685
2.76217768632
6.98067818203
6.41107311161
7.01568722404
6.40802981777
4.51989633405
4.83697724555
6.54611957326
4.95848722103
4.18475598313
4.9549396659
5.81021424865
3.95485328216
7.81925754104
4.5906155399
3.02893852494
6.74863721544
6.95125066156
6.05636090411
6.40059394099
4.80803831869
5.48367353807
4.61767151224
6.82785580048
5.5349833695
3.46038800881
3.67975935718
4.32601132794
5.05796498725
3.98623613838
5.91752663762
5.32202424519
4.44730716514
5.44299582572
4.32199142619
2.39839656274
7.84146440681
4.37158582963
1.37891896168
5.4990112352
6.20559727886
6.76275196467
3.5170253495
7.04987921613
4.36869932228
0.0600105865319
3.75925978575
7.37140590224
3.02351394466
3.72927822452
3.93746448836
4.36997412517
4.83607205182
7.86199675519
3.96543804805
5.89931767748
6.250423892
4.24910483212
2.60137508888
6.31035570565
2.94573855359
4.21591208354
7.29803838078
5.18635576616
6.14444528939
8.29064503154
6.21668851392
4.1353618492
4.73979622432
6.59917903346
6.10370522618
10.5274989315
6.57931577168
5.85162372154
0.876410860686
3.4613411426
5.61680458932
5.70310908537
8.00095173022
5.39988434766
3.18030776739
5.64901444016
8.48427170819
4.47821897377
3.35578133737
5.62111005677
7.70356309717
5.4198748918
4.44798180928
5.20069424031
3.55617662082
5.68604908911
3.97264206487
5.76118226331
2.81239850261
2.56594542239
6.15484078255
4.19778119262
8.71081874709
6.29196082807
5.77333280911
3.95305765513
5.13016997736
0.328137593509
6.70959523629
4.90439826238
1.13716264516
5.7271361309
1.04763128851
4.55254509146
6.59440913589
6.08296532267
3.83770692577
8.77486081203
0.705950834884
6.74941554052
2.38039534228
5.67974742357
4.5214765985
3.58776339166
0.212074591461
7.5269533133
7.17581208603
3.40216255386
5.74489327776
3.83577115857
6.3179737937
6.66333169148
7.0952399503
6.88999824062
6.10941352947
2.88913742281
5.36756815306
4.01805997647
3.52717813424
1.90365558396
2.58339385291
2.39948566445
3.28646439597
3.80168261985
6.5155481148
3.4096769556
3.18532796292
8.75972749346
8.06147302835
4.2154823825
3.71689465717
3.69030654315
4.98241253027
6.91265024451
6.71321035323
7.40107598655
7.3814127669
1.33537891802
6.46537018477
1.93132624347
0.644428731884
0.320270861141
6.75679862715
6.86360342964
5.40760524035
7.12953025381
6.78292187888
5.42682109641
5.56507567395
6.32130362462
3.86820795335
6.28484249389
6.06748593361
8.06441416392
7.56136335239
5.51001805395
2.98266094414
4.18854095521
3.6622609171
4.96790951161
2.46022803774
3.15032418149
1.96262295628
3.89494723193
4.30923530211
2.1021210844
6.34474435004
8.07038592981
3.85769605211
7.62365805446
2.72412216207
3.54953484382
2.38242529182
5.82323823737
3.66863407676
3.58221611052
4.27243297769
2.63890647036
6.26957963299
6.69135698332
3.75347518082
4.00318104513
4.52968547626
12.1344789729
7.06528033144
3.53900591517
6.43809467976
3.61889754124
4.8286525205
4.4555742675
4.53448922004
2.85067295038
3.9043843099
2.73649961003
6.72768975537
4.67332801407
4.1111283773
6.11103945774
