-0.291651741087
4.03122720916
3.36565396282
2.5313211763
2.66176570021
3.12029338824
4.19472892585
5.15942684202
3.94130181054
4.56495775555
3.42116400728
4.95117812039
7.59521471943
4.72196091377
6.50298261418
3.39917156089
4.92208984362
6.58717326166
3.02724952526
4.4709238071
4.66451778324
4.79537770704
3.26310157556
1.91634947641
7.38632690283
1.77909283086
7.45702151279
3.79145758893
6.38849312778
5.56611240837
7.16735054647
7.22479616355
4.06957178711
5.36380663704
1.32047104696
5.01943555746
7.51202316976
2.37120952927
5.34932484253
4.99519862605
4.27981117733
7.20338931759
2.18559114944
2.30261906432
6.324977109
5.35065056149
5.32824349713
7.59535799201
4.93290969956
6.24716815316
6.88870617773
4.97137977764
3.73976039457
7.34910322348
5.86614123328
3.24874224894
3.56878627713
5.32226998259
3.55639971407
1.69969972303
4.47933762506
4.30496121902
7.87393838082
8.55807555695
3.6649599096
4.84617460539
5.4473176137
9.38658292806
7.74123577892
8.6507515334
8.42270365569
7.2170088661
2.08440188366
7.05923346487
4.77699336851
4.23237513725
4.65946890494
2.68077378045
6.18207774285
4.33379822862
2.93467013803
6.98537946193
4.54716051002
5.38928706842
6.68542705694
0.269925045052
5.18356777696
4.34104950684
3.65477547866
4.66857642505
4.51070817234
5.58620045887
4.45968075474
7.47680840845
6.27782183518
5.01491116243
2.11940225045
6.53847309114
2.53780994082
9.0841709348
3.48138613192
5.1734593224
4.33207476493
2.3352730649
3.88855235683
8.96645245506
6.9920599816
6.29561831266
6.02651587138
3.34842694937
4.74500394992
4.02684256301
9.55342223939
5.92024981125
4.84247190322
7.76012605795
5.69030592211
7.09591777976
5.90455779868
4.06347713162
6.64413631018
6.11082865553
4.80237985519
4.83259861011
5.39117979998
3.86088636775
5.92564053666
7.9917649501
4.4238429096
4.31485134697
4.54334871262
6.36699648892
1.50943720047
4.18927760099
2.78535738519
4.53969901823
5.82337911373
7.11593295882
7.07645747656
3.04233953784
5.34024872347
3.84795075963
6.11582426772
6.25906238368
3.2702037451
4.27121390361
5.62363661724
6.73373679625
2.45636713972
5.86890978627
2.98818636338
6.7201391804
4.11489926131
7.43404882062
5.92981479755
3.78401095363
4.18294112838
4.07932283868
11.4421854238
7.31663875198
5.60406519513
3.24153869981
7.74817183137
5.80560244914
0.0728635710585
3.70043073852
1.89907365067
3.33803001249
9.16307716108
5.20181887355
7.22440698818
6.93761586638
6.47831917927
4.43041869866
3.04803666695
6.13675250897
6.7535362513
5.49538242735
8.3762582696
7.59055198284
4.36939581428
5.53407330678
5.47446986036
2.94156602024
4.42239436542
9.40711263957
5.68258278561
5.72453849483
1.00207360539
8.51312986376
6.92024873075
4.8806728071
5.00662531363
6.98390007998
3.50501979001
1.55848079263
5.42201865215
7.44509865879
4.34078567971
8.3735407021
7.82601289474
1.30381537746
5.00836035824
6.53462434067
2.16052576949
4.08093436105
4.14159030183
5.87475368921
5.55259457068
3.69577801771
6.63661934363
5.17008097144
5.66887628752
2.42828713167
4.52496411874
6.0986639469
3.40516362591
7.34177740578
4.91444814691
3.59374094684
11.4190993723
5.33071606937
2.2002786381
7.32212218069
3.55157276076
5.50152286109
1.97248155827
3.0002172771
5.65239434426
7.26839714182
7.10190426571
4.21763591441
5.92721541725
4.26968991446
5.03058172352
7.43077339576
4.34011384025
5.07360887923
7.78146593278
3.13198271191
3.16980355596
4.43289274501
6.24835165515
4.64592401761
6.50966502406
3.73507513284
3.18966290362
5.66574971538
3.5812449625
2.56543880887
4.13697356513
3.80056074985
-0.323188599683
5.05785646398
5.86615078026
5.36620738716
4.93396267436
6.25911555055
8.33513401807
4.61001774402
4.84973697751
1.26155298935
9.61695289773
1.67283686574
4.22823395674
6.16699766773
3.42078281051
3.92726886001
6.15272466938
7.54300469371
9.18234925782
2.10685267054
4.1320174422
6.10271007964
8.99955981285
3.61529333395
7.34029688182
5.80361434759
5.86120703372
4.30414060973
3.7352727955
3.25721141828
5.39933530073
5.40611801961
4.6457378886
6.87615278566
7.30189767271
4.12295459859
1.93768534952
6.19875943469
4.31285502985
7.64769119823
5.01149494083
2.33451005371
4.41476381704
6.84003456627
4.58723161752
5.201198888
4.77203331748
4.39042386086
0.738332772099
5.43706177237
2.19131644791
3.45790168538
5.64674273032
3.27702189671
4.68925091617
7.80065928037
7.20852439446
4.74647529545
4.07225810668
6.94177594352
9.92699648048
5.6138964487
3.86260670861
6.87891244073
2.82684815472
5.68840168468
3.21464613232
3.87824061267
2.94657670939
4.90118215725
7.78817689695
6.27100652032
4.36709266942
2.58934768439
2.7053134109
6.97408933434
2.16568971484
7.44894373903
5.3086691788
4.10941468072
5.90290524548
1.38337210481
3.61611655355
5.27298874756
5.85057699607
6.00926577191
6.34402223384
5.52425386462
3.79996808076
2.32797366065
5.16106756901
3.9680767149
3.15556560995
4.72272891768
3.44284359142
2.7365584839
6.0024096994
5.87492157893
1.90878524245
4.2097858314
6.32510146884
5.59604537827
3.8268822636
4.22411319895
2.76531808546
3.71821761161
8.24599784708
4.74255660248
4.62357497203
6.29438145357
3.51708285986
6.71540964734
9.71777102474
6.4059032063
5.66405079791
7.54840286925
4.06811092657
4.52382468674
5.21908810867
4.18774454899
8.55429467368
3.22303935226
5.8798025369
6.78759969601
5.95922285866
5.83307163767
7.47193587262
4.51802394121
5.15053230489
7.63611230058
5.56097700118
1.30202770121
0.775333247144
3.38408604182
2.71608536293
2.75428426945
7.92623329888
6.53801658517
6.7152128711
7.82322371072
5.19696814093
6.10985425397
5.20320156063
6.08268725422
1.94364732495
4.49852831617
3.30140880915
3.98863934571
5.92582764282
3.7494491595
7.83675103222
8.19351207039
6.05146509107
7.13016136574
3.92623518983
1.19213688434
8.24850356046
6.72090603865
5.97094416477
5.23446863052
7.2828046537
4.50154382168
7.62790568996
3.69560461023
5.62384380769
5.96578270836
1.67960388166
6.27265630389
3.34950249049
4.56454575564
5.77929605796
6.15568222866
4.14450082223
6.41053924951
2.20766596409
5.48349196166
4.53004458173
2.10905744538
7.53888290813
4.23739732534
4.55153418127
3.83676040895
3.45283160228
4.32885291386
3.9413816763
5.12414117771
2.40365551284
7.76042262896
4.1241858103
6.58753366474
7.72225516348
3.70901975142
6.72378948905
5.82699542772
3.46820878825
4.67355520479
5.38047547531
3.79976113677
0.195136230163
2.55301388735
2.83437354749
-0.401689745563
5.04476445274
2.27691447982
5.55595149273
3.6989242
3.75228232851
6.55748958716
5.36484317227
3.78178385297
2.12378444348
8.78041392737
2.03761917229
4.7689057957
9.10583846219
3.54345797429
5.60159057806
5.20699119878
3.13801195824
4.8737492125
5.51011159321
2.3875280374
-0.359424449019
6.29987215003
2.81547143142
3.15102933956
5.35901034019
4.47980433766
6.58958107399
5.65122222737
5.02649366494
4.38004949708
4.00791265625
6.47620545867
3.46514283412
7.61594779797
6.8765860467
8.15583373661
4.48678869556
3.61601904363
8.09844424812
5.56757786286
6.3679172917
5.0453075409
3.68973941354
7.68794839008
6.7017046082
4.12539710388
7.04218554779
0.172241664514
5.34332792355
6.9512188482
2.63320542929
8.17044211811
3.88029027443
5.50546654003
4.8930181916
4.22382333917
7.74869324209
4.7099189862
6.31561310263
2.89898885066
5.44487683612
2.0794346229
7.13660730026
4.98601400201
6.62594482761
7.08360823723
1.57918057594
5.80799740018
8.53365664199
6.36581574561
4.47654934585
3.64059572779
7.09510307033
7.0037253068
4.71514679855
5.26284449926
4.18863763445
9.64105798722
5.62612104792
2.21722270309
1.77057563729
6.13032392133
0.442188092043
8.46985529885
3.61521371176
3.39502537658
6.95262974295
5.59247298792
5.73046948082
0.630165360252
3.70599962949
6.82329837322
5.50958753752
5.8543442579
4.3970406259
7.57831461367
3.56625354274
6.69424435305
4.14321438573
2.23868912592
8.14261429783
1.77277322158
3.92850533777
1.37803738752
3.38886126581
3.49524479427
4.18027130077
4.03497421238
5.814824485
5.15428965142
8.06953591205
2.79211628283
4.8914315224
8.0270958456
7.63111575624
7.73633593064
1.19870448951
7.80882080808
5.01530854875
6.63943357438
4.22066105159
3.59354590003
7.97505505519
-0.428101566195
3.34060469654
3.77013111614
2.99234830445
2.80274505357
7.05215408929
3.93966543798
2.03994195737
2.97005239146
3.51847398639
4.34842392672
4.85093218238
5.73763534568
3.77677763623
3.83390185631
0.670776409755
0.69271444246
2.988751606
5.73460699738
4.67987757608
4.11988817071
2.31030004226
6.82826739569
6.75749355189
4.878750663
8.00106947261
4.41494098045
5.17198058163
4.43858648967
4.61451013299
0.44111074235
7.60860273551
3.38103019202
5.98743798335
5.19529856994
2.44023004083
5.80829737856
3.01196809747
3.23895591644
2.6963670159
2.4255618257
5.6749924238
7.06017680019
4.5224331771
5.65627518175
4.35438794086
0.716383588937
4.27023256551
6.23258631142
2.51464263857
4.8732094876
5.72830515943
5.69564343699
4.127432972
6.04173005709
5.68493133104
7.2685693498
6.41596027961
-0.461343301612
4.33392611321
4.7891334583
7.8054567471
8.82239818735
6.07524477536
4.29980662806
3.11727426423
5.39095989778
8.17781207959
6.16455901516
3.61851025549
2.30895859489
6.94134646922
7.57127922731
7.19172456923
4.08581267556
5.71741560046
3.67648872042
6.45296721669
2.68553962803
6.33559862609
7.46811469616
6.33708927156
1.24052916591
2.74502456985
6.19310154564
7.80382000673
7.8455433279
6.8864190368
4.16058194615
4.58786259094
3.97357416642
7.71379380532
7.68400755864
7.21965855076
3.38967016488
6.21087204369
5.30266687145
4.00028852766
3.24407438412
5.07745037125
5.66633881454
6.12173394445
3.04360265835
5.80400909497
5.84617416118
4.16437130674
0.774404225532
8.27088387552
5.34400260092
6.18517324374
5.25894424481
0.319381737811
3.71872931082
10.1529130981
3.64570967353
6.10222147978
7.77038515995
5.57159465955
4.22881829701
5.67121174065
4.16325122148
3.65052119079
1.9704872122
4.98763041941
4.61087672609
2.10879267893
4.76847551957
6.66110992611
5.98501691124
-0.584629062819
4.60286604478
2.69684285424
5.51559921602
6.15597643627
4.50324295675
6.63667144658
7.23744851162
3.98790736518
4.94434023758
9.23693216429
4.98452619509
5.39552911161
4.97008005573
8.74407183111
1.74962294767
3.37006830825
7.51456815589
5.34844237219
7.88028429013
5.1331733445
4.01820929553
8.37883499692
2.27319266534
4.55119034546
4.33878886313
4.59546561481
5.34093217509
5.00132115107
3.03113703775
2.84372472085
4.28252219165
4.77523904723
2.57536191583
4.27238872801
7.70024729991
8.05858959545
10.4122753382
1.20757563532
3.32103135773
5.97406024747
6.71788484585
5.37395631626
8.30454776169
6.01097902149
3.99608169749
3.35402577244
2.91045789553
4.32432754744
3.42009504042
1.36002039397
5.37432172938
5.16884150726
6.86804318543
4.11845158062
8.03391938264
4.19978245721
6.29201905827
2.38946826298
7.30375114868
6.74088336453
5.85452724981
2.01995386452
6.38814842139
8.80602627266
5.90233731293
1.90267853408
5.92257949505
4.83974643321
2.47170643456
8.02258555489
4.6442504963
5.3248426606
4.04479029092
4.72505578322
4.85309426797
4.97659859779
2.60258334559
6.0483146572
0.63147883186
3.92865449088
4.33491579448
7.31012825402
1.30210873895
4.9005289617
5.56987059712
6.13840530532
6.46958882214
5.98762312773
3.2913740374
4.49085477517
3.41410679275
6.32233383147
6.69561315413
5.10596918989
2.43657796271
4.21909682475
4.47483532528
2.21101764541
6.06658877104
7.13805237806
5.03218806729
2.42262187856
5.23020712767
7.62132655765
7.31034856559
7.42082397284
4.35947946317
3.5638357232
2.45857084939
4.27453203626
5.60239791592
7.10628531535
6.97136308551
4.8474367514
2.43720357669
1.86788552768
5.96435933361
1.18154871651
4.56133585723
3.68870238724
3.67708920043
5.29014194164
4.17654992387
6.34577060883
3.84159783272
2.4257723475
2.4794965396
8.19018204429
2.82407509283
5.47386664515
2.06068343236
7.03863818201
4.03930595798
7.21704714041
2.40381769117
4.94253082063
4.77284512952
5.33184785822
4.18236510683
4.61614935878
4.71633173995
5.89470341534
6.22083498056
8.2588400807
3.95701166045
8.24136647635
4.77307436857
1.82086605707
6.79997337744
4.42862134591
6.64932475643
4.40301766696
7.0685890147
4.45567307655
5.33458656905
2.63230961195
6.30423758342
5.7358101914
2.2357720915
2.14816876811
4.52542082275
4.15591741157
6.412426886
6.77415870358
7.26167384524
5.16862117208
6.3480372507
4.59901805717
6.14755960995
2.90816480607
3.90940149832
3.97958492717
8.62445306142
6.19625128339
2.02942960538
5.80411717403
3.28058514002
4.87814529714
6.94982718426
8.06662897543
2.67561975405
4.78863308237
2.96697219987
2.44827885883
5.74016402631
1.67836068478
4.14860338053
2.5586226472
6.56386649233
5.76054170644
2.53141777106
5.34792310906
-0.278961447234
4.161015345
2.71021301532
4.19383862999
9.22384398224
1.87937106362
3.27079433326
6.85902240424
4.59665430081
4.5184814163
4.75496057076
4.43001088383
4.10661352953
5.07908219991
2.272415141
3.80688006048
4.56000648289
5.0797786097
8.57877702228
4.85459654586
2.33304609028
6.41339236684
10.1668419358
5.80740683243
3.16201793692
4.824736331
7.53252252423
4.86178520658
4.47894981039
9.61249555594
5.70348941996
8.79396899645
9.958757816
2.36076400134
7.26288352527
1.74369847223
4.4405379875
8.35072823693
7.22030817208
2.97093979172
6.49060453883
6.10593792956
5.90731631076
5.15561516927
6.84612458841
6.33934262295
3.49750001979
3.00317529556
2.94220107721
7.55938671836
8.55699789854
2.20080159518
7.38236829905
3.68871576063
5.85598075176
3.772772924
5.90224486465
6.43326083954
3.96144703822
4.78398051403
5.99095554951
4.49599548068
7.06496954833
1.36470926795
4.41913016829
3.15140370635
7.27065074765
3.9966648162
6.11357346713
3.97891934057
4.44219617216
5.06480115304
3.53247742525
5.83293412202
7.61756682936
6.6989207031
5.30894584231
6.05737165782
3.14774646848
5.40189086632
1.85090218887
8.21160229803
3.54460010022
3.9000845154
8.11508728527
8.21700565385
1.54760096596
1.69822357203
4.5470903964
5.9737915242
1.17556723112
3.24015168902
5.36759041079
4.20526917361
2.51989452321
1.69994832963
5.02764749978
0.733077894888
3.73329273957
3.10094747582
5.44351878326
