5.23922848055
3.99145151709
2.26242862404
4.37076884139
4.08532883367
3.46054090098
7.74526080135
7.60976209757
2.58702099619
3.47368883295
4.86185399184
7.08526669515
3.20574192382
-0.611317509234
5.63287552511
4.97061498745
5.53001617742
5.7947733504
5.47024260319
7.85259660237
5.78465077512
6.58009267269
6.64526335197
7.55048090147
2.88960809047
3.0989867602
7.91361409165
3.30576558946
6.19890776374
6.25000497013
3.34362291957
2.51682328168
2.87509292034
1.78368568308
4.55526566928
2.39330606324
6.47296522272
0.753550869983
4.81927547666
5.09633058529
7.71452553285
1.76782430117
5.57640498519
2.42149449922
7.23217869397
5.13119255149
3.33192888042
5.19812408903
6.10853468864
3.27590625441
6.38341269356
6.41924839878
3.89062008165
4.80490980413
3.93051562799
3.04222781579
5.29926733771
8.69441850395
4.46717074251
5.92777616342
9.75798579263
4.0615066951
6.69462902798
5.70766188754
2.71853139195
5.6692755276
3.97264729382
8.75999477911
3.41897382802
8.89749093
7.39669017193
3.53312397348
5.67968918913
3.60972397836
5.3364083679
5.51146344958
5.16130845417
7.31622504558
6.28986686981
7.24071810625
4.67863939638
5.05604806449
4.67603771748
3.75581560291
7.18201711497
6.49604543777
4.88818121213
6.23168134429
0.792750200441
3.00492128086
6.48997134081
7.41723400338
5.24200922731
1.1917003414
6.20401363257
5.4976899471
5.90354190551
5.41454191375
5.17296197062
4.13688426456
5.22804769415
-1.04953684833
1.95954423942
3.57551421306
4.60610233821
4.769536928
4.90429348179
4.75141173746
9.59507973687
4.97891558824
4.27127110619
1.11822590308
5.0065858811
4.69933893355
6.03955987115
5.16792569138
5.76214662686
4.04582641565
5.64968837193
3.76340713716
4.58936827683
3.74869182838
6.24407885929
4.54344986227
5.09659718915
3.20593085807
4.62849656532
4.38817800317
3.27139807244
6.84363063325
5.69260748649
8.09575067003
-0.533854092797
2.84389054315
6.92233326477
2.16632606735
3.2171996177
7.43743236693
6.44388118847
4.47096395174
5.2086939276
8.2835071072
2.27870319496
3.49849736415
1.55965437569
3.35542696258
5.58318395158
4.52024308574
5.8619516468
0.945572260096
4.24767069548
4.17961245278
6.83431935963
7.72295754952
7.10881367181
4.56799869132
4.17056906661
4.8609222851
3.48381328064
1.53571771097
5.08603880414
6.11971049165
5.18372860929
4.0341483563
3.12620295895
4.51836245244
7.34313585787
3.84839123028
3.92466563208
6.63416505178
-0.565868505506
9.36466748695
5.7039992768
7.4810531478
4.27425143972
5.21188481041
2.79138072053
4.05385860068
4.00353308986
5.47333102359
6.263835602
3.55107902313
7.01895384475
6.43528188482
6.54090893951
8.579020368
4.45500973314
7.03494611997
5.61828923277
5.65865154384
2.45324460772
1.7275785377
4.02912718817
6.27505464898
2.97168673337
5.78435554073
4.17281596554
5.55545807341
1.97135053587
4.91143139532
1.92809509534
2.54507593036
7.17361875945
3.48612315391
4.08973472148
4.11086332172
5.75899453687
7.60592816527
2.64341642856
6.55058069413
5.07489193349
6.39281931911
0.630266794285
1.20273959831
5.07129319197
2.3584427467
4.12110630337
4.9181191395
4.43816988588
7.71229332267
6.62918678623
2.94591840961
6.8356845442
10.5043118634
1.7828061806
4.06188017056
7.12837018501
6.45502218429
5.18968042698
5.1698161589
2.54288675197
3.78113471429
4.39660866275
5.48222015819
5.17238964898
6.57360697005
3.38763998767
5.2444403153
6.47074590004
4.67951214256
5.17269103739
2.86625175272
5.94520118765
5.63275050533
6.71300567126
1.85394680423
3.32367513213
4.79273725688
7.11671946717
6.12198149266
7.8805483268
8.41398228402
4.26582599214
7.2673236323
6.79886189309
5.18892051894
5.48818858894
7.32453317337
4.43367668092
6.56511645783
1.90778506104
4.66474317127
2.76746749216
5.01696981856
7.77931860093
2.16266456364
2.45025067429
3.81493522838
4.24403959226
5.48247382727
4.03673811242
1.01949826994
2.93167980851
3.44925585853
6.70941585461
3.13445739965
9.30364911186
2.42549996927
4.76455470204
4.85109141313
5.42225768529
4.68057126911
6.47879893737
5.93565770433
4.79044491591
6.87155064552
4.31380182336
7.23965370624
6.77659672299
5.02802467252
4.31286405904
4.04973137018
6.4534320923
5.67283171003
1.19969160079
4.6760602934
3.19972814482
8.15833240925
6.2563504791
6.49196800419
9.65515033745
3.90515095224
3.52916443999
6.30753307639
2.96056638846
3.98826439431
3.02086201025
5.88111517928
4.47720557729
4.73456545736
6.2518858816
6.44636117101
3.24587223731
3.03901016796
6.62665784561
5.82122234238
1.92584126757
5.84924328212
6.04386140453
5.86974950367
0.0582884074327
5.9566466505
5.96833331302
3.56532194471
3.29287765002
6.17373901804
7.48307682425
1.22722190222
7.60449743535
7.41445939131
4.54758361749
7.30356042806
5.68240372104
6.33992058926
1.02373517454
6.51340743059
9.18879912268
5.9568311685
4.41450129436
6.02836772312
6.51156326335
3.56389572518
9.16287691437
3.13446692846
7.12349660806
5.14838932231
6.40644700629
3.77728886458
5.5762787117
2.72781085733
2.49972268578
5.73774111928
6.39989449215
-0.113680314927
4.79718756468
2.11221927448
5.38818968501
7.1624064836
3.67794875764
2.71977077588
4.53628937248
5.53664460463
7.85731487142
6.56227539341
5.23115095572
2.58269950723
1.35185404199
7.48421967337
4.12381320062
4.5995863042
4.46618117331
5.06963681724
6.4425540998
6.00958942835
7.55169619928
9.30779294045
5.93114826495
4.47785663383
3.34057818343
5.27451994541
1.85476283213
7.30773191631
4.88264170969
1.99730058055
5.42100771723
2.21694012156
7.4190612988
6.79760348015
4.44939099024
4.25105718976
3.64007450456
8.81924197075
7.59292014036
5.60269184389
5.44310299577
4.72123255239
5.81302866875
2.19672400938
6.46695276275
5.03855285315
5.65682674871
2.23666578029
5.31951449852
8.49092011719
4.85826923541
6.93243501938
4.09975042126
5.50657432272
1.35528866705
5.57831973264
1.57096069196
5.69209755033
5.95663086226
0.181176743052
3.6093446645
5.94675544618
6.83431110765
5.47040410846
4.58227701208
9.74706239207
10.0326280064
5.24662991171
5.32080243816
2.47064585825
4.5342281376
0.214756204079
5.49836198794
5.98001105864
6.376049537
7.45631066275
4.57858244019
0.176499516449
3.33084503502
3.05969493148
6.81013210935
6.57967104799
3.05073114415
5.98570999708
3.76633852634
8.36773675257
6.48314861439
4.38020745793
6.99638613991
6.70506621315
2.74397104729
6.81198100491
6.45371945888
0.884761895343
6.44670190071
4.40789873964
4.71628337149
4.56396737023
5.52652253659
3.3225585353
2.3839590436
5.2884264405
4.87381053772
6.37898967347
3.86496074906
4.05610913686
5.98406130448
3.89495884684
1.2220494298
5.62170752021
3.4399746677
2.71861793446
3.28915323367
6.46701580824
7.09505843588
4.42126594193
5.65139631866
7.52918894896
2.98479005165
6.54577817016
6.65578978175
4.3649740455
3.20780802429
5.22944344238
6.68548353556
4.30261522677
5.21056561867
6.80155759321
3.96072201405
6.50375002885
2.42115932409
7.50458374115
7.57933482137
5.30786351628
1.55780777623
2.39957924135
3.93712116503
5.76906448372
4.03279369756
2.1351062222
5.120114389
8.9349936886
2.40201262118
4.13431661832
1.802811715
3.72003986537
6.14636094424
2.85440272344
3.84526928714
1.86272055128
5.20216390272
7.40023353196
7.80389932851
3.26578705744
5.08918714846
6.41291820887
1.23364859279
6.17529973333
5.69033927292
5.9603632803
3.94459203593
4.43317294125
4.52247696469
5.33291739115
5.63215102104
8.11849779085
2.96212130606
3.47131107045
7.30590248102
4.38322964524
6.65197978595
5.91504189512
5.77014554372
6.06184220595
4.83948942022
7.93353725456
7.50748060848
0.793073244319
5.17429258181
5.23826960672
4.74547551995
1.10007208801
5.57668056012
2.81297522131
5.47386399572
8.38204984238
5.36496704076
7.47027599025
5.79326312397
4.16714136856
1.26643264681
2.89798784175
3.48184171538
10.0684128817
5.3351574831
5.80748820798
7.57459969538
3.83246752962
3.45078321536
5.00926530128
4.21965212337
5.80882642071
4.24767487738
4.52035487629
4.95699679855
6.13146271528
3.70167758023
3.95912481827
6.67474683928
6.6642556042
7.31143353725
7.92998658083
4.10109261795
7.38601278833
7.6720395603
6.04107391677
6.69232099479
4.39388087831
3.01482050607
2.00770315375
7.32673017949
3.49133301717
5.91205779276
2.16953410815
6.75099004688
4.01925635081
7.12810541303
4.57366960236
5.10002003413
3.25811023379
4.39103913964
2.13962460897
5.59061606808
6.96954394555
5.76697065055
0.959998559868
5.5309637796
2.20862950069
4.27206253204
5.9092215158
6.03607676191
3.10903303252
5.18396944795
5.69449200296
6.0381745796
1.67509127042
3.64561299142
3.93006893241
4.9379610538
3.81574281039
7.3806653981
5.69334760274
1.46636323619
6.74971059241
8.28872301745
5.7949508657
1.84231730893
5.26832853437
5.27654800388
3.60671593419
8.73120050992
4.12484152895
5.62061851669
6.40443903029
4.44707219944
7.54864700707
10.9948078138
1.42106263521
5.82230815322
4.36215431985
8.0721743063
4.95792033574
8.22728833549
3.48130237649
5.08354501287
5.58147750344
3.31872345193
5.94027982808
4.81954525852
7.06465843517
2.65618367221
7.11934726979
7.49123948027
2.01787812346
7.40462653757
3.69257113139
5.32951445408
3.19238639575
4.11123892301
9.5057704294
5.38417391749
2.94884055214
4.47928726933
4.29719065627
3.0592149175
5.02372726586
5.78107080248
5.8457284427
-0.574273689051
0.649249304614
6.09567226247
2.68317992442
3.65656061452
3.33062176218
7.46077372428
6.96541153315
7.90644180616
4.78776367179
5.05192807904
2.027660478
-0.503918717832
4.79049423278
3.87100036374
7.66470233351
5.06929517336
3.84867721048
5.46775977116
4.97581764304
5.1004871979
6.16564324732
9.75999812196
6.72786162734
7.91503715928
3.41745127904
2.40179279831
4.67863563146
7.78326870193
5.1158508237
4.4741002167
7.68134046811
0.142681961704
5.83499813007
5.76041747696
5.06553595916
8.17689377332
3.37750575553
7.27533008685
6.15888380279
7.6894195147
1.09507918307
6.06845695243
7.55518481401
2.53804518834
2.56437658366
3.42406049184
4.38454073769
4.79800345395
8.14512810733
4.03609122878
4.09050732328
6.14506342788
6.6567244666
6.16856547352
5.27294931835
7.39216949888
1.83244181844
4.95150747262
3.83668463189
-0.0607791744741
6.05978437437
2.21538362578
4.59920710562
4.01518083217
5.18027935694
7.78334127797
4.92595923779
4.43495087397
5.45184820167
6.99067011868
3.17633369753
8.23819526557
5.06348544123
0.777004740172
6.58522861761
2.28332804807
4.69976268486
5.83615432057
3.91925440443
3.08716928434
3.8843611454
8.75505893314
6.87212089762
7.35342568098
2.58927708112
5.7307884814
10.3316955688
2.99053954642
4.20274429297
8.54245215142
5.26901690037
3.80817337829
3.66274462142
4.28076525318
7.3560742995
5.51720465421
2.34628399132
4.37430474574
5.41424270057
4.49542887106
4.05351157481
6.6643708621
4.79472971237
4.52604108778
4.96230780147
3.96456745679
3.73018808445
2.53835947214
4.03058274503
5.87604370496
8.71020678652
2.98909277157
6.62689280681
6.66160332592
5.1021315191
5.05742389666
4.65651953534
2.46749560571
6.82758266518
9.56558477629
4.96634487844
7.22661692937
4.79908840255
6.24695998142
6.22989064671
5.16075666088
4.56018451782
3.47113302627
0.743672399011
0.975900340665
4.36118220921
7.29723006099
3.80142268899
4.43243381307
3.96519922773
0.384664179023
4.95197489896
4.08089013751
5.48231437114
4.1089075306
6.29750731188
6.86102335105
2.51809444955
5.08177541072
7.29499889181
7.24518866241
4.6977200571
3.02669528481
8.57417077162
4.41922547734
4.11216005288
6.57104314346
6.75586435762
3.78580980602
7.10333873722
2.73865783552
8.07957985491
6.83836617252
0.802576411083
5.13559663844
5.83002037474
3.486861289
4.35524299807
4.84197198476
5.2618445686
7.89436802241
5.16152051512
7.47549732394
5.62737121896
2.2545841398
5.31592253723
8.55869664331
5.16369453676
6.34859526332
8.08663186368
5.74173354803
2.46184267259
1.97550587376
6.09144190233
6.07191290314
5.87352703592
4.17989153498
4.74826280417
2.45790188031
4.64956789624
1.965572825
2.33512956558
1.00668995804
4.23614163441
4.62409822545
6.21853755418
4.9146277669
5.57588469628
2.77865448442
4.28529220309
3.17269974037
0.799240735775
3.06716648065
0.84674034122
4.27126001485
7.3523820684
3.27194347957
6.35077286536
5.86821709444
4.58435089396
7.11934689533
2.55833388166
2.98374081989
1.35500699183
3.41463102416
2.82617854776
2.20513877866
4.15525888036
5.02099963607
7.8404764021
0.974869560239
4.63710038113
8.06445348985
7.96542631533
6.00245168915
1.19948623029
6.22166067351
2.72642884758
9.41418027634
5.56847022584
3.89951096878
7.75208672348
4.35528725753
5.2677711194
7.69013612107
2.07696405458
0.482758616904
2.91839975839
2.5135588231
1.40172837262
4.82968829326
5.74436688682
3.61882104521
3.72640450447
1.00527530198
2.66319803265
4.54639691641
3.28779909292
2.47930541192
3.44367282794
5.41871112666
4.59873032501
2.84426341147
10.2088863818
5.06884959145
4.95377711175
1.89369744429
1.36260480802
6.92184430005
6.72472800459
4.85006276966
3.72825440323
0.450261289509
4.53482348111
4.39890790323
4.4889723417
3.28883720659
3.36273672714
3.13526425258
2.11737858957
8.85181333326
7.33447089323
4.16269417308
5.64587610617
4.39523825748
6.15343984879
7.52432166353
1.5144921405
4.34786238674
6.17347834467
6.78316045693
7.6857893953
6.75815261819
5.4068959763
3.46290021183
6.69006603635
0.513748023096
6.70539278957
3.27822056011
5.24565835944
4.40785091068
6.30397720727
3.71750540321
4.09039548937
4.17014419639
6.78604482552
6.21624326181
4.65480158349
3.73986209029
7.23655682565
6.92037399778
8.44642021487
4.27773326281
3.35681057842
7.58242104165
4.00729606181
3.96205702647
6.13093700626
4.91604203273
3.52275989267
7.29874550038
6.94769446548
7.82707460655
3.64296544872
2.4413412922
6.87006404282
7.0600184437
7.73198396361
2.38357345635
4.12411906029
3.2406273032
4.49357203319
6.01861538613
5.98977576648
2.46521777678
6.1227226068
4.91948801831
4.67566102459
5.95441418664
6.27934095364
5.32932077409
4.10959335749
5.8466852859
5.87666490683
4.37010400788
4.41443358395
3.44000314278
6.07532976725
5.89921964343
6.02692350101
6.052125352
7.41987481082
4.6836467184
3.70898970183
8.43109626156
7.47528681992
6.01808426558
6.49942932093
5.0656360999
4.44261775328
9.92173238737
7.36019765211
