6.92776203852
3.25972795771
3.35966312031
1.0675118596
1.24801382104
4.10278751435
7.79472205445
5.46176410905
1.39795501059
9.89825700976
5.5315274393
7.20959511395
6.07137356862
6.17148815006
3.26009756409
5.9359750868
7.81049088713
8.52430340154
8.88195535053
2.89906175464
5.52237252851
1.50324556334
6.5703782102
6.01559562637
2.70652031448
3.63227518187
3.88686794324
2.97052690449
1.92811452574
6.10601174678
6.50588558637
5.67523107645
6.2749596952
4.09132891225
4.45761905989
7.60833835481
4.68929126857
3.46887798421
9.01133903481
8.62728434341
3.83212505662
2.68439473736
4.60289558263
5.27968558649
4.89277566111
1.06790874735
5.1559033601
7.45218141391
6.57240170356
4.2936148806
5.65447837052
6.13229218294
3.96786699756
6.4487555642
5.29598814536
7.84920884753
6.01375266025
6.17891063801
2.63846921312
8.5886641267
4.62396489602
7.29204866707
2.82612740789
7.1961956852
6.2394607106
7.57136517646
5.36643306656
3.31948872054
2.27885937506
7.03352366274
7.03314251945
5.26171337659
4.67596740797
5.38069663458
3.25739762973
2.68944534905
3.11106305509
3.79646593148
8.08405864293
4.98558992256
5.71830283057
3.24541942966
7.24933638187
9.8237119985
6.5326582049
4.10115688148
7.78426368224
5.11052400069
6.48727118127
4.57469325669
1.3930180723
6.86800193432
4.57336358448
4.40938191012
3.92592007522
5.89517618714
8.05627100247
6.09923532605
3.72685382209
7.10466215299
10.2134331592
7.59928623886
1.35522906267
7.83255496521
3.96878022439
3.04146476301
8.02749338069
7.61079490786
4.4748307083
4.58400687519
3.42932081775
4.7184523305
6.12352019424
4.34854378542
0.760810772427
5.12942857157
0.638797051849
7.40950843282
6.49235852171
3.29659573647
4.85490322657
6.18535462119
-1.34060195791
-0.484248836713
1.08243814532
7.87605874512
2.12819740806
6.22937659536
5.79602928584
4.91439981715
6.25262052341
5.75333447302
4.63130092505
7.04892686646
5.98014113514
6.96458872292
7.42315580391
6.18939719439
2.53083047847
6.35875880588
8.55157757869
5.34829847964
4.93890816457
7.72192322071
4.67642856442
6.58310758958
0.829145922736
5.68543454177
4.24106527609
9.77794053964
4.15745661158
5.96205789084
5.40671623088
7.58085336392
4.29802289327
4.20036622825
5.37720964515
6.89417465485
3.24776065367
4.5095140176
6.92831480435
1.39212200908
2.98477435055
4.23442278606
7.63842291744
7.22655130687
5.45165434112
3.97883490357
5.16508333391
8.17012921649
1.41893464862
2.48463480799
3.90191261915
6.8007569636
6.72809617624
4.44775793234
4.42623061165
3.91039715113
5.31365261157
6.78538787261
8.16602090083
4.79297920504
5.32029296273
8.2072770666
6.06405259143
3.30714977006
3.24206321208
8.08068165706
4.10107556162
5.00739471686
0.191765054142
2.30676059508
6.85884688681
5.85855655044
5.18705592316
6.26493734259
6.3143530684
3.17814076325
4.60579768383
3.73896191622
3.83438645217
5.60177812465
6.03092289409
6.21097426545
0.44377836227
3.20089545462
6.85345637318
4.06099899016
4.11673189036
2.44202098824
4.26242637333
1.56590572242
5.56389593777
5.23454313947
4.83744158951
1.63004695158
8.41862192221
1.81704683857
5.39828357612
1.0297237204
4.92609559222
3.21664804604
4.65149684829
9.84390873194
4.35511918749
4.12319334248
6.1720211764
5.06077951182
4.23149024229
4.9983541741
6.73434423349
7.50462914422
6.32889833585
5.26075247102
6.53165762949
3.82096754367
4.10675044038
4.86223344309
2.52365782886
4.97007159825
4.99714350137
4.94155717977
7.22477967769
6.80467934639
2.67358263648
4.03550474939
4.79890289755
5.21705164874
5.42650545203
4.96831136061
5.25983504005
7.62900956724
4.4689714398
3.28944954318
4.73250568027
1.75519905379
2.78909859354
1.03856794954
6.14857691498
5.20305212255
4.18512643455
4.17981175097
3.85012250227
3.37321409521
6.8494097046
1.97566127469
5.01606065087
4.12513912693
4.33555885017
1.95454576909
7.05824655393
1.92863773275
4.29540825379
6.01850237978
3.36130403331
5.22063457967
5.81605354535
4.17690845461
3.77313245937
3.98968604528
3.8034991822
3.62102215455
3.19917628569
3.52750557454
2.69595197967
7.37659620336
2.23981825112
6.74264219583
4.3459258216
5.0877260005
1.82379276605
6.8847626086
2.72353291128
3.12824922257
4.39579900522
2.95456519228
2.93604513781
5.2489821911
3.81969916387
3.48444479703
6.15704076343
6.48398677114
7.50159774601
3.41640009669
3.74958584089
2.69266576911
2.19946532729
4.24498468196
5.86494671579
4.82117341638
8.36658308138
4.06226893057
5.35045917095
7.38687671339
8.16543314972
3.81031265656
4.0674053415
5.65777987589
5.6209627918
4.11856941826
5.95937299014
4.01568128778
3.63652142214
3.14935757117
6.65564145869
7.0003934315
6.15590264156
6.94401862795
3.41715597691
2.95941752522
2.2030772595
3.17155981173
4.23227435143
5.07994568456
6.25608981811
4.10507677274
6.46447654175
8.08257574622
3.44435415556
6.82429939533
9.3907731713
5.57125952575
5.58181814685
3.39155658926
5.43326162978
6.29025143654
6.10123744428
6.65286751899
4.51357397326
7.19162311662
3.08831719723
5.28326548997
4.8294103548
3.42796907371
2.88812234721
6.80776747761
6.68892205375
7.47088653093
7.90311097769
4.38488888315
5.59348607299
5.65931390475
9.12185393823
5.50769141754
6.96519868824
3.9631992538
3.2802991965
4.70241611358
6.09424984493
5.18609669757
4.93161056015
6.38739351205
8.1061072923
4.8011730367
9.09351876554
4.57056403388
4.68219147505
7.6009512474
2.87327420803
5.59537292127
2.32544366154
5.31516555535
7.08563492169
7.53834570331
8.46727696882
4.95703636035
7.8048320695
5.59328831765
8.11557573615
6.1585445476
0.777644915882
0.972169791258
3.61109296686
4.41264804142
5.42675199216
5.35900756999
5.14234566377
7.49156388468
5.15756904314
6.35682956311
6.91172379547
4.89209484582
4.46381003309
5.31132469457
6.485652648
5.92422915571
7.0960306017
3.60367356733
6.76748356483
3.72504927365
3.67360463346
5.09762503633
4.70160725104
5.7944432876
1.76886288791
8.13091476375
7.29770171864
5.13913704616
2.297229512
5.52629705879
4.99351664736
3.14617041395
6.03074958971
3.34453636983
7.30470921329
6.99660872168
0.726715849412
4.95135904324
2.62236962135
6.24402202691
4.07743111426
6.5127017935
5.42287308936
5.87331428889
6.06526327788
4.92312471363
4.20213925903
4.91833236178
3.03472779239
5.77918435599
3.81750210869
0.704197248785
4.87695480963
5.8617690558
5.41920239835
4.6351900359
6.4637155452
6.76538371454
6.66767044482
5.03161200106
6.41851437652
1.57148081113
-0.538258345723
7.21350596583
6.34923219571
7.26848975948
5.7932116244
3.49220965195
5.72009025878
0.933174491315
6.33528256586
2.79792199707
3.62981332136
5.56741470872
8.51896488678
8.88585978944
3.12652917749
5.28220642523
5.55447608101
3.72243870424
1.78523143033
7.59064202671
5.5150199941
4.20883536747
3.07957306312
4.51813489122
8.55366398232
2.8657920415
5.0372035202
4.35463607344
4.13936094583
6.23267850095
7.43713361478
5.50398769606
7.02696210106
4.53312247239
2.85662926331
6.83091847377
3.90369248633
4.67852053981
5.6471585646
1.66737085705
5.04959511079
8.11834991887
7.48973902254
6.69881778625
6.27601238118
2.30372679856
7.33945360669
5.35992445732
4.15003247865
5.47025234069
6.201871358
6.75652685011
5.27194247708
1.45518267922
6.04757277615
3.04497305042
5.76907978882
4.51007274527
4.45223872458
7.01689838436
2.78897620947
2.49808945546
4.43342961944
4.18426050566
6.71761812172
3.41401391566
6.83570295405
6.07311541355
3.72597291086
6.57147306753
1.32089446706
1.4908236124
3.5437620585
2.41161812261
-0.142274295867
5.44377902876
4.44160330097
9.70776362402
6.7346518221
4.73371516423
1.76807707047
7.62034535336
2.83009795838
4.11636482117
4.46660943211
6.73540053427
0.995944894181
4.47650264521
7.74486663615
0.513971422224
2.33616677249
5.02030906595
4.08430112561
7.72084917936
6.64378642715
1.26159152192
5.44255137594
4.26805230286
7.24090348171
6.65132460766
5.65263812245
5.00083672765
5.6899829691
6.35082355169
5.38608133677
5.35374527846
2.30494794887
8.0356543955
3.08163614645
7.09535898509
6.7917242644
2.98686328034
6.93292180451
5.81790483538
6.8354683168
5.62527910937
3.1806958738
6.41321861799
5.85257361249
1.43652309731
6.47453418547
4.5309136824
5.49737248975
5.83658111757
2.4729654282
4.54226683408
6.41951733035
1.64188014007
5.12510175973
5.47999902912
4.3265908213
4.81376370922
4.7950812053
7.71431614261
2.34268923532
4.59454702912
4.53834644707
7.60297241353
5.82353541872
7.0606798497
8.92940101519
3.00528040279
5.5050564791
5.625464915
7.67683856251
4.89521999407
5.55565370936
6.02459972903
4.60879412042
4.91793629205
4.83680304542
5.99326721897
4.99954678233
3.40753918589
5.06747538558
4.06908055034
3.14184318393
3.96462748076
2.66213638814
6.70107368878
5.92545112044
6.42415145999
8.55752363636
5.6031544543
4.50120646729
3.32070750911
1.62881444512
0.583459853118
5.63705100669
8.55556682626
3.78648346586
3.87474895174
8.15725015069
6.68181771503
4.4327423227
6.55907280468
7.61182723598
5.99244749333
6.15282143604
8.19111223668
5.53845868848
1.58085035498
5.07979074604
4.72031387841
3.05652543391
3.45771309391
3.84831074244
5.2888932766
7.62623926738
6.37535386759
2.93666202775
8.15287550682
4.84229507828
4.57236201834
5.28273935011
4.35407103701
3.03918988234
4.2213262725
8.30646378898
4.36274010113
5.4782990398
8.30389077328
4.83480473438
3.77426966652
9.16905507061
5.54728581701
3.37477527586
4.29336293799
3.34461054703
4.38466405275
5.42068060406
0.765046222954
4.85453269943
7.30553915328
5.04224646956
5.76806221313
8.02998487678
7.02866659953
2.5258671676
6.89003363471
5.40395260368
6.1528209097
4.5224931382
9.9111352571
6.63674608324
5.79622675636
6.24263473141
4.62531146917
6.62581205779
7.43925896741
3.95606308077
3.10507821892
5.26910876453
4.30244353328
3.77852822371
2.70318167197
3.70170353464
5.08610707595
5.3761208826
4.93633024706
4.12577231911
3.66958746351
4.1170429448
3.30792659461
6.16071400795
5.12036934323
3.96659428181
4.34240290188
7.56446054598
8.43261336984
6.55863419936
5.70777085012
2.93544283008
3.69725781712
4.515970264
7.65187376915
7.00500206591
6.28690374077
5.1929570989
6.14316803767
6.1401270846
4.33649570369
6.80032839952
3.76562154791
5.55812183129
6.43884957311
6.56001685233
2.3468421032
0.596270727997
2.30628794095
5.45080040751
5.46781264688
2.37113036383
6.32083137038
4.31724786197
5.30438638605
6.85491488557
6.52721263776
5.4801705477
3.65863852801
1.86013214034
6.28237003444
3.68160201963
5.75890804597
4.16406354239
0.687323233276
5.60368097942
5.76731328328
4.48716216588
4.88046202566
4.61253113749
7.15357167439
3.28742076585
4.05484238907
4.40237956084
6.50132397903
6.91054735234
5.45231436725
4.23747650961
2.18431315163
4.08930644224
5.00967023465
5.01843731906
2.7060010506
4.94565676844
3.16645155817
6.30983131823
2.50862833021
3.39876390523
5.62562599924
2.10150859132
4.82937394331
2.9049683093
4.2471237077
7.10835816965
6.36586049265
5.78581570344
8.16287678002
4.6089827431
2.43981838593
6.88646859092
4.49588644477
2.9480767633
6.62102750923
3.77611753526
6.39983484912
5.11065754213
6.31583631483
6.32705161504
4.65968977645
6.30557251946
4.48005537397
6.24473759467
5.91821399503
3.96013784684
5.91298389261
3.96981343272
3.04819571013
7.57280232275
4.09003933667
6.75570898355
2.5219046428
2.43769629271
5.40761133565
5.07481345606
4.13978046209
2.95507893793
2.806007366
2.39648751576
2.0330609967
8.57894558758
8.6462243823
6.37863078914
2.33623735438
2.10982779845
4.6788726421
4.08026034434
3.34959653875
6.65581713826
6.30007450556
5.35337056211
5.31651840881
1.88514801104
3.59532782431
5.30262483052
1.65608197023
3.69836767956
8.82829953178
4.64243065531
2.31903031576
3.94197465774
5.64084346318
3.46571895778
2.81079199864
7.89482687278
5.89970984139
6.68587290559
4.6156542427
4.96745519883
7.06141771782
9.00647500469
4.30047520842
5.64371207965
8.05305020661
1.16295728853
6.49689993954
4.29278424131
7.54246449033
3.59041497782
3.81892917678
4.43071211212
6.94452129253
5.47274507786
3.80085661994
7.21654196152
3.74841045316
1.16088833892
6.0612386662
4.79366122965
7.02380201895
3.44485405775
1.52859079776
5.17114097977
3.29662062552
9.07111890112
6.40925505515
7.12629027184
2.56394812439
2.02832069698
5.64245846472
3.57740867735
6.43786838518
4.30932531578
1.79830578042
3.06871261062
6.1349848317
4.30783421769
4.97721949825
5.61592633964
4.43936788949
4.98294432141
6.24194157268
2.09665403694
4.68189128386
5.29081864371
5.41914302729
3.07616814248
2.05253900339
2.88189671754
6.08669361794
3.90988239586
8.41006466281
4.11789851794
6.28008318961
6.73689935389
5.40230589415
4.36609918188
8.87049798217
4.79863745371
1.95826231571
5.90973217576
4.57198579864
4.78472712377
5.64366236845
8.4430987838
4.83948183801
5.8802525148
5.13936216868
4.14999306459
7.10605663903
6.50880726024
6.20414107493
0.962736276791
2.62450019422
1.90358536104
1.3290129755
4.33675644715
5.22484993844
5.68961311209
2.67436653662
6.63890866701
4.95609187528
4.10252461285
5.72171457196
8.36630830969
6.72913191328
5.83164711393
5.27370457652
8.31838836124
0.77796144954
8.63963567963
6.04737453426
6.9043370796
4.95959644551
3.87721631624
6.71799485802
5.78649902328
6.77890771347
1.3767913225
6.6943782718
8.32254387311
4.57085855858
2.62811094013
4.152677925
3.96819166711
7.95365958276
4.14702841856
2.57387971902
7.63722847768
8.9398781899
4.51042769831
4.84276276038
3.66793950646
5.63756137327
4.41760076428
6.99925931126
4.33426530399
6.57499685977
8.6227065741
4.82252249392
3.21780328721
5.82478944824
7.48199141306
5.59087411617
2.70586240962
7.29271346937
5.71198008839
6.21760321675
8.21520320301
4.81747727579
6.77572300494
6.41300272505
3.94813020112
6.79882358517
5.30765008607
4.87251183242
4.40658894202
5.37895851532
1.46120369867
2.72330814411
4.24082812364
4.65695961265
3.47766479803
4.55055404241
1.04745180812
2.46733310931
7.03506681471
4.9077403463
3.7781296814
5.21687143783
2.19763885323
2.90966603227
10.3568490443
1.13456213653
5.24073719721
6.62993453189
4.88037666275
5.25645272592
1.48849063579
5.67078087383
7.63164431831
5.75580679592
7.79951557864
7.35654467004
5.45229223503
4.70405368856
4.16164861903
1.9588132626
