3.25176336914
1.16689381726
4.73862562704
8.17925883106
7.12539552774
4.23784480193
7.73780785587
4.58290639309
5.24132288096
9.38885220281
5.36548207567
7.00869080482
3.28510283002
7.04787373595
2.93254957408
6.77467744953
6.5914078295
2.84023387391
7.52280867714
3.74894566789
2.67298959687
3.65743048068
8.95947023194
2.25535756865
5.02348630833
4.10462057841
4.34864765844
8.06820466453
4.9661621527
2.53035236726
5.15992778375
2.80612937391
4.7658309779
9.33077011743
4.90597275292
7.89469689599
6.1488439569
5.36598602774
2.7484843128
5.97767617759
4.70420829874
3.56552176603
2.72993198769
3.3671279855
5.59746680999
6.17624676833
3.55210022948
4.86333582048
3.97617990492
5.25893652892
3.62734857483
4.26999607129
4.47279824785
5.64348972183
8.84364708286
5.17085252166
4.55662402584
4.76938447947
5.67242268804
3.10904322634
8.88624888726
4.11267366385
3.46885622236
6.56105446756
3.77897643747
5.86441281295
2.6500051879
7.06890099975
7.08702649434
3.31074339638
5.04566200444
3.21815623563
8.23125575373
4.22498273777
4.75852571771
4.86175484586
7.62501109129
6.44234681507
6.08883875906
9.12226540252
2.47602108609
6.69137019435
3.44357311889
5.82808728535
8.19184878751
4.47499087669
6.14928965942
4.3139824251
2.08210025587
1.28657581817
2.90061243718
0.891588211312
5.23341697333
4.28633678827
5.08541690189
2.50937324408
6.9548645501
5.8191702953
6.88317028215
5.47245811662
4.2021353262
0.994761220119
7.63076950996
6.11237874241
4.44324180114
6.12594790334
4.31501358762
3.49941993953
6.73442651733
3.92247658466
5.43160492124
9.55550416049
6.05181711038
4.54762372788
3.2526660366
6.37030368212
1.76759957956
5.38110346809
6.14305478392
4.53904350881
4.04516908315
4.4404483566
4.99539450793
2.54187419417
7.54645720224
4.90932433156
2.43015602214
6.15840688627
9.67035715543
6.85304362884
4.52838829602
4.03258433165
4.48212034219
1.94034420549
4.7235742021
5.12478228741
6.28140379728
5.75506311032
4.68940527715
4.73868034098
10.8219674541
5.54219369915
9.3316758966
5.37357840972
4.94590478844
5.82327331346
7.49039960878
3.53308157206
7.8605327213
7.29912558986
2.56422066781
4.78641489729
2.70090836093
4.4209074868
4.98203471332
4.70105907089
6.73913951441
0.5699933329
2.35089506367
8.18441764535
4.71091515756
3.2196822879
4.40117743116
2.60305359267
3.61342121803
6.02258112472
3.74253154335
4.70816388029
2.61872166273
5.44851267423
5.22614073279
5.17672181212
-1.62036423343
5.13987794692
6.6257656718
6.25544708874
4.09102811889
5.36796375245
3.60545657497
4.25806450155
5.32742747469
5.0766800174
4.09882410343
3.54943453422
5.15827440303
4.69324313339
2.98705791556
8.65253162279
3.49152670978
1.44445613904
5.96024098256
6.406633262
7.31251532006
3.55941788696
4.13693018243
4.35872254043
4.63813578849
4.83864697216
3.74631916881
4.92435614023
3.5418794699
4.80936579574
6.19003498124
3.41504690914
9.02083664624
3.72745797495
3.98191875734
5.74766196248
9.32788271467
2.36323265758
0.117792090179
3.36194865296
2.86194624136
4.7190699784
5.63240540699
7.15017755307
5.88247946366
3.50020839169
9.79524369871
3.1431872098
2.81656343319
6.09896943777
7.1266575348
5.82667490639
7.84307061247
10.0260142682
4.78799557915
5.82582659922
4.55632055418
0.872671380633
2.18984219829
6.569038098
4.22703112769
2.11711676617
4.42261026037
2.78198098232
4.39136716475
8.65686831179
4.25880517504
5.49727073362
4.2756313509
3.90949039613
4.71797575446
4.64424614217
1.65952202022
6.52906457973
6.01849436073
4.13620457122
3.77674130627
6.90078796373
3.96578157887
7.16474374729
9.93233316684
3.35242338732
1.69299636654
2.21777216284
4.19386735536
3.61940135259
8.15162825852
5.83584883416
5.28663096911
4.02589357712
3.26068305129
4.11764872799
5.07505023969
5.19629264452
2.32699160398
4.58682394484
3.83463156652
7.04418722399
5.07109560619
4.94020674924
3.73982116481
4.13353248293
8.30603871339
7.20164625349
3.18510899738
3.29130844895
2.50011658641
5.14409375339
6.35250262579
3.61616330918
8.71667191366
5.60461132426
2.67066776294
4.49857524918
5.03864169746
4.23655568222
5.11080973352
0.36014016628
4.58583011641
7.75781436554
5.08791976296
7.04913523179
3.19225877508
7.85276340785
5.23695633101
3.9466436106
3.1493932514
4.26881768196
3.62104890181
5.1891899276
4.70677927608
3.97832198956
3.31126825622
4.80865006055
8.42041382018
7.25882096127
4.91930205192
1.32498856784
8.29894279211
3.66552910607
4.36203845629
2.0833932504
2.80861403659
5.52602678326
8.03101018603
6.9977024301
7.25515906185
5.28743351939
2.18944868475
8.68547902848
5.64173443325
7.71718175017
9.63754072982
6.00134801687
6.78750830788
3.56644129849
0.211682007435
6.50825357274
8.75368924764
7.45498118898
5.44878282184
5.05743824163
3.62548896855
5.7112324439
4.5902613085
3.01458857499
4.93813299185
3.14017737233
5.64020343953
5.08664676279
1.06080962928
4.50842705732
4.89329739901
3.98877254646
5.71881511793
7.28643070308
4.13805023409
5.51257208482
3.91196729612
4.149746651
4.12835539862
6.43998055151
4.1295263493
2.24933339036
6.6832387324
4.91952024475
6.45540583698
6.48394413949
6.29330058883
5.56832795065
1.22262084712
6.61373638132
2.49605994854
4.46811920126
3.36840931141
3.14471820828
6.00256527659
3.81771936741
6.44159281805
6.06417834499
7.24423869784
3.0713476409
5.74222322288
5.02068473445
6.24723800953
5.76903298085
6.3693197145
3.72367726962
3.99292957438
4.78896179323
4.56585102677
6.49566649874
3.63780142585
4.24695384967
7.40979154502
5.26742972015
2.74973961046
5.48466277556
7.45740625444
3.98405594657
3.17880447279
2.75422742739
6.24795769178
5.36080311575
6.65839219341
4.08754224369
2.57202571222
4.4167200176
2.24573160795
2.60273188072
4.50334255628
-0.268752782414
4.06090210234
3.23977403259
4.38910410805
3.09442974969
1.61601990779
1.98946636463
6.89708403668
8.554670574
1.38991514343
4.26221562698
0.471880694774
2.26773887736
2.78132021845
4.7310280732
6.06711485494
4.94178781748
5.97959119494
8.0832500762
6.38367213956
6.80417601186
7.85312630047
4.71224029706
6.40265460482
6.9664627801
3.34309840695
3.1512504498
7.20264856983
0.42737005499
1.97577408129
4.70015282099
5.09561084052
4.09768793336
3.15774348907
2.89903122692
6.67105970761
5.33970838074
0.387666278734
6.08755216042
7.23964552401
4.58888108817
5.64751631981
4.87667064335
3.39783400709
6.49562516845
3.65949331433
2.97293952285
8.12152483723
10.1513339527
7.75858952511
3.73843621707
5.5179537691
3.8072186207
4.93566957992
5.3878192243
5.96436782103
2.90246385919
5.36591927221
5.83664441825
0.699541563057
8.2178920725
2.64016793787
6.82120060444
4.26460935012
7.34305310055
5.52428657437
4.72248578323
4.24020377339
8.88459824211
3.54240486836
6.86102696318
6.04834375765
8.74836448291
5.87871113346
1.6329873371
5.46827288346
5.42855627589
6.20314441723
2.0955528551
7.15530760994
5.250850209
7.38760447785
0.444650821174
1.36215648666
2.46232225255
7.34175693542
5.02915042079
4.01169391229
3.88151611555
5.55259862256
8.24358638159
4.44175379773
2.69753881967
6.41172028131
6.90742336454
4.04302408027
7.01962287994
3.22580372463
2.18714919136
4.3598707777
0.883751416617
7.23790157881
10.7816998601
5.03439804445
6.16398477663
6.09435828039
6.40978739418
4.2559186903
4.03477262526
6.8218849033
8.11427291372
8.39857483948
0.544794212772
5.74233545137
1.0751068951
4.65657736869
8.77834090675
4.10416470337
9.42577284725
6.31536792101
4.63603590238
1.45491509557
4.23907649687
3.41267125392
7.21977417703
5.30234563908
2.11616773352
3.78234446285
5.21151948431
5.75303573883
6.84306119523
5.04728933647
5.19812537019
6.66746708195
9.78347708216
9.10061053953
5.26485828893
6.99279780832
2.60681793415
5.29032167369
6.49915502343
7.2150771579
4.8180598161
3.51482498519
5.19682822709
2.30663228034
3.42575827893
5.48330865045
1.89487088835
2.27916167416
5.38671466311
5.97357193176
2.20929995615
6.15685072413
1.04152645305
3.35187926912
6.00085523856
7.5422116343
8.3222927983
6.35219503952
3.11265153179
6.62033883183
8.23642584424
1.59885975918
3.42350641282
4.61756216361
4.96226911602
3.42039793073
5.11197744702
2.46507808859
2.3463694295
5.38551384256
5.78219672433
4.50290057466
6.99252575607
5.41742382825
3.66682243927
5.22561408097
3.79145857121
0.837568685737
4.60350452055
7.24158622555
4.40318494909
3.50205076711
3.46464463748
2.68917510822
6.89793713533
9.67344739879
6.25321902432
8.80014328761
6.01929341567
5.07638774501
6.13783530348
2.16628345699
4.47460229917
4.31577671023
8.03508563473
4.16308265075
3.72914811187
4.13442244061
3.65511189785
6.6618063605
5.04917517063
1.44893692869
4.77464924262
0.917561582376
8.33431228128
5.9142452073
1.85972716356
6.29229941399
6.47193851793
8.78297054575
6.4815975258
4.79515693792
5.17204517517
6.97467494807
4.38755177527
5.98055512148
6.75412081193
6.33806702728
7.15616073036
3.64849057517
2.51174779493
7.17857067001
7.68643143125
4.18170033307
5.30371655445
4.77462785932
4.55070087216
2.44600628563
0.73664428411
7.43732614616
4.60652266913
5.67166152316
6.18851701226
4.78462896498
3.18839362373
5.23341543448
4.56052162643
7.42843730886
2.5999715034
4.78888420036
7.17243107107
4.61113639703
5.46881191335
7.99343105937
3.27387431063
6.15583726101
6.08071383634
6.10944840148
8.90293651604
7.77338713618
0.0517029943365
4.78481736583
4.76158791076
4.20645389052
4.27433640037
3.81600855397
5.69962986261
3.40472547802
3.38875962195
8.21764847602
3.09140979194
5.80729766795
7.49050711131
4.14159216668
5.36370215235
4.74963312501
8.26785872474
5.46836146317
4.50386477684
3.70051475689
4.60520738417
6.24676369887
4.38751878518
3.1565914744
6.37139862222
4.79799419041
1.69842562724
7.66809781837
6.81489083816
3.92643040422
7.64781180515
6.85148618964
6.68330409781
5.4196413539
1.56746584958
3.72805850536
6.04528860159
0.654690787609
4.36771839674
7.59357429387
3.50685370816
5.20947866828
6.10376454711
5.98570383853
4.08075398895
3.36851630686
8.05897190117
2.33072582045
2.83230121953
3.92041750724
2.86377034051
2.00407710643
1.98881989113
7.55611316061
5.6858847438
5.44748491937
2.81136371138
4.93065716041
7.2556466587
4.98686885833
6.28368977358
5.46747922437
3.42781279705
8.43474368623
5.60595117925
6.08802957131
5.12496612962
9.12134122161
7.4554682774
2.96656737829
7.17362493339
6.17879637511
5.56999424564
5.54194893222
4.496975196
3.39593413546
2.91815737382
2.99411471264
1.08467943633
9.14204005366
6.30501197991
7.88133338351
6.51274779921
3.03503348204
3.56605293184
4.70786094203
4.57658692668
1.22600624447
7.99298467206
3.91680003048
2.22391609346
5.43605616779
4.34558286957
2.93090812697
7.66187462608
9.88590885703
5.22345587901
3.54876645628
8.9341277951
7.15160123585
8.84239941749
7.20584530565
6.85454839623
5.63917053855
6.96103944475
5.27068748788
8.84859946583
5.82861277526
5.84372964688
5.66835352595
4.44520058615
6.60140338177
5.35055814715
5.82473083657
2.3054529057
1.96779443218
4.48524216738
9.73163471546
1.29705532443
5.48940818832
5.05979162964
6.69385911793
3.65390692053
4.69824535666
3.7383552963
5.19862685412
2.21732973146
6.28658702988
3.17179851416
6.10313179412
5.00594417541
6.40401537425
6.73703709477
7.35163063128
3.51099643885
5.85968981554
4.26998476603
4.60549820801
3.01888610129
3.71407473339
3.77479170045
4.58424987966
5.9994578121
3.23870265519
7.19647917775
4.00764391306
3.76304363633
3.83920677193
6.22253998407
2.20713886533
5.60772953466
8.58001096152
3.63151013899
7.85434837754
5.49908514499
4.84670942624
5.94564375437
4.69292600899
7.36542312814
6.14574421682
6.17579947063
6.02310726657
6.26348947834
1.54288546779
-0.144133439293
3.84607767009
7.24032566971
4.36084041199
2.62891960318
5.8128455841
4.60547847996
5.32901928399
4.62311715778
5.124579037
-0.801624480597
5.02825941004
6.73862686755
4.13689748074
4.3398912776
6.05423796046
2.95949787119
11.2787890643
2.02121358066
4.9548926958
6.95662663475
6.55364909042
5.64018227174
4.34068691105
4.49751463351
4.64286038946
4.15079070627
7.19227793313
2.59176595107
3.54113886628
6.65493346498
5.88466337525
4.23052973994
5.79561922861
4.99406335441
5.92663208391
3.02077801316
0.632629473742
1.88244142495
4.37336018509
4.10704996249
5.5149686348
2.6903452938
1.22046068836
8.57729119352
7.49765700955
2.23092073236
4.64263305434
5.00231122783
9.28425365608
6.6291258553
5.41516237055
2.70498343895
2.66157781932
5.92509314491
5.06210894891
5.68053898459
6.28900750172
4.49599199126
4.55578288561
3.18369367566
5.41114817827
6.54319891751
5.57266630869
5.9795250561
5.2135957763
5.82951439501
5.40885066081
4.74763158162
5.54347225364
8.35542952696
5.46541030376
4.82141702836
3.21363971436
3.46829605139
4.02690967403
3.16486436983
4.11754612771
3.75601627567
6.02812577843
1.33505499517
4.9233621589
4.24504602733
4.00877965404
6.45709131773
5.67881264471
8.16610071429
3.41624318652
2.73499404369
2.38219498378
4.20831625518
5.17627422764
6.77605080063
7.45280764918
3.97315510901
8.76851885129
7.13220576647
5.43028644426
6.10505497721
6.37739317795
7.16438353156
9.68081258103
4.02524585695
5.63657542276
2.92801765768
4.90999178435
2.34396848885
5.26563624353
7.26047816227
3.64344411417
6.29661984595
2.72206266163
3.92100465015
7.02709595136
5.64093779731
5.33019991175
3.93909322141
1.81592718808
3.7898527373
5.62633725421
5.54031109778
1.47632908227
5.19727754743
5.86371719206
2.53005632489
4.81243156038
6.3310233129
3.92502166428
2.18662701225
5.55023017237
6.10777720779
4.56887416513
9.03576000614
5.28205725003
5.9990572843
8.00571340339
3.80891119739
8.38094811782
-0.77738411146
1.3272527476
3.43759951449
3.88176058133
3.54351269104
6.55146926334
5.98041735093
3.8648920704
5.0296402061
3.61358952364
8.07554587559
5.09560168595
9.58258133494
6.16510294667
7.27804706884
2.66989960211
6.33358061027
2.58789072617
1.20347557166
4.92462223761
4.55187395765
5.08679862244
5.64870584447
2.66973200517
2.1712342028
8.77295181125
2.17614856364
8.28190227279
3.94459125593
2.85426880007
2.11027759386
2.26881868635
5.63873124294
6.04572631211
8.57812781189
5.86981049557
6.65269578832
3.02671854245
9.28927168961
2.12274163563
2.81445769219
5.26122469863
6.76498910951
