2.19148165886
6.14194845679
5.38628788169
5.56276088711
5.1948121778
2.59460649534
7.63946193691
7.63445711144
5.5621410954
5.66713957209
3.67417839619
4.63261973153
3.21714014962
9.11787804148
2.29361529349
6.81677866734
6.07269579863
4.24918401263
4.13417497683
3.84591484002
3.8258954144
2.75355453769
2.56459531311
6.60279447921
5.21691532253
6.33984550245
2.37301348291
1.51655767815
3.20641332738
3.77968918826
4.03589932094
8.41628692442
8.07871260928
3.02161897099
4.91369266229
5.17320781742
4.82423746047
5.40781659624
4.55410424443
4.85974497491
8.36835668386
5.18729213386
2.7230268872
7.90322461659
4.89137899391
6.08506373471
4.36646405591
2.17910199434
5.17881705761
7.92246051465
6.4016379745
6.07199269238
8.57016261598
5.70352438197
6.0826134235
3.31041066755
7.23731276632
6.69872570606
5.94560939554
5.06329525939
5.05200987536
5.2816051208
5.69419401338
3.36965172342
0.345470343877
5.45529157534
5.50356794687
3.84027159592
5.20030898068
7.69314406602
5.02045454601
7.12753986907
3.32501534664
2.12272499102
4.82491308311
4.70052974974
6.0250121305
4.5019123887
5.29752005965
1.81853750244
3.84185530158
5.37296173906
4.40530784276
7.67606658112
3.74403312685
2.47077102519
1.02761043212
5.96034258696
7.57805587712
5.00281819252
4.82248010923
5.82916299221
10.6305709146
3.53882037699
8.35177042155
2.42697916628
5.41100981286
4.38448478998
4.76321019518
2.13129385938
4.46932028447
7.19520024817
8.55928414107
7.46781794319
4.00119247755
5.00792769373
4.63629490382
4.4809844489
3.57919787969
3.3450173741
3.02559083516
5.17790092125
7.78738444424
3.89956179049
7.74680924438
4.40181342132
0.859974789973
5.19296088753
7.29798102
3.42671877957
6.8574748923
5.49212425324
2.8929150686
6.05028804614
5.27118652814
5.90811376608
3.30253887351
6.59759460965
5.72988425957
6.18492964943
6.00358144304
5.52071479354
4.23572397205
4.43717849227
6.56841449522
5.91614065224
1.94263755019
3.28793067216
11.7714712244
6.56374740945
3.00531567783
5.16894375214
6.67469676729
2.60842931505
3.87650505083
1.31848864045
6.71387251543
2.85783508613
5.06189393195
4.07491236875
3.85556821396
4.65126131545
4.56493580929
1.70432728333
3.16838144701
8.66056693503
2.9659820433
0.960401620629
7.50409649494
7.2476186074
6.45424926168
8.0523165238
4.53254709158
4.16979448416
4.70528385296
2.68432072271
7.07348237415
6.07041404906
4.82005964809
2.58310591538
3.87787534905
3.63774116622
3.064623128
3.44796374782
8.43058617648
7.17224857856
3.10070422559
5.06395506568
7.96915820497
4.5997797758
4.14978912464
5.3070504456
3.35222921716
7.63001205875
4.17076122032
2.15756834657
5.48879320461
3.484485632
7.27123683413
6.13671411272
5.87454505407
4.21476592117
6.61039547296
6.71757219341
5.95452397955
2.68364204576
2.14772150358
7.07696451605
1.75678246539
3.49385348277
9.18000152808
4.3969032007
8.96630217377
1.79989452513
5.77431165614
6.35847617547
5.36496476046
3.94439652859
5.35599327467
6.41982415066
8.16115428657
6.58569649018
4.45995931855
10.4873606315
6.74062032691
5.53010054613
5.87874900033
3.82133633809
6.01560370067
8.78436455376
3.02059209812
8.68529725319
3.91466165363
4.23217721456
2.83483778064
5.50302960885
4.53994093356
6.4643770515
4.69451476574
1.78875896143
2.73986930504
5.10093471367
3.37131548551
2.82530713876
10.6535727889
6.7933392533
4.72229155003
6.07881601378
3.50288877057
4.90676723512
6.81637607849
9.39802310231
4.86330757303
4.37578301987
3.5067572862
8.44407513889
5.32749980066
7.10908326223
7.85386270185
5.51632035438
6.16346715646
5.56734380343
5.21786376644
4.83383642576
5.02786415479
5.84053847336
4.49697541956
6.87139747712
1.63119605263
6.61047562947
5.50740932862
2.2762964994
5.3989508455
5.01376276927
4.79127116825
4.23742925517
6.98529312342
3.58054292976
4.44330054653
2.09915684062
4.11618597697
1.16865818599
7.25708611423
4.22650590832
7.25562893691
7.97830732847
4.53066897967
2.41453369083
3.33685944338
6.65229387798
5.47461126433
5.42381856882
3.07497252685
6.53127869587
5.06911353927
5.79408565663
4.03626198703
3.16768783797
7.18950770282
7.25788190506
3.60092246198
5.83332299395
3.10108819689
4.00925174305
6.54217704034
4.90682153781
5.35014607456
5.57315014396
2.99964160801
5.79000758639
1.25520853787
3.22444309329
5.95959274494
10.851314964
5.2408048047
8.6412646546
4.3343811457
1.75979836517
8.37358722243
5.42133018434
9.7510686534
8.33703264546
5.24861355981
5.11495454229
4.09193367035
5.35645249628
6.40160110108
6.03414020307
5.00876885873
6.80865622955
5.15837649172
3.52102876354
2.83168385198
3.90199455414
3.87565499065
7.1660527642
5.87269623831
9.55280061536
4.812732628
2.01480936212
2.905008656
6.01596094427
5.83637892044
3.60138142904
2.15989457236
5.33040885562
4.68433786023
5.47906219119
3.76986985781
6.24684670478
3.79125615094
5.38019113333
4.73058126138
3.8034299005
5.43213017006
4.44266661157
3.17409096734
6.32401466902
5.74858290216
2.59511910471
7.85934416596
8.67479544326
5.83534215021
6.32901679093
5.79198316069
5.46588225001
6.45029172086
6.52061414133
5.50115102411
3.90869678649
7.26292597984
7.73529189166
7.22818807031
4.62446752585
2.86903482662
4.53034054274
3.64251712584
6.99208882183
2.74749205848
5.40912247772
6.55519739271
6.71045819444
4.2237784394
-1.4997558963
3.94908161644
4.00321959706
8.71238337965
3.99485816812
5.03233223193
6.37286501328
4.88164560885
5.10310335137
3.00913078169
3.8406159163
2.99486803612
2.07977133138
4.38527849202
7.36733386294
2.27333613037
8.79126331943
5.81466709655
0.647128444922
3.8826544431
2.35785411493
2.3948735952
5.28818179434
5.06751219789
5.48368339627
6.0011711267
6.40891977261
5.74518221364
6.60258201405
5.95202902841
1.52829769443
3.86319874391
5.13748998121
6.16655968528
5.45570522102
7.90099767954
1.00672732098
7.4920215713
5.68227117119
7.97557197766
5.87293159518
6.80271283024
7.24306310394
2.27418347253
4.01517548315
0.59306787377
5.42706631086
4.4140543454
7.89508109361
8.04813494594
3.29521132625
4.35064638766
3.84632786668
8.1575910142
2.51421567981
6.5369618317
4.29907292897
6.68368927815
8.28291510323
3.80349493064
5.0470447628
4.84331538682
6.29159813751
8.39945916686
4.24082147354
5.84817694329
2.22706477128
7.15089543774
1.77878315713
4.32086428104
6.23614456689
6.46257002311
1.89278759448
0.494842829003
7.08721279843
5.4605405401
3.54359724154
0.445809924454
1.92685220536
2.25391611921
2.50445679401
2.16262970225
5.16317191195
2.54305099068
6.82742374454
9.0476531275
5.95509693758
3.05232979952
7.33225629392
5.88439500715
7.83148300739
3.5386470225
9.67945353205
3.26425528979
6.53604180868
6.44475050395
3.25458644022
5.37987199806
6.48488311328
4.88554030317
-0.565831092009
3.08333584921
5.02094289913
5.02547790096
4.10716020162
4.79842439513
4.15673162927
4.24141373888
7.11849199019
4.81554584049
4.94631622444
3.95679747551
5.50448781258
5.09388954659
7.3462505823
6.19420748447
4.23549729109
8.27842825207
2.72410155776
2.84586351048
5.43191646747
5.43192645007
6.65405004521
5.79115530608
4.71938117953
3.22668253853
4.605318978
5.23935465629
2.31629774974
3.34954650796
7.47738790945
6.87467894435
2.48791266027
2.66570405994
2.53014898999
3.48813163711
3.51966393946
4.51613636674
7.83298519268
3.61918530067
6.4840641629
6.79844730265
2.3458552827
7.08646411606
4.80866319472
4.56718463389
7.39345864489
7.28694290005
4.63663468649
5.25165733169
5.58865262496
3.84011183128
6.86049038518
5.36689951956
4.50138799048
3.74005663895
3.27117250315
1.09394723968
4.6325407559
2.56741385995
3.99374982303
5.8717582856
4.82730382782
8.19192035541
6.23965694847
7.1293182932
7.91732814669
6.8336788369
7.40820396071
2.67244894309
2.65181558515
4.11079071198
2.81176021619
8.10974081966
6.93140254682
5.02549038296
0.936691320436
6.56876993307
0.424946822149
6.87081584355
6.18063061895
6.36642014967
4.73616983224
6.0974888856
6.53453480864
7.06856720849
4.43673461117
2.48072584538
4.02709685691
10.149006183
3.43642119563
6.4260875846
2.70126869344
2.47212855248
5.49064857816
6.36873025617
3.46044347063
2.0150893246
1.8665442463
2.89760371986
3.51313648748
1.26511817379
4.56177312415
0.939565654437
4.75352690729
3.02811258068
7.13477695376
6.89466963864
6.5014534246
4.32382585437
9.88557343793
3.2875762596
4.82651754009
7.80520710003
3.72455848135
8.10445840054
6.80663721519
5.97946772914
4.54401654261
4.55407787846
5.48085870551
5.14455640169
5.37487640266
4.16297527315
6.87951189872
4.11369091667
6.22510900516
7.42611203458
2.48256091757
9.61807077689
6.69273122163
2.56126888145
4.57597812798
3.4636590521
8.45821433063
5.83416482393
4.38873713412
5.60784790506
1.67139414653
2.81006095605
5.81247159084
4.58080335318
5.94209199354
5.55933764241
5.68094005838
5.43888929312
2.16920010184
4.03299723955
7.01231870362
3.58757622635
2.21150951045
4.61643084111
3.75038542398
7.73121473481
4.44625904475
4.5788169133
3.16529571053
6.00961000768
4.61240822707
7.87116998712
3.78138694136
2.12336015473
3.59548160248
7.0998893535
2.8254292914
2.38968789748
3.61285020883
2.93016585369
5.01955140153
10.1647878632
5.16171441816
3.1782310228
3.45792938997
4.78061134257
6.27835836432
7.03139492886
2.72203090191
9.29661151825
4.53692947851
4.61171917456
3.39078408297
4.43977718425
4.71980702239
4.03038234629
7.82374247756
6.5045322873
4.75972062622
7.12719949362
3.93261562208
3.7505734634
6.61803643299
7.36856704361
5.70170042372
4.18451715231
2.2770160749
1.89867971696
4.78753763518
3.70265063384
6.92062850437
5.42655716954
5.65625325299
5.49406338218
4.06338516883
4.14123774938
4.50473723331
0.480634353358
6.33394023802
4.72051403633
3.12057067224
6.47027357797
0.758186821894
5.06474438703
5.45959319968
8.2963889799
4.35943976102
6.25798547859
6.87522789721
6.38077162406
5.68473714132
4.41383374706
7.12654045978
5.34059576422
2.14695386059
2.55047366844
5.12664473817
4.29649347265
5.7495383447
5.04949887494
5.56223835807
9.10391814423
7.93701402651
4.17138185671
4.97340906082
2.27795658932
5.75336474283
3.80669634746
7.5014090413
5.30430363332
3.18546666235
6.21371660497
2.80597131981
6.05677982665
7.73616274701
5.66285635687
5.15263669473
7.33833406783
5.28852387551
3.95346838791
6.33429016302
5.9299037428
6.10098364165
5.91540990529
7.21274600819
1.20172710438
6.55981548305
6.25454800186
6.2677448609
6.63789695419
3.59422805778
3.06145157533
3.51993510366
3.6746028664
1.69560153375
5.93527174901
1.0738076363
5.84130541635
8.28917353275
7.34323855302
4.69281939362
6.04205012392
0.442711320506
3.66289492178
5.93911725783
3.44342826518
2.17741257596
0.140000881583
6.84806326065
5.9429817269
2.82480800431
5.40023289443
3.5538453561
7.11712031139
5.38465955773
5.75400823762
6.66855611235
7.49812766815
3.92635406106
4.52462876347
4.55759681199
7.66837922464
4.72446633042
3.41020223258
4.65550509146
5.56564476465
5.1678201587
5.32763491598
2.9167425674
3.1026511239
3.54140326395
5.18248678492
5.46798147894
7.64116208234
5.742535762
4.97360961475
0.984521511014
5.56889182876
2.73843789547
1.65609247032
7.27157687478
6.29554153945
2.81719002963
6.63763193508
3.56485718794
2.44480024399
5.44401359949
4.53940273089
6.71875132425
4.0711703736
1.79926167121
4.57752899146
3.09240495902
2.76724966727
5.880580409
5.85117766553
0.54308717915
6.70709895329
5.04536098416
2.8808649309
4.4267201625
9.67364032609
6.27013607949
8.70520406991
4.6407654856
4.98488006463
7.57058634174
8.09508604554
5.33732902234
3.32266887528
2.91262521398
6.6510037452
5.7037329995
6.35915661333
4.84371471668
5.6900300119
6.48808699259
2.84350651258
7.16395325295
8.39638466122
4.8758075089
4.40173320259
5.21532617903
4.98856550074
0.36119217037
4.66317595271
5.96637008046
4.80889096786
6.69608146084
3.8667994864
4.96579124457
2.12812000839
3.20849141129
7.27305954719
4.51493305324
8.07052614438
4.20937723082
7.81943093626
4.83953237468
5.51022049177
5.6927036588
0.705110472704
3.98355574738
4.88354379457
5.66636653358
7.36719023341
3.29484269818
6.19782371233
8.5908145001
3.96752026002
4.57066775615
5.81104613712
5.48976261477
2.9966190469
7.94835564215
7.67248238094
0.988449691958
4.05415134605
2.5302638422
6.18216289945
-2.55225105107
5.74156769762
7.56822455483
3.39494176244
4.50230269167
5.12131884386
1.40648111707
6.06829651952
4.43904388362
6.82854634509
6.8522667995
5.72173359993
2.70215812112
5.08363390865
2.77004873758
6.66566550639
8.21130395387
5.4788208304
4.21762268137
6.70181979774
5.8354127263
5.56615574474
4.75513871188
7.52458237072
5.79485365273
2.86110572003
5.64280110543
4.18602613006
4.86411307705
3.39405579483
6.87900060843
2.35787901331
5.5686858679
5.59876362562
9.62500275554
7.37375269391
2.93483130938
7.49488918416
6.16237645178
7.68738320258
4.42435021707
1.80183678379
2.60766483918
8.20386907186
4.32578510318
1.21616340088
7.51559917717
6.72754462802
7.08273048855
2.32543212545
6.19974714299
7.93200858164
8.08749719421
9.98946852377
3.82890202747
5.74665025618
6.29143657999
6.23987139648
7.79412632815
6.13911961131
3.7416521816
3.07972129109
5.46082966692
5.70350605787
3.17204924503
1.39228481499
7.32298684753
2.97058946882
7.51164768676
3.4661144912
4.5525772577
5.22036936456
5.92794600058
1.49291378247
6.40142416695
6.18540411745
3.29270211117
6.73578072277
3.79905201303
7.24245031434
6.03290083626
3.65689680597
1.919571098
5.43275287204
5.65236296805
5.14505188407
4.21556271983
6.51829653062
11.4134635248
8.00868756176
7.50303922442
2.92142159431
3.99899557494
5.86520309471
2.81844123325
6.07343762253
3.221723987
3.32094800297
6.40935529802
3.15045008528
5.41715452051
6.77445768896
8.83188327238
4.82771418413
7.05097868325
7.63961036664
3.71318314917
4.72844480895
7.28569228988
1.6792668493
2.98366169705
7.73389327553
6.04105265124
2.66977299837
6.5613272935
4.0035591092
3.42802576699
7.22609928576
5.32585191272
4.77279264346
6.55283526155
6.0522224722
9.84280283016
5.01089090714
2.91202930626
8.18507110296
4.43585151057
7.36859842944
1.9237642811
4.83245530331
6.47647402238
5.85232698769
5.1369257214
4.77193979116
8.4932309187
5.50075933874
8.433137741
5.14774841493
4.52965751762
