5.11121671558
3.24499528039
7.83854454112
3.4730651313
5.26294575652
6.78586672432
7.79131698456
4.15950126222
4.04317697142
5.21010326852
2.2499645458
2.5679655747
10.0851204537
5.43814706096
1.1532988028
7.15546399922
2.84358318515
1.45430505469
8.56710458824
5.18070985419
5.51095615462
2.14958522261
2.87727341559
4.12170202179
7.58719413339
3.63398903427
5.05801723792
3.57644381293
5.37568469827
5.29170529972
6.39790736889
6.10115461013
5.10364701146
8.33892433087
3.19471565343
2.1203468903
2.42272639466
3.13587182818
4.40549486604
5.18444229707
5.81878566493
2.50846945078
2.2457872573
4.47605038948
4.39579754545
0.420117236497
1.23538025474
3.24155836439
6.20510472352
5.37807374871
5.7965357554
1.77727263362
2.7906055422
4.2287487101
8.05817556048
8.96481839524
5.30154199545
4.90388187031
5.77845180582
-0.145907079175
7.07239949021
2.39986362891
7.21313610308
6.01711486087
7.94663243248
5.83324686831
5.28204453951
3.59138038965
4.72427404229
2.34116391376
6.49386328995
3.1393968163
6.7230460787
2.63682724308
8.65416531457
8.67058707458
5.03036822139
6.26726441459
6.02126088618
9.73447788263
4.30316609942
7.95660910661
2.57967934076
8.02386515635
6.87429737783
3.43763027818
5.18598210749
4.47064210161
4.34189364274
4.72835586236
1.85120479127
6.10550610128
8.30707264933
6.15302751923
3.24351150646
3.64773931604
4.4822858675
1.91484226036
2.18064271205
7.02060993238
3.9070518896
4.49841492747
5.76406527701
5.99008774591
8.52967718192
5.48661402343
5.82701248679
5.58524926235
4.31076711236
6.64917059027
8.3150256984
5.67348687325
2.70788261063
2.72568914088
6.86495083804
7.29291850766
1.44004163478
6.49244831005
6.74233188933
1.50269589847
4.50196579206
10.0264072508
6.08905369893
5.60341508216
2.55248236853
4.78244802569
6.27526073694
5.20307327843
2.21955489917
4.80562321723
3.57450494267
9.98121434472
4.83811076786
6.53389918609
3.14198055752
7.67147715652
4.26141266442
5.24077815712
6.88565508352
5.68654331286
6.36034771319
7.8163620284
1.57456919332
6.2524328297
5.64776749042
8.26307484435
5.79693151943
7.98881773136
5.79105785835
7.56156749206
4.31234299283
3.99614839466
5.0097123914
5.07273088392
6.98525750689
7.5024762995
7.91222544203
7.53060894341
6.7317835418
4.97409863427
3.63971360151
3.86104939019
7.1485839617
4.76889061047
4.01048128806
4.00232600777
5.49547851196
4.77679933128
7.72484595727
6.40564380605
3.62548281495
4.98216857685
4.89279808705
4.24521488197
6.84893519537
6.33732283117
8.21600588171
2.47308912146
4.6149485416
6.95077385765
5.17117613393
7.86677524939
3.51924812617
5.02088499019
6.05701394924
4.70434259288
0.0146530800231
4.04640995086
7.97875116676
5.19525511026
4.27754346253
5.02449555109
3.99086965917
4.96341138653
3.79696652847
2.24076097944
3.34349330259
3.48864166531
5.34610339526
5.81171854548
7.61532273384
4.97626461103
5.17347308376
8.13897953229
3.6909178007
5.32345885264
1.61231770932
1.69560714414
6.26330952494
6.22100706421
7.80492673674
2.40268121209
1.20813546222
5.75609488164
3.57974372662
7.56363937437
2.20334625042
5.05857072489
7.28332201405
5.19019730745
5.12779807673
5.70938984446
3.60707299978
3.66435383386
6.62267923253
5.79483515231
7.53468406036
2.69630911808
8.01087735668
5.83942182772
5.70111158073
8.34494940341
2.02585405895
5.28964440425
5.19916480122
5.52045474222
3.05330498534
5.08608951206
4.92761249761
6.32503693423
3.93301147965
5.70397551358
5.48704557606
4.84462271496
3.65435817305
4.88398880483
2.23395253498
6.04297266399
1.25740011339
5.29897784494
1.31426790945
6.48973510791
4.78585084419
6.48665817263
9.7733661835
2.23223673708
5.83454711677
4.75482113102
5.83348118612
7.39415085541
2.49435725332
5.46992384838
3.07559110481
5.37118012868
5.22920903027
6.77181443522
8.47317902896
5.49331495343
3.98260739825
5.52913239043
5.9136127175
5.5095645848
6.35524794781
4.68092105895
8.36822831671
1.57249050373
4.18784057275
4.97419102297
6.43975524376
6.44882845428
7.7574482717
2.66144429404
2.84607321265
4.72572979999
5.37173148549
4.46412902046
7.11531824871
3.32886287809
5.148111753
7.09358618533
3.36035926443
2.7099624321
6.18324994962
8.67015222658
5.45962302085
4.73235454379
0.952505902349
6.53727740009
6.39506573542
7.2103209007
6.06470040364
6.03152457249
5.14959670433
3.99233865028
0.75802609358
6.57695875811
4.51879207032
2.94343830496
3.81817855095
5.10534130992
3.74317638282
6.93159199398
7.91934567785
6.47703239546
5.68877458903
6.13863399608
6.32211647639
5.27732853506
2.79998113957
1.65743213314
5.57808731926
7.6247916776
4.77159474628
5.1659485451
3.21933159122
3.10315754949
4.45084343295
4.48741128739
2.39756828411
5.92810075255
1.47869488985
5.11713886267
3.36222744558
3.29046390996
2.80486383165
4.1222341596
2.43101625662
0.602735584966
5.11715905045
5.53210587376
6.05525217452
4.34851976329
6.79138939387
4.4060399995
5.40237728829
4.3270017923
6.35874727453
3.2060386546
5.58999925611
2.22537314863
5.24473276594
2.43575702523
-0.165581741389
3.78080845431
5.28409757058
5.290435677
2.03921364829
2.62114279392
5.45236362859
0.963431900159
5.50941729327
2.93014769516
4.22835364289
4.59822568072
6.10063150338
5.55952018318
4.88970199646
5.05548666214
7.23592435754
5.84063729691
1.88133612636
5.13014605153
6.00940324277
6.39435249194
4.01232289843
3.44399239492
2.18873351913
5.71127858532
2.45693314297
5.50106986331
3.35248509582
4.67849868392
8.45519454806
4.12292033637
6.53468198967
4.5108017734
4.90876961619
7.36299054553
0.747612911047
4.71856991873
3.70112708723
9.05122463962
4.70921683675
7.37207536426
9.77316069152
3.75559184604
5.52368585713
7.33044004219
5.56244827764
8.81952736833
1.9011474285
3.4274835802
4.11426710084
2.74665511264
-0.546002888182
4.27957613024
6.01329859384
5.81741478625
9.15178496767
3.73256332163
5.42251842063
3.73906249387
6.58065916458
2.50354977904
6.37471850732
8.56419740845
5.54848899025
6.03427815296
3.54957912935
2.39270447546
2.41288236125
6.98838163678
5.33854645534
2.89175753089
5.64801959922
4.45489776445
6.1346456058
5.92265098653
7.14050197236
3.46633535769
5.14540942301
2.90557207406
5.17259520969
2.16036804234
2.59536413631
3.02028463397
6.23372897277
9.55413851421
7.58320068409
7.27201486986
6.70093145947
3.29223377556
3.77499618742
6.52449372136
7.75476875477
4.58066567314
5.60375537658
7.33450714086
6.3639064795
0.985827674369
7.63509513162
2.20269716857
3.76493173619
6.2344512588
11.097917351
6.34519492271
3.12839355804
7.37539665375
1.05273929423
4.63717018013
5.48623154511
4.16155014958
4.40917889962
6.07139763002
1.46604856207
4.30838071612
7.36558634499
6.72341123442
7.06404662971
2.10605840929
9.08474442224
6.66480188849
4.12056485374
4.57489160838
7.49161598788
4.57551484007
4.15290852103
5.94549282251
6.90781143474
3.4661399468
9.52133707395
6.1738668593
3.8393001743
4.96816226761
5.45789959534
5.92034261637
7.39215655768
4.41801455403
7.11255736018
4.43861912625
7.98301539375
6.67965431598
7.19771046982
5.29163936836
3.5160533027
2.15124827036
5.53097654543
1.48108976886
7.26657177527
3.04492632592
4.86524872532
5.12670487017
2.13748380894
1.3683865932
3.09190569879
2.09167519623
5.10028262477
4.43687158125
5.45798926379
2.30204227543
8.20364486758
4.58847381758
7.94874434402
2.50855054035
-1.07927041543
6.47279549255
3.0048051616
4.94005997968
5.11332366151
5.59023211004
1.54215223794
5.05766663966
6.70413666948
6.02908038439
5.3489774342
0.83413463696
4.35690407457
3.9514478346
5.77930389986
4.28672665748
3.64706578624
7.04656083693
4.30481178277
4.10988199684
5.27366111619
4.33109000129
5.24319331487
3.62292461605
4.58266011521
3.4598632116
-1.44473241509
5.8051993459
3.29291031246
7.17544533159
5.49753789902
3.10177687196
4.87604139679
4.54707258807
5.63426216086
7.06065803939
7.7875892791
7.15337427972
2.40759069321
4.77080977236
5.27963434936
7.42462329422
9.4522107854
4.37601329204
3.46518042024
3.86550548241
8.57808440747
6.02950313974
6.97608040578
6.29410351409
5.34100995018
4.62606409538
4.17373367493
6.10581423933
5.90280189394
5.2498507158
5.60200898892
6.39484323743
6.70970837657
6.74806073505
5.62546047619
4.34746573264
5.06544767136
3.59573040532
4.59016186195
0.657475702609
3.99362893894
6.31803864484
6.67607487968
2.49914707145
4.01676112867
3.74567552248
4.91078290555
10.3672303634
6.43046778284
6.61664361299
4.05758025784
8.06272468665
4.09722087286
3.77616640954
9.49342897403
5.96763608399
2.57619371099
4.64753773636
6.38812145234
4.46643448452
5.60795936457
5.76122172421
6.44952070269
3.97309432641
8.6537126834
9.04308866647
5.06263741681
5.18460226784
5.63429610016
3.26960985589
6.54611329267
1.67251537111
6.7686080276
7.24840704427
4.40258978162
6.21514403603
3.98220023418
4.60053970088
7.22588643113
2.92819946995
4.06254359664
4.25837130037
5.52944702898
11.4882839497
3.1486660994
5.24149891967
8.75242282246
5.718702418
1.88123176614
4.17524171381
8.97953479483
5.00918400526
4.96832704061
2.61419093737
4.01046711865
3.99221358758
4.04971486687
3.6723650718
4.75376470166
9.39889652313
8.81630205632
2.37713579377
2.96955724687
3.9361804506
5.84214570521
6.38384908506
4.57041074269
4.87915275339
1.19463816091
0.697971805784
5.83299539274
4.03690622864
5.60135937306
6.83622537813
3.15401168225
3.36821192207
6.3173214985
4.98834439807
6.14937087433
5.38272426456
6.63639372951
3.82421123221
7.56740308748
3.05827159202
5.17670400276
3.4716835217
3.8291636146
6.92765523472
3.59226583814
6.16334697804
8.07134280709
4.72992997463
5.47168867641
9.0847560725
3.58774498603
5.51165471898
4.74806367905
7.65685731809
6.39372186509
3.51717111613
4.57690092164
5.11727949141
1.67591418369
8.0118324626
4.7936052554
2.86933640417
7.47842419241
4.03785745246
5.88202567522
5.16490311639
8.05822091312
4.87550346077
1.75897713373
4.44215637249
4.57988380699
2.4718919612
4.25705576601
6.97772979613
3.83453561765
7.66869775116
2.88174979233
1.41699542584
5.87842658753
2.84840998794
2.82696192836
8.15408195042
4.4292540113
5.04255170773
4.24188820915
0.687693033246
3.92818049329
4.78243039301
2.28482644175
-2.34607190427
3.90157891135
3.20244083238
2.15682030392
3.44223795106
5.87993747167
1.27915572137
5.52412419748
3.95845495629
5.43147251841
3.84616420838
6.47858510308
9.86427104671
7.04492833841
3.0571544013
2.80583613648
4.2170859015
4.19470771865
7.11374737159
3.34124584854
5.36649050362
4.49796182696
8.20258853211
4.74595337746
6.13473968421
6.46295114809
0.970938543203
3.15769241692
3.56996877777
7.32735166574
5.87881214892
7.18703409961
7.48395299572
7.59331663275
7.05499109015
0.792926243064
5.57071476592
2.79469909353
3.56687078071
4.04606781045
9.28046828935
6.64253781465
4.91578914916
3.60523757642
8.16019325672
0.0874078347914
6.70134747436
6.00756793812
5.62078934317
3.31630061565
5.11591869126
1.95451463931
2.10799242956
5.81962725608
8.02663858495
6.98840373944
6.37479211916
1.19408983581
3.15814991693
3.86723090578
8.65878822731
5.22827628214
2.65608771076
4.03031978089
6.26444456946
7.34642793414
7.88079146222
3.623214758
1.68892766827
2.26452873152
4.10220158104
1.94339426227
4.49429897136
4.91926674449
3.09498997948
3.40520058034
3.31303964932
4.43907224202
5.77891559504
4.06829714885
4.26512305005
2.65985164538
6.18707563962
7.21784898163
5.2457652272
3.62251629514
3.75282207603
6.31235229131
3.68325185846
5.97825198801
6.98364408286
8.38195854018
3.35819166356
5.58465242831
7.05592447348
2.45496195992
2.67075840918
2.00497191813
6.73257724832
7.05327886
5.00967790016
8.95417004873
6.26319597665
5.93646050345
4.07661602919
4.52836860695
8.74942068452
8.94794648642
6.12787050149
8.86973373057
2.73037523427
5.51857131759
3.51708521024
1.77441908355
4.27250652666
2.13520675533
2.11313513784
8.87464075877
1.98466380435
4.62870655485
8.10323064683
3.81638145091
3.74851729705
6.57861676863
7.93178527987
4.7293131538
5.36672763325
3.84242318062
4.76491105855
3.00591379456
6.82120668718
6.3456778487
7.11592826564
2.40461603352
4.13145400937
6.0275032147
4.21272240669
6.21248182753
5.41332096416
7.92232289719
4.61528324945
0.916298202067
4.2444708048
6.064174558
5.43091577751
3.76900080702
4.23830698816
8.09112272579
3.70544600614
2.28614949938
3.26604910805
3.62510811455
4.3273373577
5.01229331484
5.61560719658
6.28187087338
5.59698069128
8.86116837815
6.40170536199
0.145081837512
7.81279629256
5.27979573123
5.07783012056
8.65911512827
4.47874905819
4.86044300752
5.79976514547
5.33505010763
1.26861537907
7.91033361311
7.01021483101
5.53168376822
10.2201520616
3.34897100565
3.46272250339
3.23342179278
5.87814649681
7.94697693392
7.26525243867
5.50705643539
4.60328472108
3.54962898803
5.63492984861
-0.76698235143
7.3162348431
3.31802984854
1.06033051272
0.271708518654
1.99568756904
3.41670416749
5.37646053237
2.46829137213
2.75600135838
5.05488035192
5.17569380862
6.63677956249
5.28499981529
6.01270264488
4.67377957507
6.85649199673
3.18105944126
2.46094824625
8.43962235226
8.15502944899
5.73655720259
6.40424694179
1.742517993
2.63993670401
5.80702891877
5.61679703965
5.0969809486
4.16154497634
5.51694325837
7.75606096228
6.64364707027
5.1935266238
7.20393475896
2.26028171231
2.810140014
8.34188562338
6.69398569081
7.66783949751
7.29127567125
7.22289134677
6.43021646526
7.03980848719
5.8607488763
7.59290717536
2.63411344032
8.62343227676
8.02404052799
3.17472255551
3.9413549932
3.85511644693
3.77694577102
6.05697903456
2.77019787952
6.50808919734
4.97618952187
4.71968355623
3.69992362245
5.18756069019
5.80737411921
4.18537121623
0.505053496897
7.63953947141
5.89692104193
8.03310340082
4.76255405075
5.05338098932
1.08258339016
5.90928440117
3.75163045668
8.08687652946
6.03048036109
4.95444877471
5.64834981713
3.40063352779
4.80247228247
4.22969471834
5.70952546462
3.55091906217
3.09204475057
0.674077795221
3.52411372935
5.94948752881
-0.660630304209
3.36792341964
4.6428781784
2.7837166978
6.18449201274
4.32748687952
6.10106123065
8.40468871627
8.33793725346
4.95219375017
1.09905264142
0.761484762271
5.46197800332
4.33069084185
5.80637682531
5.69163759293
3.68280846018
5.07238983806
3.64997347128
8.52400448366
2.23888920411
