3.4877362328
8.16291038427
4.12408960181
3.44405482898
5.13892977029
4.08957443061
9.45981419963
3.94237367075
4.67045326886
4.3707854351
7.44945078338
4.44151224985
4.1306698516
7.19192178282
2.50065347692
5.25438199999
4.47685288483
5.87115643754
5.330776944
6.14590114799
3.72357042398
4.66566321587
3.83650881929
8.46150794177
1.45940167855
10.4068397021
3.31380428406
6.96250558438
1.7397760133
4.38912646704
6.07520349794
3.69989011095
5.00115820924
1.38192949623
2.17924330593
4.50707363815
4.99731068914
2.62643903707
4.4421474955
3.07298378945
3.44964883119
5.10433507674
4.99876024881
5.54347491861
10.6089950233
1.31590922885
3.53548919084
4.17576776899
6.6972971379
3.70291712057
8.75848907574
8.75636655289
6.01900386778
6.49642569384
5.13010103233
1.45149818279
8.14977006935
5.61570730518
5.13954840954
7.18002222968
4.5267553887
1.22676318976
1.6374468274
3.28028460012
5.57326161498
4.67136118145
6.27696102796
5.68731413758
5.25265288791
4.63278629302
5.07955781761
7.69958546592
2.75745459478
6.01126554628
4.53735000844
4.62036261003
5.97698320674
4.29785271774
2.72679684375
5.93094919946
6.89308251455
5.49899032833
3.21956471135
4.48389677745
4.15428131651
4.506280692
1.75440010947
8.63553822855
5.56463833763
6.132685463
4.23167142857
8.20770502083
4.47222222767
1.09201302783
3.8014712134
5.71242089884
3.76594670711
4.69283653809
6.61931055424
6.26615049557
0.566446604632
5.50003748679
4.02769016767
3.55420870534
3.84164512754
4.05111107347
4.53027773044
3.75436322709
3.22163274058
6.35532972421
3.35077388522
4.37286740608
3.84356113224
4.38993235746
4.5270954179
6.25632504209
4.09582033864
6.99081438777
6.21505899706
3.09430671335
5.51523538005
2.11028479813
4.21243123587
7.0379237809
4.82752542833
7.67961050712
3.68938386829
3.64975741986
7.40116148261
6.60041916028
5.82801026461
5.70760867073
2.61578739722
6.0828068831
4.75932754811
7.080031574
5.52222142184
5.42795444731
5.34274006751
6.66437970898
3.79121966007
7.22559156908
7.54562181552
6.94348305603
3.63237948034
5.31256273649
3.55383781999
3.09170527054
8.54093225249
5.33683265662
5.63248686084
7.02170429423
5.02541715486
5.74195410907
7.78380444195
9.67023360293
4.23398814596
4.02469569518
2.60985980513
3.08568173448
6.23631512817
1.93244070221
7.65400425795
7.85785183024
6.58403605025
5.59872181306
3.28369572551
5.77069213769
10.2979130065
7.64711216257
6.76252240748
5.23820778101
5.63301448911
1.68221112581
6.50178824101
4.04539496652
6.7673154028
4.7937424363
6.50358917966
5.04276354971
6.73253611666
2.72206334436
3.03477246815
5.1176340737
3.63254033754
6.09407620344
3.57430543176
2.29059479842
0.978426319841
4.29768962116
5.35220507034
4.51378251686
3.58389622722
0.562808197157
7.00234045573
4.56006268393
3.75507468389
6.12155599851
5.45646353903
2.5857098953
6.97041443517
3.00083090078
3.61727571461
6.2841235325
4.74724692736
3.88655132604
5.03127802164
6.25546831483
5.2165447497
6.46620984902
6.07234500859
3.69717025885
4.63534588508
4.50318604741
5.49871340242
9.77299373484
3.99310686774
-0.793895096017
4.4914945436
7.2586252327
5.91749624029
4.73585739506
2.87103563622
8.17956322683
2.6667035526
5.1519397559
1.74252649342
4.68200891039
4.07241552084
4.30372289793
6.04931219898
3.88029809111
6.2234806879
4.91084272962
7.70368060647
9.62234888444
7.94799087614
5.27551653074
5.51158900359
7.53041701312
6.1844195547
9.72246217167
4.11588688052
8.30193607012
3.68339671434
7.41754876757
3.11400081467
5.87311653995
5.80261770414
5.64955848509
8.52549203929
2.60336406515
8.72660854575
5.0195713745
3.92800182043
10.225125873
6.1128095534
5.63549930309
5.001277784
4.7981543481
3.1361099898
6.52175705894
4.39756984493
4.23002798186
2.65113481479
3.68010149719
8.16711001558
2.88103773241
4.10012042781
6.59296478867
1.00513632557
4.63318840108
4.84483928355
4.48612203123
4.00200212164
3.30555658116
6.50979613894
0.407175783159
7.17231627643
4.72298775939
1.93556265937
4.57916437297
3.4721618019
5.07796932958
2.30820555851
6.83149720562
7.05439461526
6.87625131874
6.51311760918
1.07818062124
8.40855425611
8.3167260368
7.52976513967
6.16963613553
4.76049871046
7.54487550895
2.20818436341
4.59986879422
3.05563060713
2.40246220991
4.28177320895
1.5279647146
3.51218463139
6.34655889147
2.58568684802
5.03008409269
5.73451944382
3.9004465829
8.72503930103
4.88598478583
2.42941392034
8.37178114431
4.43563013778
6.42385594183
6.53026647235
8.03092928565
4.09987945955
2.95587232434
8.74859717808
6.44287666699
-1.03542088477
5.25333685834
7.32971374289
4.80740876195
4.51759500874
5.24244230117
5.96106826637
4.42728528715
3.66634214779
6.30401349245
6.04827701633
6.67071818061
4.3381375677
6.57367316158
5.28684352139
3.68815578715
5.97284066384
8.01122962498
2.42886228792
6.33098575827
7.05753531426
4.69920828749
9.322935652
6.24346619141
2.64274819518
5.76443527087
3.23972899169
4.80323070179
8.05824911455
3.82776615707
4.64781485249
2.44707423175
4.30489336383
8.11939280756
4.72620576165
1.61555719414
8.57141356104
6.3752948596
5.53432516663
6.46133866027
7.47627752848
1.76727446878
7.36201363373
6.09779450095
3.90083650481
5.23854231585
9.03724061031
5.17152287198
0.593075423527
8.31189320661
2.24939968447
4.47040406916
5.25160584765
0.355373091349
5.64815341492
9.54808839408
3.89704913929
1.72751471985
2.88698110665
4.96800396494
1.93304580592
2.69662201385
5.667432001
3.31628618762
6.97716527352
3.20080399066
7.69785930232
3.96284601973
2.42688671686
3.98483572005
5.65171617463
7.75490566812
7.22756720684
1.59883396122
6.50028276316
5.97966854187
3.82675635798
8.53960518892
5.24248476522
2.96441579524
3.32794247022
7.96255113826
5.15321750718
4.51870394869
4.49969367227
4.88336225536
4.43956454689
4.64852752338
7.67494585009
0.327050732197
4.57184050372
4.91037236374
8.99512760327
3.66371117123
5.26604854281
3.36805752732
5.30969845777
5.87281307673
4.71041523141
2.12700909114
8.22105683641
4.34154593308
8.03122411389
5.25939579912
0.825234930641
5.37410443641
-0.173255423792
4.09173728714
7.08372181185
10.1801355651
4.53218680368
7.03019270431
5.84927942618
6.53484702973
5.07647060618
2.82413587793
6.49391773144
8.14147755272
3.14856052836
1.74411595476
8.77185415679
7.23803217155
3.03340309387
1.82326628674
3.42081149566
2.66572304125
5.41056224549
2.99603147223
6.73058235891
2.07799582012
5.47040497062
5.48592151916
2.55985986543
4.39919422981
6.77403118159
5.79790113192
3.93276727425
6.6285583639
6.18917777906
4.55106043929
6.45154987685
6.15418763195
4.80397965217
4.43333880045
6.49521429428
9.18056610778
4.03836793204
5.03038282867
1.34957828089
6.4797950423
1.77117547909
5.46922060946
7.27695534001
10.2319350734
5.29415622579
2.1764621562
6.18385692177
2.67114867957
2.21718978264
4.12045852106
11.1387038399
2.36939922525
0.645425201041
5.07506393685
6.30970473717
4.2490058844
6.54333810125
3.60294256683
3.21638475357
2.02254119456
5.13225181213
8.08212197481
2.22913906004
2.37114388782
5.34974267391
8.0557567085
8.35435796901
8.75572419615
2.43553932663
5.38750162952
5.09737376512
6.41250905631
7.29884934274
5.16593895958
3.68326595157
2.65668986905
4.82667468889
5.27868859317
6.62700821725
3.98158368168
4.15637769805
5.98227071494
0.553450106938
3.15555734541
10.8884261952
0.992974367189
5.05152967835
4.1300020618
4.73364596326
2.06062992905
8.64682724202
3.12341411006
3.46498674091
7.44851404011
2.97383392411
2.85077491565
3.59996469831
6.07085441245
5.00248934083
6.89646777148
6.69236327024
8.60106613663
4.55018936656
5.27175671272
4.44626494767
4.08856185645
7.78039998372
2.92231109913
1.45108007147
4.65060698027
2.84269813789
7.95524015595
6.08449835211
5.42204936028
7.53054137908
6.34713132306
6.10815256663
9.64374525813
6.32480782221
5.20485114757
2.88332011114
2.39299730834
3.54800653973
7.81166895907
1.30979552594
4.06422693716
3.5368034716
2.31495269965
2.43504330721
3.94265929915
4.63007698283
4.69343332926
5.6118996311
4.66998327133
6.99780575926
5.69888408798
6.25104193129
6.33396772522
8.06126781125
2.59891928413
3.53586092107
4.96773191889
4.09444599642
3.3469429672
2.76499108318
6.09599805818
6.59783086595
5.19720706536
6.17003234055
5.9193552504
6.8927730005
6.22678267964
6.77419162491
2.49571431278
2.18343288363
7.07509961539
5.87978467723
1.99983340057
5.50988820645
7.31149297821
5.18405379476
0.19054950321
6.42161395448
2.97025301405
8.27010789757
9.73536653373
3.23139422607
6.2990610661
5.5990265288
6.02697817725
9.15395541355
5.16818908022
4.31163149908
7.02300605017
5.50101606519
3.3567198831
7.16473744098
0.598877435212
3.3529812937
4.41633127732
7.81291936167
5.37484809848
9.43200851668
5.11324739424
3.93355378368
4.03453945503
5.19130075757
6.58836531851
8.33558746997
3.75523946021
3.20305120636
4.85615511411
2.65229975531
5.8269126072
-0.242956176529
0.759556340862
5.46439412063
2.0823334376
5.31567883347
3.16832713449
5.85466214222
6.32300755448
4.25025614541
9.76865785288
3.263303936
1.27970320366
6.19618532946
2.62844165859
0.863779240849
5.37049719494
5.91000942501
6.39263780165
4.68974687219
4.73795472681
3.53092964987
5.96646045847
2.67993903404
5.47649390551
2.70734343659
9.00186485886
7.23853060215
2.29887315994
1.28141071317
2.78157157197
4.25622132917
5.16793393562
4.67763035015
5.91153522526
7.4658839968
6.91026513669
1.42750285259
5.8212434699
5.67018569023
5.31454406868
4.36741771766
3.55850147258
5.86650363609
3.35308053831
5.8029611093
0.849977074146
6.27330013907
6.41492610631
5.93811019669
5.82781340345
2.4439426754
3.03873610314
4.45446393499
4.67420914718
3.56519154849
7.76064658602
0.0336883152499
2.96728066193
2.36855552235
7.80560899467
5.79086877628
5.46991455901
4.98960232679
3.4250490109
9.12924175373
2.3331642692
3.74477248186
2.83217629674
4.58496847275
4.30188014615
3.76440221637
3.53444534191
8.02870211495
4.88423823831
6.00637585144
8.12577501208
7.90245188196
3.58843236005
1.00453442788
0.929622350719
1.9495327264
3.72400720454
4.75416383684
2.63411030065
5.99561920437
2.29581070481
4.89860948704
7.94598051481
0.285028476524
5.07481468957
6.42633194509
1.01145525329
6.26152102459
5.82425362248
8.87273591219
8.02762762662
2.64478444733
7.6784388414
6.82320375183
3.83067965194
2.33815888785
2.06095950529
5.76130492644
7.41205100318
1.79852262779
5.1253207666
12.0388602747
7.18094094227
6.03328932435
6.22697310269
8.25424322107
3.34532747702
6.77489595928
6.26464426451
5.76895796946
4.5231225685
4.336737018
1.7679192971
2.07332500141
2.8667472627
3.1169901781
6.06708836582
5.15186636344
3.96128151011
7.71558274084
5.81525974708
11.20479356
5.50956367378
3.77812619413
4.31519563486
5.58184719992
4.41786353998
8.835056803
2.75592880742
9.09736118509
5.37765483573
5.29040722263
6.69602190504
4.3879288695
4.37941015496
4.78435624664
5.06796746715
8.84250935603
4.1948262833
2.49960816379
6.76961353239
3.90319037972
6.53544395613
3.81839794544
4.75818313578
4.461251582
5.26964323117
3.82002591225
5.83190909903
5.00790436528
5.23112755557
4.95229213938
6.76509709535
3.54092244968
1.92426577106
5.67542049526
3.25105963212
5.20265766221
5.47668451946
8.70858953402
5.76183539728
1.60937453781
4.92732387466
0.943839904362
4.24313908681
7.26915136538
4.18043279926
5.79169896862
5.8218859273
2.60673135767
6.92986468073
6.50519956238
3.36142548946
5.22592800393
2.29100486695
7.05665138758
2.7644871932
4.186365947
9.33283854904
1.34597105181
3.70969425945
5.99363878569
3.42271945891
5.75904506995
3.28174679603
1.15072035028
5.0445244975
5.36168176544
3.83053288152
3.91076788006
4.73610420475
3.80778132658
8.76007716426
4.74947290781
5.74715801942
9.30899690444
3.62299964521
7.49320772704
6.79586060666
1.88124359315
6.7643066659
4.77716365352
5.4924667224
5.88703351397
4.75141604714
9.83295708442
3.93097414571
3.93410709064
3.64878462677
7.89907482183
-0.50260128047
2.3951979876
3.60949189196
3.06686023837
1.68318891637
7.80116650344
1.98752217759
5.80930138745
8.35187829204
9.00279406198
6.46293659923
7.31050051743
3.25428997087
5.88838567228
6.04993903793
4.36996512203
4.21186936746
-1.11065639641
6.42262976064
7.25441942347
6.96888223209
6.46603197511
6.24139666006
2.90297503109
6.10714401169
0.4284158971
4.8957254895
6.58196054853
4.48490043285
2.3348378949
2.05127922935
5.38899762836
1.027830803
5.16916104363
7.80202453535
5.8623859578
2.40381068705
5.22933738859
1.95287814528
5.67472302391
4.48636787127
9.90546035931
4.78261513362
-1.27929264092
3.75772959213
0.377237966352
2.14969460091
5.74894400667
1.85853851611
1.25768511796
4.22567056641
8.09316360218
2.95604120496
2.39362614885
4.66394677834
3.49030378501
4.66298087204
5.81634084235
0.742712712791
6.04521410117
4.69502746701
6.25806164116
5.87596119181
5.91358118694
8.69153993235
4.86397013433
2.05235978451
3.3891504381
4.63028442968
5.88817723104
2.22306094205
5.97780749414
4.803961878
6.8838187298
3.63074956228
2.82118881315
4.07761815536
9.2773335415
3.39547321047
7.28983941049
2.40510969309
5.1439817472
1.81358187168
5.60362227513
2.3514925488
6.94112650902
1.75844327741
6.33472047578
6.49964595249
5.9150194096
0.715775149757
9.23804545417
7.40611255073
7.47447068527
6.78384775597
4.594796781
5.6191624883
7.64730447842
1.74376956263
4.35068711151
4.63378588863
3.42695409884
6.76693868031
2.19576111088
5.8365693207
3.36463444278
6.17409547403
7.45974284974
9.53084880767
5.71955483826
6.03402295618
4.24352346351
2.61480705323
4.79994399483
5.96672322195
2.55473471177
8.65549907939
8.65178579978
3.47617316135
4.59112002549
4.07782021293
4.2996876118
0.226455268778
6.39314059788
6.0110222588
6.17747129509
4.80548480398
5.57983499536
2.10184901979
3.77449181006
5.74357143698
4.84298023377
8.25705181135
1.48990216396
3.85286880046
7.09554319018
3.03724368098
4.0642857382
6.84093833098
9.97388380012
3.72655584483
2.31448052125
3.4758332361
5.61771989207
4.8468166711
5.04172404272
2.93926448868
3.91374317413
1.62109809841
5.67231038813
6.96795750922
2.8794781051
5.52957265074
4.93068143195
4.68631759199
4.15645252366
4.26049809712
5.0180621163
5.79888282185
6.42035190383
1.97738662925
