4.25556191134
4.84404802289
4.36247755221
1.06514607955
4.99511807133
7.8171986108
4.56180356773
3.95283398814
6.03325648908
4.94967142932
6.60599620959
6.86517196728
5.36746347215
1.29766006704
7.79488274411
4.98146181913
8.7497595513
6.24513918507
8.05233404147
8.23746440064
3.10035617989
3.47030222552
5.18361583979
3.07975228252
3.91969827966
3.37914651823
4.48924558724
7.66686167001
7.08951111962
3.42625078939
0.593130777798
1.31288420427
4.93684729426
9.67396844508
5.16844442482
4.73928146058
2.65908638386
5.13202872831
4.13498731479
4.36926165549
5.07231771436
8.72782565698
4.30428274025
7.51388442968
6.61759131052
3.19062197321
4.29305657857
5.62563202264
7.59422142115
8.15019477788
0.740620780681
4.25466563667
5.07974416959
6.37129811682
3.85631100713
5.28559055116
3.23888564941
9.11352449503
6.24548797331
2.72421900931
8.50339122094
5.39468762583
6.49579789427
5.33622644262
6.17133269865
7.10721336142
4.87960395998
6.12118187177
4.38224975356
3.98832233024
3.4118833769
5.33796508509
3.51437523007
1.96382128676
6.02574200021
7.69103683038
6.50405221743
5.36466217275
5.18409965207
5.37286631227
4.82106920886
2.71886830096
4.588338351
7.96017093994
2.26977581947
5.10626535937
2.29501078088
5.53263633439
7.301516478
1.34066600249
1.89975706491
3.91598787782
4.41433205762
2.0553463102
7.05661921368
5.31999591095
3.56760153567
7.92462634281
1.83614566787
3.39277036449
4.12921610382
5.54076412695
4.76652338784
5.11605861913
7.97821174165
3.9694517137
4.23458958755
0.418932121442
5.95129031298
5.82349805996
-0.947842415695
8.55982264235
6.39494050241
6.57726662278
6.24607489148
7.17367518946
7.2365098041
3.72859353325
3.92392409922
4.90573467771
6.78576927985
3.32753788083
5.66158161929
5.0281260851
6.14120068896
6.34630306521
5.6114612339
0.18211562137
2.05112954004
4.96973852853
5.80579150253
5.65257081022
9.89371604232
7.4295448835
0.92763674924
3.05700588681
4.19907014347
6.15972012156
6.3947125601
2.22829435408
3.36279470242
4.41757102727
1.51858591423
5.28704634304
4.78849463124
4.95896110631
3.68550593373
5.67355734395
4.73997838456
2.51411604054
4.98816669852
5.75377316154
7.70476896242
4.88986985966
4.09189872535
3.51312275341
6.01528128748
4.03845368052
5.19940312161
4.68336090678
4.85162903175
7.9858162788
4.37553714922
2.55576135523
4.12718977851
4.7702728978
3.92753507465
3.26101259495
4.59935994198
4.52314807027
3.10500617711
3.67620081259
4.74107957768
4.12283411689
1.95149395014
8.10750761395
5.46553903794
3.20056918876
4.54330940046
6.93670871309
4.82921405747
8.55852867982
4.78631255425
6.58789531199
6.62065950525
7.02578207542
4.02832093212
2.81791201566
5.90379149332
3.71660904709
7.92781979685
5.54480543166
5.40414020832
4.00053360131
4.81875965489
2.20345135248
2.65912269047
4.29087591122
3.2382710339
5.96413602051
5.20507297169
7.11269057496
6.42373915461
5.18689197038
5.86774264102
5.3221434793
5.44423483941
4.12837307841
5.78806483516
7.85911892438
3.54802256151
7.78868661935
6.1239969762
6.17587741023
6.5867153704
6.02582691456
5.75731789052
6.03512846973
5.71461154754
5.1547599418
5.89823845144
7.22147737989
9.76450447407
3.03600775561
3.09502511095
3.26884183195
5.21321379474
1.74204314536
2.10173956414
5.40962233271
4.71359446199
7.90360438557
5.90978302393
4.87877079564
5.53356501083
5.42898952684
4.89374308183
6.88829877133
5.40711584813
4.71003764662
4.35098806739
4.83921250561
2.78518481203
2.4451986933
3.6742662938
3.18837028299
1.41299634252
4.51784666863
2.2699491555
4.16888034296
5.02484674845
5.35198010841
5.94827011422
4.66892421968
3.21165193183
7.37010623386
3.95440708639
5.46168082236
6.59536940249
5.51961105849
3.51511285457
2.98394794163
4.12041800794
6.31263806562
6.97129343177
6.49071669996
3.84152440215
6.18985122589
6.98049956282
8.96671164009
-1.63115220733
5.53091259957
2.92468625391
3.86030950597
6.9734256686
2.54571399736
5.42435436815
2.59727079397
5.59582987159
1.91401340585
3.7802826334
5.63070234828
7.63121815027
5.17687091582
4.18837968491
9.69772497703
7.18164255303
4.1199669802
3.93608292107
4.00341504866
2.0971768729
1.75603539224
6.41258071165
3.96538415253
6.11225792263
3.42904868456
6.95674096053
3.87355405197
4.9170449653
3.80390609252
4.29849063603
7.42293992634
5.82938757405
4.70237077633
7.20928593149
2.95966875025
6.51538165237
3.55134627096
3.51721961603
5.29630856344
1.62636677128
5.87325335762
5.58815690659
3.10814359014
4.46723813263
5.58356919623
6.92489076568
7.61368697482
3.72355284784
6.076585777
8.02485901436
6.98668367958
6.21424569042
8.38197348189
6.72311760207
3.60147085411
4.22714613229
8.00934115535
6.41472746863
2.80353528755
3.10549167408
7.98824335113
8.35747550238
3.45552975628
4.41452477884
2.3779203684
5.16889762289
7.62184044588
4.35300830892
4.11846914912
4.46709999929
4.59360382963
4.26630768451
4.09078255839
2.27868660335
3.5248811057
6.31489461404
4.79582951402
3.09937055981
3.09726109206
3.03983294463
4.10802241055
4.46450986978
6.41488913872
3.84538789943
3.32439849741
4.65301588278
7.83863483318
6.82997023325
4.82676924525
4.9739145372
3.7457897745
4.44462887414
3.60840431037
4.63316170758
1.99676707238
4.26542266441
7.54337838082
1.47673973281
8.29872804974
5.36839213092
8.08149487596
2.7265142034
6.87291018918
3.29426701512
6.04062837276
5.9018218875
3.25338147084
4.81490622667
8.03597361036
1.10764197046
4.3286461969
4.12315352763
5.63247979919
6.81741941048
7.59941198791
5.83846636302
-0.444944759019
6.47122255821
6.73797659103
3.83222343056
3.21406441312
-1.47728776573
7.96249639368
5.69545193434
4.85260098051
5.08843802041
8.63860324548
1.41145102758
6.33837341935
1.78750038955
6.7208417058
5.04868357752
7.15947172615
4.36193103701
5.8802445217
2.78858995547
2.49017602276
7.76694045383
2.59169028925
6.5787497365
5.72034214549
4.97478592992
5.34769755362
2.16977774058
0.97731367071
4.48109833949
5.01288765581
6.44395892944
6.13888544985
4.37478315204
6.77856496435
2.49121093989
6.10467632497
6.42607274833
7.35632135094
3.11062017667
4.51557285664
-0.0325383279905
4.060752509
5.31991332483
4.89266734194
3.74638452212
3.45191036212
4.21300205706
5.2055412966
6.4324386186
2.84849238858
2.5101942714
5.1435177002
6.95395837058
5.2326309757
7.71090785839
6.53157636218
2.73790442936
2.41784884177
4.78801131146
4.840087321
0.257760887946
9.16414155574
8.72045220349
7.31010627574
7.18157473837
6.35614808583
3.72170114562
5.82462200029
6.9163356002
1.55608568398
5.80643713776
5.38561231906
4.54286134829
3.36962786774
3.81788812492
2.97896339113
4.40424354456
6.45879431293
8.23810402126
4.26231330973
3.47440922725
4.73978849544
3.20415530234
6.72952248522
5.1738866915
5.88773399737
4.91918598272
7.08286457203
4.2671024815
2.37421973487
2.86590593547
0.220763662645
1.25655972368
4.52507619367
7.00233963807
5.49908728135
4.31431462831
3.67872140295
7.05480203254
3.21473526684
5.3245172764
3.35515670164
4.24246107886
6.67905034114
5.26491435352
2.08304367552
3.73053224846
3.57439550825
-0.467845817954
3.93288505701
2.61637637936
3.07348834355
3.32844143571
5.31817171913
4.74854232489
6.79248453941
7.18837329453
3.23733317968
8.25804647239
7.70100144338
2.69466857745
5.88713953125
7.25933895689
5.60638733697
2.59570192854
3.50299058566
3.48969491974
4.04101625266
4.23257997785
2.46830482342
3.15513339898
5.86820387464
7.87857870772
2.94792999927
6.79013065238
6.00302832542
3.63264538912
4.86186998721
2.4010082442
4.48911912935
2.95869422519
6.26935963279
4.69959436381
5.75391611176
3.62669085113
1.46694736493
3.64464709063
5.25469713366
5.05424652319
3.57346490504
9.77742580105
3.52517383033
3.18423704904
6.4313105075
4.72308624751
6.3635930431
4.98763618552
7.21931128873
2.40722244068
7.09021692265
3.15947920651
1.70803226973
4.23199683375
4.28049874224
8.38057325506
8.47343503526
5.67958455404
5.01708007446
6.52877820366
0.842656933056
5.82465574348
6.18207035108
4.98729377264
6.10614162041
4.97918577479
5.01381467388
3.44989005728
7.43175039475
4.03247779537
1.40567161019
3.64301169661
5.99152998894
5.54701276908
4.20379112794
5.50336522478
3.40006342242
4.57346662673
7.86963009093
4.70033331367
10.2452100194
7.08924979946
4.35461484172
3.04116452111
2.24700214189
5.01301033976
3.10089140516
4.5526156131
4.26470642202
4.12077037945
4.83219151088
3.52216957086
7.93939324877
4.33167649185
8.43402800388
1.50683845707
5.09003276909
4.78618266492
-0.144510812658
6.47997368276
6.65854034471
6.68010767722
4.34834703988
8.69026030617
3.96941340151
5.33685625863
5.63376275814
6.26355662171
2.74908347256
6.98688714347
5.50196603872
6.5758725559
4.7342127716
4.51039878564
1.30053434811
6.87763405195
9.06208416169
2.44540955342
6.35665154377
4.01494902757
4.06221896715
5.41169709208
-0.0372770764946
1.27603307372
7.54438854821
6.88082429511
3.1225256798
3.04069462487
5.21549481827
1.88802602014
7.40686152403
7.50494374181
4.66135394639
6.61634565709
4.4853238337
3.71574965874
2.53026222713
2.64085596025
3.90778673109
4.58279080098
4.06704145971
11.5181930636
2.38368750423
4.41681875121
1.41515590271
4.9843259545
2.62985418199
2.69137276512
4.0692289541
3.11606732429
2.54898149964
6.40374489588
5.82320800484
8.04488396412
2.98370067849
5.65641489233
4.72755113629
6.21004521793
5.03355882309
6.14767076477
2.8308887282
5.24187087189
3.29562574702
9.60189388262
3.62701740387
6.96307700674
7.386298363
7.4912920233
2.84972884015
5.88446158194
5.97224329668
-0.195899993425
8.44332100331
5.29398525874
3.97332381674
8.66595137551
5.05330155129
1.94568760207
5.16067432324
7.16114347546
5.37808504585
0.464745103851
8.52288949422
6.89363036466
3.46675776724
5.68024122351
4.71884449027
5.49877397663
3.94381281798
6.93472499325
6.43780463033
2.97627934302
1.91969860029
5.60975446436
7.48005572101
6.24123396663
5.53775914651
4.33762231938
6.94655679924
6.29615766359
2.63363661666
7.15584406078
6.39547908565
4.81249485041
6.24082026697
7.01296684116
5.50872847804
4.79256505919
5.38631215533
5.25216894177
9.58180346692
6.88191596197
6.08207541855
4.32674101322
2.8507848325
4.06015911102
6.90717127796
5.0292168442
2.42724387251
3.06183982113
3.90182532518
3.33830374242
8.51456738559
5.54641181107
8.26786373198
4.11600499218
6.11536561393
3.83725997118
1.72392967837
6.19221399816
7.19999295374
3.58332428185
1.98274938369
4.46693940967
5.02711759572
4.17265466062
8.79088494261
4.11485348494
7.45207745554
4.90445813158
7.79319140364
1.33613746701
2.57506752273
3.65480893971
8.86297752618
6.31143335522
4.47856733323
3.36899354894
5.10728627869
8.76289893102
6.56417481262
3.95732224484
7.22497091119
11.0129324911
3.82900087773
7.43540548605
5.14077767563
5.24572225088
1.45466115036
1.14544711498
4.46585855012
4.16085385879
5.27426065733
5.47430627649
4.70196839095
2.16357603327
3.48967483891
4.87591512609
2.67838467714
6.66110989625
4.24447826064
6.20682252255
5.87317499913
5.15614014186
3.13294561284
4.9608511161
2.62217828146
4.4660047182
5.8550120504
3.64478848974
4.43925412374
7.53747135301
6.23897905039
5.53091772752
4.80867906157
3.02056650154
7.55624181515
8.11119684969
2.99155606315
6.81378763805
5.47968612747
5.69470689951
4.96921711578
6.18243104344
2.70301733666
6.73225873317
2.7881634233
0.919231055999
8.21854456661
5.40188494853
8.88408532619
8.40839707443
3.66554868126
8.26193576669
4.2499722603
8.34702874124
5.65629974153
3.42049764942
6.49954425778
7.63019019679
5.37996442267
4.98586558857
4.56172314785
6.43646423482
4.88230890348
4.63948005408
5.29200128724
5.43378251645
5.56064027228
5.10984195533
2.45410469248
1.14762004988
8.88784444685
6.81084523631
4.17979369969
6.90386785463
6.97324965089
4.57978176986
4.99705803906
3.75910535546
6.33073475343
4.7513743654
6.10358451862
2.51963294439
4.28190922088
2.70008336194
3.3595614885
5.3603013465
3.15796664203
1.87976336509
3.41732934912
3.85528110367
3.36495632944
4.56785046209
7.86749609262
4.84248319178
2.9789952251
3.06872928221
3.22440866382
4.7345810426
5.28950688443
6.57753277064
2.96531669604
4.40903957098
1.61771483384
4.06936743271
2.11498383669
1.49921451486
4.71875018643
4.64612877507
3.89371658766
5.04022993066
9.33328419535
5.10044902665
3.61271079637
1.40915032608
4.09741025821
4.10152589642
5.58442499502
5.13828773538
4.38051612992
6.96751495966
3.94114886648
4.68477194028
3.92989063025
4.9699306047
5.2641718763
3.60848163795
4.9632748805
8.11495879321
4.98275736978
4.31017477736
9.06911176652
2.00426673543
4.76514919872
1.68397302826
3.404380501
5.17307726893
4.30959956788
5.66235066042
3.41640298355
9.25270058853
3.3215132742
2.85339321915
7.1716850884
7.88689229995
4.46131991812
3.42056505338
2.95796792757
4.9337519321
8.84062493105
7.02521806537
7.24089845258
1.99658990876
1.462488416
6.91098180178
2.65117598337
5.70696957118
5.06243224091
3.78217354057
6.22878029425
4.54057385874
5.27375808851
8.11346515747
5.46471299067
9.08466808007
6.33417665482
7.21628431344
3.50178959256
2.39505008013
6.28174419178
5.22651907353
1.30893744334
9.30747548538
4.18290311013
3.29125482638
2.39627898047
4.22839973465
6.41129561843
5.80671953247
2.60095996954
1.70651943257
5.26082137197
6.92187579735
5.40854891009
5.39065144326
3.95193919607
4.33545388614
3.4143050491
5.5300745449
4.87357819726
3.16988340544
8.82158705533
5.14446111882
6.66731469493
4.41518781756
4.90374820522
6.11899628759
5.60629588467
4.30044129353
8.9504021757
6.87452143788
4.34045895499
2.59871001149
4.59963399763
4.34827495628
1.18077618293
7.37089460462
6.87458875396
6.51298021585
8.53399672702
7.64534000422
4.95934989703
6.62900462618
6.07657480866
3.91670969461
6.49343808645
7.31074552767
3.49206933489
5.67137684471
6.85142266702
5.75606023906
7.7341132637
5.99466118332
6.3194513722
6.67263299297
7.20052123654
2.55404943832
3.32600048644
6.54706942092
5.04068387317
3.72036088353
4.38872348979
3.57956070698
8.59050859367
5.96284896763
5.85772298683
2.64359015862
7.51683265966
4.60614086977
5.79294743623
10.7404632215
3.79180444787
6.72047644855
7.97565174584
7.77657122812
1.97671167248
2.42846501352
5.68164468186
5.13884364809
6.31636879711
8.89122861327
2.27661031131
