4.78747319814
7.48016375826
3.87908975378
5.70624338242
3.5621439623
3.77429878187
5.47768384468
4.30251222744
6.69698970618
4.80549673387
4.85686569031
3.94889072465
3.11966292016
6.50529375829
7.78337663188
4.94962430175
2.78616427622
1.47028710831
7.35168462799
5.59863560361
7.2393337062
5.29120120453
8.78473676068
4.21202552581
8.29239266818
3.7413633349
5.99573563491
2.09719868921
9.04080958938
4.00009594934
8.05994680905
3.66316141254
6.6665326488
5.42020301376
4.29599424764
3.43458289926
1.62995544406
7.92286453972
5.35447516644
6.20266438394
6.04852744384
4.24781774409
10.6644722733
3.56276712823
6.10607872974
4.16620673324
5.02721085455
4.80633555333
3.64773455467
4.68305734794
4.61433181533
7.83523252599
4.12688393382
3.27454385293
3.79908694737
2.33217570794
6.65951897359
7.48373973013
3.22552943928
6.139064696
4.33163353558
4.88237506944
7.02747935962
5.29982426043
4.65094125255
4.23876884668
7.80889567146
4.25219156814
4.78445465235
10.7103954897
6.3693782373
5.92237565016
5.37398427646
4.52603234262
7.12080223476
7.12099507696
4.48851355894
2.75206994806
6.35648947022
5.56833243308
2.51596603184
7.9518194748
1.74411672005
8.93349338895
7.30913046968
3.19970553795
6.03961723035
3.99714814395
3.61643557624
7.82476297574
7.61429964051
5.06108406818
6.96818530044
5.76090365391
4.49531147119
5.98977076352
5.79532189675
2.37032532318
3.86858975745
3.58842918621
5.51797151506
3.34922276596
4.38449454759
8.27887970032
8.20655816736
6.20338345737
6.2561673722
2.03186244269
6.56625654514
6.61958072736
3.96145093951
4.19466411463
5.84760418183
7.42177215239
6.29265561431
8.35996052792
2.92574364388
8.18676448085
6.84704114447
2.93335183108
5.05958236721
2.0881430003
1.92531219085
8.70933911872
3.69462350459
6.51662981388
4.13586725493
4.21516623138
5.32855333888
3.50197323176
6.47758734302
8.23650453449
3.8086333528
5.42198219586
6.46405916171
0.347228146706
9.80082859584
5.88301355665
4.62540702432
3.32396872963
5.82531603449
5.71632030288
4.18609268505
3.10921750066
6.73151503364
6.33678918828
8.41364043092
4.22760481955
5.17422510223
6.73653852797
5.07498517645
2.06582319434
5.21074419824
4.3852980621
5.00953060455
3.69063951197
4.02914545152
4.34624568727
6.07907005093
6.53477393514
10.6709123452
4.51522311489
4.94870672742
3.03862759842
2.80046315682
5.21842690541
6.14024154715
3.31061621532
3.8481995343
2.374035883
6.57884681175
5.0220375792
8.88617106521
2.88876711681
6.59214466674
7.76510611852
5.63509708819
1.97398962515
2.80984201737
1.55125807031
8.74116295919
6.3255809888
1.91329266887
8.16549878542
6.25705177707
6.79080259734
8.2366097434
3.19997817692
4.20554829561
3.17714289881
1.2672858873
5.69181073912
6.04693920288
6.10692361694
5.93042827956
7.22451120855
5.78191809576
5.05206534261
4.5935971645
6.77931320252
5.18750799806
5.74341355709
3.22643314139
5.5436817855
5.39734974841
5.83553081395
1.82548522683
5.43198722856
3.86370381699
6.46674661616
6.71349167021
6.64720231978
3.98583587281
3.87810089222
5.69341471024
1.75099801811
3.33056028524
4.80865569
9.04805970747
3.52321439831
5.70594989441
8.46569694935
6.00293975208
4.81213956879
6.51758518573
5.24297230199
6.22474636386
6.60912855771
4.31291709761
6.6809326613
3.02785395524
6.97326068815
5.81534731034
8.91420298155
2.02641337658
3.72243393489
5.48053639175
5.01104095131
3.50155105676
8.10981942741
3.41164991412
3.96220344178
5.40404956109
3.38776110279
5.12133192198
2.5222737681
1.81077325566
0.999333266173
6.70293582604
6.45458374836
3.84836501351
3.01960923282
4.74593551915
2.4253299921
6.20802190593
7.84876918362
2.51653870304
3.45565295728
5.87495687594
4.78934550793
7.52817290259
4.00526710246
2.66833698354
5.21809689597
6.40275233594
7.77937732338
2.54138218532
6.05745145387
5.4492780767
7.69684016882
6.36469893182
6.17085819353
2.87339830455
3.84080811453
5.3059102988
10.2381432811
7.16796025238
6.91440341173
8.31881336382
6.79764955397
7.46550483098
6.02316985418
4.85006992438
5.17674632945
8.38795507016
4.90358873234
6.168374409
6.65623119732
3.02532133573
3.28211764486
5.51753957551
5.14138271421
3.52698966649
5.95684149971
6.54236510453
4.77209377966
5.39652576283
5.99866053617
9.74218423792
1.61942016139
7.00720955224
4.91602440645
7.22903535001
5.94679307585
7.47087546194
9.2811840193
5.42249246653
6.46882869492
8.20822017563
7.74962939893
5.29036631723
4.49763275709
8.15459162086
6.52348703227
4.27967610412
6.63811453678
9.08072515738
8.41219815384
8.16897401236
7.61671365484
8.73431871192
6.56363979859
9.55444363767
4.08065845308
2.82226106207
4.09966397932
4.07511450861
1.26027163352
4.72511567736
0.730597700457
5.65580172701
6.78769281785
3.26158951137
6.42997806734
6.07778207736
2.53229065132
1.18868636393
4.14668493643
4.81236677899
6.27854077814
5.67882091722
4.58057434082
4.39615251086
5.11322078283
3.23014814104
2.99263851529
1.47960420585
5.07477052082
7.36902264414
5.21176409189
4.57227590655
2.72066865501
6.50198903996
4.49224511932
4.89528118419
5.5873938752
2.7862007401
5.09093182371
3.35634146555
4.08606660974
6.34185463651
5.40233919695
6.098009095
5.67117784296
9.64053774459
3.33304398058
4.14372114377
3.43010043487
7.8785198852
5.78725694485
7.92076371029
4.66583366766
6.25649607127
7.90124046321
5.3522619263
5.43175130516
4.22439403173
3.92233506234
3.73267323418
7.11052807272
6.68053558041
3.01879662
4.0898599776
6.66521334931
3.20010062727
3.97396509541
5.87881362422
4.53282372527
7.17745159093
0.119437565251
6.74933826917
4.89006759805
2.83630887988
7.78681743667
3.60148577011
5.77504175302
6.32397039996
2.58203401758
5.83712388734
3.68894195021
5.56286957314
6.37527810758
6.3479069487
5.5860043889
5.71550119706
3.028543032
6.2630589272
5.09059244768
7.36376732262
8.96641090959
4.13540064563
9.7094701325
3.55314688308
6.03374712315
6.02215504532
5.97523779601
4.46508229348
6.71013821776
2.71565721093
4.85024142037
6.28597502408
1.77730031643
4.73199378403
5.05258609024
4.43619169908
4.51720046446
3.98720910226
4.02749825084
3.95421831795
5.31123378221
5.74993213943
5.98534172535
6.18100168522
5.70928501867
5.96692211374
6.19253045908
8.06909412839
2.57245936283
3.96646975918
4.64613841246
4.74133633677
6.95349027312
3.57629623184
6.09148030205
7.85685565135
6.96133036291
1.86858527945
4.09248275823
5.81584573961
3.65276420632
8.13204930507
6.94124894103
5.95675976493
6.31183018997
2.13697163139
8.36664952522
6.38904091447
3.95867686289
4.01031555257
4.09275378946
5.02428702256
2.52016917863
4.32145211235
6.56982697752
5.86016139291
7.0790711464
5.28030347206
6.38111864196
4.0986483157
5.04494671509
1.35417543447
5.06258797062
4.98132761253
4.75156674461
0.656705001688
5.91674630218
4.40082333832
-1.11942280213
7.51228430594
4.78518360243
5.64121765366
4.66748653685
4.59574231544
6.8837966291
6.52280229668
3.19975003893
2.82564361312
7.00529890229
3.69111710608
4.78798368095
4.50066771594
5.57247261712
2.54110718683
7.55239167667
4.73153715048
5.24331633767
7.23616795442
5.80407681584
2.08196005388
6.66524484315
7.61242574563
7.03961159224
3.0038464141
7.37711843257
5.56195674163
5.62791858621
4.16083243145
2.61813543277
5.57417125004
4.82604066538
4.40208838392
3.62003057775
5.16710799002
4.22836755143
5.80183776216
5.10492475944
6.78922032696
3.24320463205
8.22671283399
2.27210340025
4.76003636833
0.114894507701
4.15391734505
2.76333615802
5.42112663693
6.56523596759
3.6797192577
7.97773313916
6.46276960314
7.46050497749
5.8795419569
3.61024374014
-0.0974744995725
5.08164345159
1.1460338622
4.24914346483
5.59746560233
3.57518324982
5.46508511694
1.01518302782
4.24918912629
7.73597505841
5.9419270459
3.70847191509
6.14519920655
3.47303043925
4.74742566056
2.78365497285
5.37891929485
7.15252436944
5.67257120533
6.17967753484
3.09172375452
3.66356089079
5.79825435743
3.08405839287
2.71797852689
5.59898558419
2.96473993165
4.22570999058
2.36511406403
4.43760466505
8.73037158153
4.16611752837
4.33768882187
7.57361286631
4.73197023381
4.59891098809
6.36428909435
3.04759510755
2.24549896732
5.1112673338
3.26479153206
8.16105075235
4.62566990531
5.70312765715
7.12749182135
5.04620840961
4.51231286963
4.03533448024
3.95455393529
2.98329260859
4.06912818322
10.7059050388
-0.356671040589
7.05157770298
7.55878126012
3.57658015044
7.15567521188
5.13712588815
5.69392709267
1.08175914329
3.7272277981
6.45879566376
4.15955184654
4.60948486293
2.28197226328
3.80937433213
7.98044050646
3.62514443817
7.16781078407
6.02379817546
5.84394754419
7.74589201901
3.73027039884
5.29075982106
4.59312965651
3.99513803074
3.93492725225
1.42106569853
6.19253944065
3.62668690251
5.44838479721
2.22558083622
5.71029180383
5.77397074379
4.66687168929
2.5797728703
3.72293660262
6.65054744112
0.94344733816
5.55651526687
3.20213939638
4.22369393461
6.83656237269
5.15015302681
7.80778443199
5.88068473365
7.54091400722
3.90319587671
4.32367121452
4.31492775708
7.73638018864
2.95621622836
2.79262267808
6.56506978501
1.53954458044
3.51911833742
9.58810110121
4.46440790343
6.22504422934
5.22102954811
1.88572965891
5.18847155876
6.21852702519
4.57991173371
9.08419552636
5.63299085044
5.6379984835
5.19182700697
1.57336974868
2.97576509025
8.52961202528
5.85493485014
4.68791650844
5.39704828308
4.74363899783
5.53876480579
6.62276899879
2.09202120164
6.37253404351
8.11289805045
2.64385002663
4.08542747234
2.57726312831
6.00643179595
2.64927761287
2.22695382457
6.92748004249
7.26359169298
5.88988836936
9.54458734775
5.04282280167
7.33028350702
1.4459147815
3.95707476633
6.22699723003
3.27975938934
1.25800909266
4.5433203826
5.59000399119
5.43242629558
1.62034672206
5.47092552424
1.89422478255
7.80134113392
7.36439393003
4.52905472976
3.37379974291
5.06996949266
3.79591511232
6.36376201711
2.15672838394
8.87401269231
0.634076705424
2.79192193049
4.36574905666
7.10448430506
2.62912274564
1.46259015642
3.10642459545
6.24684942865
5.53861591073
4.6878905841
6.03511318332
1.99232198398
4.74804265883
8.33148471124
8.63700772466
2.64345818334
4.955564812
6.64494269868
7.95740304856
2.76775055736
4.92728479788
3.94398825222
4.90155452925
1.12528152633
4.33029604005
0.488995720007
9.30332910016
3.71212035038
3.12058383709
4.13663580037
1.81759484655
5.54353779579
5.08547564503
5.15947446556
2.73926789255
3.4426977543
8.51081712596
5.56796641946
0.951452181425
1.88477235232
1.61536553621
6.67408861204
3.80334401737
3.47252791361
2.88073722443
4.41876702923
2.68779840149
6.0281940069
3.41191910955
5.13032305782
8.04200923717
2.29396966396
5.24726533526
1.59154822721
4.72778806839
8.23165785857
6.20642133062
3.67115935431
5.03073151428
6.61840151539
3.85916210902
3.04369485625
2.03172495748
4.05072179988
4.19164532935
5.49238256831
1.77871783442
5.19908883183
6.92471399408
5.73287281068
3.06248905485
2.75393278881
6.5000769874
1.16075238873
5.15148749955
5.58589387127
9.52529446796
2.71974867326
6.35204463467
0.723294634781
1.95670327073
2.74563163909
3.12518169051
2.317410643
9.55882525443
8.36957737205
3.9600259332
5.36309005125
5.93325637594
5.3128768604
6.60559917694
7.35789782244
3.2790159298
5.95206697448
4.61566738488
3.75068588014
9.08227065736
5.10460225629
4.5582419334
7.33302255019
6.75532096864
4.33395423716
3.54961039171
5.79914662395
3.63753169837
5.43631289398
7.91161519231
5.39829028998
4.72298408072
2.68259663045
6.02487751464
8.09946880429
8.50417110062
4.16512640216
4.23134243931
5.87577023738
6.81459726633
4.20914868874
5.18457674132
4.43830746759
4.78714635117
4.2103383313
-0.85882287467
2.54520812462
8.31181416695
3.70723071153
7.44337340781
6.184473554
5.34726553171
4.41608638089
5.16391171831
5.10743755083
4.81674945954
1.35026820925
7.38771735089
5.56591416238
4.55390961613
2.42512269002
8.73734041501
5.88156689459
4.90086000959
3.27927214624
3.40842151065
4.7351274038
5.653705921
3.56908265192
5.94464364137
5.18086738336
4.5695879682
2.68359573428
5.74095615456
6.36314313531
6.00496196911
4.99160954009
5.35224366518
3.94937968198
4.91290689052
2.65367303732
6.70028869531
7.06751981061
1.47552835825
6.9134128994
3.1379364564
4.79297929739
4.49388180709
-0.223899447892
7.65643769153
5.04558679825
3.50809010604
9.4424947926
-0.997567977778
4.51924749918
3.00888745994
6.66379041774
4.78602019409
5.44353003498
6.17121605017
7.87565121192
6.8870914403
4.3199962695
5.77167758024
3.5131381948
3.70724822959
3.66999025921
8.87817932285
8.0010732017
7.62999994936
6.62113838606
7.61761676263
7.04303887754
5.21333754991
5.14824505129
6.09883545003
3.09719122716
4.98289932714
5.13573667701
10.5895498958
5.57066446863
3.18887153554
3.03753008898
3.73883473643
4.7532429376
3.791988708
5.98784965505
5.49132892579
2.62107877396
3.07997116056
5.66698685408
6.16722611346
3.57949109993
5.85714916126
1.95686203261
2.05491454708
7.26093202843
2.81650883314
7.69264853196
6.52467441702
5.70127809025
1.59844556558
5.55984548381
4.76655413666
7.45712186598
4.66335772462
7.77342174061
3.88836085333
6.35635373116
3.22129519513
3.4969186113
4.86406137509
5.40052541915
6.386184327
5.7933341338
7.2764619212
5.40752615924
3.652506026
7.68786235933
3.82018156549
5.25731002652
5.01171837512
7.29018879404
5.62481954003
4.29292214464
4.93517770582
3.6349293648
5.9532203029
7.0949848919
2.25340990827
4.02827649924
2.41758879924
6.746223883
8.92408542073
9.31705834943
3.42320023549
6.32778081354
6.31187476697
6.57038624252
2.37171523865
5.36229518869
7.56802963245
2.85992420623
7.0818958966
3.545316944
5.03927144827
4.5664536206
5.48557474888
6.28547140976
3.58673764688
6.44574913656
7.97502774727
5.33479727285
3.76266066078
7.78579234222
4.76359043779
1.64736156705
3.49665472146
5.17948706808
7.92191497591
5.5351575895
7.35368277252
5.84641134041
5.07552651523
4.86753547393
4.06256745827
4.57778427803
2.31723615413
5.66743512697
5.47393479573
5.30045270737
1.14119343135
2.22820188615
1.27980690969
2.96061759106
9.07266068522
5.23124916542
4.96499602025
3.30455174297
4.37886856661
0.734007578068
5.88825139327
3.34685324351
5.35244011685
4.16255732077
4.7289171083
2.19662571921
5.16182390841
3.97525634253
