4.97243330246
5.09633366796
5.50648179529
4.90319028453
5.39462085428
1.20320393266
3.87919027956
3.40738870186
0.744924967532
5.3259965814
5.39169210097
7.09076156968
5.59769911075
5.30756534705
3.25077034868
7.74571841901
7.20492821175
3.77588896521
1.56625957956
5.11183975796
6.04359799119
3.25303696422
9.34553777228
5.47092408097
6.83536642326
2.26413743617
2.84474810958
4.10820371217
1.02597123987
3.69928660885
6.71939772646
5.86831917574
5.47657584726
2.01786961868
6.60970805235
3.55585994941
10.3672668039
4.25443572855
5.0870076797
3.94212081987
6.76929692718
2.42052429151
7.91602476808
5.75732803662
8.15972841193
6.00024902591
4.42988331787
4.73239135206
3.09111983093
2.92858825179
1.59345038112
5.24457741778
4.77763005437
6.40984412973
6.87171353669
8.88544157289
5.83179155446
3.21629242897
4.85161788257
3.50713977411
3.72296485638
2.67927431559
5.37505286864
8.04877838455
7.2813130144
6.06629814
6.5205440189
8.25868112086
2.19547657283
6.93050279882
7.68866844156
6.34390829415
6.63475389063
6.23115710565
5.42430537627
5.30963200791
4.71123786999
6.19843031054
3.47525976919
5.8691502393
4.14747978554
5.4959209344
8.21210502232
8.68721823987
4.37727699085
7.18891295231
4.75220284311
3.68023931411
7.63224458637
6.86800069859
2.78646277311
2.72787060231
5.37370343504
3.73899585485
8.20331571242
7.49106614615
4.59988936105
5.47808002402
4.64414569747
4.83733196141
4.3869152704
2.93094030477
5.38880156692
5.70388066997
7.4325708133
2.74567358433
4.79227411749
3.96732439907
7.91501814496
6.15880200493
3.85006886578
5.71736998282
4.08503391584
5.32461295228
4.75823368833
4.85271633554
8.53077306168
5.95087754442
5.32910873041
5.6823831029
7.70218904089
3.03358700569
3.3061385669
4.96103329286
6.16104747904
6.26941076295
2.92396520148
5.74142448487
3.70407957783
4.94230837173
3.03649592877
6.5167605072
7.17088765301
4.57171318962
1.67582697534
3.68617756744
5.95564009576
2.42396499785
0.105954871158
6.08757388892
3.8142908819
4.34692669335
6.87565714604
3.52169760497
4.1886190892
6.82637769313
4.23757807931
4.98931436181
2.50116155284
5.3217141046
3.50921327241
9.10711348133
3.32519826073
4.27603624945
6.7539649274
6.86463573561
4.7820263441
4.9234409624
1.57920847158
3.70754878279
4.70106960414
4.04787375753
1.05579909926
4.35162483139
5.91177265786
3.57870445519
4.95112979472
4.55883014335
4.24416348274
1.86478289921
5.3122244675
1.70249734897
2.82634669776
3.96681904587
5.33900710611
6.02034521529
4.70071440991
4.85288800931
3.80591793881
6.84930283754
5.55713640081
5.16907800019
4.05298264729
5.42703079893
3.31394125322
7.94554722012
6.11548509643
0.864773648918
0.640307093384
5.29047018074
1.754634545
5.45522501395
3.841234785
2.47404627986
6.33921244578
6.0383050218
7.41736302601
6.33051095622
7.95349686658
7.67028566577
8.01532346165
6.73043122101
6.30599901375
2.47212084556
2.3840327006
2.4464475151
6.97330707735
6.58054586039
5.49390934577
2.17002467394
4.10306937798
3.95509968398
3.22240055841
5.86030406327
6.58323347209
4.37143197741
9.38659788812
4.04093644218
2.29146815299
6.39848566538
3.32171429626
5.25270873124
6.39747790521
6.05809606082
5.29239438618
1.04772883476
1.89678384522
2.85477025471
6.75467910344
6.46447282592
5.04570872879
4.85475788458
8.25123222796
8.41189472633
5.52650573542
4.31400793508
6.90658231374
4.3093223355
6.63531168494
4.61044674554
9.0892227277
3.05465996619
3.94800628579
2.5843706152
0.386105652557
6.20128895904
4.04339130321
2.57985521603
5.81624653712
4.97211729445
3.29245589152
2.68872817554
4.74258448438
2.45793528693
6.98115513223
2.81059985991
3.7006978709
4.88384094243
8.62454188762
5.16626516319
2.54151657657
4.41796006487
5.88072804134
5.46137710844
5.06356403992
5.09188954913
4.66578980734
7.64625573282
1.93439608969
5.71570903006
4.35477277349
4.09577441492
5.25997120395
4.28277883581
5.73960669501
4.66545101028
5.30455147078
4.82470017418
4.01189166685
6.58084044172
1.44071351267
3.61523303622
2.73913831826
6.38137420534
7.13999513395
4.47358007905
7.62706827781
7.39979163642
4.9629020903
5.75806757256
2.88196848291
6.41168384978
6.21408185528
5.29389212851
8.38443896781
1.29738657343
8.20961343248
7.99722139514
5.40778191245
7.42228333112
5.50253096847
4.51658318617
5.02387537249
5.95949934297
5.11645773278
4.41423768557
6.97534091484
8.84670850183
7.60663594412
2.18999940429
4.33139446516
5.7433746914
6.0581237557
2.92178120494
0.0497966429731
2.9418549229
6.75010033593
3.65701875077
4.60566847479
8.47986130224
7.88303634191
4.17495112655
3.0029651583
3.98612339464
6.60302890163
4.42125223254
5.28441319526
5.83633345475
5.99337736591
2.73082416281
5.9841347266
5.12945517545
4.05207892157
5.65038913133
9.16555087579
3.51620145435
5.47834480038
6.68543733544
6.11606042753
2.35168198955
4.75189165918
5.57074051838
5.42101334299
3.15139741286
6.18521015748
3.59674659375
6.31229524016
4.59113559072
3.96873537424
5.6493003514
-1.11482378194
5.39669892673
4.18845602063
6.17382955823
3.77377030565
4.70572435229
6.66160214337
6.81204974012
4.92238838553
7.57396614653
3.26354233251
2.98083878098
4.39002329934
4.47649839976
10.435421164
7.37254508958
2.39734635609
6.29224931771
2.9260683905
2.9324855747
4.84665552549
1.81542040355
7.78907108255
7.68315454778
1.87123654188
5.33011376476
6.24826749863
6.63609047302
6.96003968425
2.32657490643
6.07916329587
3.87959742289
2.55301205426
3.36105671437
8.81957218089
7.30110868099
6.36850897295
6.73510515206
4.39933249505
4.33809660011
4.58136196866
3.11166782314
2.79500907956
4.61911215244
4.62648737296
2.72443356083
5.69735343237
1.81922281836
4.07250694072
8.34757803458
4.49217033614
6.58181735935
1.97990938187
4.68036759759
4.48190239009
4.55556046112
8.15210803088
7.35989973348
5.85055478478
5.00014516672
3.3723428607
2.36046650107
7.31182710261
9.24986219523
2.05059226543
7.08373380601
6.98870380341
5.09765227616
3.26803675877
8.11201506964
3.16472522161
4.98148603893
3.18451906227
6.1977039429
8.85068897086
5.18899024324
3.19928156869
4.36519981585
3.38873291598
3.73883708697
3.40004904305
6.0501855956
7.11932680306
6.03277111527
5.10720748064
7.49943805791
1.07409787715
2.72028393251
6.27583066229
7.48796121184
3.9586367305
3.84669817206
2.54484800031
1.7094545353
3.36022569407
1.63250667416
7.56308355888
2.90846653412
9.51337561708
5.33876568299
4.30312343109
8.18416144512
6.65906701736
7.13623712447
2.41773778124
6.65166804815
3.96174626335
7.86647134155
4.88901318131
4.73677512235
0.680044444433
3.82127377366
2.61753674299
7.72786746517
2.72937442559
6.82909562384
5.91724685769
4.68491006948
4.02174473483
3.92982900353
2.91373106485
2.30311660663
4.09677204665
8.42598929443
-0.178481927341
4.62051134048
6.37171557552
2.59494989122
3.54149706985
5.61747136769
11.0194396626
3.5068049891
7.5119490492
3.23834538395
6.5424677361
8.14004394093
7.16401631279
3.42333763612
2.87654961866
4.28296495621
2.85644678657
1.76853519006
8.17982591792
6.33191828086
3.57067550067
2.8693465003
5.20563393227
2.77697702874
6.79553438686
5.76796445362
7.9537892976
2.07936597816
1.42804457348
6.27420441005
5.37224841474
7.08904880391
4.00388744134
5.30089065525
4.22324335086
3.70063401039
6.70713037422
4.28830794399
2.61183181418
4.00949985848
5.01328049907
4.94371064864
10.0732688971
1.87009545255
8.45185713747
3.42663997702
6.11906393901
4.7251231223
8.10846222371
7.24820188718
6.40676908581
6.01085319621
4.58664499238
4.98034193336
6.17870964425
5.23981137869
4.4973503048
5.39452531131
5.38164764133
3.51660733667
3.32285029944
3.95945410842
2.81825956289
4.34237567737
4.93662785928
4.95459816525
3.08622539442
3.01315932086
3.41561621524
7.64383974609
7.31951753874
4.96765267366
6.52730468883
9.03936786321
4.22262937075
3.12973349577
3.72685405527
3.87008684659
3.87069772347
5.15284884546
6.68617596664
3.72920679766
4.02293428468
3.93684154572
6.14583514744
2.90239310363
3.26950521271
9.24950271893
6.07211393808
3.64954822118
3.84667295131
9.93391489703
7.10662283654
0.537452997032
3.06230731705
5.0405730708
7.2444221762
6.97996015586
6.19636452175
5.95536136431
4.6603352903
6.42861145254
3.4733120627
4.97248144902
7.1893023599
9.61626137964
8.45945059737
1.71007118775
2.32439857312
7.85515625561
6.51652909834
6.96981002336
6.57502528185
3.82088486684
2.45141932795
7.67471776287
3.02074238593
2.56972799092
1.26032327496
3.13989500826
6.64325013497
3.48011711509
7.0982063483
4.86565515166
4.21843920812
6.40397502972
5.01400241103
3.41948242291
4.16084063822
3.78955442444
2.08330791964
9.7151287192
3.42814406736
5.93007000722
4.11199578708
6.055766644
3.01919733536
3.89794483822
4.06149446157
4.27216370814
2.74492034689
4.43399635152
5.25383406896
1.62538289261
1.91589471831
5.09040104208
4.16773445291
4.11919632358
7.49386280873
4.01947183925
3.47837784499
4.57572422483
3.88343561759
0.8698611973
7.15823062982
5.46167606025
8.66681450947
6.08643190311
5.30264712348
5.18199542944
4.07171502905
1.96119393107
1.44374059788
6.23049447655
5.64344188935
4.92103366607
6.77994572149
4.07742867241
2.87692741691
7.68390040645
7.41548741615
7.59541453586
6.12361665006
3.40495999352
5.26884502534
6.61754503907
3.39789960065
3.14840536698
6.2553843861
3.25665932038
3.07246877686
2.5959916301
4.45036545932
2.22609969468
5.7671448859
3.94874692603
2.26931003418
4.68705649525
4.53046715907
4.28030606516
5.08081855687
7.26930501241
7.3211050043
4.41776972083
4.0479284042
6.21911766004
6.62670420138
6.23305586738
4.91642765094
2.63239701075
5.50897381233
3.69248559994
3.35176031746
5.48217767933
1.60928887917
-0.965663467239
7.87353540174
7.03514831318
7.79040440375
5.22754228048
3.79785334872
4.48613251032
5.7995892358
3.47426026745
7.71222891538
5.12645592697
2.30829085553
7.58617496069
5.08892271946
3.34004000413
10.1663423301
5.178093273
5.08222606145
7.96434176443
2.70744023605
8.2536241502
3.44078464797
4.0528215498
2.99854220603
5.91875075994
5.63169136424
4.63805676143
9.41113663248
7.2135518878
3.46702934607
6.38961377866
4.1003332207
2.80216910069
5.4152437199
7.71668975212
4.4595139294
2.92586351334
3.52881457568
5.74467177649
5.32270648112
5.95849678602
5.8059115384
7.91522778216
5.86672955923
5.7832315577
6.97547991031
5.12285797324
6.38953902973
3.64840175119
4.10714892758
3.36113165439
4.14771138151
7.02192973625
6.9731501146
6.9325939209
5.41404280929
6.82532514848
2.62742448248
4.84958220414
7.49188481682
5.6037522133
5.16285122089
4.85057581867
6.97791114567
2.32403759386
3.58234314413
0.172947984018
5.29013169536
5.0646293686
4.24934418691
5.30447001467
4.81733529504
3.09151951948
3.05109178702
4.08018340054
2.18929393985
7.88148983259
5.0976595461
6.54330954969
3.42180603496
5.78480517965
6.14167465675
5.43367673593
5.40706521833
3.3971597464
5.09224974591
6.56789260673
5.55822867787
3.67965969814
6.99174502141
3.2736415558
2.39297378083
4.20940195335
3.62758789652
2.30461866554
4.29762793166
6.13556774857
6.04539765644
5.22619184087
1.26356034742
5.42774219449
4.15090058531
3.55087998451
5.0379475428
8.26059994781
6.81371591152
2.72136356337
1.7444412855
3.33780117814
4.81712583403
1.43789323224
4.62552488705
8.42105021324
6.13703724581
4.40534912442
5.75568560146
6.38051604858
5.04527131066
7.54482962942
5.14706537062
7.00510292221
6.10227997078
5.34315567035
3.45861169589
5.71541874957
1.70303070849
3.00716353607
4.25272795487
5.19309550285
5.03379936168
7.47999408326
2.2962756219
7.35444191441
3.76082488237
1.18008939211
2.4214949214
3.09219700792
2.11845082443
6.03206473351
3.33198742391
1.76639986727
7.15270971908
2.57860878992
3.81735613875
5.47922171545
4.07143367244
6.60364016621
4.68164352942
7.35282451314
5.72613342438
5.97320972256
7.475988151
6.17943376525
4.99863591904
3.12661519043
3.7353419312
4.33437927012
3.26647236825
10.3509098715
3.32736659094
4.81283354607
6.44531388204
5.28797540223
7.36410091252
2.33817671009
6.80276610022
2.95046278042
5.70001018379
1.05498969731
5.85942080776
9.66846813076
3.45620501084
6.1135158907
3.11990978354
4.29862849343
4.78848585487
5.42933583505
7.71012502495
5.73915666178
4.14971609428
5.34872944408
3.59369021013
5.42912114429
2.34896389135
6.02697298255
5.66933212148
6.8894837511
2.306876373
7.697253723
3.9199316789
6.27832964186
10.2697768025
3.58629535596
4.60327834629
2.03672891033
5.92421317572
5.10445925244
6.84415713835
4.21588439096
6.52435913268
4.65521647702
3.2705191223
3.75193520916
3.313153158
6.11560895437
2.72785229623
2.13486034293
4.66059451294
5.0018884062
2.23804611935
6.95573221992
6.8165883765
4.64916166884
1.62723239005
5.10222383474
6.00510537417
4.72219510318
7.8197998103
4.51874689156
5.31536900424
4.96865564252
4.63135349353
3.23884977263
6.43686411959
7.8919107332
6.39005546703
7.40500625333
6.122380218
4.78963192173
1.81901498811
2.26726067194
6.55040995028
5.48066162866
4.69452211415
6.70902932897
5.52296533588
6.08715815109
4.65948783649
4.76054183262
6.55413678484
2.61958717736
4.45146452419
7.73622685286
7.81381967737
5.84686675025
4.48067236543
3.65656992208
4.60948626078
6.89477787143
3.92336782497
5.36736265408
3.71947617089
-0.251725242391
3.7675595979
5.63397540306
7.72639587561
4.17283896903
6.80415390477
5.17012585846
4.08978689892
2.91765780516
5.04426191206
4.96347319435
4.95175288884
4.91427417849
4.78266323613
5.01473230386
2.03736139675
8.39530001869
4.1518578448
7.60512857393
4.55008711938
5.51145833828
5.68691141899
4.28751307688
5.9628734163
6.54995020956
5.5954976769
9.30987690666
2.45033090281
2.10697426716
2.08488155857
8.98491392317
3.1869395014
5.54794670318
3.57052498027
5.21418738451
1.02163766499
3.03631050755
4.18416556795
8.5347578756
1.81998634053
7.43848416019
5.08834761891
7.37133241586
8.19892667927
4.83242948576
4.33700407559
5.37144574712
4.75191192785
3.07724104549
0.103922163818
6.62950707853
6.58135029789
8.18575167739
2.1340681831
7.97844306532
4.97608601905
5.55320181052
2.11578026413
8.51999098101
8.56339158558
8.00660729222
5.50452829882
7.00563404993
5.5017237142
6.98051821608
7.19008592595
8.32236678036
5.95352327725
7.99663150112
