6.11587916804
3.61881197262
8.16687567976
0.397106981267
4.77495912806
1.18871626423
4.3984579762
6.4875529706
6.83048372662
6.01264640529
2.51328355024
2.17716634729
8.30312863148
4.14891665092
7.38365150358
2.12235358148
6.56688890067
7.44197989512
5.90886708812
6.09788949428
3.65783762851
5.45485448144
6.37461462122
3.68127891064
3.94192931297
4.40591950685
5.03254173807
3.38550519793
2.20858667247
7.9024655155
1.28514526453
3.2934907081
4.59283445239
3.7516517137
7.13500792608
5.00642550864
1.06879006266
5.28631286877
2.19389174941
4.21946399729
5.79570832603
4.54367993392
0.809500738891
3.09905199652
5.47917670066
7.5881753219
6.93509630456
3.16875107086
4.97448803202
5.50618295946
6.77759685412
1.53577178564
4.72454181721
4.52497436166
10.918201325
4.86897410625
2.88221159342
5.91519388069
4.62336550416
8.22799107394
3.52682102683
2.16550720391
6.44541094584
5.77344815029
2.43369733404
4.8823796681
11.0922555288
4.5034330719
0.942579787798
6.29679041553
8.64442236496
5.55665911273
4.00004467614
8.4295870935
5.56669298495
6.61703136598
7.25105165897
5.85339720814
4.87556542111
4.84004672626
3.99437844539
5.67336647575
1.40366690698
2.73518764433
7.00733164205
8.25955436189
6.50354707988
4.97483041492
7.6259921475
2.98589001817
4.99494926763
4.84223731145
6.35909692374
4.62530903929
7.96923986364
7.2496757376
3.96330102389
6.85913490439
3.27795609781
3.28836268698
3.4923712655
4.94090472697
7.53518731157
4.05824231409
7.1627333933
1.57170156223
7.02868938559
0.258211848946
6.21267604886
4.84010180129
4.87667483767
5.13787907888
4.11695321533
4.91414397716
5.94828783976
7.18037697516
3.13403186812
3.44756908926
4.78117042859
2.57040352161
2.05097852794
5.483236936
3.87577646917
2.73130953239
3.52933342852
6.12414423428
5.64288855546
5.34033292351
5.98705158953
6.54563470073
9.83621358501
5.93308163406
2.98495768392
6.8775941212
6.2700323285
5.47064159394
2.81676691715
2.64880762511
6.51804891513
5.3014921834
5.03621543815
5.13128678504
2.95338268586
6.35595170093
5.44119143106
6.385506308
2.75765087037
4.71774608316
3.43092600758
6.99198984262
5.39354784534
5.50294773288
5.84420005915
6.6475474124
3.32759099752
5.22145897554
2.29247083543
1.98757987653
7.3750774692
7.63490764696
7.54782761555
7.30797988986
3.76316515138
5.88284705834
7.22496921684
5.71926508412
6.67903841346
7.52884625385
8.77890512478
6.07553064651
8.36726933499
6.4619747726
7.58433219764
6.47905790795
5.75158782572
2.24389246948
2.97604015218
2.56085546532
3.75451787277
3.88654902183
6.79841683008
2.02445587688
3.50239859036
7.49481966483
4.93985891227
7.87625157235
5.39442206173
5.15754426305
2.05106575067
4.61092839935
6.5920510065
6.0733612207
4.33863199282
2.89348821178
5.30483363295
5.34708887569
6.37326122597
4.92199032215
6.47084999356
6.84549664029
5.54837481916
3.23824201704
4.53317679776
5.43347187218
5.72871540559
8.30167698767
2.46553409537
6.38104980741
7.02228981695
2.22806491946
2.97851959075
4.20208248324
7.3978517905
6.40614564072
5.68980674133
6.96966876228
4.4350729567
8.77171026466
3.62691764647
5.32323518317
1.07711800032
4.90998496142
5.55303422532
6.7948254356
3.34063696815
5.16525159584
2.39469605866
3.36313181132
1.646989385
2.24056248505
9.33351930406
4.13624768884
7.97465781837
3.18575367002
3.83636110464
4.13594450231
9.92331768999
8.1427692872
1.93856202561
2.36929017798
10.4641711133
7.11228117089
6.73335083606
-0.648434680662
0.1234866712
5.79381216647
5.92051685498
5.84609047433
6.27767453073
6.93088646063
5.61919094943
3.93850017506
5.3200925235
7.94708439461
6.93825109017
2.88037430105
4.20848817078
5.10761598182
4.86266612507
7.21976423892
7.0994469456
4.6628508831
2.59905429388
2.57132129115
3.80231645605
5.87588993821
4.89346521416
4.33698103749
5.10479277085
6.06090452242
1.27455303499
6.27772824411
8.76783198253
6.16670381742
2.09205442703
3.72890830476
3.77783295485
2.64528250268
3.1336317008
3.90310154137
4.38918821394
7.05280813044
3.27939229123
4.12466119069
1.2451077921
4.73693406038
4.10112561422
4.9476199251
4.40314188817
3.48793743927
4.90624074886
5.46698376095
5.11328871108
5.14473082182
4.65251048262
3.99323533359
5.39862212388
3.83015684747
3.98809467616
5.83724120407
6.676245364
9.01129340619
4.35456662931
9.05098716811
7.08824709819
6.60690054944
5.65721629356
3.46403078511
1.91084739239
3.27546210878
5.35753546002
3.58769293613
3.84901908288
4.35196864258
3.20779356677
7.52893302704
5.38236127705
3.74072830147
4.90971329298
5.46163133194
4.60718382589
3.84317977589
7.62650364009
3.80496251939
4.79634533886
7.14968609536
6.15933765884
2.59045335323
3.90504189261
5.52594293544
6.25964511105
6.12414458149
6.69478337514
2.86653912092
4.78540502384
7.09912147311
7.89939535928
6.29997682385
3.7439821207
5.25541490171
5.20453598915
4.27171804332
2.13599034761
4.89954150099
2.50078149982
6.97843806032
4.05657592152
6.65259591782
7.73659385272
5.67721794727
7.02273344656
6.48266054399
3.67409804511
5.16545707123
4.16686245584
8.57168902507
3.97947258106
5.04275916228
4.3010469841
4.36963204306
1.81796569228
3.25843916758
3.22411999423
5.56985473612
7.96069049839
3.78957044656
7.07749427688
3.6746442123
6.49153317739
6.89837997813
9.07961016521
6.74113971886
8.5143613639
3.71550534496
5.87696420543
1.39207505829
3.32997832326
6.5388558482
1.98422996794
3.9649556063
4.43009909707
9.55269612714
7.57485630899
6.25789097009
2.5583833364
5.10810095072
5.74152904544
4.34773536451
6.67647709479
2.96359167128
7.23779743725
2.45309604505
3.69120937334
3.78811091507
4.33512750583
1.29518282759
2.04626931133
4.38195757614
7.33908367945
4.62353122716
4.01048866966
4.82637318189
6.57385363354
3.11707530241
6.87045012615
3.91169387077
7.0253333874
5.241866382
7.36617715799
6.38991212043
4.79341136
3.97849084208
5.16559214105
4.60879776042
3.95726857304
8.17836936506
5.23344114006
1.35585544845
8.07069134522
3.28798460178
4.92764019158
8.47289840391
5.32107101604
3.25291987829
2.18262575202
2.49262001272
4.29776243149
7.06380523138
2.05702437493
6.94555797663
3.40507736258
3.62661944668
4.43664450322
6.6648821717
4.59618421226
5.37940430664
3.80869625802
4.78216649682
9.67008518379
5.74138660219
7.81359580483
4.28413893459
4.7945975611
5.13289900746
3.95560246102
3.09331033354
1.2636606256
5.10644176748
5.41090316895
3.93539990905
7.56400964978
7.68166649101
5.66526750019
3.32888746903
4.3027693308
0.837316729189
5.80764487472
3.26795622767
6.44226026484
7.38363273264
6.16692930255
4.10400850077
2.2021295193
5.79268162734
5.62292840002
6.43083823934
1.87889765897
4.87170038768
3.1380089818
3.56366409008
10.2171449864
5.65016635447
5.60043222022
5.89835898232
5.44705491707
3.56502382285
4.32272352934
3.62392047573
2.26498550788
5.63331565395
3.45156848077
7.25437696662
-0.077550608787
0.959412717775
5.55472679548
4.38761662727
7.00022272202
3.79131706024
8.43913172307
4.87517082662
3.34849765272
6.40780054959
3.30429783356
6.01746557531
4.65907266404
4.83869705866
4.53887076033
5.32752909965
7.28540163774
4.78200083403
3.43119750737
5.83629457837
4.77949679145
5.56337729885
6.5858885062
8.92190065881
5.21428572786
6.46451909306
5.75110504822
0.551517904282
7.39004053367
4.55052053626
4.49452871294
2.71926228585
6.42764373515
4.0536109707
3.69832758502
6.35137961343
8.26403788395
4.09112553363
3.39108263195
7.31448807342
5.45650852836
5.41459790722
4.74197903672
8.12738515881
6.65442743913
3.6886080118
3.84326670001
5.61056964917
1.8430689625
4.02070291152
4.02562828173
6.99110304361
3.83716143304
4.01820492699
7.9584572238
7.2700766632
4.1494830985
8.5965058434
4.03267842256
8.8199731405
3.99465788481
5.78189692313
3.40805369187
4.85940832451
5.93091675442
5.30590499429
5.31006018322
5.74132721724
5.90029356581
5.10568705072
2.48625374777
4.58326876812
4.23503576856
7.08503931168
5.31934034238
5.28174417035
3.6481630352
3.16388456137
2.75252209691
8.51323579949
7.24322183377
2.77579549458
8.05715925956
-0.555929681822
5.04872996228
2.76236267339
3.47379235772
3.97739812235
6.33747088803
7.08078989998
4.8161464994
6.45164344776
4.19333188916
7.6936932752
3.92153404369
4.13721966776
5.06442842361
3.36491471344
3.94152283476
2.76122683515
6.42644225997
9.2430199625
5.23870899819
7.90149462091
7.34667317293
2.13355215624
6.86217650029
1.72292257425
5.18179409779
6.79017603041
7.16178517702
3.99496517687
5.39075453885
5.58035369523
3.24459282218
2.91721767408
5.33586758743
2.76903211103
5.69360836283
3.24618515495
6.50266169615
4.63500659533
6.57400743137
5.6942232704
6.55161549828
6.30542762706
4.26107135283
6.60319598321
6.47585955902
4.29609019051
1.47863312339
3.87238247394
3.76679416959
2.95388977152
1.3025469603
7.93064806151
8.58907868264
4.6456837237
2.80677825354
2.53369141206
7.04885898578
6.58110281934
6.68131079263
3.7676785486
4.38768313071
2.99232014292
4.43811858666
3.88058701435
4.87660125446
5.90456860284
6.03580482324
6.52925853926
7.07891769042
2.52619634322
8.04626633859
3.8155827314
4.59079394684
4.81979284101
6.09250916473
5.23680978264
2.91802153879
3.40752870228
4.57194839384
6.97138484639
7.40053273222
5.77842475443
5.08264152081
6.28957418824
3.50714169631
5.27781996922
4.87579432638
1.28363812796
-1.41182991319
7.37849002286
3.38856644238
3.89933358433
4.38748437101
4.72814923343
5.87452915137
5.08485686636
4.59400164393
3.46274305685
5.67838327404
8.558348798
5.80867577615
4.07556077226
-0.0896541273782
4.38197646606
5.89627998447
2.36869833903
7.92387425997
3.58678717491
4.6161788192
4.44949650513
5.06429880779
9.96063420879
4.02213431933
5.02496498318
1.86100833056
2.41484465414
3.81226210178
4.18267675006
3.2342039333
5.87949805863
6.03748961141
3.12225278916
7.54929876161
4.36328279039
4.84479444394
5.14877064698
7.10088344819
6.66025356089
5.73073412201
3.2322083599
5.43010270939
5.94098179945
4.94016378834
6.810028134
4.37644425053
5.15870736517
6.05876408502
2.53564766312
8.29290888718
3.61082385942
6.5064016395
2.89358745173
3.90431058788
7.46497828851
6.85726062913
4.65323589658
2.46795765238
6.85623904315
3.10747217956
4.84279141653
3.87063999726
7.044958741
8.45225049666
5.50101837104
1.62298518661
3.25618339387
6.74381454386
4.62027817185
0.220211109262
4.39908417654
5.24194508934
6.21297086407
5.56642686874
1.15317333646
4.88845099583
6.80587770963
9.19593055515
3.85292244692
4.10181402145
4.45804251554
7.42164731464
5.41074917749
5.25782050028
6.69230543021
1.91891489609
5.06333978505
8.39849643508
5.82082329574
4.99809385387
5.73069998888
5.79799952691
5.69357875813
4.27252103501
-0.137928964812
5.76823140071
4.94505825539
6.34253952726
6.81729996629
7.36738786848
3.99380409484
5.93477382655
4.95943482039
6.10651030161
5.53140973448
4.20813561561
4.61215611399
5.95799667777
4.90283289829
7.5375734903
4.12407146499
4.68533806369
6.92079007078
6.55251394259
4.46839275233
4.68906190216
7.0933753928
5.3900029706
5.38138302797
5.67255940699
3.13819145587
3.80069620883
3.95933323544
4.29512106184
6.04577320175
4.07808586399
4.34901953533
4.98362145941
5.42693990763
5.55189808676
5.66882646963
3.17325932386
4.54313606419
4.51385462253
8.06494362889
3.01582053547
4.1989549106
-0.694666274378
4.41409910067
4.66387330587
6.55964461058
3.69735317578
3.46727218509
6.06592363974
5.73972399217
1.82276352253
2.26804955987
5.6579113884
2.54573834442
6.63122006344
5.16414078391
7.43728152832
6.77509837324
5.80976383412
5.38061385881
7.30495938418
3.68944160467
3.19813210739
7.22918769347
8.87989200506
5.81549125548
4.86713362828
6.09976932919
5.09956170516
4.45607756655
5.82146952455
7.46805751992
5.18220321776
2.7727538962
5.09413234878
4.13224689622
3.44773320896
4.36213528944
6.05484608294
4.97263980318
5.33607073688
6.51394772742
5.29966692226
6.86276940592
3.15672548858
4.35781748801
2.87526515513
1.50403022105
5.48562741092
4.02012379554
6.63289554976
1.42066652039
4.0127966868
4.10534464848
4.35952126117
2.84230112841
5.01285084046
-0.219461788499
4.34681450988
4.60377857069
6.31740661328
3.97230643665
6.76034954826
2.87174368556
4.81296391972
7.45890767207
4.95847154842
2.49847171368
1.2920948719
10.0202285413
5.95025983659
4.62722061529
0.076012887249
5.89291325442
5.18199043457
4.77911495939
6.19377319633
3.49621330892
3.11423729672
3.98066345235
6.81339834636
2.38324702405
2.72641748537
5.39674629363
2.57757860796
4.27537069028
6.50397721731
2.94017971552
7.2608308624
4.66711728052
6.77960854192
5.01206527564
5.4632169299
11.8453156668
9.10235557024
5.39414050763
4.94464618021
1.6293126585
5.10475801128
1.79493841771
3.35802006705
5.74857538297
8.60801807136
5.03962012364
3.09281164445
7.87634576845
5.05871225561
7.34155579916
7.89155902961
8.86095291415
5.4655310271
9.85116491114
4.00476637481
5.85651860424
1.82121972812
6.24382077901
5.84154994851
2.58975800389
4.4179246539
4.31833607991
4.82419310454
3.77753968497
8.08684952501
5.28340119456
4.41055896134
0.721104003392
6.12333826309
0.791381497695
5.30709811491
3.61733265615
3.62550877197
3.87285048423
4.46880875865
5.08765968483
2.94001476675
7.21750277007
4.67925970324
3.04450069387
5.31464177499
3.65891210057
4.95499763822
5.3715076608
3.91075670687
3.56616052421
5.90610644769
3.38025764684
4.17991359558
6.39144322269
5.86257149373
4.88022240286
3.98817840599
7.4079273591
1.9577330952
6.25440644702
3.45036356084
7.74641199582
5.28393537921
4.68352146905
2.47855078353
2.9523542261
2.89428709221
2.58110235375
3.07694328855
5.85396304599
9.998700844
5.67512429787
5.72025013857
3.65840475337
5.44926901573
1.16661456738
8.13481542706
7.03642655909
3.13617735472
5.44099105947
3.72932865163
4.89830311337
5.16669278596
5.39259739665
6.42138273283
5.39377508652
5.03058157985
5.23867320445
5.26014411782
3.92382802707
4.33611066684
7.29138844905
4.41267787224
5.19993118953
1.6511596793
6.18659064093
0.967180804015
6.30226634009
3.46647499674
5.60226527843
2.38627767338
4.7598991886
6.66686229665
6.46652569433
0.569621406403
1.9208181745
4.97659467561
2.83342727444
1.53294250977
6.86067620857
6.64609578454
3.18776808662
4.97922130965
4.66716783769
4.01067102805
6.3724908061
