3.98973993795
5.47607304838
5.50517948145
4.15058662266
5.64603681433
4.71224363959
2.72077099487
4.63458023609
6.02373272061
4.05601107201
4.496485098
5.46533178038
6.53342405721
4.00439015606
5.05204615089
6.39068475315
4.6083919395
1.45750209885
6.00781755115
2.50566156609
6.64100627719
3.66121361109
0.652404592292
7.1537044933
4.98594691042
4.57941597331
5.42173739446
7.60884889522
5.23665658771
4.99049379063
6.06708390997
4.03973694878
3.59880811656
6.16640303126
5.00365302761
6.40089839421
6.17750457653
2.34057712059
4.11586177823
6.36662406641
9.4987332456
5.02325342148
9.12927670126
4.41716873893
3.70426098449
1.74907619726
8.27590293593
9.1241488701
-1.09351858097
8.00923533606
2.27635342489
5.8728644396
5.83916093189
4.40967291166
7.80513941484
3.49311455755
6.11333021043
1.95100111547
6.57996017319
7.35767089432
4.74445237581
4.17919523784
7.51528492394
1.33909749345
2.99292081736
1.12900762172
6.39828242894
5.53781614665
4.22373917128
6.74348174416
3.92953651918
6.6602389213
7.07529101081
4.76138090729
5.87915076049
4.52939892392
4.79215563867
6.56540865348
5.52604744971
5.69933909016
5.90997711259
4.72973230067
5.07005357735
2.28805479724
1.86790519597
10.1040662124
6.15912307234
3.57443821326
2.69973211589
2.63074416667
6.1643571729
8.7907152485
4.74602371588
5.44475830924
1.32222688549
5.9963541836
6.46962437738
0.545733616495
4.85180792065
3.85974201025
7.32300110202
7.67096719341
4.82021483762
5.80945119036
1.71444031796
5.10832200108
2.86669496094
3.44442977567
4.09280374667
2.8570485882
3.88114610133
3.70888091923
6.16065744617
7.86263258167
0.019837200994
7.24107226654
3.40741235133
5.62068902603
4.53062266825
-0.714841328397
7.3573638173
4.503278836
5.91889217448
0.898683649671
4.56229198352
4.3382153431
0.201687723491
4.7710030422
6.08402324789
3.43333609218
-0.381296070051
4.45755678404
4.73435330339
3.97996176926
4.51288497296
5.65204291337
5.16546470765
2.54090426076
5.20814662555
5.82325179057
7.0077975408
2.66394670454
4.78556968041
5.53734247111
5.40478249595
5.93128292345
3.22778068741
6.35369013941
5.6567539802
8.90503526782
4.45503965868
8.28816356384
6.86991510024
5.52222815381
4.0854937889
6.00144932988
4.73238708496
3.7669365126
6.4562638336
8.43627798989
3.3519095534
5.82481327345
6.92175563573
3.98323718433
6.23032023536
10.4080277921
2.57542802493
6.94786658528
6.05219842133
6.00357961374
6.337179742
5.95496333142
3.596959895
5.2200214796
7.74247510441
6.4157773257
4.74198856382
3.43864289327
4.57899814063
6.1572853721
3.57525857214
5.63114509377
-2.6292769208
6.74753727707
3.08348331011
5.41289938335
4.99195846778
4.81137079331
5.97084408254
9.67796293986
4.39206476658
3.363190826
5.93077570794
2.67441769286
4.87675946286
5.62852664927
7.85609380609
4.86201143577
5.00500111208
6.23357763698
4.23162282916
5.30428544887
1.47015510631
5.81096401654
6.17694930464
5.75527602382
4.72414062614
5.15944932226
7.24345318741
5.36499518612
4.79681303129
2.61242404099
4.69301696876
4.41754831866
2.94327806847
6.00984254379
4.82746852169
9.2121758733
2.25586876477
1.19640646002
3.50969546304
7.43363750595
6.74639749534
2.99407673386
6.70152153989
1.93650357586
1.61979458658
7.60261216405
6.32520641348
7.86877807115
5.69670989123
5.34194222011
4.65251997864
5.18964960277
2.36680564128
7.98098314006
1.96997271745
2.94378645675
5.86926476208
5.50382599578
8.12222268485
4.94937225399
7.79006155298
4.93420597078
4.54463734946
3.14841261594
1.08382011907
5.99536234233
4.76000888605
3.45208671757
6.6007683722
3.87774840799
9.05152483075
2.20037869479
4.1347298207
7.07136547629
5.86667974609
5.06526273442
2.21407792326
3.60750792769
5.0237308541
5.29216709055
6.51767890552
4.34000378924
6.82351996927
6.79840869126
7.06596716307
6.22088194863
-0.638734653096
4.03852574408
3.36029640301
3.47726974567
3.82924067075
3.59483345772
6.52806011819
5.9341220678
4.43327333199
6.21665042338
7.96381760054
4.26517807057
2.75581212911
2.95308401005
5.70068840049
2.43511934262
3.71425125314
3.98346069968
5.37347521528
5.54186028631
10.351623547
5.16896728263
4.56604856592
7.17312842843
3.93079523221
4.59531484002
3.62278783203
5.69923360968
5.34127963942
7.27560067812
6.21394557141
5.03119717296
5.45770716674
5.69101991388
4.38096275004
2.99388882134
2.92882114458
4.03874707607
1.27922558505
6.07307028724
6.73484097475
8.79144843164
6.62606108304
2.57208637626
1.90180818988
5.68154526931
7.55131340434
1.53898264721
3.87149496451
6.4568999067
6.64433295165
5.61976300494
7.51576158395
5.82934422164
3.29859471047
2.55627377496
4.79473160293
6.74264957903
8.5970707703
5.13927438151
6.53766582114
7.2505318997
3.96591919357
8.9251040928
5.41952718729
6.84424146159
3.52089552966
8.04246551299
8.83484268642
7.98444816619
5.28014145055
4.38618573658
6.37133765855
3.2482081836
6.12172284807
5.62679042058
2.28821411005
3.81267480119
3.14345976427
2.87199114586
2.80313649038
5.24774927347
2.81818513418
5.72863300017
5.25837040559
3.04200964819
2.15966896164
6.66275279156
4.96330639097
6.85836404955
5.06485352732
4.67262552816
4.65839725633
3.65724795919
8.69012005775
3.19332514704
7.77755551827
6.71460953219
1.09923282141
6.80171133499
2.99325802361
6.11606767266
6.15764533698
5.12220559531
5.09811043399
3.94995802185
6.19896401121
3.64494418138
5.15287589267
3.24100763809
5.41677813856
2.80476109335
5.36729343385
8.78831489219
1.67905466502
3.31078321043
5.27168058098
4.64564216695
2.10872129325
5.36508388812
5.91195173815
5.2037976676
2.65198355638
1.99758799657
3.18105007761
6.7548966087
7.98152444733
3.00158187289
7.65302843862
5.52622694471
6.86224983153
1.02743878031
5.52327370444
5.45661845493
4.2485743062
6.47436945348
4.67268082698
4.70740072182
5.48353067397
6.5164868613
3.89401290902
5.59907290823
5.82744867539
5.59627435792
5.22136710669
3.97207618058
5.39089176317
6.4551557887
6.38443289118
5.38964275173
7.18743473626
6.67097108931
5.00794316432
6.64245577309
3.64942525058
7.7421959868
6.87296911463
7.77163926259
5.59520472353
6.70778874757
3.2909487892
4.38407505289
6.05474013093
8.39308008395
4.29289238261
5.08618044457
3.26429976434
2.72197092977
3.47291987863
4.33757731073
6.19314994388
2.9368539929
7.72422925025
6.97791787504
7.0629844451
5.32125166749
5.0703645331
4.46710188014
3.42937122752
6.52310111064
8.82402780007
4.92203227688
5.85868838785
7.38562219733
4.0318805069
5.95362264599
4.41152847075
6.00694708594
5.62189439887
3.76580198361
5.29811205827
4.42574995627
6.4433370578
6.18900410569
9.99801312503
2.16484880051
1.64573274543
3.70964344555
3.87188004135
6.35617290607
5.31727939438
5.79182456992
6.20214012283
4.16167318497
4.63490774216
2.2674221446
3.66771614696
4.61748700939
5.9211262038
8.09419149359
6.60888304912
4.01196560179
6.32896768713
2.52588961114
4.27334909699
4.79427855626
4.68034378904
6.91743829954
-0.344765930578
4.4821032172
6.40943259097
5.27360373386
6.71987254772
3.9179921326
3.73378186801
2.7329184678
7.32732572294
3.3737841084
2.71143602087
3.97809384074
4.61084103492
1.95391004404
3.53549348239
3.03632772065
4.56978659924
5.40292846341
6.34712393815
5.06949729905
7.80420185251
4.84270388261
5.31863549926
2.90856597784
5.38520270438
6.16440800742
5.09160763585
4.13149569055
7.19078626395
6.20193482636
3.37957781794
4.89092902346
4.71293394474
4.51529169228
5.50098402348
5.93829696607
3.09209012526
3.03748791257
7.07493575806
7.45329102404
2.29472407668
2.41955306866
5.91398976009
6.95460370808
5.96339274829
6.3875386882
2.37286542109
3.79856104872
7.48275991324
3.41261250888
5.05682285351
1.44788495684
6.03918259434
5.60623443371
3.31537378597
1.38594483095
7.12713294229
3.27517117016
7.01871015926
5.31994617761
0.507178127585
4.817368676
3.51984329314
5.01071192834
3.03938699278
3.15211838031
5.84004283859
5.23841713263
4.42953790013
5.36116497856
4.6543378715
4.16430288966
5.99180785835
3.33244175241
2.85052342474
3.8060706219
4.80083448248
9.28206707721
4.30799980595
9.74161395611
7.10423289491
6.6410502127
4.23978226984
6.25080523069
5.1395911044
4.3795291566
1.15040827278
3.12364952109
1.53430937965
5.8111051541
2.67207106416
4.34956087842
4.90913579046
3.93264351606
5.20205222662
7.42844660967
8.57196783982
4.44033719566
6.26384945359
3.37751059671
7.59827484425
2.46124309071
6.80615795793
6.80506250502
6.06659659629
6.67471856831
6.97185292529
3.00310790926
2.65617625871
5.82391246623
2.48525166698
6.0895620533
3.27772237708
4.65564305129
4.7347392767
4.63991907909
3.86332033771
6.6858820321
3.76853931368
4.33784634266
7.42794537499
7.52614141289
2.55107405233
0.589791472308
8.11622632168
3.91377224363
2.68427851579
7.80326799916
5.79155736667
2.65306880245
2.01768190015
0.640384133757
1.79787254938
3.89905574375
2.39113039866
5.37475087759
5.24202588645
4.24385912266
5.27410118658
3.81991594817
7.10439581179
4.71322588035
4.85672095919
7.3406517569
3.98325898042
3.77776656849
3.71701732667
6.79882350968
7.8728761268
3.26519077677
8.23593498129
4.66168624182
5.86884942461
6.81646025729
5.12080214683
5.9951202647
6.29362924113
6.19105846749
3.52730917804
6.85025359672
5.60691691698
7.62809435305
4.70246772505
2.79789681169
7.29928896784
6.23470159315
8.69202166809
5.37711192687
3.47555656778
5.41473712933
6.39403843524
1.28722489049
2.94848435677
6.34399621318
6.41770645474
9.33421503085
3.36782100501
3.95920354557
6.44304150248
5.31077300618
4.5888488095
6.90302702808
7.68436204845
1.29583463796
6.18476057046
9.03725156273
4.32441906144
1.20201427559
5.00200526145
4.44864464626
9.00443998672
5.57223989294
7.39557070711
6.04268406403
6.06401755098
4.48426252308
5.05370329911
3.37019985801
7.8234503478
7.26380406528
4.96561552789
4.92319031424
3.61519431669
2.85651242274
4.41477308232
4.89310260121
3.09457025994
3.02429489987
5.92578077798
6.28341475072
8.86742020987
7.14560536133
6.99327793063
3.52830787699
1.2627602577
4.92554773391
4.00083604341
7.76571079324
2.84306495224
6.11603426963
1.14605920802
5.16550613021
2.87314107515
7.54395700729
3.81708638238
6.1660946884
7.82448772544
3.84765755528
5.06189888546
6.92081553356
3.90380612806
4.64835040853
3.67579153936
-1.13426966904
8.39949298854
6.16661987139
10.5386535741
2.76018650863
2.88921518983
4.77935444632
5.69591769604
5.38571015542
7.78013721336
6.96822330626
5.75334939816
2.12142513916
5.84272750545
4.65177502627
6.51967777461
5.86050521395
7.51215941126
6.73357025009
1.54862225049
6.43733330743
4.12734740437
7.97652822561
8.89604237766
9.35068534839
1.21644171891
2.10676021879
6.30714079234
2.54603830252
3.94028132288
4.79944491772
4.75526440046
6.1357206225
4.85865313951
6.18467762876
1.16445986019
5.24111670463
10.3513159798
7.21908191263
4.9268176279
7.65498692669
4.78324137024
5.0256137588
2.95902614084
5.91506753613
6.67994682065
8.02069375771
3.97434408158
4.33180488531
8.462478589
4.90726959848
4.75867796736
5.88763967833
5.60984243541
4.62989027138
4.60288422184
5.27621358594
6.23935001651
5.34373048454
3.85700491481
5.12900051798
3.87147695641
2.49426773095
2.20756138677
6.44792276069
6.14766432041
5.08300608676
7.96493133222
4.32829241555
6.60673730139
4.3931289768
5.60410519201
6.4861422097
6.3615100439
3.86599833789
6.05937336405
4.19332999603
3.16714121665
6.49576032453
8.99771504255
6.00747947468
6.01567306181
5.02362677597
3.86849132871
6.27036757837
7.55436704792
5.42669134319
3.56170866208
3.82121344413
6.80267109874
4.36157004891
4.5667320255
6.95572127708
5.24629106016
6.50419817117
6.09662922039
3.47731155962
4.06435073045
2.63671843468
3.52391579774
7.12485517136
3.93593780856
4.52367884228
4.50955218369
3.96820205183
6.31959270018
5.18432157092
3.09626595058
5.66381495891
2.84515764512
6.20607393888
7.74551119317
7.15558272018
9.7149218279
4.85240530259
6.61495547245
5.0463260218
2.89772697527
3.83059316089
6.62884012635
6.43722678187
3.50008684886
4.26994015785
5.44632111812
8.85413040045
1.10484636341
6.07100152931
4.70545545949
8.7598334049
7.24331093881
2.81418789348
5.39596895485
4.11028855752
5.73456221885
2.93905250652
6.98495686814
3.29481946642
2.24856337546
6.52173220249
4.2664561767
8.65200135033
2.87242666441
9.06084824598
7.42955638777
2.82159846768
7.75684412548
5.72770651271
7.66475775671
4.77981132761
3.07458446991
4.02291384015
4.84247533048
3.42041661436
3.90122949333
2.72311942518
7.63779754509
6.68163965638
2.42087292911
5.41594076925
1.82138885479
8.03148628562
4.4954154733
9.01469918273
6.21045016515
8.47133306835
8.30884770809
3.18839567777
3.73987524486
3.25557835172
6.19174609552
2.56081324885
4.67106852288
6.81692493392
6.34246824775
5.2797546661
1.06916350681
3.13263528306
2.19274402557
3.06238286943
5.19486616438
7.20604852785
3.78410382426
2.97125666986
5.25768571624
9.29206439082
8.20888212233
4.8874642931
5.76975218765
2.13944269552
5.50486439781
2.35548559724
5.58525783066
2.89220187412
4.04384871482
6.19488938379
7.55249639527
8.13555112354
7.09106111456
3.80194308573
4.18491086844
8.84290318519
7.42273050965
0.936817171404
6.25491682149
6.41920646045
7.84534618329
5.59692040966
6.5469657793
5.17985822129
3.87615517832
6.23617609294
6.37722497423
4.05833221052
1.68796144664
9.67599114284
5.36536291377
4.57231872976
3.36548331321
4.9634248124
3.34481797696
3.43751133383
6.6286002338
1.66011967902
3.57652242745
7.02644268343
7.14232175498
4.92979498139
6.43271275373
7.64820839843
5.76142211157
3.04899466078
3.19367650234
2.49593667541
4.59292270101
3.62554200905
3.98541047028
5.23934665372
6.97905042043
7.28784611938
2.14356913594
4.58535663679
6.49687962749
5.21245925579
6.30207903708
4.16324867645
1.41022795958
2.70894069329
3.85640912284
3.04905436077
5.23795853461
10.7108899481
3.94757932351
2.47257147001
6.5396020726
8.99550047438
5.43539647227
6.87989742826
7.90795723781
4.67119034979
4.19998045363
6.00681182211
3.32093613813
6.63036656047
6.03983284023
7.94189988467
4.48520346173
3.36851442145
5.61690215504
5.55442458706
4.14364209169
1.50464067549
2.62774764211
4.96044959222
6.48217151822
5.83475931146
5.57826190284
8.70691532399
3.95463507546
7.51485894903
4.7878403472
10.9174366394
