5.3167085561
4.92756942826
5.93896727908
6.03443905806
1.99712323992
3.56208377434
6.80632345817
4.00835485666
7.07469881651
7.12469043403
8.27732586558
4.09192036516
3.41905620167
4.22399894773
0.743559892035
5.45543722276
1.1989792776
5.19527084555
3.27317715706
2.15680317894
3.70912704104
7.05860474804
-0.110950590072
7.41816084962
7.65072582403
4.37020460652
5.67284544805
5.87096932689
3.46098327421
4.41139320383
5.41536396058
6.79846373935
4.5321236012
7.02124412882
4.66800283929
10.2187451971
4.31374287065
4.66888051199
3.95771991786
2.48668387988
4.12313690119
2.39815851645
0.377563939735
8.19459748819
2.54748235434
6.52750564165
4.87615327556
3.92431093171
6.4178582376
6.01684567734
5.67202277843
5.93466177414
3.84726986957
10.1846856049
9.95117819488
9.24699110585
3.69312838369
3.34560156339
5.05206746362
6.51175279011
1.03799689088
4.78177190869
4.80862779706
8.87558952018
4.70004638149
2.37643357116
5.09774435418
5.56316635924
7.7574481597
2.82737569231
5.19432208424
5.10093161395
5.31573786735
8.26038652569
4.91352233928
8.47774885707
4.93026935979
4.43464467331
-0.114851938904
5.80078848371
2.03886288867
4.89098043206
3.57757514927
4.17679539106
1.48278441075
5.23190870852
7.08171699677
4.82327284136
5.39396673741
4.49718129157
5.9029787948
2.25033781038
4.58221027592
3.91936670969
1.71014577839
3.6581393895
1.76334163113
5.70553785896
5.79984895936
6.38688795249
6.38097067837
4.51809138815
7.61154468216
3.88891961315
5.41704988817
5.22318637669
4.81851084989
5.05926091283
0.971869911309
2.63874645816
1.95443518095
5.30715950723
5.10182992919
4.90733071636
4.09537090648
4.9299079743
6.92831561864
2.83473551975
4.39353020291
4.75814754827
3.34746114672
5.41299093904
1.98428112342
4.6486325111
4.57224624151
6.06196114967
2.63034008393
6.62619627662
4.90239158238
4.60759845307
2.34864310409
5.41489026712
6.83193462132
4.65112943175
3.47329832187
8.08799603776
3.26480814633
5.15622960839
6.92125893846
3.92672921374
3.1908251453
4.17716263856
2.09007149644
5.35205992094
5.97337591898
2.8702153483
8.08495764604
6.05108965241
7.36711174249
3.45451538808
7.33226107442
6.23269131029
0.626315565021
6.85087943639
3.12340238544
6.6134267898
7.23540492109
4.2254512294
6.36290756474
4.2621324789
7.09081105119
4.43153234821
5.81013776011
8.33910486929
8.49441228172
4.46419421501
5.78908857042
2.51224957078
5.48810978016
3.52173960107
3.80716763026
9.57611100023
7.12164287046
5.36557822373
2.82714526569
5.10400697251
1.3372844695
5.58841987645
9.4219558968
3.48204896704
2.63431114269
3.16448561792
4.57397006041
5.23310031809
6.62476459946
5.61002269883
1.47446446618
4.07058873007
7.44613264137
1.00855071587
5.70961285174
4.29108435242
6.18594501217
4.23648348815
4.99644725486
1.89124344449
7.58306227265
2.71691333175
6.66892120954
6.80047432826
3.17490560553
1.32132598601
6.5013020187
6.73288509114
6.8048144131
5.48975558492
6.44043364309
7.48096106467
4.59394392075
5.47205834201
6.22033639829
7.54926045251
7.42008057447
4.65132266248
5.6978959401
6.37867918127
10.2703486131
3.41767571291
1.50773662002
6.58122612955
5.06309068771
7.59557578839
3.65320657233
5.87322092709
7.13262948096
6.16286405204
5.2163687905
5.64171361392
6.40760924531
-0.512493024605
2.92848402504
4.67961433597
5.12280204388
6.35191545976
4.50891530492
2.96903865173
7.07712928304
2.3472936494
3.74702921026
4.78427056738
3.44324564848
4.85375996831
3.85973079192
2.92391643655
5.73065493018
4.65845947566
8.18609931881
4.72070919187
10.0597600517
4.5054509181
5.25586030895
5.05747828341
4.44364181714
3.31610361812
10.7400170463
6.12144998413
6.82845840167
2.07000796375
4.87762835768
6.06438445423
3.07458846413
5.21956518048
7.12471390763
7.22998662066
9.8064382482
6.66135175271
3.93872970907
7.36409183269
5.69173735394
5.43185955246
5.27082339016
3.51997364921
3.86975781623
6.82173275033
4.37976041508
2.60916278227
7.65367809544
7.75115630734
4.70581554832
7.8049121188
5.84168507925
7.36836573332
4.5337490726
5.74958442941
5.46080869346
4.99158194501
4.32334135824
3.05792742041
6.59616357173
4.7061498402
2.5002574786
7.31964459411
7.2325171944
7.31411093918
3.21512989081
6.85828219568
3.32429234083
4.16696958566
2.34658672099
0.795033956664
3.01399404665
5.81575562979
3.56600815868
4.28917496766
7.59419857148
5.63894588637
4.61915405916
3.68736024104
2.08172625548
6.95597390683
6.98504189479
3.06709434686
7.09406562461
2.75137554229
5.58270593019
5.53451746313
4.94002615812
5.91502023557
7.89219172751
5.29968554994
3.28345910267
7.24093817639
5.08374970235
3.90346077736
8.17073476089
5.16703051739
2.27123542517
3.92190000146
5.29647937098
3.61491856848
3.01331877159
2.97552706586
2.74404933449
8.13511671751
4.16609692732
7.81783703923
6.27466980892
4.07573637577
4.26522253019
5.31990173828
4.39471307174
4.47823579009
2.67999107167
6.31355081889
3.37778614419
4.53770281724
6.79060401832
4.18480145653
5.42385321914
4.05416213145
5.71166007421
6.28614320073
1.33320010218
4.47164463723
3.96621550768
6.3334176126
5.14241515466
1.41178692177
4.56945129148
2.86680200128
5.52449206095
7.30839917725
5.15610497936
3.82572724949
4.97393300082
4.7250199505
5.84514533168
7.66445514391
5.60257135728
0.499682817452
5.96950820989
4.01437785627
9.20178619517
5.4215856343
3.04319809111
5.99886807065
5.07208455463
4.61688760362
7.15717082818
6.56710422393
3.74817396967
8.20796316307
5.55435430908
10.0910880388
6.59123033868
0.418679476726
3.40097781351
2.45716262678
7.89886991313
4.82676495909
7.17464747735
1.74017288549
6.49670625122
7.76525129118
4.27058225509
6.52479125334
5.00707582837
2.49130279743
5.37640852455
4.24329444307
5.2599238271
3.43579398484
3.5549401604
5.26033603717
3.95452525611
8.77981927201
5.99843745003
5.27093472393
3.02940313973
5.86388720398
3.11496201894
8.09129175385
4.19718957371
3.62744797534
5.74402928039
2.64612864815
4.89480919363
3.67113376709
7.095511919
4.28104266946
6.26951893774
3.3793856205
7.6695454998
3.73050709932
5.40011103751
6.91795070884
5.78758061995
4.65065398283
6.67979069807
3.91510409508
3.72809824042
9.29197138845
5.79861229926
4.04518626152
3.73067723462
5.44576230716
3.61463865473
3.45639867178
5.59861775409
6.34811471594
7.33326120437
2.39014156919
5.42368762894
4.85125045543
6.78398197779
5.35691897244
7.78904308561
4.00560136804
6.515724007
5.95989248971
2.18375381002
2.7340733402
7.19793312977
3.5839389844
6.75875901088
6.4919865473
4.20836748101
6.49337071968
4.96197827837
5.35298578087
6.50800576038
2.33400013433
5.51368017422
6.92166299033
4.08858745867
3.03292024149
5.69425309359
5.80065922067
4.04635715491
8.86844033975
2.01297114436
1.0010527228
6.70850416675
5.00158741454
4.62171884371
6.34916013089
6.36328992097
5.2942810939
9.72225047191
3.76172757979
5.20863357286
5.5532296922
3.36651423604
10.1851990396
6.94343031397
5.48980099534
5.54514938291
5.64460723623
9.83633727
2.65845639495
2.57074554327
3.18194886957
4.02048613609
3.74922413524
4.86805087122
3.84490018552
6.04851213012
5.69588921797
3.03934955562
8.04127016007
9.1922980538
1.4762492561
3.55385129018
5.81308918399
5.04674521506
5.37317594704
4.40821743767
5.91016965375
6.34960740559
8.68938963487
0.988725331861
5.4900266615
6.56142271552
6.66607212757
3.0871851119
5.56986263157
5.54857047445
3.21981087098
7.02956675674
6.28700647696
4.12727111491
3.34201736337
7.29682306904
6.09274951104
4.11946524692
3.83601376732
7.15759775807
4.10439924361
6.30374473464
0.455051192525
7.87597069923
2.88424775104
7.27161987668
3.97208198234
8.06391040393
5.98733708212
7.39896821886
8.03474650721
5.46911720498
4.38144153093
5.37499824253
7.10864698723
6.41354421837
7.7273079938
2.38044155994
5.85710870094
3.75062591644
5.28794036111
7.29505657605
2.51835611739
5.69807103027
4.65037913394
2.57305780299
3.89119114949
6.42853678041
3.58394546545
3.79867081561
5.72508678871
4.21032507318
4.3601883043
3.17060896159
3.57813884172
3.61545976409
6.46905009786
8.36329577544
5.71762599789
7.13933688627
6.65120117759
7.82095111933
-1.77432028411
8.43148314864
5.51757473846
4.89248576976
4.93604665899
7.68955881146
8.27804142846
7.7227656008
3.70256134193
7.25055764736
2.47648503722
1.50303709105
7.51218607901
4.22382891325
0.166605811834
5.68605193312
3.88454008729
9.22165661655
4.43201630988
4.33786138913
5.33643062394
2.25242778293
7.14172171536
3.68220126718
8.50449949098
5.16840077431
8.31139421545
6.63237966896
7.92052311069
5.6028778864
4.16143294119
6.85101442917
4.22948953949
5.16979492677
4.76110184801
5.95956681776
3.54704735699
3.42195295095
3.72959337459
3.35229080914
6.46911870866
7.19855279686
2.81693786454
8.43465526334
2.19360871072
4.01326521918
2.04997067907
4.4579914162
4.18437343227
1.96332205447
4.44496032544
3.58420102633
8.23593321732
3.27125861303
6.78007080394
2.05403443084
1.96916370774
4.19831967065
2.54338947589
3.56801115409
8.94522053829
2.82371771418
5.8705898052
5.7766512034
2.51711946788
6.95959970788
4.58626682444
9.05927185989
5.95088792899
3.66157765661
4.90116343575
4.49754724378
6.30340641722
8.2199268447
4.0884847006
2.81425605389
4.86192082944
0.422903450641
1.05012912056
4.79952754107
3.64573130909
5.61837105766
7.60480214082
7.32844761833
4.22045801377
4.34347447663
5.4551624777
2.39753111458
3.35841035901
7.76250268076
4.27688161855
6.07282779508
6.97427316927
2.32837725876
5.00710807839
5.17589833855
2.33024269544
4.44886448299
5.09605701304
5.84972141865
5.46598481642
8.13560385638
3.6158088524
5.15836505618
2.3416329392
5.7560203915
1.97114473309
1.85465594467
4.8331840573
4.88607027676
4.11341841517
3.20102091471
8.74883796012
3.58056480952
3.60129445435
1.32009891412
3.09614393405
6.35260467884
4.62940308348
3.45438805337
7.49401386831
7.6476848481
7.37872751747
5.73946181734
7.27929005999
5.92370107291
8.14792449714
8.57670509613
3.32770935095
2.42406236196
6.00836854728
7.70376379344
2.21635745977
7.16427202316
2.87070527178
3.48518653061
5.5029922656
3.98296840347
6.18084329226
7.32268136444
4.1933175364
4.41568277267
8.87618223035
2.30497867034
6.26930948321
8.11707035609
6.0835884059
7.22872912517
4.03233809355
4.09216989702
5.52427724526
1.4753402527
1.57232535855
4.33457433118
6.77675277172
3.54083444893
8.41311317687
4.85250161672
0.950794951608
6.20153585374
3.62568939141
5.43352820933
2.9794744349
1.76763299447
6.71720876442
3.58836792529
8.19141620632
5.70582299272
7.67170204797
5.71576178234
2.53029467577
4.94782387292
-0.22491605219
3.4944593871
5.7089679823
7.65128629921
1.74501245193
5.755647665
5.43832720667
7.9707401703
4.59846289657
3.48827399142
2.7478939988
6.35389207485
4.13638721955
7.60574463863
4.31229920515
6.0453499765
4.83310836189
2.84397443265
4.95872747332
6.29209539939
5.21744011012
4.94369871982
6.87471046013
6.35652066256
7.38387519649
4.77184159183
6.60452637027
3.40766270773
7.51506345779
3.49814251248
4.44216494768
2.60266379503
4.24021114354
4.77380267672
1.625804292
6.09495777378
3.46564558474
4.86518007552
6.58759266362
1.99124473376
6.06711021147
3.35815748019
5.26108251861
7.14579514425
2.26195341712
1.88657500475
3.9683650834
3.94143966056
5.9852601031
4.38960483083
1.48832431884
0.263794070923
4.65835092354
2.21635348998
3.85050359683
2.80852578378
7.62268620422
2.74535380904
4.30351123776
6.67956237178
5.58986441653
5.27188384536
5.14378884549
6.2148848187
3.09062124386
4.74759408663
7.02432708489
2.47860947831
6.07432868926
4.94039755594
1.14897798786
2.839604771
0.653859306191
5.27361930135
4.24064242504
5.64910896458
3.09950372894
3.32368241052
3.64231078726
6.98954645912
4.0387212001
2.1001191474
3.87688923251
2.9751252295
6.58263087546
3.1787145016
6.97658807777
3.48528641524
4.65731094174
4.11751396132
7.10137362095
5.10929947115
2.16904301147
6.45087710333
4.76318414484
6.40360250968
4.86327322941
5.69681879572
4.40686782611
4.78142218879
7.51720767564
4.02567251893
4.58617757921
1.31570280172
4.09922606608
6.18308123615
6.26354984485
6.04333796282
5.15091325551
5.09278042666
3.5260837787
1.16347037364
4.58945381037
5.60832558102
4.19086952762
8.02994102309
9.41328888304
5.91205140649
3.0896755065
3.96433746788
5.32169362143
2.34934119708
7.02208773459
4.81906894702
5.45326198129
3.04913161269
5.80399775431
3.60984462868
4.05879530442
4.97098002307
8.04925326369
2.81361226222
2.11509465795
4.95893031425
2.92077488382
6.67889676433
2.2042300506
7.33624375001
3.1904725435
3.87251804824
4.2874010159
3.01209428084
4.18608933623
4.11284728352
7.33766569928
6.22613786909
2.23767808813
6.83446850413
2.22950177052
5.74196887133
3.82287560137
10.0722322685
3.06507328404
1.21780318073
5.46368490871
8.26643231605
3.23661540261
5.3867803795
3.92509572035
9.10541328054
5.39749482589
5.47569868016
3.51289827176
4.56644238647
3.23977637775
5.23526177451
2.4853898164
4.89387057366
2.55925486424
5.38162803411
3.36854592504
-0.106980837738
5.35043501495
2.1779510984
6.5382784762
3.8980591608
6.55511077865
3.07800444444
4.24803456675
3.96372663675
2.38099380327
3.92263140597
4.15755777511
5.23663410652
7.69554284737
3.91342894418
2.45351253806
7.05680344197
6.43854830415
3.27037119394
5.62157232915
5.16461769194
2.3135688118
6.821130037
4.36954094665
7.14451268871
7.70581612674
5.5858386451
6.28206331145
7.57032346045
5.2227898801
6.47752629588
6.48733028761
4.22867395658
4.98920082243
5.33329983771
3.20063621497
4.4554901816
4.41607420236
2.47025798633
8.47256672485
4.63747827911
-0.334050690494
6.05194196342
6.62120083682
9.12487994613
3.70044681072
5.10740089567
3.58594084276
5.21267726107
4.08268111998
5.59186145206
5.29369509428
3.64656153631
6.45106744832
8.07077060192
6.09205671111
3.71440821073
4.80330340779
4.08679549826
5.92834919169
5.44454876773
6.47439669608
5.33861754411
-0.109447611218
5.86805448717
3.4696311171
6.41251602362
2.08180611952
5.22249215886
5.63421471507
6.467091512
5.28747067624
5.62657769614
5.84593046587
3.28412242673
4.55646391879
4.93145485678
2.47508712646
4.07306831252
3.53805456344
7.82462804245
2.9226728281
5.04943573946
3.21246022287
4.94521743286
8.02932948481
4.39043131167
5.50877334285
