4.49638854387
4.52543182876
2.22361276503
8.4650773693
3.70247421533
4.65567771965
8.00622510361
1.69469333983
2.95858788715
4.926718881
4.77166772606
6.89671557965
2.2568753023
3.33785643374
3.64139901634
4.30483318176
6.70484165326
5.36172699515
3.12856845116
3.40217746533
3.46620775191
4.42922061407
3.05342029842
3.06570758413
3.95974906756
3.80419360029
5.3379246735
3.67249357869
2.38153557427
7.65481492316
4.03706924199
7.94584478642
3.85390712135
4.59643586395
5.07471546987
3.3975133711
5.88787533237
5.81100162015
4.11786331319
6.50649580308
5.90046078357
5.23007030797
-0.328168344529
5.67145754967
2.21486858349
4.68991171336
6.87688494755
3.63911300005
6.70178908404
5.60355030343
4.55461008193
6.4710146952
9.35438767727
4.94490355198
4.55978493358
4.66595758732
8.99583762215
-0.0267725802065
7.30615623459
5.18152751733
8.4273954028
6.24822926796
6.83263773784
6.34174212239
5.78900067805
5.52274159634
5.36403770084
5.32764176213
3.9703212322
5.46328327756
8.3043367188
4.49567264221
1.51619178399
5.46664248243
5.71102464326
5.10911495244
4.44722557856
3.39122635147
5.20161633103
2.19509014877
0.56023163783
5.90186231137
7.97270879137
6.33981674455
6.22125469269
4.64205780696
6.85452901296
5.5368485106
8.33121474481
7.17537982409
3.16161863964
7.145578085
3.87159481387
2.16981344222
5.23319165469
7.45954114228
6.17955629096
6.43415391913
6.17295291452
4.96829231739
5.21893756877
7.91837844189
5.34184755131
3.22453902917
4.43724868834
3.60589920995
3.02262309117
3.45927700959
5.91246705252
3.68345096538
3.92200003824
3.81525705964
2.30986205036
4.89973916856
2.9657560553
7.56228782349
7.26271575084
6.59375783727
5.2339717062
5.71825700142
3.41887609181
4.16339298933
7.23877658202
0.989842841719
5.80642166176
4.11243055327
4.58128250847
7.16560456404
4.81293915203
6.63987791286
4.81719066492
4.97119650641
6.60659439122
6.21253816696
4.55066334288
8.27741897212
4.2907566034
6.42628632583
6.65752922968
6.62327111882
4.94124786378
5.5613315304
3.56465477186
6.76869423152
8.59976722671
2.95043229152
4.36315587267
5.2064047222
5.13877604594
2.01918289901
6.41369657285
4.2970892458
3.50856380618
7.68845198107
2.05571917085
6.33459719121
6.3432763386
3.43194765332
2.40606364902
4.6740043555
6.08793087075
8.36275713309
2.28630859513
2.48620913247
2.71218193013
9.89398798755
6.17798851979
7.32645329885
4.55704140985
6.18115947958
3.79507540817
4.53123853236
3.82533863155
5.60239824087
3.04256853398
2.71829991172
2.07698507951
3.61258001546
5.55945106901
3.1658945098
4.48787582097
5.67103986064
4.73596351941
4.89364112644
5.94197664848
4.0625151146
7.51975666568
4.83139104618
7.06649204892
7.55272545859
3.20767288758
4.31253935677
6.21732768961
5.63586126104
2.76867293985
5.83645738853
1.8116369296
4.28770404246
7.19235614037
5.54488042517
3.63215111975
4.85836598594
3.55108692375
1.87930020593
3.18906569679
5.98820335684
5.12468478338
4.39842761837
7.81836824636
3.22788368939
6.36299560862
4.47017287811
4.91951737827
7.83944873648
3.48096872239
3.5112805281
5.75623641407
8.28376550008
4.44984462174
4.79603259234
3.92951764359
5.55336773389
3.09262746918
3.16319353732
8.73626361504
1.68056197893
4.410574713
6.34731643114
5.49743679447
5.7226195912
4.26682213831
2.37213304097
8.14458970247
4.86489074439
1.354716669
2.99702168946
1.65366491833
3.22903528661
6.65020427845
5.85969914909
3.2740308708
4.91730937327
1.84471631914
6.39775489105
7.52533276084
4.17514870745
5.11328079731
6.59136906551
3.44992599559
6.25479205964
6.60485119264
6.0690205094
5.31324892615
5.48977710681
5.14828472919
6.01374000608
3.48622513365
2.49553201741
4.47837748342
3.51798714121
6.3697219844
5.73122079022
6.38631669879
5.76483296505
2.18256719184
6.35271290068
3.13077683366
5.14489961371
8.11355319434
2.10384396685
8.54152361267
7.51297218267
4.73337226059
7.83882915332
7.84702965503
6.45763410392
5.32179657112
6.87008650657
4.96213110202
5.43405881589
7.01180045154
1.97562156653
4.19535432837
5.53757878581
5.58594282343
5.59786639148
4.73560141001
3.38329937647
7.52970507305
3.77054458276
3.8889809731
1.77222950875
7.14691766233
7.41554735913
8.41991663115
2.17561640279
2.62494315513
5.43955636201
3.45350729304
4.39204317971
3.20732182919
8.3360509121
4.62784801234
3.45894998327
8.51686719753
5.33532629204
6.90574716043
3.20419638278
5.41386727406
3.63617275895
4.71340408989
5.86814308676
3.86210557411
5.0487245731
1.99311253195
3.21434067638
2.51190916693
3.39245762184
2.91619159451
6.63555581987
3.83818371035
2.89652173307
4.17605631564
9.70284803341
7.20165763525
6.87279321719
3.31386445164
3.95186794625
5.98839091376
3.38041202807
8.81531391226
8.6939409612
6.18967182543
3.76960315749
4.22047460452
5.12518385875
6.27465370346
8.19503076304
8.30389875348
6.93822795829
6.57697297447
5.77312814724
5.78653959639
5.97212559852
7.72901826604
4.239716894
3.01626287166
6.12932270873
2.93581693234
4.50810263464
3.31081835071
3.73736109651
7.81729637521
2.0339763879
7.67740072111
5.71445501953
4.11007507352
5.00119048162
4.94934276202
7.25811318171
5.73449044596
4.5280952214
5.95136448272
4.73024527339
7.68123495363
3.4491742171
4.23159920451
6.03574908742
3.70862003659
9.21491591129
5.82696545896
7.96696696716
3.7234153865
4.91495283732
5.35209615515
4.03544363916
6.07194946244
5.66050827637
6.21321621648
7.62740667843
3.9821180438
5.74869216671
6.96433287537
4.10690627545
2.56902183183
1.95179556755
6.64051841812
4.5927584508
5.16755318336
3.86422678477
3.98934508257
6.01225045042
4.80720731356
5.52225744857
8.95885214374
7.32529863974
6.22672243009
4.05087846222
7.7185653448
0.487847872298
5.53087110734
3.76337548871
5.21525547305
4.38050170315
2.79488221377
2.60964280123
5.63631424431
7.73911343452
1.623849165
4.73334384974
6.14125309412
2.6638123427
4.6633600467
5.07016139733
5.61955306266
5.27817287234
6.11378558526
8.30273547715
2.51618155425
3.71715025125
3.83096807219
6.23081771813
6.15317913239
6.9520182721
4.70312350557
2.27614629039
2.15672286923
4.98252644115
5.40944325443
1.21608788662
4.59209704437
3.00822493984
5.89153283977
5.83777364125
4.4618674594
6.6313870593
2.68718393395
4.87816242437
5.99171169836
5.47474247502
6.11659153269
4.62358587536
8.22039829443
4.083965701
5.32034291496
3.40629782288
6.48638417011
4.04880027384
3.761354054
6.43177132435
5.59452154253
3.57964419275
4.20839825401
6.05864598759
3.32424853969
8.86812935451
5.36230587793
3.16083183817
2.14802260111
6.89118394392
4.44490387774
3.63660208961
5.87505655597
3.51343889335
6.02848091586
4.18104304542
6.19053685378
2.5210282969
7.48638204945
6.05979955033
6.21586377325
4.31778158283
2.98142835858
3.88896545879
8.00091899331
4.41161297553
4.35009768607
4.6543441531
7.1511193865
4.30565912961
6.27167831414
4.86255315119
4.80673775289
3.5793611894
4.70904710607
7.00557986833
4.61831585578
5.82715191332
2.14954351078
4.59737697498
5.05788889347
4.72564641567
5.04968590573
4.76821349629
8.29031516581
1.37404384942
5.56222009904
4.67384083997
4.09143409357
2.8256206188
8.90267488002
3.81489302704
6.62557280259
6.43554797536
4.15007800313
3.82320943905
3.48910430782
6.33913147309
3.72793150686
5.86053075889
6.14803952918
8.15416078898
1.3653979056
6.81458012025
4.5612918494
8.38730142979
6.23950592426
5.04463987506
3.04576702614
7.89022147865
5.50483754089
4.94061922034
2.10843120664
5.79680518042
1.86033684498
3.58098736794
6.92612564431
4.34189344228
5.50047353772
4.36224106779
5.75224795934
7.16997600924
0.721906456572
3.85905762416
7.46615195722
4.21869792357
5.30481608071
5.79949807226
0.550936140505
2.86983585245
7.42944047366
7.39228280013
1.28737962196
4.45568031252
3.74492978151
8.4801839172
5.49193555587
3.06520167116
0.630918422753
6.93140352898
4.24410329231
5.07957601143
6.96935806996
9.65038004581
4.55102090936
5.28170743811
6.23847418192
3.80894113625
5.42351726428
7.36921306227
6.81000851102
4.4857606944
5.29278125429
3.27302890374
4.26864437257
3.81991710856
5.1348958807
3.37499330657
3.22137886596
7.3593348316
4.3051829067
5.92975777815
7.84774143572
2.81392403263
5.04486415615
4.18566376184
6.65376779746
7.4988372482
6.03032904247
3.38951462793
6.21393247966
1.93912306707
4.43997751252
6.8472772635
3.66842752403
7.07347162634
7.63303347663
8.25037380135
4.40833024812
5.20144554428
3.39368292016
2.57938302086
7.13999053151
2.60020102487
5.99191991479
8.20803344346
4.43423577289
7.83555647953
5.62495507539
5.8356360178
4.23007025684
5.69439353422
4.88302520254
7.93463817206
1.96908024981
3.83170398421
3.7319814943
5.06667006788
1.44472143156
4.12261027716
7.11213894593
3.1795440761
7.58284681104
4.81188770681
5.72546289975
4.17140692863
4.17968306786
10.0489478589
5.46941401367
3.80620449385
2.52301701561
4.91184426181
7.32993237166
8.17803644226
7.93548873666
4.06952283647
5.77503226266
2.46020518246
1.96079275215
6.82980820954
7.35428557027
3.82588871004
4.60970169478
7.07334936466
10.0332277038
4.54222588675
5.54523235878
5.66293963122
6.8453319046
9.14582342598
6.5957619643
3.95455404803
0.845640737091
5.54770003938
3.95220129109
5.58421587074
8.49754091205
3.34307635706
3.47245651954
2.69748757087
6.53715528252
7.59990305186
5.37826479065
3.52329513351
5.85222789212
4.28722544658
3.6262791253
4.60679148829
5.4510107262
4.75362119324
5.78009725937
5.09493287761
4.10136423658
7.38691625703
7.85938476245
7.17661739664
7.13976208208
4.51027833654
5.61958639862
3.07162884463
4.49482981603
1.71619192772
5.58242135027
9.12673768673
3.83623849837
5.94260686874
6.30889632082
2.85516984491
6.67898270391
6.64134428697
1.02486676452
4.1141863146
3.62291883284
7.26371842107
5.66254570781
5.43675090561
3.60695898695
4.09846462406
8.26725450805
6.6507893935
1.45893919662
8.16249956341
4.97349765071
4.86684202731
2.5504584892
4.40946253214
0.824234314686
5.83240399334
7.46193401556
5.49782755865
2.07792593904
5.6605160049
5.40752018512
6.34914988865
5.19723710649
1.68301977051
5.01368777827
5.02013903588
5.12284560359
4.37619931933
4.98277382139
1.79508580319
6.77904478172
3.79050573954
3.20141330822
3.52226259778
6.08000483355
9.47102922292
4.42442564653
7.02161943919
6.49002205384
1.76025443647
5.70171662918
3.90401197176
5.01459809936
5.61739832726
6.00410949803
5.52398193867
7.97593533908
6.03870471795
7.15313119646
3.99719057835
4.61853717387
6.05850392491
5.00267907754
7.41724419037
4.06273384611
4.96227384019
9.05388193989
7.6738551364
5.29965789422
6.82610139623
6.92679850697
5.91010727283
3.91737872058
5.41525275748
3.79420479382
5.68129100512
5.27002160381
9.38295271702
0.88159240512
6.79107672427
8.6082694857
4.71584908794
5.66722605952
5.95108051886
2.0008474733
4.79424156794
6.50210477302
4.08547308181
7.21251940959
4.25253668792
2.90825700935
5.13256892446
5.08708922284
6.45618443764
4.51294937455
4.556288516
2.70080246459
3.13232818253
2.91468527127
3.82800175861
7.12386502957
5.65694333808
2.8521641257
4.3054850654
6.28774317487
7.36335028656
5.09037606589
1.32077986986
3.08668943728
3.76607468894
4.28774614181
3.33330922212
2.62148274497
4.85393328827
4.72841325824
6.77355983641
7.12063345496
4.08227955353
7.50210850611
3.72131204687
2.45291344557
6.68973719677
5.4754255974
3.37931920652
6.98878802581
5.73483664194
0.58485892344
7.07020384141
5.96394917486
4.74728238762
0.456523912753
2.77199530983
2.68021308813
2.38559781071
6.01475733055
8.4452608314
7.92664485325
5.73433542939
10.3269452329
4.43197234969
5.08580268358
0.193776989411
1.31166596589
2.98919282279
4.36787208742
3.98389469364
3.1264488397
4.73748676243
6.39599531505
2.2148632431
2.25736841791
5.20246712421
4.62202508879
4.71710227698
7.07327695617
3.18679173805
5.44954614417
4.48352181018
0.987968936795
4.46604589406
3.99981635791
5.06448148832
3.22157930368
6.54385373915
1.17455577435
3.80674208794
1.17374559288
6.45121455409
6.30571183165
5.45978202376
4.94926735465
8.04927865089
5.32696641547
4.37283555985
2.32471292634
4.06294521319
5.2420476171
4.14550429252
4.80916958154
5.94039543258
7.2029113375
6.25226076608
6.27048076024
7.32133812856
4.1337475879
8.90773457769
4.59968871588
3.38599769889
3.36417701984
6.93046516247
7.37855489186
4.7483351702
3.59214501209
5.17559497544
5.21364020512
3.9884766807
3.64393398244
4.33392790935
4.64638914018
9.32389040312
3.6191436293
3.5917655615
4.89715746878
5.65253855702
7.98106617811
0.351309487141
2.47548310735
0.728522518301
6.31530665044
9.62689617847
4.25523265914
10.5870004968
5.41721271994
5.86261477004
3.44859942601
7.35944098367
5.0282581713
5.48333453305
9.12796022965
2.97674136171
5.08857099528
6.65487566435
1.83587422505
4.21216497302
5.55030556589
5.73539265442
4.16900768913
7.14513188393
2.73653445733
2.20444460996
5.09732503318
5.95255354517
10.2235169268
3.4322141049
7.30326419467
5.636210341
5.15134271526
4.33563205068
4.72221502632
0.651092358859
4.7004349692
4.49198499741
2.43280393954
4.44279525274
1.42020734918
2.9264620261
2.4508521376
6.20570753549
6.16742727608
7.46038540581
4.97266262015
4.64799270509
1.92968670497
3.10241702125
2.79504868453
7.2990180271
7.58193585436
5.93977580575
5.51206022625
5.49210853967
6.49738395384
8.35772017802
6.24013111821
4.30379537919
6.44025064981
3.25345806798
3.50222691955
2.49691880513
4.83179780382
4.52505675435
3.95905927194
3.88238164469
2.45427161103
5.91553383009
5.37066014103
2.95924209451
8.37980157215
4.20091817529
2.38996556152
5.74819470128
3.05282430406
4.00284188156
9.18400733915
6.92555750891
4.46805335194
6.30930761897
5.9430884976
7.18035196434
4.05887302814
5.6917280811
5.84693881155
8.00150742723
6.36217569331
2.99398123612
3.99987807056
3.89920025897
3.56839496766
6.12854546344
4.8667995827
4.71528535322
7.21689366506
5.84557503074
2.13087387448
4.90297742114
6.34937490978
6.82007235534
4.36916179535
7.09503556646
2.75557803173
6.55886013165
6.2533533434
3.22855832232
5.67670367212
6.28270471882
6.70837981553
6.57567344621
5.82740598135
7.25063601024
5.09613755374
1.24817803748
6.86000378734
-0.559654530598
9.64515121725
4.22069856204
5.32045784797
7.88926219461
6.78785547652
3.03580458221
