4.87841743988
1.54939731962
3.47174353909
4.16248730856
4.74908360524
8.43896831063
3.11229973862
6.40107718745
3.44078149865
3.76494701775
6.98569492
8.98016031443
4.34100439186
5.3590613386
4.03503622283
6.53786788608
3.81601095179
7.39063118542
4.5187571163
2.65867976996
2.81323053967
3.61449577409
3.98774522893
3.69121099839
5.90067436448
3.22806402907
4.13944142185
3.33204565939
6.25770735115
4.1331945621
10.526450144
7.47576958772
6.63869087145
3.66892131314
5.84228170913
5.48498970827
5.94371814112
2.93875505341
6.24968743986
8.68906335429
3.1087334997
4.52233425232
9.07890671414
5.46016779048
2.93600937178
4.54659327638
4.90386935021
5.1674579437
6.08963540451
3.08481949762
2.87299406457
5.82334013136
6.30983544273
5.76883914616
5.92641305912
4.45407806959
2.70235272903
2.98421249865
2.59919507361
8.69338220737
7.81553632602
2.30823837636
3.24464268247
8.64677312227
1.59542103848
4.22813915259
4.36531798865
3.43635573523
6.2314282786
4.67548132069
4.2256916323
3.05944563608
2.93628178629
5.440464186
3.84108658079
2.00745068164
3.26295083101
4.82092711551
3.11014789544
3.37572040622
7.35727495799
3.47365523107
3.90531421835
3.00463685617
5.13546686366
3.83751482627
5.36930728951
5.47951379832
2.65631267339
4.39554035641
7.87333423688
3.61073954736
2.52276582432
1.48883187405
6.05015733813
5.31106554033
5.82167816339
7.54605539654
2.23563466501
5.64998806252
6.92850675518
1.73796274813
5.50104885442
1.98537548405
6.62552852657
6.63308283398
4.00756418838
5.94406433081
3.32368780606
5.99500415663
4.98401312223
2.65294307274
7.14825889689
5.7955463621
7.5719481616
8.18408744502
1.91214621406
2.80456488389
8.91237028312
3.01900780638
7.8528467954
3.27272092482
7.34357163372
2.51720494309
4.45568199525
6.52852139631
5.307587259
5.5684087294
5.91274474868
7.27693990603
3.73423256825
8.88702973698
8.56052030343
5.60074383886
6.31899889129
-0.0454118835105
5.93125337073
4.81362980723
2.68765537273
6.88074270123
3.73706178719
5.50529636904
6.15395498005
7.87230529661
6.4047648493
6.90887045266
6.39828086316
4.60717216627
6.43691109939
6.20963862209
2.74318090873
2.60370029245
1.43352350974
5.20690732425
5.89457555257
3.4158680044
4.17351152746
3.45389392496
7.55094482727
8.04256892372
1.97187902811
3.70467875879
3.46432519433
3.42302160187
4.28226304687
6.13310147725
0.834224075051
5.16591430909
6.59079517262
2.96635647673
3.7947957533
4.91856434451
6.06901158158
5.2584458612
5.12223307524
5.07682184707
5.89306315954
5.75056943611
1.74462398882
4.7631190357
6.64693512162
4.63410958926
5.26267232314
4.9471887706
3.33569753945
6.48612243418
6.69488432941
3.47399258517
6.54046520372
8.32547916461
3.03513377751
4.39942033445
2.48872475219
6.81186015082
6.03074655824
4.87005526002
3.96358909003
2.30658752255
6.05985181967
4.96769636227
4.59137881289
5.77612164834
4.93303464325
7.46024674498
4.95130106645
7.9462280184
1.83003911704
7.97639785429
3.69720056318
2.80434657161
7.84679850544
8.08759462811
8.07001963112
7.32742474499
1.9654437994
5.67349354954
4.77427102436
4.13990570892
4.90925050233
6.90602001207
1.8170980161
2.19807568411
6.98785947439
5.73770735333
5.96231403212
3.34864180295
6.03246968569
5.04815071762
6.3053920845
4.85256365642
3.01950382438
5.66553200989
5.02658072204
4.68636985988
4.29752328551
4.30518807195
3.50147571944
10.8374852621
5.06955344998
4.37373933713
5.51267872954
4.33683383003
5.22695887278
6.46744702146
2.68913578349
1.21331722639
4.61410054923
6.63376912531
7.52658195271
5.77323096108
3.77074851624
5.81510944064
6.19900004954
4.63066883816
5.75426424889
6.54252928576
3.82616451592
5.41866594702
7.67842271401
5.07746518448
6.01092963243
5.39416037132
4.69825974329
8.55692888493
7.39161346131
2.61530753494
5.38325999886
6.09473836521
2.81351033193
5.8449889286
3.60299257698
4.11957166772
4.16172439818
5.97544456649
3.91525885588
4.43304141441
6.1790967125
5.51997642295
5.78399115285
6.13081180337
6.56738406178
5.76889106389
5.41890544293
5.70452027316
3.00908746084
4.55357855186
7.01402745735
2.72789578105
6.65169022384
8.73784360302
3.13815932793
4.69422280321
5.52420663884
5.51871229354
6.71465276993
5.68968757246
6.08076928172
0.497531990915
4.89555901907
9.14224669086
4.25587071997
4.50993802742
6.43983910237
3.46885671937
7.5158380516
5.85421952431
4.13249664172
3.72303552725
5.26090965662
1.84872398211
3.69935586202
3.64866632199
6.70977405328
5.07640005013
6.50536390302
5.03235164328
5.69580752677
3.98157087646
6.16018144062
7.48561512001
6.13204740771
3.71044498093
6.31647168609
4.58174839744
2.58011288493
6.09793365446
4.8900736776
3.78768575496
6.45520879607
4.92771147688
8.60240671708
5.26553348093
1.88062497512
7.49625090175
5.36761636338
5.55332477952
2.76917691175
2.7498428191
4.62117948183
3.26002616144
8.0725122798
6.32776928325
5.32139593879
3.18302167845
4.11304083245
4.95595470021
2.64511297583
2.32510909449
8.35002502254
6.05929991102
5.54080825153
3.73713590368
4.86687391531
5.42322178401
3.49288479454
3.19680820892
4.43646633432
6.24681024359
2.37491776962
5.14660830865
5.44056239573
7.17200118282
5.44384372217
4.62861822043
4.59460078634
0.719142695435
7.58504722418
4.98500944583
5.11605132345
8.1575261759
5.46256699765
7.20856740663
5.3969054737
2.73405291199
2.78653102423
6.28516580331
4.33932959759
4.76091575765
4.41819401508
3.07965268603
6.53626987531
2.81824655548
5.37504594092
4.98435825902
2.51327203183
5.3306130388
-0.956436452124
7.32585417784
12.1147204509
5.13795304153
5.56965557457
6.2924127991
8.85282513156
5.29239043981
2.72186140407
3.62105136552
3.79590713344
7.95903453568
9.26272622799
7.17107715692
6.18839094531
6.01752354671
5.99450125228
4.82889612274
8.31037965194
0.891694852845
9.44862922683
2.25101010931
5.5832379393
2.39426106531
4.77103388446
3.66444763832
3.27107436273
2.44254249056
6.42614726623
5.04324325295
5.11891543558
4.26213108865
5.22795317788
4.32932976714
6.42316294394
1.80647362197
5.61247989842
4.27693724751
4.48997568569
7.01694653361
1.21622770723
3.43288203758
6.66948909905
4.06160252858
5.75206705083
6.54600345617
4.82829940594
3.79972433906
7.25328772695
6.81150172834
2.76804690624
3.25926590554
7.05248129754
2.79417268881
4.10744619586
7.49267599346
4.24854813372
3.40633002617
9.07191918877
2.76941443416
7.36867579108
4.17512579512
4.24287518406
5.95671770743
6.52012092419
11.0528429841
6.97717883152
4.22397389065
4.71793793083
5.5602654528
6.96504141229
4.42977850579
-0.190998215254
5.12228587119
5.76104522499
9.23899193209
6.62166876506
3.17433003449
6.88933665461
7.29203050187
4.1919175612
4.52080717527
4.76336840163
7.06544286769
5.14024722431
5.96541101032
6.63904841571
4.63403230307
5.19463596733
3.94165825973
7.04173111553
4.22562296645
6.64414289371
5.80075605109
4.3591567448
4.95814654054
7.07855545259
6.06386229305
3.97572588222
5.48043989712
8.62587311342
4.57098870796
4.99149712778
5.64182516055
5.91111575112
4.29295512838
5.60723218965
4.47493945037
4.02787861182
3.13106400034
4.29744950737
6.70846123793
4.23209423686
5.4084559493
6.31691585927
4.84187044474
2.77787113197
6.04327487802
5.89081747948
4.93577316161
4.3421089806
4.73388141442
7.47122591937
8.18502764432
6.28770275481
4.58315191229
6.93618193957
6.66864257373
5.70535354491
5.19717829449
6.29383752154
3.27289974339
2.83799417255
5.53575547938
5.58325417599
2.83536859222
5.69164961158
8.46924350241
6.13897172524
3.93294904728
6.34202843905
6.75640337461
7.1733423995
5.05244997847
10.3998323459
6.5182788991
3.82683894644
2.67222548655
7.29240809727
4.30574409972
1.72839659099
5.6942326749
3.45708397882
4.52206110449
6.89247296937
4.25303995098
1.50623329288
5.00433164062
7.1017170955
2.05981077247
3.50895332537
10.2198063431
2.29477371183
2.35298481238
4.53036335528
5.03727873109
1.70564984404
4.97693378581
2.62940526276
2.67631612069
5.66129750556
7.76595946013
2.41925915146
6.96334710005
3.91139848736
1.34823437721
3.62696290059
1.63980060102
3.52312755453
1.41053708695
5.45581441457
6.64451842313
7.94710926651
5.06662000965
6.39046069612
5.21766914116
7.7753506558
1.2769807664
5.48014499924
5.53601024298
5.33051108049
4.31647761781
6.41459492391
7.19065142765
2.28800492283
3.14031595567
6.87857207188
6.30481134102
5.52630140454
2.13162414571
7.287381349
10.2148748028
5.03051738027
4.93970383199
5.70095773695
4.01299401371
4.45220343488
1.49246443042
4.32210195723
4.82561421045
3.39025813463
5.05167932992
0.972560837581
4.74898082921
6.25892525415
4.9718504002
4.70365029405
3.30618991033
11.2201923305
5.69374013652
4.32810165776
3.23846026177
3.79921678935
5.58855755669
5.33633428411
4.95051332307
2.67015145893
4.57881041025
1.30885300154
7.0043127236
6.64718940624
7.21069581434
4.89827231042
2.75693715263
5.4066016388
4.91197887781
4.95620943582
5.50968028887
6.65345585124
5.467387649
3.41818171503
7.39643768834
3.59601795627
4.11396318107
8.2942556642
5.13627071016
5.07752929144
8.19586293908
3.01002811157
5.17504879112
7.03949905871
7.92067955467
3.83733409787
6.86201177462
8.43523393933
5.24366095209
3.4875217273
2.84787108554
5.39844848757
4.76221822502
3.8709292398
3.35279908741
2.25302250452
7.31432488469
3.6234752313
6.00841276186
4.45776950745
2.78132483182
5.89148591685
1.07757527083
5.8536295826
9.32607005584
9.34996073301
7.07944053937
5.61132037243
6.55474209652
4.27054678292
3.89236241792
3.17587808068
5.29408962116
4.78922508552
7.18682131332
6.21435797158
4.55546615098
1.58546070576
5.23020440027
4.39483039162
3.42784660796
6.12303199517
3.97624227154
4.76261915606
3.80157369251
6.33159012763
2.12174994251
4.46528857715
6.33847057261
4.88236633939
8.30316781035
11.4275238888
3.74330949008
2.38849584197
5.25481371121
5.37523602703
5.60224757504
5.27512154244
3.03571453296
3.82940251062
4.93464453992
5.45939901157
3.21616730957
2.83849609903
4.18445287468
4.84540778684
5.01897178278
6.85772788438
7.45700831753
5.96213101648
3.94942134394
5.63490475382
5.68594366728
5.85975105349
1.35442550962
2.41996576784
8.03915258286
8.67448034995
5.49383832025
2.62783496132
1.64339570445
2.39397957402
9.07039641529
3.95299448474
4.82579491359
7.3319015024
3.56645741658
6.07347547454
9.58188451059
1.28402281875
6.44004029449
2.44578551353
3.9690754508
3.7358940156
3.29402918186
1.86686518817
6.45088177795
5.99105393066
1.77668198745
5.60259608918
6.54830934298
5.46138874905
5.46783398634
3.47603945022
6.70255444871
4.65781549284
4.4953044419
3.57877125398
7.74669124322
4.68443758397
9.43627402179
1.19916941252
1.75631063371
6.67292326644
8.67955987255
4.68023393147
7.24048111308
3.33260487364
3.63250372237
7.42306274657
6.6442338107
6.37669870136
6.64464561486
6.98202386995
5.59472936599
4.40721549393
5.52025892375
7.42087225389
2.35152216267
5.10180796224
2.59545714804
6.28989694009
3.36587507453
7.33356771669
0.682698884256
4.105387663
2.47950040109
1.14171181352
3.62850281909
3.20996006522
8.96730686958
6.18976339956
5.40289182452
8.95237221144
2.18741271204
5.65107157358
5.43104807827
5.63998369953
4.19488736872
1.44054560546
5.4199175909
3.02773533436
4.95341569352
0.778310400501
2.44899381107
5.33759248064
5.89397297705
2.32980963751
6.57926472894
4.81485346716
5.42192861298
5.19645806363
5.83440594401
4.82144642562
3.92843517361
5.65766894196
5.21034078103
9.91093957315
2.95756615017
5.48924093192
6.59958845579
5.43432532504
2.8716211391
6.7898510508
6.84897859705
6.36200108224
6.65314520476
6.91233156068
7.96929367524
1.50510045316
3.83247495836
2.99104352136
4.74337924574
3.93338046896
7.83149583346
8.09734502236
9.66356555846
6.75112952524
7.28095670098
3.40122305186
5.17931496829
4.42556137571
5.65190875033
4.09923072453
5.53584441308
8.77534868492
4.53607291835
5.8237088796
1.73060877378
4.74139723372
1.62125094865
2.32246003702
8.30688587102
3.31962697781
7.61310844613
5.1798262591
3.0800853823
6.93799910508
3.16019175514
6.09230424766
6.99895743588
2.96554241216
5.25834348659
4.44153270973
3.65328490203
3.73044049825
1.49921278222
3.50545780584
2.11831698226
5.50508127093
8.13215559487
5.37099053838
6.26728374289
3.71173174957
5.19501549447
7.26965254951
7.9875868098
3.18833989036
7.09532695647
5.91353485709
8.11058511419
4.72933851276
4.35311040256
5.48367838687
0.953667729183
2.21553146231
2.1367947807
6.28821486091
5.42357737091
2.88091682645
2.88271475926
5.64264099238
3.15196128235
7.57117324682
4.99003740122
6.59047786638
6.29576991679
5.31824750306
6.16232067256
5.53742339088
7.00136266436
5.93350167837
3.19136056336
4.81940197868
4.78963324056
7.29735004917
5.98447881905
4.7497701044
1.64484838294
5.88091023744
6.77124906579
4.93880625444
3.72671483001
3.71639627029
2.50990548943
3.72025645074
4.30058326138
4.99236076707
4.39859595562
5.24447481188
7.44625027297
2.14077446131
5.39053433111
5.79769375559
3.83339364118
2.60342026042
5.34398285847
5.75120255607
1.30796365824
4.05395591338
4.54719281372
5.74082943337
5.06070319768
5.80101321081
7.00816658732
3.93771051282
6.88959164207
2.0755073455
5.87780750439
1.48623500304
5.25240256585
5.42634510262
3.16891932483
5.07801547074
6.51080796803
6.0900864319
4.09965992904
4.0704878158
3.91941794304
7.59664297604
5.49952021412
3.69290659932
8.05624497282
4.56920029845
1.80888423323
5.81306705472
5.02438526894
3.35583002781
3.04413794177
6.25506430693
7.99730872515
5.23429572715
4.75632705184
4.32164576846
3.06443434801
4.60240494798
5.01845300621
5.47524734882
3.83559906318
4.47681008578
4.29286604927
4.39187030827
4.27487323748
2.76573397572
2.95162637919
2.61024970877
6.03449664253
6.6478069155
4.01201319542
7.66225250689
3.01993956592
6.73860143785
5.93198125197
5.47359086583
3.26595571767
3.61643061829
5.09688440629
3.93544517187
3.83052975581
4.76614835086
7.53108727749
3.38550225137
6.26528757621
6.02332129329
3.98127215945
5.40370651991
4.5653281598
1.69939100734
5.99208430258
6.14314276299
7.7415942836
5.25771185612
5.20972661273
4.18013895209
5.23710458489
7.16124636239
6.88146278342
1.71340709733
4.171904436
4.57233870061
3.16726547428
3.63295464299
1.4351182048
7.08958955226
4.28646657583
3.96820906319
6.15857709387
