5.20751426689
6.57184039709
3.82559180829
1.64650920382
5.34568640756
4.09264959908
4.1304355284
1.93972298316
6.90335651025
3.95397412472
2.28357698431
3.63067449667
5.26403926378
4.92141320994
2.88421210793
6.50627048503
5.72527550803
2.93385652509
5.17432327225
4.58071562416
4.59906320785
1.79662544715
3.08000241775
7.67649645369
6.34303492911
3.15726815325
4.06320949097
3.36203688703
2.06041817048
2.91565140044
7.7687441259
6.30602253985
5.36784238701
5.00068437666
3.85515552182
6.41143636114
4.3673507329
4.50548360838
6.8618532945
9.86136391964
7.56155826244
7.70512727195
3.58342689382
5.0665850385
1.89263552137
2.21888120486
4.6023910605
0.2213415564
4.83060384673
5.01957391775
1.53907191191
7.15693725252
5.76651378797
3.62958998252
6.65503805357
6.87041932261
6.82288582429
6.8088069134
7.29165723589
6.10790272595
6.17229528418
6.21938459254
5.67152124525
7.89524744951
7.04492687966
6.07621375576
1.48506145556
8.72543116469
3.44602296971
2.94544969126
1.6120866622
3.53132687683
2.41544936068
6.35764905392
2.89549358093
5.18568193543
9.08058917281
6.4079619369
5.76783096936
6.03555356167
2.8050048912
2.10912121554
5.63633191595
5.60743758337
2.41869773814
4.61272031484
3.33952139506
6.23388565592
6.05794710298
3.86600430332
3.36713931136
3.0062322014
3.75150252764
7.79981035661
2.40212795756
1.92984769626
3.61574962499
6.15841953292
6.52780875052
4.39387457645
3.51847375336
7.52672330027
2.76438049097
8.24713787618
1.71646057232
4.51900827056
-2.4869621283
4.42079986889
4.73535360425
2.80007146832
5.10546810433
4.47775065606
6.33625486957
1.63112013462
7.42228273252
6.55037390597
1.57655212907
8.31015349387
0.761620517665
8.26240048201
7.71248494396
0.776675000881
5.92862209335
5.83556832695
6.20288728292
6.81405253153
4.36100469733
7.66831461985
5.19994787029
8.94623231988
2.43499796203
2.84459217535
0.884672604031
5.32962368839
5.647013976
8.25709888258
3.56725789319
3.93250432622
5.31608646462
3.92900377243
3.8009256479
2.86904810647
5.23299590032
1.45758181016
3.90303012967
2.75142649683
3.04300372241
9.57605910754
1.6444680949
6.39342020528
4.12811149487
4.71306286227
7.10081240075
5.79324704273
4.32747855482
4.55449168388
6.00770039031
3.63463844579
4.96970505967
9.69224913547
7.13555044057
3.69638372516
5.85020245635
4.43562284562
8.06114689209
3.14119278382
8.71260887856
8.03516608375
4.94931407127
4.23626857946
3.94400253726
5.56132988924
7.43313986736
6.55703477944
3.9457694312
6.16834857316
9.56991200043
4.75994070187
4.20888357817
4.14196755992
1.93901719454
6.95866699691
4.94672630457
5.91161503566
5.84940834416
8.33060408131
7.11924267125
8.12930437329
6.09462910059
1.18947772593
8.13619271669
4.51010883591
7.3085877596
2.4612097054
7.21736570037
4.10575588586
5.83417005905
4.97112012112
3.7973217795
9.3794773957
6.24944635864
4.75224662605
5.73463753901
7.64660362175
5.53752883037
5.51393635135
4.51976057422
5.23549373208
3.88508944924
5.7716636588
6.49859431439
4.73359568554
3.58571083781
7.80550760664
2.52350806984
7.28577564828
2.52776026239
4.69405067527
2.61510495227
5.23667391668
6.66509888089
6.48174180547
7.03317144554
2.12401900338
5.93418162779
5.68444450934
0.966213734663
6.20628740448
5.65200321498
5.17721490449
2.06543557606
5.65620125745
0.451482949822
4.43870201569
4.66273418946
3.4466281269
8.689493177
6.18661946149
5.50086665401
3.66532419661
4.30997790075
5.43613351278
4.71264220152
6.76008668379
6.07433857589
3.95543491388
4.84400634766
5.52321624145
0.779895822023
4.25174150407
7.9121500669
3.92240004168
7.38055786609
4.65789778974
5.40638914796
4.21202610655
7.06819100073
8.8038364801
6.08907141239
3.8528628582
4.73604325771
7.29073908067
2.12823194359
3.75394415084
7.24430563226
3.82853218183
6.52856674714
5.77800653216
6.89525438363
5.55985529655
4.80204803036
2.44739335922
6.12396773354
6.43281628096
7.47111477785
7.15230891737
8.07330095616
2.77500456895
7.88861319604
4.37449737088
5.00177156804
3.48927151873
6.55208055165
4.15196387018
6.18814753564
6.60922849621
6.58784615902
3.19894368198
9.26281767598
4.05820203875
9.30986074805
4.88236654576
6.73736421017
6.44704710146
4.31590849562
5.48066782234
1.75297500746
5.3385123108
7.73839055975
3.40673594347
3.86364514413
7.28328572768
4.45995640485
5.47173761358
5.73650777637
3.55275965708
4.72007451575
3.94566176291
2.51189283765
4.38701999206
6.69655371142
2.19444380382
3.58556016353
4.76471863244
-1.65292317114
3.5491494452
6.77275575894
3.12922191674
1.32580966356
2.47075675263
6.24025549399
3.09182060306
3.98599175918
4.08482948109
1.05835691773
7.32568108736
7.29239049363
4.07258443493
4.56906402397
5.22532442542
6.2687533472
7.70692455926
4.60145204085
4.0168405911
4.92678522274
6.26980209781
0.884025198245
6.38362001175
4.73115219662
5.12250951758
4.38673560458
5.94539564946
4.44433940734
5.50381723392
5.7174129166
4.62933362843
4.14329654888
4.6839639462
6.41896626837
4.91879861193
6.41772709998
6.10582284957
2.04859389305
8.3800728685
3.72448723515
4.9993426298
4.20015427339
10.2229085152
5.31302543176
1.62490207324
4.44913616859
7.57893587867
4.53208506583
4.15932559689
6.98142261505
6.06396473624
6.1143136442
5.18133149652
5.83582572657
7.08514122156
6.43282733053
4.51431795015
3.71515778774
0.866425359735
5.43342741872
3.68479631737
5.28292708524
7.57185179938
6.91105604018
3.2109673046
4.94386071103
5.99075780581
6.95191447915
5.97895187892
1.1527822276
0.762598031959
5.39500632243
2.72917258246
1.52022487392
6.9701212699
6.58906944802
5.82177661251
5.16418199937
5.6052784421
3.0224168529
5.20341649627
3.90302457683
7.44205363901
3.22546766914
8.95393487135
3.35639632325
4.09485272401
6.83108884444
5.61603572126
5.72968929961
7.47379575432
6.4712214789
10.5169351965
4.30141923821
5.52382675628
5.7526727782
3.62834034668
5.96612482588
7.46860040565
5.60880247845
2.2060244694
5.74863785369
5.3592333186
5.30424306711
0.676889328412
5.59510426284
5.04387592263
2.5888424898
0.322365206711
6.26927339636
5.0673520319
4.06717053851
5.32769792816
8.31723974557
3.37828061744
5.20893541957
1.8623206986
6.03212877691
1.02025958775
7.16241951018
6.78636944966
-0.404947406759
6.8309900652
3.47268205359
6.66297131077
5.81953819475
1.96750098285
9.62520149967
4.07722493755
6.47125709803
0.136875689566
7.47287532688
5.13272508735
4.55319843214
3.80018232184
6.47370761981
3.52251232396
3.02355959543
8.23650207199
5.64173448563
4.67898059389
5.40216239803
3.53549251316
-0.291303330695
6.13658695905
5.05039244221
7.36319192166
7.08804394869
1.18684675773
5.26832146
4.29198492455
3.62648550579
5.89315930328
5.96410983566
5.35596777333
7.45395948474
5.55393020256
7.30950392819
2.45328577162
5.74749976437
1.96237328089
6.43410184519
8.08998506656
1.37537619693
4.07199036085
5.63147062533
3.45504612433
5.17415760757
2.26322837764
4.537323774
4.06570362578
5.64092222028
9.27776816765
4.63580102236
2.71261632336
3.64727821422
9.65305757237
8.70318123503
8.14643175458
5.2251482488
2.16583326691
1.94669696959
4.80370355344
4.8263813981
7.85514291988
4.92435123846
4.00547681803
5.82763441845
4.2269006062
1.00806308894
5.61509187819
5.2468531341
8.75435698203
4.37565716891
7.85453488812
3.81601918908
2.1821139497
7.53631758099
6.20185757693
7.25962650981
3.64934811515
5.07699853664
7.94248015412
4.63669307809
5.75240136283
5.63433875428
4.3280732904
6.4729022405
5.29649747654
7.00746245867
2.60431199166
6.57023024225
4.43535948475
4.32190402166
2.44778534431
5.34186615495
8.53537611452
6.85112152066
3.97551236658
5.38552623408
2.6519305707
5.63985072012
3.98854498164
4.11697276765
3.19998212486
7.0237010101
3.65151517438
5.71015106785
8.28114532339
8.11709047728
3.94292143697
5.41753384916
6.2031334322
4.78012503978
3.14903325079
3.81002922569
5.16525715211
6.27716320095
4.28791851507
3.01960893494
3.48563289857
3.45196127984
4.28289115918
4.143244828
6.49621374724
3.26868532237
7.77841136642
6.76734517689
7.24854937088
3.51404545721
3.71532874735
7.18555397971
5.1940430862
2.82120410176
5.20826185117
6.81540230417
1.21484047825
2.91046483276
7.09667251663
6.22986963198
2.55344481158
3.35761278053
2.35030481591
5.78797602186
7.2354314905
3.0593843198
4.58593376873
7.96343689625
3.89227571843
5.2222886495
5.23578772965
4.31269666001
3.87500896245
6.56771450331
2.4282528447
3.92093693379
4.85578649691
6.96260796459
5.18523203478
1.4575222655
6.99762126013
9.34349151986
2.61280630554
2.60933525526
4.74874586132
6.90188026838
6.818434846
7.20820601028
5.2395745963
2.90956564103
3.59414299427
6.10440286773
6.56923843295
1.55100707371
8.36316663475
4.82763577387
4.70591428425
4.80374481147
3.2730105764
4.66109291077
4.28433881402
7.89439518426
0.72683371399
3.11600693194
5.39950008188
9.50799877105
5.66453746982
4.73226345343
4.18737890688
5.70493318035
3.84934702922
8.22866327059
5.75418487011
5.31430447112
3.50786553437
2.4986031012
7.55661665235
7.35810261156
6.06956758725
4.74691998815
1.74171691752
-0.160251010454
5.97455813079
7.80439678969
5.36674889244
5.94205604059
4.31154694031
4.22680287533
1.10835355137
8.78928802637
1.38492619265
5.54932961257
5.65341900232
3.46893111803
5.67071359375
7.21628002291
4.58651062368
4.74487357355
4.90278045807
3.7609919623
4.45418147655
4.11855249898
3.83241094736
5.60709037058
6.75706794625
4.56167699093
4.61488091252
5.90593873164
3.14173588301
5.22510215163
4.21479896103
6.50705298378
5.46251719422
4.18740626413
3.46035601323
7.3504208655
7.30405656001
6.83856896376
6.00529293307
4.62443466999
1.82696113647
6.33030142278
4.60524899333
4.31886476862
2.46684053564
5.16124745046
3.55346527021
5.64787350376
1.50172717218
3.75502670773
7.77966362058
3.0235115512
6.33503349695
4.99285360037
8.33016251158
7.98035034431
5.84154672802
5.28313965276
7.79555107195
3.46851303122
3.1183559853
4.18638715212
7.53682631847
6.75624812471
6.71380981013
7.71530799179
9.13774027227
2.98728369313
6.77570153891
6.04127476886
3.32388596958
5.00422901661
5.59768575558
8.6049010773
3.30617441427
5.32798816433
7.24911389709
5.32548900776
2.89940479737
5.07042866902
4.23147455633
3.03156349778
4.3478838891
2.79786258861
7.30225862805
3.47655226217
6.02208075334
8.06473642903
5.23924746152
2.56590947598
4.64520957629
3.84110465233
6.32368735205
4.34579012987
6.16552339898
2.98120694337
2.48594584192
4.70389807674
4.88896376432
5.71832446016
7.27740110501
4.25882626017
7.61442560426
6.7887209896
8.36521384681
5.99560984893
4.45937395072
2.71440492164
4.80389109187
2.09782957054
5.12719000361
6.47016261778
4.01713629071
2.51732816785
10.0683470555
3.2125535259
4.8720822038
2.08190983514
4.36326114882
8.24578221436
4.1035620605
6.77310084244
6.19603168922
2.39576939074
5.56957357457
7.86996045259
5.81068081349
3.33384304155
2.11097794117
5.82697680874
4.47280846391
3.7796419668
7.27252850378
3.36744437513
8.53788059551
5.23185787063
8.762127064
4.49749273172
4.44659515053
4.4954494238
2.05245101099
3.24551034871
4.88972953815
6.41044011499
5.19017120671
6.02042161449
2.05717783754
3.15849205615
4.4436018369
6.72960914068
3.36790626578
7.22635093794
5.01961308748
3.51739952729
3.76158860925
5.74206481194
6.17452617998
5.84818898441
2.40768621249
3.85570560975
2.2811258759
4.64970165474
6.92207304335
2.49181066259
2.6221975043
8.1760874036
2.83702717471
5.62105370514
4.70782876253
5.01877143779
8.55488712547
4.79721536402
6.49959996288
7.7804965588
7.10618059689
2.98991737574
1.3356020251
5.99158949911
3.64016762629
7.03144173944
1.80136022208
3.71014688305
6.00773562236
6.15336226339
7.96463814751
0.713229363919
5.83651970737
6.04331986018
6.02213313653
7.97524223234
2.9461298563
3.25054482116
4.43453747655
6.60154821084
3.83416625873
6.54156959461
2.16755880579
3.30091661794
4.56009948788
2.77678957316
2.11510313249
5.00836454722
6.53690360838
6.08801109414
5.87514888387
5.15571358381
5.58167499943
3.63597034826
2.32730312546
3.31158050929
7.00831673323
5.06497285824
7.45064420978
4.79067479646
7.01055296182
7.20919649139
4.79424342422
3.9508730866
5.50634400161
5.32131784731
7.66233513306
-0.306379797263
5.71790887384
6.06649252922
3.89984352501
6.8663571259
2.89828301719
6.29229080014
6.41957364324
4.57259402424
2.81916577598
4.2299549102
5.17711374047
4.20460574884
5.30657756864
6.75451981304
5.7119779779
7.52615163291
1.97426990771
4.96438477961
2.54574885064
7.51998252948
6.64476583972
3.4519390083
7.62548785996
7.73274637115
5.9683727909
6.1976439824
0.690271847174
7.7527282265
3.19089973288
2.09653479488
6.26074743783
2.77743463206
7.07034460357
7.54881707849
0.236859045196
3.72956100116
8.30958322763
6.38544962978
3.72157325918
3.76027470038
0.705771250738
6.96233334683
3.57106675912
1.52337418183
6.44502518732
3.49024949305
8.91736241258
7.20670610241
7.76347906563
8.18108527912
3.70122557251
6.41257966397
5.4606269208
6.83983727693
6.78966214942
6.79276518801
1.72031075382
6.7222239823
2.66949108277
4.81249109209
4.75984105005
5.53342979507
4.13835037412
9.0092695172
11.1005322029
4.62578609185
4.31249117467
4.56259269898
2.94985787858
7.89522356358
4.53580036243
7.20653606949
8.74706648804
2.80761815938
6.26389585904
6.557033071
6.84866934794
7.02414738693
4.90505585797
2.8382381314
6.84366983494
3.7989566123
6.25701017212
7.24398528058
1.42446828593
5.91986683786
6.96942286389
4.26641461673
3.81455075848
5.21434621563
3.68526451763
6.69056883653
3.17900774583
7.15105637063
4.27885453268
5.78181178717
3.17227357391
8.80735445261
6.40302844804
7.77515340129
3.44933394533
1.70095637229
7.39237581571
8.83701586581
6.2119554357
7.00594805252
7.48812845413
7.85028181711
4.09646647507
7.96370965685
4.79133799396
3.83427792381
5.68184236984
6.87714812821
1.08139349964
5.99539642506
5.78262983799
5.14237980127
3.01958787738
8.10951876934
8.69062791109
6.18631501825
4.964636417
8.27123928364
7.72444388835
7.23961309038
4.05184280552
6.4200238853
4.59271802174
8.10747979589
6.67694866992
5.3723417522
5.07194568606
3.42773678109
4.05633760759
5.29366164771
4.05277050933
3.5538688442
6.67566271676
2.8132466108
4.82143947654
5.76881201017
7.53653310562
