7.34856301102
4.12698300009
-0.877508299098
5.74992551995
8.16117107268
5.0693781556
5.40198221016
4.12965259469
5.95387135233
4.24343626706
4.11283154426
8.04193119657
5.52918534421
6.92116404888
3.79943629212
6.62252863887
2.19150462099
5.5784899689
4.9572865954
2.3926268468
9.09976444969
5.44026038778
6.21569870141
6.55898334641
4.27562013451
9.02095593411
2.92125630497
6.37137151136
6.15281437584
4.47102051873
7.86953533722
4.77640037295
5.26127364367
5.59414654873
2.7878409942
5.29502281468
5.27253305632
2.48897706723
1.85099361543
4.38996273451
2.39674629569
5.02231477707
7.44087819195
5.30718983748
3.40280744714
5.61690119377
7.25804924376
4.34838371974
2.31178481325
5.62879614647
4.83447547281
5.87635830301
6.5639689875
0.382971129401
2.84078011821
5.88660793628
6.71782042484
5.39297808256
7.06697154208
2.5471285452
4.78073934151
1.36234218266
4.8966034641
8.4046179387
3.9095912434
1.1860263764
5.28101391752
4.46945025946
6.35719259224
4.04580555831
5.49251798768
5.72701993218
6.75923594863
6.89939338554
5.89841674429
6.88808752862
2.42201785257
5.75921032257
6.781082731
4.99437592949
7.46786385634
5.49841594763
3.89938540214
4.94006877358
3.8678277421
7.40810321565
7.02976467845
5.77709012257
7.71890419038
2.28639959815
2.92503333988
5.77328952451
3.07525407443
5.08911865465
3.98910595753
3.7769416775
2.86467903184
4.63040646401
1.73134520643
5.28288343194
3.60205624473
4.07426176393
4.71303151355
3.29838389452
5.37562712387
1.92179280152
5.60960495614
5.25305951264
5.02932307569
5.66204789739
8.44945357895
6.26034644141
2.84667971581
6.27644384467
3.40035692017
3.92722547324
1.89078089352
7.45855696183
4.06260999107
3.100137507
7.29312244943
5.68100520799
2.50839745459
3.65374282254
4.00816454566
5.00178063763
6.63791495366
5.64448454121
3.8369979449
4.58769184328
5.78345662649
5.29364916738
4.71087060202
4.40136474935
3.79354085909
4.88933752681
5.42716746019
2.41960232279
2.10239093856
4.8828971183
4.55918088295
8.90036542248
8.1552124
4.38008818269
6.19132300884
3.46494790536
6.79130897403
3.99535735698
2.65981914445
5.02722551661
5.36050792771
4.16585112744
8.72960787481
7.71754272995
3.30719764587
3.61457643644
1.57728249306
7.14125511923
4.68660319464
0.227649530789
7.81025693272
8.95733035017
3.95721577874
4.0997651747
2.65282636952
6.08077479142
4.50170851587
4.90590335174
6.03043817785
6.16618889396
2.23172772361
6.61394405491
4.87711691781
3.88091879909
4.23864788941
4.18123961602
7.87468819401
6.47248054037
5.3288426716
2.86726907504
4.5716336934
7.44850883553
6.40118177638
4.94780873123
5.58461770732
7.45327043714
0.457676384509
10.1447690557
1.16973463733
5.47188788859
4.44778641276
1.26331635844
4.91131436687
3.75018225001
5.500991689
3.10901997512
5.52768365222
5.62112184862
8.34943116133
5.98300122697
3.05958113085
5.31457234366
7.94208202338
10.5805095115
3.25786292574
5.20868050966
3.20694726931
6.22937802807
2.95909656614
2.66766014906
3.45875730973
4.69034008434
4.41128056264
2.47261441042
10.1902472948
3.19619106968
6.17911906969
4.23877210696
3.10241221173
3.75951561867
2.18484822685
2.0076820117
7.08250053189
2.79573144816
6.13555961817
3.91841085743
3.74169316448
3.83581261264
7.77129523633
5.077730799
4.35624039476
8.20241790567
2.63101959193
3.80199629792
3.98170565234
4.75610953405
4.37805200837
6.38375905787
5.85808421176
4.49017151864
2.72115880955
1.67063519658
2.06859021245
3.926976696
3.99683976462
4.65619203788
5.13184698135
4.1617509128
0.99413624158
4.28889392493
4.63982739765
2.4557773174
5.80686568574
8.31455420903
3.11569179589
7.95245909117
7.7958085629
7.29170278607
4.89403411229
3.97415301765
4.76885861937
5.84231802768
6.24529575716
4.60027998953
8.23491849103
4.57217861216
5.21156085375
1.10538611366
6.49099078498
4.41935794994
5.37405142763
5.55622107869
6.49034968655
3.9766726825
8.16465228296
6.47356844269
4.72452331835
7.093606233
5.49756319499
7.00307763133
4.34042372595
4.65648210013
4.91246358551
3.37455678028
6.87793603939
2.85598117962
7.83745531331
5.63646128448
2.10014632477
5.07721614443
1.59787722981
4.21465345946
4.29447372208
6.2911591289
5.29659682464
5.06235385646
1.44778494205
6.67507863747
6.04213851334
4.78321939705
2.23437016209
2.95841862198
7.3371011058
5.0651489911
3.863351456
3.54274596962
6.04988753924
5.81397230772
7.98303348058
8.39444327778
8.78638192821
3.81009064096
6.32582267533
5.81886728389
3.74028222301
4.27855591134
7.39785900053
6.66043184127
3.15565242254
3.94186335085
10.4855725804
9.63404533296
4.73625334176
2.3012607489
5.6642252991
5.43473282695
4.7185932397
3.89290214883
4.14045533976
3.62850161403
3.85917663898
3.37480045923
6.56482453935
0.430938082786
1.64740089267
3.46195421839
3.98359028896
3.9767188889
5.58949057542
4.91195770519
1.77040941656
3.72070893386
7.75881871621
7.271253705
3.50276621543
7.80833308318
3.43667509154
6.66643514178
4.3150303707
-0.646686742521
7.90998481456
4.17800168116
6.52955926655
6.18544464118
2.86486619083
2.97408733038
3.7042362382
5.4200643368
5.0262060776
1.03158226268
3.67552042551
6.60827062859
4.72799305908
7.18799060065
2.19556706025
2.54055492829
6.09854907208
2.71405093783
5.25279469651
7.05602587618
2.98410327864
5.465485426
3.54234738039
8.48607380522
5.77994730768
2.63926355148
4.50595271836
7.19862093718
3.30928755885
6.13205267649
6.76163543463
5.42620407723
3.09306265199
8.14337890059
8.71618175523
4.64055187437
2.51257104258
4.04848783739
5.25509027298
5.47609621231
4.01482905198
4.04536572628
3.84895695414
9.03864811541
5.14906964603
3.73388182821
2.47840880867
5.74774559451
6.14599234023
4.84311853509
6.13868081839
5.1763398951
4.18374884723
5.17842722733
5.19114204908
6.75043810804
6.37713831932
6.46344872225
4.95474044326
4.40865107096
7.45008253015
6.29778943477
5.4367411663
3.2915018653
3.99848748283
4.05361195234
6.13999224318
6.04285389732
6.34981095172
6.94732716725
3.18773666156
3.64713871074
1.63890501576
4.75109571874
5.75541645525
3.67276300947
4.81373891248
2.88133093963
4.70686396544
3.54355809297
4.42626189926
4.40120341339
7.05132523578
8.4057710234
6.6107808801
3.04944180135
2.79773130216
4.09888616432
6.23003636049
5.28325741678
3.61262946017
8.84488023171
7.97076033821
5.46953485288
3.98745937455
1.72455309922
5.0593018816
7.95292065431
5.37958454209
4.14072816455
5.23745928075
6.61013632775
5.06885731975
7.83666531228
7.37537136458
4.10076233291
4.81599009417
2.86376690868
5.4129989728
7.50703329527
9.08888075446
6.97156775977
6.45294133434
1.41032521527
6.54769901875
3.98983838444
2.67432771785
5.85265096481
6.42619442392
2.59355067875
4.52246604604
6.74475831394
6.62469204948
9.23793040522
7.74343160133
1.57070411401
4.00734980323
4.53030130498
2.45889772874
3.67515720326
7.78806038891
6.14132352714
4.44729230599
4.85918275259
4.80546958675
6.52291981501
7.31048123054
5.05001328726
4.77028846252
9.99439200422
4.64913426572
6.14223076244
5.07213274134
1.61702660252
6.14914254919
5.17842375555
1.36407662438
4.50015768519
6.48242023497
6.30861062129
1.11983859978
3.79195747614
6.51362032448
4.67155673136
7.94405951561
1.18717634513
4.27284095197
4.04479982523
2.65032706868
4.96550331641
4.95269404034
5.969905238
5.20480461733
2.06270262553
7.63725907812
3.10521796797
8.39927104966
5.73361363521
5.65278020108
6.53551347001
5.150672882
4.80422852204
9.52227068884
2.63425591208
2.94816094314
6.10794354732
3.51972629383
4.9509704909
4.18980364643
6.96692258861
3.21342144545
6.567681008
8.79248627327
5.20548579094
4.01003511388
5.77743181904
5.03472752952
6.14382221597
5.77891972464
5.85053588208
3.07717774706
2.75903652127
4.33678652613
5.01627293058
3.90801826811
3.83489559776
8.11750010281
2.81900641445
4.57990866268
6.07378263213
7.08328097516
9.67796961203
3.3631284983
3.66630581771
6.38261574506
3.67579690633
5.23255488028
3.11218016209
1.47095817713
4.27929492248
8.8521558402
4.44301273532
-0.586102756624
4.81202981033
0.568194765229
5.84871826369
3.48758909611
2.81754443922
0.646872180531
5.4276609167
6.40267050725
3.55013595483
5.54779703435
6.25392336038
3.55701650863
4.31515300915
5.78909661024
6.13608118909
3.96658700291
4.85731791943
6.55872860449
8.84485627129
4.20532811064
4.80897268014
3.4204648876
6.45500914254
4.53404836826
2.77026482193
4.38092546515
3.97418568418
6.55862835191
6.1238413973
5.74197775128
6.44158611234
2.59738836486
5.0835594079
7.53266512272
3.30183192824
3.5497079287
6.47639546902
4.45731577042
9.2204478004
4.63632222279
6.57455338525
5.85380578824
3.60450419591
4.37219638619
4.94073066685
4.63352479589
1.9313300602
3.9346237551
3.5176322597
4.25162755057
9.61915779938
5.15902364073
7.60628737954
5.85071397036
5.5004899873
5.81627824865
2.45763895238
6.47830463881
5.79853476771
6.9944702208
2.81668953827
5.45663210583
5.61932371856
2.17853968641
6.72190828967
7.27344664415
5.15255613798
4.69670673319
3.68104454719
4.69995345307
6.13190730184
7.96215212737
6.28893090024
5.98415098242
4.745692446
9.15625509021
3.54788647772
6.13434188402
5.3714728573
3.75729010613
5.86022705639
5.84493163308
3.60837869675
5.84558542477
7.51361412717
3.58613927574
8.56942808127
7.30972437437
7.78316851813
6.51474928782
4.8615306364
8.4680020546
5.06637495296
4.64985978381
7.07703893202
2.37610067243
5.3920953
5.2342653342
6.94895177508
2.07014488604
5.11125419553
0.137907034389
8.25942128559
5.21560189393
3.73390759182
6.0235995551
4.57344210821
3.73884785556
4.18150639813
7.36797552531
7.0836084586
5.22134023606
-1.2176494083
6.25077805396
6.53828267125
6.52689125447
2.08550417909
3.45090770814
4.68730255418
3.18381049844
3.17929204524
3.1111463673
5.65695373619
6.34389966632
7.06708399295
8.89514747445
7.67847543182
5.6864009472
4.85073537528
6.4870313842
6.06084653134
6.52380837695
7.04068217726
6.12666538958
2.149535
2.56670350427
6.6461489049
7.42402789567
1.02223605929
1.852617672
6.74842369434
6.21379500176
8.61779332688
7.05708390275
2.80245068508
7.85246363691
3.60326112779
5.46934792017
5.18468127393
8.5777215425
6.19311425537
3.23596882552
5.02319575597
3.43793702167
5.41732546018
0.444177691444
6.31302363829
5.11869868977
4.79626970361
7.02431640624
3.35360168993
6.38332615641
7.69348147035
2.50511320222
7.68783712762
2.69997515658
9.40751791484
8.5078891026
6.86602444761
1.20362369986
3.30410887481
3.67901093972
6.72291514351
5.15579721882
2.17967477442
1.64352735145
7.38685528028
2.01600982871
1.02897002146
7.09345252618
6.79967211563
5.45946266816
3.36596131659
4.88813898894
6.27750259511
10.6943892077
9.3245102549
4.69430671185
5.64366592137
3.99314772774
3.84752394777
5.35308130621
3.70778396518
8.45542503839
2.24793407241
3.38451514084
4.90250881496
3.12326890883
4.46876304373
4.59398893131
2.89817818996
8.02396088846
6.39620933993
5.96657028797
4.03626148662
5.65546521276
8.31370308317
4.92617091126
2.54579410415
7.55366882919
4.28859951634
4.96173555465
3.60103050096
4.85296816651
3.68297111105
3.06897624472
6.8702344617
4.54916829928
5.10087996168
7.49774074998
7.2223958718
4.00488721019
3.74544515453
4.99600957352
6.41780412222
4.69356066744
3.48500933164
4.13110374271
2.52930366861
4.73512878004
4.78648496688
6.7268295596
4.54625611765
5.1160188572
4.88470025268
4.92864600996
6.63875292445
6.73852341326
1.88434474624
6.71634165432
6.22021074421
4.96910652164
4.22272037135
6.02871004909
4.72250534426
2.63236656409
6.03975304214
1.77111681695
3.34096438654
4.66913015566
2.2376329633
3.30930428313
3.27620263858
2.24144618405
5.99339577195
3.23703101793
7.74416799042
5.34083987249
6.67271607578
5.03442204861
8.67746093375
4.91199742378
3.75585498679
6.8358266933
1.10242728497
4.95112683881
7.20745123933
4.33239359196
0.144405323255
4.53339108323
2.22570205087
6.74720046413
7.40414038728
6.12132754764
1.57227597152
6.13298881728
7.47326730364
5.56201460201
5.22394210131
4.97303137746
8.31729680832
6.30398477466
6.88537126563
2.98158457341
4.1070522247
7.82440009077
6.53057544725
5.94850718078
2.20431117589
4.46774159151
1.41292155997
2.67326574827
6.35595941407
6.11050107225
3.17679475864
4.3851831279
3.51901490319
9.22230593694
5.46104847188
2.35339783914
-0.0230894804627
5.00888190666
4.74645959306
4.32867694475
3.37146725906
7.40794252382
6.37399623594
5.45987958782
6.22352358643
4.14815175532
5.91657829757
9.78975836493
3.58148585407
4.36256114751
8.75614063908
3.85715168553
3.52853129566
5.70870448183
4.48039295966
3.39487095052
5.19606389674
2.61006887382
2.31137451483
1.0634261368
3.7130098127
2.62862468547
6.23507786968
8.04924127559
5.61391249193
5.60061887528
5.18895543391
8.21055932528
6.48891862714
4.44607550647
4.7849018188
6.2796494614
1.61352711975
4.96279605885
5.18052100591
2.37390433951
3.69339011618
3.52078764024
3.81890860613
6.35105579763
6.26079727194
8.33562241021
5.80120617869
5.08729508497
9.56532669081
4.4012282054
4.2117836297
4.14879743854
2.99893431543
2.23755001575
5.67930423501
5.27853714777
3.90599657864
3.39976611756
6.40887231416
4.37096524514
3.81305114154
3.05913069405
6.12470490714
3.78147678335
5.8427735997
3.51694631505
2.4358805474
7.36585280816
5.54414360585
4.5065525411
1.53775118049
6.96245513997
4.42607950819
4.74210474098
4.16224454422
5.92751472858
5.85571793055
1.5640215596
4.59081052348
4.91533516514
6.24980455528
5.21346083143
4.76601315162
4.97292602375
9.12198318096
4.19387408347
3.72554376641
3.08517707233
2.7733888007
4.91598849088
2.88840378035
5.17842467068
4.04863349039
3.34231690945
4.29120462703
4.36524166474
6.94508467258
7.0267638108
5.67404442409
5.7147529362
3.30283876365
5.568319997
5.11210889538
7.39840380691
10.2646105378
4.1048639537
4.04026095424
6.54552626275
3.95731541901
7.46064891181
5.07205730334
7.83374287383
6.50941267289
5.88868318395
4.46642128584
6.59233819084
3.08635252272
6.63843470589
8.10054431431
2.71076061117
5.82747213448
5.06117150613
8.01189556007
2.84623932463
5.42038070012
6.97629821565
6.42136529941
9.17988786476
5.28937727086
6.52390397992
6.74855976023
2.95113609049
5.30676531295
3.29677644226
2.18494890905
5.86554862155
5.01070097552
