5.35565997686
4.51823606883
3.84246374037
0.661479682904
1.26758791017
1.61772339402
7.58604429362
3.74760757238
1.0885789441
4.80706377482
3.28967360887
7.86206407309
5.2117712646
6.40653861707
2.84500477489
5.79200728589
4.0139505336
1.88487550258
3.52378603236
7.27223756188
1.51345715384
0.189338210312
5.32904547281
5.47449105623
7.27439068751
5.60935046363
5.06207474186
5.79823906477
4.15039778714
3.81246848129
3.90690140685
6.92598701177
5.64615613127
6.31772325866
5.05178917678
4.59513145548
2.42273509206
7.2099030142
7.82672383839
4.35755040596
4.06837804511
2.36579650178
8.95403779234
5.13603070034
4.74945434117
4.85884069784
3.44358395094
5.89036694831
5.83508715588
3.51050152265
2.78393334586
7.41594974785
4.59433805552
3.36585522923
6.40320549017
5.96181926146
5.54586553442
3.64272075755
5.24073482891
2.34080846664
3.47310252977
6.99455839412
6.74895916014
5.67697221142
10.1260779609
2.10275343797
4.49638161507
6.63116219814
8.31770954395
6.54201184751
5.0990737485
7.65733752177
8.0428291381
2.65548967877
6.58711209086
4.37235790242
4.05536176196
6.08496147863
6.21981366886
3.11465438316
5.97033819514
5.19942120891
0.603953986809
3.76888480424
1.74718140178
5.28110440074
7.6505348278
5.94336083597
8.02228008823
4.83097272755
5.17561762175
3.2944638433
6.59012693189
8.98449522702
6.07573420772
7.27270697064
8.67547103548
6.25210918607
8.25390132594
5.26062312113
2.83676889064
2.33864227937
8.36436279184
4.32168625139
1.60901093908
6.98342778101
4.10462915079
5.4341929221
7.15067354501
4.0099904469
5.78059874298
4.58037564769
5.84183436737
9.08259648185
5.4786744268
2.0174622599
3.35991870468
3.81941113345
5.20922094872
3.02647700537
4.16019284137
7.37361395632
6.3483192965
4.21326157916
4.37640526032
6.26116855104
5.4360474094
1.97376720335
7.29073188106
1.21432142195
4.18372734181
3.88315070384
3.05875583104
4.77733975514
4.32858872602
5.66835379353
6.43981051076
4.10615034836
1.95678409105
3.33084740957
4.20138804277
1.36957716617
4.6409653219
3.5388111536
6.04797922317
6.12275595814
5.65039354468
1.79320642099
3.96265313124
2.07534985059
6.72534046867
5.36505840016
6.09935249223
6.47234902022
5.55685415852
5.29495193112
5.33152759532
4.37638307037
2.20087038757
9.67135228774
3.76949498066
2.44569084114
4.54654967244
7.69547502069
3.06263961733
1.41653187882
3.7454884998
3.65180161339
5.57794892402
2.46524552695
1.46326944319
7.92375175782
5.05463472383
8.60989727019
2.07038587245
7.66240422549
1.87476453381
5.56052894449
4.40754611584
4.77557805253
3.65557796585
2.55096049794
2.3586005558
5.18253367792
3.11792096139
4.32351758182
7.14852400307
4.16960091941
5.70060359769
5.59419009461
3.7898069844
5.3952502744
4.8663229481
6.82474121919
7.11598955242
4.22966809391
-0.69117303862
5.87607975088
3.73208060698
4.81782806359
2.59647391399
7.37205779072
5.02569916382
6.41657613821
5.9076751018
7.48125258712
6.04877805012
0.490247033646
5.54101752188
1.85477788393
4.92886767116
4.9452343852
3.26160810723
3.66438257099
9.1625703283
5.64715406109
3.96558056721
4.85930763536
1.39179061225
3.75161076993
2.55589441623
4.91812087253
5.40538817054
4.55082746974
5.50015203149
6.50949776523
5.99330022702
5.65059877344
3.55428808319
6.10603134178
6.94519796758
6.48887719095
7.32050217471
5.87969570305
3.98783977437
8.50775918981
6.41813531192
4.25429092409
4.22450033052
6.956841128
8.89748547728
4.36666106432
4.07911585892
7.82923179241
3.91583847904
5.12795964606
6.17648392633
5.40102766524
2.73671477378
5.48956448549
5.24053362705
3.25135662919
4.77474122546
3.79652934088
3.97993170246
7.83875717595
3.1333414371
4.20432607924
3.77640155798
5.8192838364
5.22597808241
6.8417987427
7.83717205258
1.14081845599
5.11678810004
3.13683604675
5.550609099
0.880672805326
3.70170554872
5.13502606547
6.16623362633
2.94687102345
5.96364266794
4.56982163981
4.51803484825
6.48324893216
6.0455335893
6.1519875465
1.89918336969
4.60765805709
3.38103948922
5.82559456508
4.33701481292
5.56984326457
5.83298789754
6.70931043751
5.58269889835
4.66739555691
4.2122474336
5.33209405962
1.95212109714
5.3846268323
6.24905294754
3.18720860942
4.65624879739
4.07953495187
7.05033151797
1.96000335671
5.46835127292
3.0217922564
5.52765142219
3.62549346321
2.99811221446
4.23597701439
6.47917562352
3.94497734691
6.76567323927
7.35659309084
5.22777691342
3.77387814347
0.297027657204
5.2820649469
4.56927035758
4.86159951726
6.97443027707
1.81978140644
5.36256773597
2.48279797475
3.28503195192
8.11392154481
0.93897661588
3.07298733352
6.47817965095
7.3691029562
5.9734819513
4.92007426736
3.30117197665
5.35861894438
2.72427131643
2.56260582415
4.39487074605
5.76672483666
6.18221800783
6.49994135303
4.95949990498
3.73253240899
4.13783420579
5.68727489142
5.25921290425
4.22554051956
4.06041327371
2.04858215055
3.69608131616
6.06151636355
5.59253766558
6.00635191964
3.56493775993
5.25361061278
6.51206295994
4.86776474831
2.49044110587
2.88582828299
7.21945028475
4.95157847199
9.66103186183
6.81455255268
4.44096139185
3.46339735723
5.11502425384
3.69189762169
0.804545919948
5.79813585311
4.84384630126
6.98145908355
6.65313046229
3.64261377388
0.108828714843
5.83644254549
2.28735824817
2.87658151471
8.3838585046
4.93114764372
3.07729771731
4.86179773803
4.88268992923
3.36967199765
7.46608121156
1.18090074312
0.525051962664
3.80309842743
4.84715053545
9.11036488241
6.71551273911
6.34612104206
6.86056670397
5.76247042691
7.76811511144
6.01592541179
5.21923708714
8.67443285829
6.25312947657
3.39231752208
4.01486873738
5.56745194186
3.16505579554
7.18712396796
5.26865747418
5.50213218683
6.38346716934
4.56748497538
4.41892130137
3.93089454434
5.97046945045
6.64175189113
4.5773209556
5.95424115923
3.71904707517
6.32911278569
8.49795656658
3.96826301328
5.15548347709
4.71283831017
6.03121601814
4.72363769291
7.23015677129
2.05478989088
5.36107281866
3.33037751907
4.18663962119
5.15934003281
5.65631001405
1.04290383887
10.0230753545
1.81030289799
9.39647778184
6.04599639036
3.44003365047
5.32549456946
5.54167975114
6.26331144627
5.47477795921
3.73032417337
8.08065862355
7.99737933019
7.18386732577
1.2938245858
3.37918412759
8.75291887702
4.28016421762
7.45688640383
5.59413966099
6.35943716804
6.72588638795
4.85522315872
-0.169757773156
7.14739992136
5.43005490695
4.78009144331
3.50604427115
3.62937910364
5.59175234138
6.52677367886
7.27929111507
3.8391775339
5.15990575697
4.01123841977
5.44935587871
5.64932889461
3.50991012674
3.12074080944
5.48169117201
0.314466024948
9.3398276994
6.57504827194
5.18939333181
3.31265665529
6.58398615493
1.89622032084
5.47863655289
4.10738431552
7.38308962309
5.57157099013
4.4977568515
5.439804639
2.7956703452
5.03313192783
6.23294617224
5.88323675922
4.01897140688
6.17553212652
7.06881558461
4.31069247246
3.40141972609
6.36112920143
2.1442043983
4.61542010948
4.85835673398
4.850157783
3.35247756336
1.68142047263
1.20341543638
5.37319425796
8.05875144176
6.61267251746
5.17991703251
4.65757616822
5.3903316546
4.40932984896
5.49021152671
6.09749274747
10.7177634295
10.979209671
6.14497897245
5.32908933041
6.48170418595
6.44627963764
4.56879966976
5.90838204854
7.19911816801
3.39240508352
6.56874929165
3.51114158733
7.34880065271
3.98251333295
6.69232488045
7.22842050937
5.29323046316
5.69918263633
1.70269602004
9.47216483717
3.16382958448
4.31499520702
8.23429184823
3.80459633632
1.79682927744
6.20781519244
4.85481217014
6.26941251346
3.05252359611
5.01400043153
3.43473105217
4.70350595051
3.70202355169
5.69832891393
1.18897988287
3.19848375746
4.38396508497
5.86055960404
3.97299535704
4.56856862091
4.98856341419
3.02516759603
9.91446342011
6.68839088245
4.34509009094
3.83668940103
5.00904214985
7.02524800018
4.92998219093
7.35905611042
8.00427798901
8.05493363277
6.50920970249
7.57028913174
5.12434432965
1.64431503953
7.26719789928
3.7363100896
1.64860082529
1.61252005675
5.06120698934
6.4365106266
4.64752431008
7.25885708296
7.93412658967
5.98128370851
5.26559882701
4.60674260126
7.20667224006
2.3322344812
4.31137107846
5.51719584411
7.98067217307
4.56810232131
4.22635815629
6.76152533321
7.24514641292
3.7070644766
5.12707036651
5.00641107804
5.47653476382
4.56946508519
9.59579610446
-2.09427619589
3.1990488001
2.37556961107
5.56892511085
4.14148899036
6.99720598789
5.47197800082
5.3153533453
6.76802925892
5.95372535418
4.62319189445
2.47986677013
5.56008514021
4.32656398674
7.16475287676
6.43189953535
6.53806319716
4.95974330549
4.78250881036
6.25265678594
5.93678880598
4.507016311
6.87419098552
4.57817532104
3.17472894027
4.69380220651
7.59559432167
5.49372809497
2.63549522061
7.30207209686
6.44883823237
5.66094947607
9.61144135828
0.946674037017
3.3332674551
6.68686082334
2.75622994889
1.35445542902
4.79312435092
2.33314699238
5.46470873691
6.17280085657
4.82825315732
5.12168690821
2.19411307212
4.50035044843
5.15636646511
4.25046600044
4.1242449258
4.64458463194
2.44551884085
6.76559909972
2.11909600942
3.20505059309
5.31080391264
6.49163359058
7.01961422198
5.67809784875
4.11328183866
5.37094018132
3.79250694764
3.49027216349
5.11591155872
8.34938007681
-0.242187656141
2.98570444427
10.6591971928
6.66452355527
2.41961457939
6.34699633882
7.33885323926
-0.558438586939
4.46442454146
4.3517406562
1.03443516936
6.57136745582
3.6188423042
6.545038267
4.37512542388
3.94605686079
2.99996516754
2.0675666391
7.47595876948
1.59372370086
2.13175713974
4.82841484456
1.30221420846
3.52177487575
7.66366974662
6.25788155223
3.78775417405
3.65043088043
6.59207753816
4.30930775464
7.18531246069
6.13571048433
7.25759318092
0.297749679144
5.3267301662
6.18888136592
4.67647044809
5.21557713436
7.03933113634
3.73464019459
6.08840175883
7.43982093688
6.0871964889
3.89847298092
4.20055936386
2.78016906964
3.39383310815
3.9911946042
7.36255053712
5.79579678919
3.55489138553
4.16493629829
5.61726596632
6.29463277721
6.51186295736
3.82310912037
5.52258608991
2.82461042193
3.90414276453
6.30057395218
6.41439729848
5.24386049819
6.49820714062
3.45561592905
5.70772374086
4.16879402031
4.39174021844
5.70452593318
8.32806845667
3.36770429845
3.72897946129
4.71634431967
3.49828781156
6.58508118877
1.28343304869
5.65444425886
4.99563259298
5.80409403215
2.12200462364
7.67801035773
5.38378909854
5.48438427715
5.7874761289
4.45079257536
6.23335989943
4.80436838004
0.81651406348
7.77085065779
7.35358260755
9.63026382613
3.06060352612
6.6068875824
2.20544272457
4.06361683931
0.660392844119
2.38481997614
5.00831768792
0.757603267538
5.10876567659
6.26319684726
3.57180678188
4.66914847416
3.61712774558
2.38956880166
3.00252344135
6.21913391893
0.10336060008
6.1819705765
7.21703805452
4.3844763953
7.87170198309
5.70762174617
1.28712030492
4.93235377783
6.14223308677
7.02144196258
4.35941137254
7.57126638387
0.544982747463
6.49600944912
3.65173553104
4.49025941977
5.12677815812
4.54813241943
4.87948266776
3.68970402793
5.24443256502
1.56041996248
7.32582461965
5.58812208572
7.55633925898
3.31908022774
6.29454274824
5.83518345963
6.74743403747
2.89125635526
3.63510212031
4.45496886592
6.80119273539
5.74615899083
4.35569877004
5.31952699356
4.38762996692
9.46158305917
6.95706191726
6.13967525129
7.81393511145
4.28608440864
5.88167734266
2.49420848297
6.59727021598
5.53867094598
5.03001836124
4.71460565281
4.87683300824
6.24916202823
7.23104182873
1.63216830526
6.77135465162
4.5231146581
5.66174464406
3.64974722579
4.95099919588
8.45287777105
5.12658374635
4.68622317137
4.86198105967
1.65371385574
5.81087959748
4.24623386679
3.04878157714
5.13843396348
4.08749392276
8.3929526229
6.16366244129
5.83559839176
1.87102410377
5.23452212085
2.044768024
3.14007617734
5.36436451398
5.78551624113
3.62899030084
3.2892824818
6.30234694134
7.15330000955
6.68224960605
8.22394444721
5.47937613118
8.04246447766
5.03186063562
2.98433658189
6.03441376325
7.37905041351
8.21910785231
3.45638768603
4.58571837089
2.00046771794
2.06234089325
4.54731507393
4.55324617779
4.60560456632
6.16092533478
6.78479015468
6.58255188649
7.54519552776
1.22426766096
5.60457008883
2.15240783592
7.33984107978
4.03056961329
7.8620648566
7.58353537304
7.40930410318
2.69836245519
3.02383577099
7.33022885933
2.78987142084
3.84354590967
5.59370789792
4.18680937351
6.34156120653
5.98526455735
6.36872410898
7.63153002302
2.92430110441
4.40381618074
2.76468260045
8.12744583897
4.16052120356
6.37023890379
3.10617841846
3.35655009278
4.17309634048
4.53724965616
5.64258098846
5.64183296733
8.56435146848
3.55223125117
3.12172895759
5.661588047
5.16620747295
5.95894359496
2.85300328614
3.83483653842
4.03875235399
4.64046770429
6.98372235965
5.19522306577
6.20641559584
4.15639423884
4.96980769277
8.16727593556
7.41017189144
4.99802334308
2.8531307873
3.36290690209
5.57433297388
8.13760675679
8.14751675731
7.10205653463
6.11025278924
2.81305785553
4.10429945373
3.25296133596
2.89748185005
2.28608415622
7.04950765322
5.57977745957
9.27998336806
6.09195843737
4.06191092158
6.39054723646
1.99484473457
4.14283983977
4.19485395415
3.11044848422
6.55354471881
3.93776809623
6.64051442768
5.80361219589
3.98273113723
6.13482243543
9.63281064257
8.3850350273
5.29377813294
6.57066689118
8.07614223314
5.91748347755
4.00259651574
3.00100115924
4.87633758034
1.39466672548
2.45149512296
5.80956289641
9.23240002255
4.59935124463
4.64334507248
4.66514696115
3.9951383419
9.10734662758
3.00775908041
3.32365716927
7.03370124634
2.97185497179
4.29409917987
1.31583205699
4.66985715109
5.7278923023
5.88462947502
4.6667895967
2.401570429
1.84356046016
2.80333376754
7.92493251707
3.50902950957
3.59135402337
7.75068989792
4.49766670878
4.02056632399
2.89082500995
6.25978009645
4.19478811509
3.64286483498
5.96589718896
2.8756633952
6.79476537142
4.71682762269
5.17698669808
3.48414522829
7.81332709749
5.66332966086
7.05148706709
4.42971901651
5.89995473351
1.76815784269
5.93811225843
3.90386182352
7.61812139227
6.51747653934
3.9449538979
4.98865744974
4.7784314489
7.53927972311
6.5380332117
2.2453204864
5.53559428296
4.09110601011
5.74724219295
6.74912224928
6.69093597165
8.3736588312
6.24834331193
