4.66571149514
4.88460088183
6.44684441739
5.66716587138
7.43220000076
4.65799998852
2.80829580776
7.43491167901
7.6624870295
5.89109536579
4.63531320317
6.53572210678
7.32075277745
3.32986506592
7.03267354706
1.68114166601
3.84904261642
3.70077722761
4.63994694494
2.70059029617
7.09016902823
3.99533783688
4.7584280248
4.80778664286
5.82549043847
6.04475261206
6.92864228956
7.79612259723
2.05806204474
7.86091979673
6.08248665979
7.14516655093
1.95759976021
5.88664855508
6.3135160882
4.64959268253
5.53300807779
4.94142313064
3.90160145511
3.31557152752
2.90648787219
5.87861391383
6.95517485278
8.53158137269
5.68908931519
5.84833339941
8.23789234794
8.23390713851
5.7081760629
6.73868628393
9.50655379817
3.14496339343
6.89471320069
4.83940314808
6.77243467862
6.03619168785
4.95134082795
2.37507211642
6.66852965558
2.98173541894
5.38527543881
-1.19901826591
8.60100004955
2.61989119685
0.132293798242
4.97963394908
4.97610470471
5.66828931252
6.92266361617
5.24599524069
1.06271575011
5.21199502654
3.94758477145
1.60510619932
8.81694421092
6.27775145349
8.52924345801
6.00721707615
4.93022783576
3.68836168876
8.20259527793
3.39988758289
5.80009721868
3.87231548014
2.97496708234
3.58163335353
3.4283744675
5.48248789835
4.74474503295
5.9021111348
2.70129716518
3.09910198221
4.95299607529
7.04617896116
9.17279186173
3.52066861686
3.29807559619
2.29113382174
3.83464093132
4.79642213784
5.33190729608
1.89538061633
4.9315740855
1.68737927399
4.0200415256
1.67935861509
2.46956078063
5.46787761418
7.84459607504
7.09400724338
5.54607199148
3.75242761248
1.82948122875
3.16731969555
3.48403760245
8.68741174339
4.79250822209
1.4699341815
5.17181640328
3.61611313256
1.24890194565
6.95860574824
5.98319408441
6.32764444339
4.16617260837
4.61613172125
1.11314471256
8.97223087477
8.17598945335
4.52645566382
2.00241471278
5.23355868925
9.21475779968
3.4859580404
7.52287990594
6.93233774562
3.69266127749
4.14652117992
4.49365043394
7.82482689916
1.90272008299
2.30606025798
8.14022362401
4.665255276
6.01137063552
3.2503160506
6.85118808113
3.04422797764
5.46965132806
4.90666337518
5.92407791328
7.05427562168
2.69051398285
5.24557844964
2.7751930678
6.36272306833
4.82797159812
8.33510246277
4.58034373472
7.44224150877
7.19501697489
3.05944798163
2.42707996348
4.22533498258
0.949637804999
5.04459092064
1.9886148856
2.83307046302
4.04246212292
3.77593806201
5.43133785134
5.13590720564
3.58878770951
6.05969911365
4.30300177981
4.56944936141
7.99161056511
3.21629160339
4.03538221497
4.10561412014
8.30492122392
4.19935128887
6.09564870629
8.27703822034
2.56319413366
4.88186180436
4.47140045475
7.72550202427
4.68972479179
6.57492205953
7.76952496947
5.59477845218
2.92264137214
7.96070945395
5.39216682371
4.56317679469
4.05551147899
6.70749834147
3.60110473371
3.74669459572
4.27748953616
6.26891800217
7.49485678799
4.75185212473
2.25649974085
8.05604206772
7.36919323279
5.42328417601
6.41637205371
3.70431414963
5.17347837791
6.30573758791
4.63256034081
8.39225094955
5.34541731797
3.85829410716
6.57394326776
4.07070161155
6.76376701887
7.05652500853
5.28010002375
4.83760223256
6.3746157604
2.46871714321
4.10865880875
4.15881511274
3.74411843152
1.7448603961
6.63306622408
4.01274723137
2.91964445436
2.84706874383
2.23737883711
6.68045794451
5.35375664653
3.07862059251
2.40144340956
7.13072164695
1.35083482506
3.8143464785
7.71853415469
4.44881858152
8.39327762538
4.46992409218
3.93803249758
4.73683507624
4.56837109415
8.5345337194
4.34458955645
3.91051198729
3.22645627439
4.88009444648
6.44676294504
2.96134931786
4.58183930204
4.47055062082
5.48670365558
5.07838603551
5.57331218603
1.29159584202
4.72143339094
6.19692694898
0.464991150239
3.91156460862
6.89887321469
9.47215499654
7.95411635188
12.008316684
3.09384148323
6.44674430857
4.28227803771
-0.595688007327
6.11562631134
5.84216067263
8.17977065591
0.342381818042
3.45943602478
5.10670852525
2.1294870963
1.66521420907
6.15578292415
8.27705464934
5.95643518936
1.52285725816
3.81071115161
6.85891672923
4.90843305568
3.6577252085
4.19311559377
7.28809402507
5.93421253175
3.32282746918
2.98140230826
7.01378836217
5.69870963098
7.61220858737
4.36707871495
3.90417347913
5.93673528706
3.67739667955
7.90865977045
2.97385469052
5.53028233128
0.518939248349
5.78692814871
5.20303720764
5.90433732507
5.04263257327
6.59683983645
6.7128963704
4.29096026937
2.43412555832
3.30543556556
5.36898531258
2.25882801684
3.69227106563
5.54433692878
6.50133598451
9.53210248654
5.72931663884
3.45651033416
6.76239724308
2.09387145537
6.83253746006
6.18984399753
3.62513322924
7.31071096063
3.06050266252
3.15389812617
6.14717675046
7.67101640419
4.62925664177
4.9833707758
3.46177628495
1.86803822274
4.18513937552
3.28293794401
5.5083124489
5.10668221601
6.40531369276
3.88776122763
3.83252088966
4.59854849243
6.29809081878
2.18810729835
5.13916242134
2.60411563655
3.26100722351
2.95020489948
3.80582022261
1.81599478183
6.03358891006
-0.667709144209
4.80309967886
5.71386608656
4.82417743439
6.51872454355
2.46246422048
4.47715204536
8.97637972985
5.63014026132
3.64715122424
2.53829312072
7.61702793469
1.07032837205
3.33990920758
7.09489473538
7.54069095672
6.86519322128
5.55385536992
4.4786994294
3.86130871585
1.58344779328
2.1301290422
5.18410487719
7.76778217625
6.73759243376
5.18275709975
4.73187691276
8.72111915703
2.26560878093
4.22760836741
7.36555777736
6.80976822146
5.94833285231
6.09769906902
3.17400821501
6.1102124898
3.84154910637
5.18975922957
5.43434095614
4.57584209312
4.90141023444
1.45108952582
1.90588318077
5.75039985802
1.77138816218
6.02127368813
3.89616875222
5.97617659586
6.91068791236
6.98280400603
8.48591563262
11.1963341052
4.11931174211
4.10697174533
6.2176341038
4.36958634355
6.15303699941
5.02013444177
5.47861152202
5.62654713083
2.88337437859
5.82238854194
5.97965792736
4.28223320966
4.44082014891
7.14176614194
8.93699771285
1.86321914286
7.05657063137
6.99550723962
5.00906810148
1.53807219871
3.7863366747
7.03266880123
8.43142621588
4.14901681914
5.78984539381
0.581879122465
5.73403033925
7.9721059979
6.60702098155
5.70787863381
4.0054113104
4.14056208723
1.28992805379
2.31852619338
2.95730532617
4.67654944355
3.65862007294
6.66040530051
2.66601908172
4.40355831193
6.67852831204
7.82609448618
2.29820229165
3.65601350649
3.22793368682
2.07027449767
10.0040338218
3.41181714374
3.41571909657
6.13200659316
7.87475473533
3.45395401814
8.72388760793
-0.177045601514
3.43893271046
5.60486036119
3.69129414805
1.80076418232
7.98586371081
8.72677364131
6.58379735463
6.06514718881
6.77066769573
5.16528164442
3.33020876145
7.16782563553
3.53484787099
0.789506777836
5.6872494057
9.6852758062
8.12436803909
3.18971725276
2.47636650065
4.617075526
5.01766586271
4.51921964777
1.89474261687
5.80616302755
2.61576370827
3.40246989934
7.7571658327
6.47956293571
2.92591840186
6.21874536079
6.33012022567
7.66967473487
5.70816442196
4.64495324202
3.54669664401
8.51401601181
5.09079262662
7.46192360716
6.6348239325
5.16447741654
1.22826225138
3.52892759479
2.91022730924
1.79309326523
4.93263233458
2.2311925041
2.64272657467
3.25629259883
2.79476878739
7.00056480736
4.59468778428
8.02766480368
4.66366706356
6.06206083859
7.33023081409
4.67021758575
3.08293473468
5.36754367189
3.5052105381
5.95790298069
1.69496516144
2.60438537519
4.57706668232
6.07056340587
4.84010590654
1.50898046782
9.25251651072
4.33817779985
2.20978894753
5.79247726848
5.02002377061
4.05396130477
4.44604581616
5.00480916411
1.70324654753
1.70252896534
6.96543321795
5.41121475274
5.06376587009
4.57823419885
2.59493465636
4.16274499434
2.7274148869
4.87722401692
7.59666234825
2.66709276978
3.64254463033
3.21287234271
4.84585073216
3.96079746732
2.67440814035
1.61735693911
5.05153171591
3.68991640265
0.96204700983
4.65918998229
2.76429017839
8.59873820599
5.04384276527
5.88411786777
7.26859853766
4.39972166979
1.28533309601
4.63823608784
6.50074677636
6.86996363152
3.3286270051
7.94387073654
6.49341873031
4.00687622581
3.09892992504
4.32024317365
4.00687711023
6.04920891642
5.96537726958
4.38953495869
3.07400520592
6.27279959646
5.26644425592
7.07855227342
8.15912044522
3.98979587297
6.97884781354
6.53941765827
5.4064107427
2.03896260414
5.82239191079
2.82414769598
3.7237043564
7.62059089251
5.99417888518
5.90467191613
4.64309016373
4.08649778753
4.02134510687
7.49010953975
3.37085345423
5.22218417733
2.89314922644
4.63624309355
4.92818514968
7.53388690262
0.359866367888
4.77643480178
7.27042066804
4.95992841126
4.31354864585
4.22914267392
6.73759652835
4.96642504534
5.93711315271
4.20370683197
4.81433677936
5.03475285531
3.94562657845
6.06712832332
1.97972524115
9.37884897991
5.51047080727
5.8106521235
4.46249333926
3.5989459609
3.25988533427
5.80923736145
5.22976158079
3.22834606402
5.26420575508
6.83209274167
6.97570582139
3.36838403455
6.41876574044
7.25922644358
0.448385092529
5.51918624054
5.52965661188
3.68577445045
6.26932355131
2.27268188844
3.5927517009
5.80505296105
3.57526024512
2.11127655807
1.84110856825
5.41264668424
4.4928601293
8.95415220699
2.50870812478
8.06062268183
6.26797979036
0.135999363314
6.67537449093
4.78545379591
6.38303275087
6.20687333554
6.34824107554
5.02263491221
3.0673720415
3.95396251688
6.56031418694
5.29479995372
8.79591197679
7.15021326009
1.66079068389
7.4645337956
2.24832682767
7.66340877693
6.33368376405
6.30291206699
2.48145796328
6.52249106418
5.35326888543
1.67183373944
4.14168095294
5.24906254739
4.08699148125
1.47440641138
5.68661060049
1.01886792623
7.48586720206
6.88147138279
5.98896934753
4.33817650118
4.36050602002
5.35907867007
9.01791589146
8.64269511955
1.57550074863
7.90374521071
7.43372092071
2.44648520663
5.26740155463
7.54126708799
9.15214589647
0.940549399004
2.40057654165
4.71440008419
3.60786979983
5.04432281349
3.56979515336
7.12602044204
5.8657124138
2.07545779923
6.53120354382
4.39881752592
4.25241961163
1.61824298896
2.23304481856
3.86378016296
5.37925051477
1.79070010516
4.38663325468
8.51237877325
3.45948469283
6.95533317896
3.11226358295
6.59785274012
5.55204782214
4.50955263041
2.25013012835
7.08057467652
4.12753825388
4.2626655741
8.29118701493
9.42310225863
4.40107024955
3.38308808963
6.09999736582
9.33781143325
3.99101928412
3.53294577576
6.36016005199
6.55323104135
3.02609633062
3.75331759953
7.89569945536
7.06955076663
7.96038670716
4.68588375312
6.43269081062
4.87272969935
4.4385494306
5.76761916841
1.87670925029
7.8104482873
1.12578219237
7.45972436154
7.52458336509
1.58042019287
6.33885331271
6.71258879968
10.6198334888
8.43572570335
1.42259314384
6.20564091077
6.08368701569
9.34333466541
6.78582130137
1.35937177995
5.91863941208
6.1433499207
6.32204460129
6.20737219339
9.45582956173
4.61018597632
6.31445889152
-0.370704876379
4.98152411415
6.05071172418
5.66305518045
4.69698230692
3.95539189104
3.76597851816
5.95582489069
8.30485721082
4.10862048402
9.02772579466
7.0751977054
6.7966551989
5.10409630736
3.61866934902
6.87967661219
10.9587980181
3.38644620708
5.4346327922
4.83154342014
4.05298601483
5.39221233284
5.83524428431
4.39287568562
6.20471608174
4.94072528928
6.02106846482
7.0715028894
5.86888993963
4.3040792624
1.84768177404
5.90329934776
6.70649958243
8.15214967992
7.09770533587
7.02698056508
7.68024575315
-1.29551158039
6.70488625113
6.34446998846
3.77404867281
7.55989848154
6.8187114363
8.86313133788
3.04476417155
1.11383647726
4.65734606247
5.24604256929
4.80918736773
6.9308143006
4.19885777235
3.76358822362
5.80832130841
5.09744275027
2.01635129688
4.43736653223
4.40962978457
4.43986540995
6.1608616337
4.72604908487
5.83256882999
5.31399862723
6.97740571016
5.71798964789
6.89732854781
7.11826544433
2.26430112064
4.18607681312
6.39467871001
7.10327913989
3.65840906409
5.01261318493
5.90421469312
4.72036512539
2.57384318478
2.52638066988
2.03849767913
1.6448589013
8.29176880052
7.06993207799
7.55629231658
5.92474094131
3.42038721623
12.1842858936
7.59608394318
5.76731985971
2.44210094005
3.08887365894
4.2174569033
1.25719256632
5.90376203378
10.4897679915
5.26119577558
3.79001344154
4.60829773862
6.38655365185
9.17232112647
1.47701806264
7.11642781381
2.57897250735
4.77532495184
4.32763344225
6.49689123648
3.80669935261
4.15862046662
8.54880174229
7.36507631582
1.59726979979
5.48960388624
1.74587927413
5.40675062842
4.7775467961
5.28812442884
7.36021590217
4.98194446257
3.47656770888
7.67454241558
3.92883647299
4.61086394275
5.029536269
5.84513517478
6.01524821495
4.8701371443
2.63664550255
6.71238808664
7.51669141413
6.96656872777
9.46146603293
7.4740919377
9.61275340202
5.85001369113
2.72104434023
2.25681995895
4.74815170035
4.46488553896
7.60403905226
4.66318563158
4.99891558963
2.01423929499
3.50397977495
7.40995136732
6.3609209537
3.12422255047
7.93943931197
6.09838418643
4.44406156297
5.48952680932
5.00821852991
4.20545397882
7.08440892122
4.15517174643
5.33678069581
3.76905667646
4.90177994725
4.9050458863
4.22645663308
2.16285613236
4.34698873927
2.95462046723
7.39433468222
6.43003059796
0.791533018148
1.6049596604
3.99279330663
4.53880059289
-0.0386367217848
5.84708936113
6.9397067832
4.40675114413
8.00200958809
5.97711256688
8.41440368413
7.44818487358
3.98603314175
2.72529715714
6.37605986301
7.0230885154
8.19792982954
4.35323544235
2.65207278036
3.79662541458
0.659567209239
5.52037003715
5.75958608301
5.12340500322
4.63084831907
3.46840149145
4.574053041
3.30006316053
4.8127849061
2.78001404309
7.409182666
8.52324703372
4.93229560608
2.86463952639
2.0418775977
3.17393421409
5.50111625465
3.09526381894
2.28116146847
1.01230991252
6.40127876247
5.95041074106
4.45539059561
3.7708292706
4.51050876779
7.28033521206
7.94454929475
6.2032697405
7.80451923328
1.82023474943
3.38827301089
4.00382556712
2.74412428787
3.77342569204
0.979929424019
5.15041844952
3.10298569584
7.33574992176
2.95522608333
9.79537023195
6.1548941726
3.84773748068
0.786529365976
2.61306874084
4.95457944648
5.41648745082
4.07703244807
3.95437373801
3.06373612827
3.39366133154
4.20032518589
4.22840597514
4.623630463
2.06644301372
5.82648042086
7.14292651948
