4.54319887003
8.26928900369
8.97638906256
6.7925789255
1.88452113117
7.54914456954
3.19312619879
3.87913461979
6.5903775155
7.23284228476
5.25956178339
6.38882287344
6.57956679916
9.96437681193
4.25328620066
6.17497487849
4.19745791365
3.27519338941
2.93604513433
3.95827965772
6.31468321863
3.3610568908
5.20378467639
1.01713369203
8.45480998242
7.64400643511
4.87441572466
8.39339485443
7.71961149147
8.48820365833
3.52866387931
8.58792816806
4.69950609682
6.79421464292
5.13032516408
8.03726008495
5.45909007866
4.33258554499
1.28825566252
9.52114011795
3.51496710227
8.7419192927
6.82770503552
7.88540299522
6.89164594968
3.12497797797
3.3393494359
5.23886549184
6.22723874543
1.37270603736
7.03769446388
6.11902912934
3.05326250853
7.32195163191
3.0107396367
3.21824659057
4.63710013798
3.92699513954
0.340960530549
2.3391818115
1.37665669129
3.40407074138
5.31295778924
6.37810472767
5.22178663861
3.32882557614
3.8091343331
2.84434968005
3.80571472277
2.09953952001
4.12974343897
4.15078905722
4.7065086774
3.08837417804
6.67066065291
7.63833478417
4.78869385807
3.89024545925
4.2127238233
2.6635015639
5.02050381381
4.39200956769
2.0941704246
4.89867010569
6.63065312434
6.23339994624
4.5095800769
3.92680117814
7.86578285216
3.5601066429
5.28474355525
2.64315758767
9.55690783578
5.44596148973
6.28419107194
3.50266348127
4.46125418849
8.69876402099
2.74316875769
7.24199427415
6.10498663757
7.25524225388
3.3321552045
1.71627924568
3.1664005552
4.76371386716
3.05655223268
6.41113875965
1.38712620726
3.80732556338
6.45044944211
3.82868179019
6.18054340033
2.56719136122
3.56747278265
2.2134623826
0.559552092077
2.70420388236
4.37447501042
4.06229359414
6.35466149963
5.06890719935
7.25629194598
4.88879635953
3.97934559557
2.14410618303
1.93117761301
4.26264716061
5.76536254371
2.55636608515
6.50629151417
7.73369568621
4.31647880515
1.28954718936
8.31046927262
6.18321162466
3.86860199437
8.56999814115
6.68349742331
5.11999448843
7.38926145635
6.26006350191
6.10307767312
5.26889373496
3.93791066119
5.71866278543
6.26287321699
4.34836201953
7.67076688747
2.09367920465
5.35301139858
2.66482744772
2.88686981059
5.98853483426
5.76039615553
4.34675297582
5.75338001912
3.76670777348
2.5117854855
4.67349509482
3.46741388847
7.5677454153
7.37597276525
4.66012267043
5.84523833034
5.66921996812
8.58955783668
5.35784667784
5.55899519278
7.43858255301
3.71779856521
8.94658612789
3.52181647395
5.02270815111
6.03832767223
4.8331697607
4.06551997406
6.03104262577
4.34124125363
4.11364308707
8.85312593225
7.60362150644
6.93630736582
6.29906718279
6.52636516146
0.382085444652
5.16296024508
5.26947832554
5.44563635587
1.67296400668
6.08517620751
6.660056795
4.62878207996
2.89048653424
5.02821979786
3.58791886135
8.56082084371
4.746603557
6.41862273272
6.07061127554
3.62999659951
5.84492926668
5.29378774741
4.81058438722
6.18232164092
3.43136094573
1.45045113111
6.5331819196
3.69875315224
7.95674392236
3.77425368163
6.31832208677
4.16194632665
4.86436533841
4.07179607283
8.51364457985
3.70569723127
5.96658689675
6.41992412074
6.18608038327
8.1593414901
3.84574893338
3.07235731154
2.3418579897
2.35787996135
5.05337505251
5.43962862326
4.52539583621
4.0789133287
3.52034575967
1.81209475193
3.85607483906
5.1178942385
7.0149640647
5.74288466356
3.16817256317
6.39387335564
1.88265687422
3.91156297803
9.93991456074
3.20909210436
2.9935605622
6.41450829696
5.09209711429
5.17022928187
4.77666730116
8.24799906558
5.76980998808
5.00488488313
6.9216846956
6.67825394187
5.36162525161
5.35790995779
5.49384780854
1.04817720936
4.69356294311
7.09517259394
1.13260113863
4.36912837575
3.06468137275
8.48460947007
1.89358765096
4.18258767014
2.8226204488
2.72245314615
3.46263276512
5.63046038227
5.88294690888
3.92361843297
8.99602287625
3.03049459209
5.91597687651
4.76874390953
6.19307365765
3.74524662193
8.54068069259
6.74907303285
6.86506574384
5.26938138806
5.54286183745
6.00638798795
5.90767186806
7.87579058153
6.11217273294
2.02136502321
5.02189586998
4.91282879745
5.09375107937
8.60156901866
6.39686628127
4.37593670046
3.93682993171
4.12811911691
7.9942624799
6.86942091104
5.09702441346
6.41823499599
5.47085511831
1.59811253823
4.0522401258
6.65749871793
5.2697352405
1.18694983093
4.83847609863
5.51663546132
5.58489612568
4.9299452449
1.07335092446
6.52253026999
1.95240603819
2.82071457499
7.8916709071
5.77857857446
5.43892832201
3.62913538314
2.66750261314
8.34108699344
6.16440700128
4.63641779142
2.88764286688
6.69817817834
3.74636156759
0.672188702183
2.03394895763
2.33689631647
3.21309463145
3.62620399492
3.6131908176
3.99622998912
4.57496492269
4.34813848018
3.57009070537
6.79038385577
3.92789755344
9.63892870448
5.09316505606
7.38885054214
10.7188476931
3.69637180541
5.35373193127
3.95477989551
5.74159209495
1.96586924718
3.12451871861
2.85820149206
5.20574396379
4.24295392957
6.19999510338
5.73210750344
5.89300845057
7.4858973585
6.13999150639
6.6205473341
3.66441139816
4.10122074733
3.95802975396
3.56152836026
5.50011066139
6.29262488643
4.43723670027
4.40255884704
3.65495890281
5.61008087706
5.53328480494
6.63348130556
-0.0803206246846
4.46260298083
3.55696718966
2.24594189829
5.91246207894
7.04172377153
4.18976404878
0.892049400438
3.22012338922
7.35471884972
3.10492386354
6.49584984983
6.9811515669
7.69758385391
6.03128297145
5.62279948473
6.56792454061
6.07078305541
6.15569071221
9.57792284227
4.83950793638
4.03631939096
5.35815860099
6.10713712335
5.36985231044
4.83048915123
7.03858156597
5.36969643268
4.00536901397
6.16999276697
3.51073585721
7.25579084158
6.62118631881
7.58440027816
3.78754980825
4.19848181614
1.54549165086
2.82293623183
4.65922762421
5.01477115514
5.69053487149
4.06833930338
6.41218138348
4.2986021679
6.10392706876
4.14215972592
3.52335943076
2.54742978214
2.61287620833
6.8060762366
4.67122953869
5.83861480615
6.29640912087
3.73053090786
5.31140755262
4.30141663099
2.41715316789
3.17022387961
3.8959390254
5.98033586882
3.4746803875
6.07090234685
6.35903552564
1.73282667908
5.94746860079
4.26617912416
5.4850788857
7.07668991571
6.28696173348
3.06423045251
8.58243626651
7.58649148834
5.74117340245
1.18905779075
2.4001619454
5.14129456573
5.54117226211
7.30790165183
1.82201286858
5.64761653651
3.69407667606
0.425979801648
4.2576981861
5.22347087534
3.939388151
2.6180246881
4.84126021994
3.21313061169
2.78463649782
2.73021182795
5.52204475673
3.13109366981
4.22301313604
6.27352132685
5.0606574178
9.25896436804
3.84275443938
2.23136178731
4.01110478632
9.61608824141
5.13144710194
6.59316189876
7.03951396006
3.52881306974
4.15763156138
5.11748338943
4.31090373131
7.03924381095
7.10996187259
5.8158627462
4.13295818208
8.76189303613
8.18255034133
1.26191886912
4.02081555517
5.14467270472
4.19850029917
8.26490282196
2.58637363727
6.42132542823
4.94440362226
8.30941554567
-0.329182016954
4.86250188325
2.77633840174
3.82640597815
9.74691566675
7.72036935853
3.79766413267
6.32338450727
3.18758462467
3.07461950044
5.22299352252
6.65959613354
6.17288360829
7.90707776345
5.3454995801
2.35439712929
2.90320499048
1.61478172803
6.16299067883
4.12635859145
4.94870326191
6.7573600413
5.74464253177
5.22530181585
8.69926792139
2.50413299978
5.23685022045
1.57348005816
5.17294751493
4.00962131908
5.81377997622
6.24840999125
3.42205050437
5.11518087053
7.65219466307
4.77205171993
4.39230434515
6.77590871445
1.89856502497
6.36429264009
5.43642473407
2.20703869818
4.16402147637
10.2167183168
4.29729672909
-1.22273156788
8.60509848703
4.45545895615
6.22730448187
5.68823564028
6.05518646036
7.60799060086
7.61523076914
8.51404096982
3.32207970088
7.70923069223
5.1770131787
7.43268885298
2.01088448672
6.04255960153
5.75441687605
6.21666110772
0.467173323062
5.94867221737
4.15400762563
5.91563402327
4.36984330636
5.09766142467
5.46625508824
6.32196704099
1.01831758299
4.40313667574
5.91724937519
3.64605661588
2.91378092622
4.64483206177
7.92294525586
2.9656952061
6.83930347591
6.31513951111
5.66136825699
4.41396942782
4.44231449476
2.46415477187
7.73348010975
4.94128139694
4.80659130817
2.4320694959
4.74717365867
7.49842606802
4.82633320846
1.75804887812
5.03796028449
3.215215446
7.20595287707
5.36686463473
4.61953178594
3.87533570177
3.04075441882
9.32388535906
5.28197248068
5.56274197368
6.77922933545
3.13444139944
5.57874031961
4.39264640536
1.70317431061
7.25885237144
6.11293955283
3.55437567018
2.73286763683
2.57227822548
0.89873752212
6.07301443288
5.86841266305
3.9981264397
0.825138758981
5.72618588684
7.0349262952
3.78256796419
5.25762851538
3.32788095983
3.04301219541
6.03021100539
6.74869089501
8.04977091827
0.695748916397
4.79849078546
2.29799854789
5.9818289119
3.08115626586
3.05303431561
6.50883725509
3.57328298278
3.88318274341
6.76739658974
6.60340014468
6.64748644553
5.20148759664
4.52020086341
7.57807652021
1.33532547085
3.97037595495
4.53340073117
5.16365970809
4.24971043977
7.59616608535
9.53848935176
3.66600569847
3.27572257968
3.81163156016
4.98852810041
5.14213968703
5.80454324222
7.93412622845
4.26877276016
2.47454665015
4.6668457391
3.53349316711
5.98804970981
2.90651473749
1.18283635362
4.34881443717
2.69428013583
6.19234553388
2.65568609634
6.46590331887
4.41391564256
4.70487656706
2.91248353033
7.0931083756
1.89410749179
6.80595138102
4.80164000136
5.98067999165
6.9295272376
4.32392277701
6.37145863453
3.97382199327
3.7044353882
2.65540988218
8.21498238052
6.88740833035
2.10022586807
5.19708108529
8.52467279702
3.33807024086
6.38884444123
2.24081819417
4.88373821659
4.56553251499
1.5945747745
5.20818631901
2.43118117127
4.66482197371
6.22189280828
6.59331383795
4.68814909321
1.30878710579
7.2065456724
4.6840969254
7.60974934649
5.3823686684
1.82056714298
6.49721025765
2.17453012128
2.61227959243
5.55426431154
4.12946429575
3.06238436997
4.17401609177
4.49563097163
2.57629227142
7.58847844597
5.83240203059
7.35122514272
6.24854408395
3.79324655095
3.61509771032
8.7097516885
6.13165578713
4.16656699023
5.31920401957
2.63049773573
4.30589155634
6.10287437837
7.06088978612
3.86350455624
4.49383011035
4.53644916018
5.09957950594
5.04814775679
4.77221993834
6.67337341331
2.17529339722
2.83333125234
4.29670837479
9.20948045309
5.82811264918
2.86367648495
4.02308661685
1.7603045994
6.1127440931
5.7194815391
5.0563276851
4.74957144168
4.28108985722
5.1273377493
3.55686001935
3.85189656221
5.77579059702
6.98816406432
8.37283948423
7.07480080123
4.08781527955
8.59457429678
7.81707077557
6.73199492709
2.7156961567
9.35052890848
5.19416093186
1.42367658838
7.86197520561
4.4560846424
2.65681791602
7.00835274895
2.46821104013
3.56197876126
5.95955015582
4.81107227161
4.05446305569
2.83586486344
8.01994091033
3.56548465034
4.2623562312
4.55308555336
3.36449062459
5.3929036317
4.70209508799
3.68834271314
2.62253423041
8.73608805512
5.68141553676
3.67503801687
4.09582536689
6.87878679659
6.06603854128
2.47427902309
3.51829774706
9.51588024686
8.84228628292
7.7070367121
5.45142605376
8.3096238457
4.33599236827
4.98323416223
6.99787010056
7.93269101351
3.7119214062
2.30836281733
7.24503307414
5.90116332872
2.74807214551
5.1185283691
6.61157114725
3.60614885211
6.28203203706
3.28554054315
8.23492716124
4.00453000128
8.24694477387
5.03773909722
3.52121891219
4.54852666896
7.95925095074
4.70295535908
5.17699107909
8.65771078078
5.87078044433
4.83796979722
2.2051194226
7.03576501148
2.29260733
3.55868997927
5.91794450014
4.80403738044
4.38945219583
3.85880924566
7.04332925942
2.59206794403
7.89636054714
2.83612146052
7.98427671893
4.43766552462
6.08162474454
2.63830188008
5.96017006637
4.95265816923
4.12007675687
0.554697947212
6.77697142397
4.15658693674
3.16122979189
7.0018838863
5.15289313208
5.85132717488
5.18988678869
8.39923279165
7.58444978611
4.81803104393
3.74756766531
5.90117872878
7.52010159686
1.77087793124
5.93297762468
2.50256652275
6.52432940526
6.38685312111
2.65411649602
4.74609141303
6.36310108509
6.84318293212
3.25668478536
3.17921454765
7.2055254574
5.77759646937
7.58537711904
6.1444769201
4.40491914227
6.08260237444
5.48147154819
5.18734363767
6.85974535718
5.77617772212
3.6228288205
6.49653860528
2.78540789941
5.72285170266
9.63461219244
3.41725129612
9.57026137925
2.37492507064
3.03855448931
11.4817651522
1.33958254613
4.31947020783
4.15315586463
10.0138104904
7.44416592954
5.12191754555
5.59953786593
3.53663451951
4.60166084601
5.85017841842
6.13218995671
5.20397914931
5.7326841217
4.11348959791
7.40079789285
3.20503630581
5.37572541135
6.00314886326
7.7601315311
6.54994187693
2.93314071763
5.09329487501
1.7780678013
3.50980160054
4.60739855047
5.41014173365
4.83511309495
1.95491420129
8.24329335352
2.61266973484
6.66621451318
5.93447098188
3.24018644112
5.89338618139
7.39789220169
3.64223839485
7.44760162115
2.76181125375
4.71815337216
5.67302140279
5.32495134711
7.16149881209
3.03721234687
7.30373863793
4.82713984003
6.74831022874
6.06315418773
4.88916569429
7.03953034532
6.5421857229
7.68840822329
5.87522332564
9.01114704457
4.94535627612
6.55222384464
8.06605616209
5.92755225851
6.53442799422
3.59253688994
2.98963001015
6.46542515528
2.67888835431
2.72462553928
2.77924297826
6.54221122227
7.79823641249
6.58783437873
2.44921341857
4.28051128127
8.39059953815
5.03483867591
4.83616197905
5.00705116253
5.82303166238
5.55255814943
4.40514378503
3.90960298096
8.42243303919
4.08299685745
6.65185177637
5.36598933879
6.56761884541
6.20866101108
3.01181084786
4.92338161721
5.24885822793
4.04641384965
5.86218368211
5.60423790421
4.27311112805
5.23179528761
5.09644540832
3.06081964392
4.12712436957
5.88704075034
4.78294477842
5.71686219288
4.734611557
4.27162762801
5.49115783474
4.24994756915
3.3009090646
-0.373065417078
5.24947835339
2.88452161143
9.64243075581
5.94365003696
2.30844687581
6.85585713655
1.96002497813
5.49088637456
5.14673477659
4.00111477327
3.19896961584
3.94992840687
4.37048849574
6.64501530758
6.26912721512
4.39159445383
5.74974685722
4.38338596764
7.66671113585
1.14143374145
5.65510112818
4.65164439166
4.99091249814
6.46382711183
7.26283016436
2.66350513694
