6.36996984958
2.33194614485
7.3135386722
5.34736486267
5.02844960463
5.29935611852
5.76856221292
4.81805375685
4.0412940094
8.26835635458
2.46544753819
5.19006515541
5.50941029222
7.59428343968
5.73849940356
5.63436283875
7.0977767486
6.05158496001
4.61733044899
6.79649864468
5.86665415278
5.17391750826
5.64058129349
6.26481896528
4.45773435139
4.6261611821
3.31700650379
5.58968827076
4.25874021941
8.3871937329
5.19099183189
5.21756818248
5.26468492642
6.49637481856
6.49269911446
9.25914418464
4.86558914361
5.43658850762
3.50226758858
6.70653556032
5.74636290296
2.08035065933
4.80047631287
5.99235907899
9.92460661233
7.85409753814
2.36020696487
4.79542171681
7.41139500617
3.27211813574
5.43388536058
7.60828871907
1.72967921495
4.63483940232
4.60749857067
4.56497727967
1.73180203282
7.46079782727
6.07411714336
6.57812049485
5.65235876084
3.96768129186
5.5558068882
4.32649204938
4.8278468403
10.3532923799
6.93046820428
5.78296498915
5.25479863852
5.75473279556
7.88227101159
7.01326996614
1.93167656452
1.82498822558
6.51391824143
8.98468221911
1.94089733178
7.75054765451
8.37798722089
9.11237878792
7.35781971497
4.64131493007
7.45948974599
2.73144540288
2.61865542999
4.53167480958
5.96402598049
4.08163930974
5.30732880282
4.99713661017
6.24660972833
7.28908787648
4.72586684156
1.73238836631
4.75051694203
4.62406085745
8.97632388861
6.23302473535
4.94392491196
7.96761478087
5.92531748903
2.08123884727
6.89216522382
2.01626236973
4.07874681159
4.94871738209
4.6088150785
4.0042677791
7.25586623845
4.99071885462
3.10068565724
3.42854374723
6.73922508903
6.03148800008
6.99111967079
4.66500410279
4.27578858875
2.10360234001
2.17199329464
6.16778040525
4.71520540758
3.25219377762
3.76228029844
7.57127819546
3.64847692667
2.4285602979
1.82668252804
3.10518235105
5.65104658539
5.1705501109
4.51426121062
9.10688896122
2.62118652728
4.57925684171
3.61915132044
3.44520067317
4.84990928901
4.61632339173
5.23585539837
6.36552341334
5.79160649858
5.5552221169
7.28447550499
6.47808960523
0.928497531211
1.82737862343
5.24377991392
5.91703125618
4.78686158877
8.80399035974
9.58580012586
6.24021905967
5.9461447019
4.34201131818
2.20716337337
6.91348546116
7.4272844441
1.87983291485
6.31937502428
4.41830663086
5.14170156254
5.66329174799
4.45023841005
3.46533559414
6.54477733145
5.37660890187
3.22771859002
5.93935297481
3.03411449029
4.53806380777
-1.26358023259
6.18297069405
6.53502770193
6.39624563792
2.93209675375
4.81991587725
7.30709322763
6.31431992017
4.9710352041
1.73850309449
3.34399341127
2.26170563071
4.56814751668
6.10775900223
9.88094694337
8.20403046966
3.99759677404
5.90527000683
3.53430318889
3.02605130002
4.80629659524
1.49113313478
5.23962882922
2.49893426466
4.60937893638
3.96360777334
8.31974843996
7.38109453929
3.32334055111
3.08105059755
4.38727362272
7.44844692778
5.18788389725
3.42149316362
5.72098900468
3.71991903344
3.36571506755
3.66927633091
6.70195465476
3.93423340241
5.19739933488
4.29082618761
9.25091472657
7.26680413631
5.58571652374
5.11868011306
6.01398383296
9.19472462608
1.56440984483
3.78980945367
8.09497800177
6.06103346233
1.55080130621
3.89697264635
2.76809950244
5.18513227484
3.78784850155
4.93452275486
4.02452527849
3.79931442228
5.05575490252
3.99269777381
3.5847603418
3.40495046292
5.84997751441
0.877632315819
2.1052282135
4.04434676537
5.15782112202
7.67922460573
3.71524204472
6.34316075052
4.26067656357
5.03830439704
6.52217654225
2.99973036727
2.94936221368
5.25362785237
5.97386213617
3.26346826884
3.73223089501
4.42670603713
2.11661245779
3.2792258366
8.47162381512
4.59700385315
5.67011386717
8.01674586133
6.23635111817
7.78680058754
1.85928847969
4.55453677971
2.58450783901
4.1249819184
5.19395978434
6.48017482071
3.27439220741
6.51739652546
4.40984621638
6.70828352098
7.52404853774
0.527626239751
4.54517536332
6.57285697795
4.6852129553
4.45804174033
5.57438048456
5.30075574138
6.04423050297
7.14461710259
4.14797138194
7.63869570895
5.02350299119
9.41623345616
1.25819191392
2.49721039042
4.97405705607
7.14146269045
4.06851097259
7.61143287092
9.2018250876
5.23775621783
3.31826473285
8.21200195357
7.8882287388
6.14072206413
2.43523967188
1.48006953279
5.94941167498
2.28349410838
5.76243541375
6.38459299914
4.44985930509
4.33633747223
7.33774618284
0.0386451164132
2.07571231525
6.02562163273
6.17752448028
3.08772818711
5.16308465869
3.96352256802
4.33233414295
11.1355603714
1.62171125889
2.38780254205
5.40408615
2.82917249549
6.47407557066
7.66478713073
8.20044915842
4.04198150372
1.76105937995
3.70257275615
1.39151443723
-0.00484469507339
7.27421491138
4.76025898245
1.78774686445
2.10440082543
6.39300684517
4.11755852371
5.52222450037
4.9173579864
4.00998216561
8.35528635018
7.33425992188
6.87871892909
3.79659704687
0.880216812353
3.02203460631
4.43508467252
6.25188379789
4.1737715854
7.65339694475
5.77484219671
6.53581577949
6.27534632842
3.91746784967
4.31982573936
1.48976941454
3.87423475349
2.42358692024
4.51829799922
5.10661043092
4.09128862712
5.76699767777
6.14866174645
4.62076629558
4.4258336127
6.76689634825
0.451246581256
3.41152369254
6.40223447348
7.32639106279
5.24842818719
1.41021539403
5.62917473109
2.64197191328
2.95720397318
1.82082965406
8.12262068283
9.85091064041
5.23317312585
5.79528019337
1.82086223954
7.68542868434
7.07321424355
8.31473896878
6.11572019291
3.89357793879
2.73032891406
7.75202459508
2.1134501851
3.43759571246
7.75433256294
3.20055632798
3.09795733085
5.91372712581
4.91963401428
3.04443214275
6.45543012098
2.34397110697
6.26233970868
3.66854284933
2.7788246305
5.74382697834
7.35115578574
7.52186068837
5.93931876202
6.27150266641
6.29445467088
6.79985327847
6.57286538569
7.42234803921
4.83075452717
6.48242050559
4.96357549811
3.10172262966
4.70775220471
6.48867292874
3.34251266835
7.10249614891
8.093214022
8.13814307336
-0.614188704636
6.29289260678
7.68387415092
6.24847354447
2.83285747535
7.79657760988
8.10256937741
6.04433826948
0.374528140371
5.17837581861
3.94230233538
2.38508376301
3.50846287864
5.79924774334
3.11708810448
4.24308016731
3.09287878344
3.58965012417
3.20374736455
6.39765703659
6.88773189008
4.38645028673
8.99058697625
3.67404729254
6.19857215421
6.93542319512
6.80735393637
3.40789889206
5.78388763319
6.5367787364
7.68720997405
8.88913695815
5.61391957572
2.99000578275
1.7209372203
6.22424902958
4.57559705693
4.55708350471
4.67380982797
5.42911168324
3.90149120342
2.61023179559
6.92935930357
7.1698941682
4.95459127371
2.03331161748
3.81888775716
7.44847804582
3.60786733897
4.73822973918
3.62480994841
6.17265820382
6.14318857073
2.37978013166
2.27393223174
-0.635778849499
6.29546223166
5.89360225981
7.43660522883
0.703398292601
2.81848822767
6.88555193798
3.85872946262
2.81881454487
5.27667266819
6.65333624154
4.72494886975
3.82167241385
5.68906514947
5.83884075589
0.379373225377
8.63663596041
8.66829247813
9.1891199793
8.00663957302
6.33877479389
4.83318504307
2.61464338656
2.89938983254
5.75717579186
4.40406133606
4.13884927549
5.34161255205
5.0010115278
8.50780484367
3.23930704951
5.8573470395
3.78396547799
2.5433257702
5.32388910129
1.68896635616
4.80073201557
9.37238088224
3.2473845956
1.38485079846
5.43616459893
5.24396823965
5.63538780509
1.45582027368
4.22287251583
-0.649185454166
2.62239367464
6.75185241461
4.00689781123
5.72120521327
5.89061484338
6.90046966838
4.03243885316
2.27079953369
8.67120616105
6.76457455758
5.29241838247
6.12857961444
3.90546111297
3.77217555512
3.6730802944
6.21451200921
3.22756389291
9.19786114277
3.4696116227
7.04599260532
2.30225584662
2.5211167704
3.93018425156
3.81913726209
7.38087521967
4.05094325226
5.28991674909
6.50046901013
6.40523276169
5.60230080014
4.76319175149
5.54496685611
5.03580307
4.88284099179
6.39529335833
3.94280140621
3.2094839011
4.86190665897
5.4673759844
1.34905750236
5.12890437057
7.80298952709
3.69548281937
8.67621307389
9.22704519033
3.43400993496
6.92232915468
9.04274684003
6.41232442948
7.00366741827
3.42939742793
4.95485884583
3.14168119437
4.75197892925
5.11630192433
6.8407172835
9.27315443208
3.73449146262
3.59347567897
4.73414592267
2.96788335692
5.83942786727
3.34696734459
6.56781831913
2.24825282938
6.97110563361
2.42499866249
1.37682959202
6.7774258058
3.44191354851
3.45191983847
5.65988632075
5.22887681397
3.21675978588
5.19868849283
6.01343962833
1.87465374875
6.42483651321
5.41721280468
5.86229839937
5.00009218316
6.65055973532
4.27001023821
6.29130467802
2.35728140729
5.68675809568
5.57372446049
5.18770679995
4.73282774998
7.02463963737
5.94790837568
7.373270976
5.82755565876
6.81211944043
3.52175421154
8.21613590437
7.57780480711
7.31712407859
3.1686474826
8.23484691372
8.67949893736
7.96105303294
4.76494543445
4.66037140397
5.23862572957
5.85164471636
5.99255284718
3.36768135273
6.00866088088
6.05262077416
5.51377074052
3.29944991961
7.68835424564
6.01183646028
3.24053133357
9.80856344795
5.0436058711
3.94079221965
2.67096757573
8.69276778714
3.33864208136
-1.1075763569
3.58592613743
5.29844938948
6.6476436831
2.52513483075
2.47941508704
5.65061465056
1.65564085049
4.54061001834
2.91127919331
2.42616236631
3.73637464314
0.958147943366
4.85758581761
1.7341432944
5.08722469557
7.28724772323
3.2557454021
6.45369865835
1.13150164924
1.09197172327
4.31438885692
3.25087057331
5.81890060808
8.4202548951
3.35034305823
7.97819163423
2.74853886017
3.88471907734
7.38309779823
7.29964555836
0.966383228021
6.59044854438
7.29078417075
4.37036465356
3.13058586969
8.24033800875
7.15216990819
6.10379458069
5.15664303461
3.75171991671
8.78556401958
0.535420724408
4.49558124508
6.79642531009
0.198749220688
1.73541253276
3.88314833616
4.96188201927
6.43448083002
3.54196529389
4.99686149766
2.78265448421
4.28336361968
5.25971347424
4.72612951623
2.88673527701
7.6046077504
5.48541463303
-0.218104432322
6.80615637238
5.79175789324
4.7444488558
7.0765476196
5.01069829356
4.50561095728
4.16617851835
4.85311486921
4.44626593614
2.10518970539
3.04385661624
2.66203323854
6.52938169992
7.3177485773
8.97816775863
3.04959542471
1.91614093534
4.9359391584
6.9029810003
2.72207118448
3.96985058552
2.28571081877
3.73851413313
8.6860232135
3.3638782843
3.89493735507
6.08823658137
6.31870503971
6.99005843948
5.42574301504
3.52981983574
4.97353971825
3.15545357854
6.80530285143
5.52429432625
2.82890704336
3.93507340391
5.40372661371
7.0232342379
4.46980316338
4.36815557292
8.47445951753
4.00310164914
4.02007052617
2.58898207542
2.81744838153
7.72601151362
1.82252605529
3.78952290969
3.25170683681
4.99387798028
3.65229369185
0.219810764677
3.29115962127
3.95486871704
4.87725855458
4.39341184029
8.44864633103
2.48511474119
6.4715691648
4.33662181975
8.90675283107
6.99336118225
3.39658784456
2.09617178788
6.3209917915
3.04837339739
6.65466593132
2.30013017214
5.50557127582
5.02102031881
2.47802221089
5.65744440044
4.64336094001
2.98411804735
4.22264408115
9.1801817118
4.79051904883
1.61177985465
4.74407225264
2.4762516893
2.64866869251
5.47221214084
5.63632911142
4.42124932769
6.54249421589
5.0346201988
6.2034889871
3.43800118238
4.94774434563
7.18484482371
7.58275661023
3.13777892309
4.76823250241
5.3445615574
7.86031818331
4.21463993479
4.86981332794
4.11724509465
5.49101733634
4.47920612107
5.60585060561
10.6030400778
3.72185333942
4.33693606412
7.01374202505
4.4949640845
5.56539742931
2.50616525086
6.70806861965
4.94633242199
6.20934623007
7.1158846386
2.60532588834
6.1791349979
7.98524435786
7.06081676236
4.4114888776
0.223912288587
6.17199296142
3.5633509178
6.6877503319
3.86850753712
2.38940188573
4.46049358327
5.91752626145
2.94162600137
8.84810675135
4.55248524475
4.80290806862
7.33578935231
4.42029862293
4.39045702819
1.55281823088
2.34870459045
4.93619187331
6.06301237298
5.92694877004
5.70919026525
3.4532087083
3.74336868645
9.27122555692
4.97236261679
2.91494124355
6.10721986422
5.49311418033
7.13204078319
2.41557798614
3.84156906162
7.29494795385
5.35307485463
-0.668762189436
9.62975303749
3.21333642042
7.3522334864
6.78445557777
-0.751748460971
4.04749103895
5.16267340843
2.39263901108
6.26216241836
8.97675357022
1.20489840946
4.3039544877
-0.181008580975
4.03470077255
6.20124950639
6.58673481048
3.92472923574
6.05537586397
5.19927191197
6.01540172149
10.0774860665
3.53211167483
2.85057480818
4.84457494599
2.41449549359
5.08938649669
2.93326874767
4.24361707402
6.3337033353
3.53448384283
8.20549050335
3.90547588379
8.26244957837
4.9481989462
5.60346723955
7.3809016023
2.99977895399
8.78532777102
1.89158979385
3.52456645187
4.15595369685
2.22635223489
5.90627152989
2.6625236734
2.94043087405
5.52140603851
4.92864649913
4.95105265718
6.15052974759
1.99965400798
5.05858808984
9.6273888298
6.473178906
5.15376578533
5.5788198626
6.64919782557
5.90724515011
6.19560533009
5.11295848188
5.78206068971
7.90400311083
4.07993840626
1.93581076007
3.62399472535
6.82658528215
5.97302719144
5.47652418322
4.79027567713
5.27461015901
4.28690180049
4.19600073856
3.01916158833
7.04638547975
6.79207713263
6.25319877546
3.93020558894
1.59833200137
5.95712774834
5.26760668586
6.76978871581
5.17502172429
6.42898911287
7.85499070323
3.48845239649
8.55036160405
6.60276488311
3.04617509277
3.30135249141
7.32579113561
4.52974243178
5.40645565662
6.16290782524
5.02415769233
5.73139491618
4.35411752028
-0.175820856987
6.98980930385
7.52329928573
2.72488385466
1.27340559602
5.94703157713
8.13169301679
4.71144810243
2.35756157441
6.41267360427
4.18592435185
1.77746058983
3.78980115321
5.3278208687
6.99114141269
5.72643940298
6.01365162365
6.05659141216
4.71798280922
6.00600585889
4.04421618753
3.12837226621
8.22292478323
5.29095549685
1.48274634674
6.97912392979
4.75075676471
3.70829936342
5.03207972561
8.45503635103
8.04602446916
6.71495408108
3.23982062298
5.44731338402
5.70802290405
5.51225432094
5.3345914405
2.84147240259
0.484972047244
8.15728318168
5.91880996541
6.3828562941
2.16159989538
4.58824877577
2.92377584364
4.11552249057
5.10586987405
7.23420089637
5.12158336576
6.81628000414
5.67824928634
5.49386688558
5.73479907715
7.77164965874
2.58304935642
1.71844835276
