4.58828704979
5.31441695982
8.36548047776
4.41270921327
5.33219301682
4.1895638272
8.01224173984
3.87321801142
3.34907083339
7.93071850198
5.17930113295
3.85521975791
-0.477686236287
5.30481731938
5.02643150688
3.19972100932
4.9004505206
5.16425326359
6.98331100471
5.91663748044
2.49650554086
0.950888267411
3.97781037008
8.94753941303
6.43440844621
4.90505029968
6.50110106678
3.38676432642
2.73898414253
2.16049001738
5.40939236305
5.26557086909
8.26440119765
3.41319993565
6.67733848198
7.41430667102
2.57047979174
7.13652201032
5.87591138255
5.02285232849
2.71295320666
8.37959968541
5.79441753693
6.40577070181
4.95560786915
4.95736650087
4.43128750223
7.10571784352
5.59968759623
3.9172135441
8.44075582699
4.74113425561
6.48132059606
5.52356507453
4.67945319021
5.21629985913
8.52303769973
5.73175854057
3.39234643848
3.27652664636
4.20986108707
5.07625020296
6.61991673353
2.50159187596
4.7009218864
3.34923200928
7.04233359027
3.83244904927
1.24805989445
4.86346063411
4.50121117739
4.3909374339
3.09822750248
1.72276466004
2.56475229697
0.895631349477
2.60715259663
5.38782065915
7.00306956829
6.66791944374
6.45312988709
2.78452102481
7.58873744702
6.72261258473
6.26779350159
4.14474042365
2.6559970602
3.33509450415
3.45208635198
1.53034997261
8.51017291232
5.8538577469
5.49055655841
5.31231378332
0.19672767231
4.29290574124
5.30287623998
4.31303383066
3.31148353259
4.20801631671
9.69551382177
4.16880942748
6.12782257258
9.38754917214
5.53855641328
9.08621250373
2.367146507
1.26644726802
3.97184638496
3.720081606
5.40767240265
8.70942058431
8.94886800593
6.07556675277
1.32518407449
4.43138297309
6.01278791005
7.86957984011
5.49688658583
6.29456083774
2.87399417976
6.13877984288
3.04222059384
8.20690930702
6.9588797209
5.45977274435
7.09462556414
8.07838489188
6.83238040238
8.01300661207
9.15668232734
2.74194953468
3.35257909606
3.48666175624
4.27923665012
2.99713621769
5.81827203811
6.69334506373
6.20381822051
7.78153942344
5.84589281289
4.88681408345
3.34398249232
6.85692236141
5.80250345091
6.88594937306
5.35869621954
5.8207411454
3.61336757585
1.5544558204
5.59622527564
5.13776455534
2.73957523761
6.533459976
7.56450818343
6.92063825213
5.82986914673
4.73545060178
1.84080013912
3.51799822101
6.73509660657
4.14732906488
2.02121701157
7.83383367619
4.35083507428
7.68194567757
6.81059629689
4.18910126509
3.77927148678
6.05457298293
5.79355405569
6.34156884356
3.86408193645
6.20555991941
2.03556109229
6.89262625398
8.82001883055
5.86215818642
3.68677113199
1.53870112126
3.84128358548
4.45869503251
3.59116281792
5.62222628051
0.83010213521
4.99771340755
6.83042937153
5.90257737053
2.22284761775
3.04485285498
4.70153858987
2.44253286671
4.26299283741
7.92518724382
3.77693933428
3.42571155211
3.31508683006
3.43525135631
4.90991208982
8.7884081825
3.60361356465
3.84090502986
2.80665835715
4.08027089084
7.27735760584
2.89753430429
3.43470465979
8.74555350378
5.23093112947
2.8433084565
5.7792271813
8.01241006893
8.15222222533
3.36087033004
6.70415942102
5.94295009654
3.22196209557
7.74703358598
4.86336955585
3.63448884327
1.95979832941
3.47911120628
1.99021073159
5.75915526989
4.04922607265
7.03611747928
4.07592070157
4.74280214188
5.63312315277
3.47964261569
4.00892567721
2.11861383135
4.12281846164
7.10094586461
4.34028455219
4.33689746226
5.5960377416
4.91334694733
3.22826260191
5.1767526015
3.32780948684
6.48413835023
3.16251284541
3.74929176302
6.53976508092
2.85455271919
4.76123204998
4.7823469549
3.91011541782
5.63104674734
3.33044701902
2.66364857856
5.65544717807
3.62767984878
3.56492429828
5.9471890885
4.97374664826
3.69069202465
4.41546729466
5.93897597098
5.61195358547
6.67180561936
3.98934916842
6.1983459562
2.10407160889
2.93204333479
4.34643999906
5.10024314171
3.61103026239
6.52953817842
1.91953279305
3.16698847513
4.63498046355
6.18399404859
4.40776784277
3.52517505144
5.59408969553
6.24192270626
7.75628199183
4.76890695903
6.1340255024
6.80745837903
4.26282158379
4.90326813694
4.90804244548
4.73843019929
4.18307139661
2.24778510729
4.45813209309
1.23219607936
4.33774165369
6.21131692557
10.007990012
7.13074531097
5.76425413236
8.54955646357
3.30744900725
7.80217957894
6.5504722891
8.93622822518
3.39294873066
4.62005342828
4.79654947391
5.15750966716
6.10235416905
4.59699340501
2.88338833498
5.10821052528
3.62245007573
3.18557212407
3.7219787342
3.30150051247
2.02174082774
5.94863607695
6.01377649637
1.58365419537
6.04774143527
3.00578146266
4.58450599248
3.46452723686
5.39708933558
7.60983477712
4.11502859617
4.81463372081
4.84747830374
7.17011494522
4.08874772628
7.20037002184
5.59204006044
4.4813122307
7.83271975127
3.77585896346
6.53062848282
6.78175438575
3.39238332942
8.85729282371
2.6063014176
4.4808909786
5.94308960266
4.54488749087
3.51422599906
1.98409633931
5.75286172681
5.66709594707
3.25239403168
7.09040770192
6.62073102671
5.84758263912
6.82336845825
1.78201240199
4.18799435195
5.00419953361
7.09012714594
3.36187852055
6.21804562459
3.68139234087
3.17552678171
1.60402818258
7.2635199131
5.57977193232
1.25680925154
4.0644800549
2.21825334613
5.55647776772
6.33454264955
5.85871038869
5.76387414446
6.03089111023
2.96963056994
4.24176831191
2.89476515017
5.89797956961
8.37872551718
5.55053495095
7.38775050474
6.48195529009
2.54650903584
5.11760508814
4.67608210512
6.83004737701
7.21024530201
4.39492191986
9.3274820734
6.52569685762
5.58793689714
4.431170281
4.36277385938
6.70925045861
7.86449957163
5.2773192227
4.27614682532
3.53279825467
5.56276951575
3.16645121048
7.70661582995
6.52053506857
3.30052670364
6.40815535243
5.11097929085
6.26489048006
7.98905943153
7.95439914377
1.31966490861
7.98701044777
2.1524112237
6.97204701414
6.36575197107
7.7581917613
6.01625508629
3.39717439438
2.04145165686
5.67950776072
10.1642593438
2.73714258369
7.2592001288
6.18139828535
4.42664767629
7.12864251374
6.22775597417
10.5923654556
7.53635365295
5.09839777665
5.66934045275
8.1632069398
5.6904842075
4.38060480488
6.48794651058
2.29626358437
6.59058957361
2.36730082733
5.43753798962
5.59020067706
1.74329952426
7.72744137962
7.58569450454
8.09961849988
5.04175379172
4.22815997601
-0.0371859251677
7.4297828282
3.21214235326
3.49331666954
10.0865321982
8.35109605783
6.03813723169
5.86416138924
7.52702669234
3.69194441304
3.5644829831
3.4391672573
3.56946954001
4.65577145663
6.92831841773
6.81408525968
2.05194147606
3.14445678586
4.57216965527
6.51210682126
6.51779076798
4.48020388045
6.14861077729
5.41135109906
4.95970611864
4.87208151079
4.17956992251
3.94373994657
3.25031336061
4.11675026257
7.86048635934
7.60149130034
4.22931078993
5.49765152812
6.47988332847
8.13182717648
4.23644344046
4.05137764507
6.9290154047
4.3452856901
7.66726840894
7.46848630512
4.74437793022
5.24183005461
3.53427233125
3.18074905145
3.69461928578
3.51260174428
6.76839017229
4.50357541515
7.26899210716
-0.200955812586
5.09485529675
5.59908919552
4.62857109453
9.27911021677
5.02728729142
8.30138312139
7.80600475142
7.14383191323
3.57391307879
7.05150258978
8.34402756048
6.20640222984
4.64160812522
5.05950535245
1.64560412478
8.05851090586
3.77881956668
4.57024379451
4.64763257139
5.40340320889
0.633372975064
7.72141275668
7.88706687523
8.34708531412
6.25590480248
5.17840445254
1.72801609469
5.88186020717
5.04871648338
5.32786413789
5.49858223378
6.10912213065
3.53511402089
4.15554966509
2.44457571219
2.31047659284
4.40955619827
6.95672241822
0.827949080232
4.82786193441
5.77064075796
5.19944285417
5.07419948143
3.47817310152
10.072012907
3.85603235871
4.97247438106
7.01521161694
4.40129450024
1.30094989733
7.33323209492
6.37503179131
6.54722735166
2.03721698144
8.63357109709
9.25236398965
9.36755612791
8.23456504019
6.64037380574
7.28006378898
2.68814546759
4.31947076324
4.4862136775
3.17577696946
7.42168419923
7.96754034543
2.56028520396
4.72918492203
4.97197227887
4.30409691859
7.19540773377
3.96059317712
6.88697211936
7.05817050708
4.24524624437
0.702729471397
2.34824110185
1.12404593292
5.77173946992
5.72330736041
6.32757275745
4.99648610395
3.28673496456
6.64038683282
5.52334179563
5.69093950096
4.98613193278
7.44942972936
4.09655162198
2.74145393337
6.37413122622
2.31811687407
3.5252387815
4.75431411827
3.48175641004
6.33258225556
6.12535859158
3.73093861512
7.24205692742
6.12209637512
5.95631567809
1.32226323583
0.517988545689
4.31343413544
1.13906294356
4.61395038493
6.13531150641
7.00998172363
4.57037254935
2.49889206782
0.977956383629
5.97207920756
6.75957742619
6.81898535582
7.59091334511
5.94544781843
4.26669575348
5.63129922708
5.23146002095
4.81274281233
5.75992861117
3.71765927654
5.74550415353
0.917871264661
3.14848773316
3.22013252778
4.48008480607
7.8033389085
9.10905770475
4.62295090312
9.38832656323
4.36327340393
6.38780911802
5.62677979121
2.66272143271
3.65559380072
5.27948130174
7.02826336485
4.203939756
7.01992379487
6.92767254684
7.5263982979
7.26094023186
5.73172318919
3.21851913286
3.62977190625
4.92776200258
7.47884927687
3.9296359638
6.53610148476
2.99359036724
0.917159252289
2.5653457689
6.10789149516
7.3862496623
6.3039482
6.29442776147
3.09213458871
5.47911072359
7.72126893923
7.89919020174
4.8696658808
9.80831574342
2.9955658405
5.65666093784
5.01030591235
4.97537583758
3.66233496298
7.05352754891
5.09405553428
3.90713871984
7.53792475943
6.26501238793
6.12759982066
4.58227116431
1.82668221155
5.81897960602
2.83226533697
2.20654580627
5.82241356869
4.30659012804
6.79864796336
6.74878367474
3.28508684291
1.88060088469
5.38637239772
2.97994737064
4.52382193895
2.33386278038
5.52302929218
6.43124370248
4.17179997674
5.60329453978
6.1583468185
2.28788410388
6.18178310464
4.99937471656
6.69176364664
4.9341726012
6.11880732015
8.6593016204
5.38985519032
6.11594098096
4.00859045697
6.27146065501
4.64505639445
3.16673740045
4.85406496592
6.91350348693
5.29291059989
7.37127323617
4.75330109573
6.50882394968
5.45584880725
7.08590996047
8.34184593156
5.59536076387
2.36340251415
3.43482195935
7.73650498234
5.33516370544
3.87958307446
4.75335291833
7.84103560433
5.26129646757
4.65599375517
5.01021378464
6.86103377304
0.939948266544
8.62994224118
5.69320341222
4.52369552454
6.36232302823
5.2812391016
2.69071661989
1.21284247971
5.70993762955
7.93625523106
6.07213972395
3.16138905722
7.54196231113
4.18187230926
5.09585232069
3.9687252774
7.15005362358
5.85676624904
6.09468887247
4.89470454029
3.33814938518
7.76194949227
6.72978522804
6.26855943116
0.956913718095
6.37898809099
-0.738100257765
4.83138734768
9.6975710453
6.8614134832
2.66835596625
3.13011092765
5.57273737803
7.73650366107
0.808440130085
2.42730969031
1.78652309434
4.93227413291
6.70403704007
4.14579947838
5.32826509802
6.30935792892
4.73215435278
1.69019023008
1.16705432219
3.91476385908
4.38436487408
5.86632830448
2.85435962505
4.26160510544
8.09696892327
6.64471854525
7.847788099
6.89594399531
6.7775263218
6.140457394
4.70450373233
6.05670001028
2.77123336092
2.66984033704
5.83678626169
3.62124945676
3.89595425979
6.45856922713
4.7734951225
2.17075365277
3.86548161485
6.0410497745
8.6886891689
6.33570096697
5.65982199977
2.75161649477
6.51557430325
7.18526282733
8.14184940804
4.40934733104
3.38887618157
7.75977642529
3.83691702292
3.16530361192
6.98163358066
4.93225492333
6.57952366013
4.33612012156
3.58383982291
4.39673102765
3.70453962821
8.71418868041
4.28685819168
4.77574477872
2.60898521156
2.52146495833
2.5991886357
4.03729360142
4.30592347893
6.35792673504
3.00198658386
2.13617200904
6.93657809367
3.88041698948
3.78981226717
4.86758491487
4.24863795698
7.08031957668
7.0434351448
4.55428089927
5.69350405159
3.14013595938
3.08884305608
5.82228405147
5.04744989702
4.81635620597
4.03619350057
5.17540315241
3.01105517255
10.7591180976
6.73046402725
1.57630170601
6.50932852738
2.54982768976
4.42321837689
3.04083534624
5.29428174047
5.80246440495
5.90778335763
6.02414665312
3.42867446411
5.32963501395
5.72126964214
7.45786683095
5.20765008973
5.39573463556
5.58661294869
7.11702314377
5.65928097821
5.67314337462
4.7265449146
6.9399037167
5.87425869333
5.62321433454
4.57630512022
1.46402422094
4.96110468294
4.16650432235
5.98765018658
4.95656865345
6.33598168929
6.35644210298
5.37822449896
0.677816450917
2.98432716212
-1.66854889836
2.34316497423
7.03261925898
6.40708879882
4.47595173006
5.01005821695
4.75109722582
8.69497488756
6.22828267898
4.84057002354
5.78692528507
5.50532565138
5.60071048724
4.01142513844
4.64380023576
6.22133828845
7.09857474259
3.97064032848
6.7020128962
3.24856721321
7.5523609193
4.52294498452
6.40828938111
4.33120457278
2.44456880142
6.67041667723
3.04847960407
7.22548376242
3.45671261753
2.24952127083
6.40996639667
5.77069140172
6.9645992658
6.78774378125
3.70186461639
4.60881817614
3.91820187116
3.72269398293
6.48330291567
6.87946935571
4.74707539521
5.27684055476
6.22115647713
3.99448698235
2.60586196455
5.17727915493
4.62951019437
5.3543427078
4.05862011159
4.14770983976
4.86895435514
2.6565500986
4.52289043882
2.08862259655
3.15668122114
6.3609114053
2.92985607745
8.74864155008
3.23145760788
1.71478671728
4.94824946859
8.29875198018
4.65525201153
3.63750923093
2.95852518648
4.88772840389
6.36316669589
4.59115188532
7.4173254145
2.79379571858
4.8388750084
8.07990997857
7.06277160904
5.99791202899
4.41113867652
4.39242941451
4.81488625612
7.59198067509
10.5909738107
3.91720443107
4.02590359248
2.11893621241
6.1890418968
5.79570498552
6.73926748991
5.42066225108
6.33145105414
3.49026964772
2.46809480784
10.6681623379
4.65380893407
5.63983139276
2.12684552684
5.96782661948
7.81850370735
4.55153593297
7.51190450699
6.3202188782
2.55387465282
7.7755719292
5.99067343016
3.80766454994
6.98375314969
2.9943996698
5.35593779993
4.09717412188
5.71259279008
3.71644943348
2.93394527432
3.36648033734
5.83632292157
4.52510545099
7.28260808088
8.52328596126
5.23522488068
5.63462087179
3.7348056749
8.98002320852
6.12781108054
2.49301799308
3.44245341879
9.44320229471
2.97761052298
2.67704040206
4.07888468619
5.67051604935
6.19597995317
5.85628617258
3.51260902045
2.37251046881
6.93771713007
