4.96095144864
7.2655099989
7.23577313448
2.76496215778
5.81397350169
9.01265018062
5.43257961777
8.29836809883
4.93019065552
5.69374913439
3.45789866641
7.82883163356
6.09349337807
2.78094656396
7.29640875745
2.88648074298
3.63329585906
2.99092878705
6.54080283707
4.12107067173
5.94943272364
6.01523588405
2.055991307
7.63546732074
2.12127338669
2.34283225671
5.56139084401
5.1944861265
7.36091891092
6.31435541275
6.31557622763
3.30765560987
5.04257055869
5.69740774438
5.52609866063
3.33450362271
7.71879770435
5.65199302803
4.74582454839
8.08187259144
5.63534252069
4.5017323246
2.90791356727
4.42382476311
3.53493612737
5.99504342255
6.51463433536
4.4190757387
2.36387771349
4.64711273772
5.32365105626
4.82489448167
1.12985160013
3.88719369016
3.23780591937
4.81445133747
3.69204020867
6.19371375609
4.18387585399
3.51690120827
4.36474997036
4.62325694176
4.12837660329
6.27266572357
1.78738574082
2.91572509986
6.73280287735
2.81136995667
3.47508017936
2.07841250306
4.48947218726
6.58660100729
3.07547347005
6.12506498017
5.4840009008
1.83285083814
5.57164697212
1.44985045534
0.925379155045
1.10481325804
2.90895833013
3.7685341961
3.46774564822
6.47124743087
4.31413605983
2.40770339524
5.24442975183
11.083843948
3.22203302653
1.03385810494
5.42768465844
3.16604431424
4.76913750592
5.5789630122
6.54294521686
3.8083304124
2.76416457844
5.31492018054
4.65268110644
2.65114918271
3.5151910676
4.46559333104
3.06847844032
6.7263721716
3.42996367798
4.1066952468
8.09947890196
3.76111557346
3.24441170412
8.90903418153
7.16009707588
5.92457205254
3.04686741196
9.09879207749
3.41348284519
7.16059376918
0.192892938738
3.65540105514
5.11384967416
5.10063186487
1.66364763405
3.89310649616
1.12391551294
6.39558493636
4.9699924324
6.39603776237
6.12758491872
5.61565125033
3.66631445173
2.78830696684
4.98878789182
3.81818445509
6.36868247863
1.90372780927
4.26381909707
6.42405361237
6.94483974957
3.57712426756
4.25087206936
5.38252345402
6.30569276554
6.44292194209
5.66128252476
6.61640841527
7.74995829036
8.23509920592
4.12086715217
5.48597857907
5.15755963224
4.77713052138
4.4416249045
2.05961774656
3.66208390164
4.67436200197
3.31598544694
4.83936790308
3.2019398103
4.80775233373
3.91014080706
4.1436661667
6.53924703662
7.30908055439
2.84807079544
3.61724590154
4.91289689466
3.10530849017
2.86273449173
5.15289672613
6.40174676565
7.0000212347
6.27318130495
2.63357051694
6.72691213391
6.73819650624
1.6394931539
2.45061478718
4.01530791806
5.02603871547
3.07538032702
1.85902877829
4.33987293709
2.65255410004
3.53089238042
1.63426490465
6.35822892669
3.38910375414
3.87183097354
6.85582639081
6.35714272287
6.51878496285
6.05081970668
7.71419052463
7.05147383883
4.59359432629
4.86805659626
7.86942020253
7.04064349026
4.19886617782
5.87484658807
4.06789203229
6.45135473267
6.51144137484
7.4430849391
3.56310589478
9.56677744542
6.97624096661
3.93937030314
8.15514341881
6.1788565515
2.14648879665
4.14902304259
5.62173674093
5.45428659038
4.91481282102
6.89215807175
2.82320788014
7.6769879949
5.50481396277
2.29932250145
2.59220716857
7.29436600975
2.15137214055
3.04031987855
5.15860758572
1.18810315632
3.44121857658
5.13816499493
4.17267966853
6.28195013655
6.70246068028
3.44517470754
5.81496259186
7.79366063203
4.82900951287
3.12371256928
7.27740652206
0.0766172804658
5.82227526131
4.03553052085
6.36140463679
5.24336575545
1.89425743473
3.68658125315
5.25318400226
5.44678723814
1.28295660989
3.77230745511
2.73219523572
6.20893216179
2.67101729961
5.16661741047
5.93415049162
7.95777353272
6.84040382127
5.11045903762
6.04220807931
1.41027382453
1.82590523995
4.22759315392
7.17539895404
6.4373788656
4.77880062463
2.73009560217
3.62998348051
2.68749406601
1.95709130547
2.23520341733
6.43293311419
3.04577267586
2.90541716315
3.1906782522
2.10152011433
4.48283228906
4.67186440225
3.45160719764
6.79473542102
2.93776718427
5.46089191089
7.04352938251
5.20418166649
3.25997209341
7.90628786194
7.15005093956
2.14458342953
3.29093815712
1.50662037138
9.37892927698
3.17893817617
4.62490066092
8.11284725689
4.36159979435
6.0369375281
4.71551530438
3.27605883652
5.86814106092
8.74575135624
5.12811655214
9.10107722195
10.4452781807
2.4570516839
4.15577748962
0.619832278318
6.05341447003
3.70200597391
7.65326987149
3.72631209447
2.91438910722
3.60996648764
3.11804533106
4.27057495365
1.00372686241
7.37648682155
2.67738826655
3.54811011073
4.93115425367
4.89192245305
4.68368391174
0.529253205465
3.93545015315
6.29990271853
3.95811249937
5.09704600412
7.72499998194
-0.0486635358279
9.43742540646
7.76139462011
6.29835241805
1.80334994265
6.0403675757
4.9963165657
2.8756346853
7.55530529406
4.22196865139
8.07217422416
6.20871591958
6.32671919991
4.91392643051
4.3288912595
0.492842376825
3.27694424544
2.71836325644
3.50312706568
5.24939435934
5.75383863051
6.40640155474
4.60355561404
3.27900415039
5.94848637006
1.84092869418
3.80643189345
5.84634792678
2.97432338387
5.61685454679
5.41964758572
0.437513874215
4.58555731709
7.97020835584
4.6544887559
6.0965310048
2.63909767512
5.80120965202
3.81430731716
7.32152457061
6.57245630515
3.67746251351
4.27007943625
5.47778901254
5.88807575144
5.69109078262
5.1052361449
4.86385608411
5.57197192099
1.55766334453
3.81304282151
5.90101775268
8.19302654802
4.46537410056
2.99138572455
7.38244109337
1.49211026455
7.60865963576
6.16242524252
6.83366043596
6.52219815416
2.99906596062
4.09105484423
5.91955838561
5.30687621679
6.27490742404
4.32509476805
4.74338551277
4.02866409795
5.81855754024
5.00973144185
7.14532655741
2.8985791994
1.04687004546
6.83433907633
6.08567349967
4.24916500745
3.90692346472
3.37189589474
3.32841848276
8.07615995542
3.90603823766
7.95974037957
3.52663056861
5.20833427962
3.7588079255
6.60989739786
6.30586385337
3.67163398418
5.14918581633
7.61393514149
1.19953819054
5.80995358351
6.40703936384
5.18913854626
5.41058389001
0.0456290857389
1.68139344309
7.65673075775
5.99133757817
5.3363836375
4.25799403804
2.08599254075
6.742411086
4.47425025805
6.09111816739
3.05476671635
4.54712636724
2.50156438426
4.57684443415
5.10213610044
1.32741118793
-0.536983230621
8.03227716794
6.02029642995
6.43800607582
6.38827490669
4.38931698683
3.40303136591
7.14481437589
7.18307400674
6.35862786427
6.73580083199
4.64220733519
2.88236358098
6.20815729185
7.84421702763
4.97627025908
3.92232620179
4.43719469648
7.10571245273
3.93968373867
4.23699321156
4.03158728982
6.42720452022
7.20066975264
1.55668436423
6.11811090916
6.9958750951
5.51865499973
6.10788960476
4.90957052402
4.34786113122
7.23601795209
6.2428702825
3.43200126988
5.94766826488
2.86605385159
6.44918925988
6.91764928577
7.03790513312
3.34935288819
7.36431080203
5.7601559471
5.94456781437
2.9309013378
4.47666387964
3.90357927685
5.39248406394
4.19280533605
5.92081481359
3.99864076062
2.38495534795
4.30929994092
5.45981897302
2.39503140972
3.40096573483
7.78944112575
5.07943789512
7.62203338167
6.07406078096
9.3694401065
4.24719434901
5.09470128243
6.25793452362
5.8083648971
4.80526966533
4.33657406387
4.34368000404
3.93800902155
4.90560961571
7.16212230562
5.61911998107
6.42240363141
4.73431780503
5.23562010886
7.20174560222
3.65957864384
2.98147473433
5.69212452438
4.35237162673
3.11206851311
5.88927153789
6.49040482023
4.37733773414
8.61333469096
4.22740162789
5.72255740696
7.97896686485
7.40602660615
4.98459129033
8.44927417231
4.52097317061
0.884863853069
2.28680464299
1.44558428354
5.16289222942
2.03852571818
7.1256054012
7.42556092051
3.97096915598
4.74107543885
4.30040817391
8.5159258591
1.79092151067
5.30073982608
5.34242151253
3.80371751074
5.15037796793
6.6311849484
1.57121868899
6.96211561779
6.01627131364
4.9617423581
7.29253504532
7.52494687582
6.52223547738
7.68948505673
4.54617213981
6.82882244528
6.70109362811
3.67671621314
6.47858433549
4.63011865863
2.15944318978
5.72471198595
4.43590623186
1.97141628628
4.0734866467
5.4113260959
4.60677084359
5.82165896727
5.80990282251
9.52115369418
2.70331088158
5.74401447913
0.555467504309
4.52163664585
4.55834866947
4.0118491192
4.91004641492
3.34540200093
6.60516952024
4.96344574171
4.72086141986
4.95160183605
1.47284734652
5.57261096277
5.76707252083
5.99894602105
3.7377268922
5.05804469975
3.58784280665
7.97643566387
4.57365711792
0.910690037835
5.62397378627
4.41057247929
6.87336427519
3.04226479454
1.42874461257
3.42346752404
5.30660605727
4.5602711833
5.06311049589
2.02840945815
6.45836325241
7.52440445252
5.69547082535
2.58975732373
2.80031768088
4.33950746304
4.03693453771
7.71302561777
7.37124143703
4.06191121094
4.78310835935
5.65002911702
5.47615117186
2.96874081725
4.2367883349
5.31918376287
11.5288846472
4.73090245459
4.52147327343
7.08003749072
5.72958837431
4.53306071152
1.78616337703
7.11794768638
7.33426781756
6.35903639343
5.55918613984
5.28074679017
2.35689123444
-0.404232735746
7.72620863558
5.20624313902
6.9217576892
3.7834699715
6.42275421062
5.71105366405
4.56599123191
5.57814336661
5.92724441014
5.08598216394
5.84435787306
1.74780943645
5.59961967657
5.22087999232
4.48375560949
5.99140780154
5.79862611968
6.83070199935
1.79305742926
6.13808958625
6.17399379702
5.47261282209
2.00446006892
6.73528583246
5.76612496088
6.48910940844
6.03313218537
5.82434299083
6.28778048595
3.07018365695
8.78817664081
4.09326177357
3.70906556108
5.0498186022
0.43468755481
6.51222880728
4.18755606002
7.1333704647
4.63879172983
3.63346553243
5.02600862823
3.83694217203
4.48381914075
9.71417830636
4.55983246653
3.80856863686
4.83981091188
8.95223567511
2.53731122572
6.18947426614
1.95311773044
4.34213064027
8.66970786997
7.19780435631
5.66404075049
5.53278686967
1.90843097233
3.8786092237
3.75676250612
1.6618764746
7.97560636287
6.68828817559
4.55531889484
7.03682296369
5.32979726984
7.94064489257
5.09568716735
8.09890488188
4.00722023243
7.02055717826
3.49069744669
7.14964059551
2.01394054427
4.98446594598
5.21232196083
5.39593937701
7.40963199741
3.76160928859
5.44889779824
4.41679004723
3.27205990723
0.185963256221
3.68986025463
6.84142996377
5.84571096736
4.37598017391
7.65388379302
6.3870191021
3.80866080655
5.13970233001
3.62325216824
7.34204766488
4.81117304342
7.12123023202
6.73468895174
1.5709405796
5.59870388971
10.0006882842
6.9071682797
4.96499062209
4.23731295348
4.03528357996
4.7385450562
3.42823337662
6.7836750415
4.00289339885
6.33950826005
2.99414924636
3.83784221974
5.42030556014
5.76568417009
5.07471828175
5.60628537841
2.20198328137
9.28030109845
5.05768467508
7.47921305147
3.30207771336
3.03900170912
7.23158609109
4.69879787463
9.83244428858
4.22804473958
4.55354678106
-0.19656619042
7.93277242245
6.97144836312
3.27100204814
6.50117106602
4.8738561645
4.04369666611
6.44570417855
1.38544000034
2.91490387107
7.45731622934
2.81655387918
2.40399964073
7.13740774027
5.30595627769
6.3358704974
3.49161374791
3.87133328167
2.89716583893
5.50590343944
5.08630520246
4.39562458216
1.59787863028
-0.053636887636
0.936633480935
3.2638348154
5.54478619832
3.3537427704
5.27663172809
4.47532360861
4.08541673087
4.66747888726
5.47884275164
2.93549336162
7.62741763983
6.81446614372
5.47723723496
5.22348042691
7.4557958408
0.633013961588
5.66784187326
8.40453325216
3.50305967444
6.83730203319
3.3402819219
5.05700573868
5.12079476583
6.29470637061
4.51009905301
7.77349626817
3.14950691057
6.47244234992
3.69880844239
4.88596307189
3.16410727335
2.03321536054
2.70021466318
4.89081197019
4.39619391904
3.24476121563
3.09715232651
5.32231941467
4.98115737835
3.92937603853
1.18553757928
3.04694691377
1.98553471974
5.13709174616
5.19730834485
6.63044396831
3.644845067
8.19662178271
6.04058534035
5.07997854497
5.68821857807
5.97092719088
4.37691777846
3.11819977555
0.804655040457
3.96744660569
2.41407528454
4.98417549021
5.06815178473
7.10644506684
8.84871205633
2.94296740942
7.37886306265
5.0112444751
5.53643556505
8.5142773456
6.9673467943
7.13170122411
6.04546405066
4.15834730168
2.86354932068
6.60174193778
6.20791694687
7.10898924788
4.81436502735
5.6807718555
4.80210907457
3.30415451918
6.97202182319
5.53926642096
3.69422318821
6.73747865578
5.09938681061
5.38981457108
1.2623003684
6.55245307342
6.21154349554
7.87460514607
4.5838362904
7.84545407787
5.23213189164
8.47510774235
7.85685342391
6.81053019148
7.02792665294
6.61970031048
3.92263427348
5.87658739899
7.31968453833
9.62289500925
5.39862578818
6.10147176886
5.22433704393
9.73947078115
6.37546294163
7.15187263308
4.9701211252
3.94657824057
6.51062816676
2.32891571539
2.56023650538
5.0473175426
6.98460597873
4.62170100507
4.48944620705
4.91752059895
1.51790710234
2.85805517362
2.09866572912
5.79780510525
7.91642094527
6.64138737003
7.80427914154
6.3536387858
3.80400858438
6.62303517531
4.46286338802
-0.253941181083
4.64716103541
3.64497452076
4.88950938258
6.96561632593
4.35829885871
6.24223177351
3.61047018799
5.91850443846
2.52600693177
5.9040958196
4.83543089912
2.97110461172
4.3266745525
2.83978183409
4.25016068091
0.903932568838
5.69847639507
3.43734021329
3.1362423585
6.79838902749
1.11907127196
6.22939127561
5.5505201872
6.95992855862
5.71357640714
4.66074793415
5.85225702735
2.72850759464
0.674898425094
5.4642642887
1.62109760876
3.34555264394
4.96627192697
2.21961098387
6.15809594943
9.6225715587
4.23347295085
2.73810631882
3.44324317643
2.98735302823
4.40358585649
4.48483474701
3.30521563129
4.35782627102
5.05627871915
2.53335688657
5.55696296475
4.28204754383
7.13180952479
1.9047525954
4.12909575585
7.6170755349
6.56403405757
8.30435116998
4.8190058357
3.62876150296
5.80562623753
1.31181828956
3.82024743011
5.4248242553
3.72618745277
6.08325338568
3.69698502153
6.25431820482
6.768468092
4.35198808521
4.84619091968
6.71678959218
3.24702861007
5.28713027389
4.44663421161
9.77025024098
3.74789771609
7.48687751097
2.37202207848
7.24272675921
4.67760899152
8.7840620639
3.55543540145
7.26913733228
3.69833011729
5.65490480569
5.07946652115
4.88771034508
5.00337829268
3.92609318613
3.65414672003
4.40622096964
4.26486810306
2.54123471611
6.14122096495
4.89702490837
4.69670697367
3.78524213011
6.87751071001
