8.88608057177
7.60685413348
5.06358348296
4.04116925993
2.19973397795
5.94133436077
4.72005401999
1.99642063769
2.26364467325
4.19914047207
4.58845341446
5.33190904075
4.39357632811
5.3006990529
4.20771528426
6.61880650429
4.0821614986
7.16007118563
4.24484922257
5.34317449143
4.3322548739
3.30878246144
6.07114262602
6.63337630283
5.90242117685
7.06014095454
4.33900185484
5.1351800722
3.68925770259
5.76623571346
5.56983599703
2.75529180908
2.29656342479
5.76336163099
6.4272177528
4.4241090167
4.10650207624
3.96671002366
2.03862182899
8.55981951286
7.55413797016
6.57010579753
5.98580520581
2.81967579067
6.15838340888
7.96890819922
4.04653815365
1.99882225225
4.74464475039
6.23720542681
3.22780579589
6.2172428762
8.66905688369
5.93536538745
6.64731790762
5.55168418668
6.50251823989
-0.0607937706067
4.75243629318
8.61802412911
4.62093249456
3.23934936443
1.55681552049
2.31663821087
2.45133998061
5.40924430808
6.52265102324
7.20440548854
5.90573947774
6.05106898071
5.80015454636
4.05962713403
2.0167967068
3.92086445246
2.28704334228
6.77994576045
5.56289120587
3.01113426614
5.87007287861
6.13537652505
8.53922741426
6.6708747701
5.83240063857
4.62159310863
7.90785236301
2.4259553489
6.91493953719
4.75666347282
3.17063524234
4.53135004294
4.88051482341
3.03411139998
6.72055645164
0.418163968161
5.13304658317
7.04661334224
5.758731088
6.36367194028
4.10074527707
6.0283706834
0.25787560856
3.07103466846
5.75940647387
6.69791675358
5.17857622691
6.30639063962
5.36554438185
2.98168348709
6.0123797041
6.79609487162
6.68268485765
6.72368659202
2.39791552548
5.08859270974
2.11288200654
2.82358831449
3.96219789785
9.09885293075
4.58671993987
6.68919075653
4.32907418749
8.33096191038
3.17551869271
2.1404767574
1.31508585556
5.44109588299
5.48436981723
8.79623103044
9.62307818326
4.36926555959
3.39025203172
4.03509459015
5.03584606163
3.87461163973
4.54703249613
5.39409290442
4.02010208311
3.92369229215
2.21876247461
5.1249579075
5.55017925698
4.97166308474
10.3468757102
7.32292231029
8.36777350478
7.0791527662
5.39469265587
3.0287724659
5.07489540202
6.68276764863
3.02719624991
3.86964606079
6.82818741414
6.75873627091
2.66635686934
7.66587037026
4.05011601326
4.88479137211
1.45741811428
5.04091691735
0.42289201091
4.56204743925
3.02154345835
2.03272076941
7.30455783877
7.17634484756
5.98506410507
6.30770837207
6.94417758644
2.59838746247
7.44590754121
7.67088660698
6.7877071719
1.91843263129
3.93819823266
5.00028344121
3.66378086346
6.69859760243
6.83542682956
5.3278950184
4.98713249973
5.82523979102
1.87235178619
6.26937304755
3.15627480313
3.23945455651
5.27213727106
6.76363304433
3.30042136129
4.22695965543
5.51070165217
6.80168347556
7.2826686077
2.50295924681
7.22138787606
5.31888902397
6.49618743829
-0.211723163262
5.78776038388
7.42262857461
3.70507052108
5.73908735082
5.76704120227
3.46088115398
6.24231954458
5.07387774494
6.95125785805
5.42223461678
3.62948456029
3.49008724832
3.21942071611
0.782411024082
6.47486351859
5.07500560156
2.20186522968
6.56125529851
2.57688589355
7.18334267662
1.40664458359
6.3456826283
3.66827719387
5.79697061666
7.58310428063
5.13986823997
4.8325289158
2.13253494274
8.64334280133
6.29288209657
7.43786306367
3.15632426132
3.7339602121
3.36820908821
8.22450711591
2.31838927733
7.1459308998
4.59079012822
4.92557286103
4.59525922568
5.40986003398
5.42638021452
4.67419712207
7.11532149127
5.12265429119
1.93435735472
7.63003083188
2.35432780996
5.26361813738
3.97271022402
6.48757899983
4.83853231948
5.28935280847
5.78657348441
7.49862002942
5.52654695888
8.46037312332
7.38350223279
7.66367029728
5.65665704016
5.38284356987
6.24813199198
6.00449371032
6.853619192
7.19836730419
4.41690656531
5.16118891133
4.08253358657
3.52404211633
5.38270830063
5.12081555502
2.87601065229
5.44804314939
7.19493902178
2.23530314009
5.04735869116
4.09186726644
1.40779078846
6.76996291568
4.97981460998
5.55495679601
5.07706798749
4.85299030592
3.15507312105
7.66017389861
2.18158425969
4.26752787707
4.15082603801
6.01225772317
7.62254161495
3.32115866165
5.02860679659
7.95748077142
6.71222233906
4.75972082336
6.04041231473
4.48775863426
5.51586506999
2.0264854734
8.16310939158
3.86150330685
5.16889420614
6.86405964897
7.76539089084
5.39000402929
1.84695484219
3.73944054816
4.7104223628
7.23933262264
0.478213937775
5.78476137425
7.24850211171
5.19401439804
7.73889970293
2.69013781919
1.67046235548
3.94574582687
3.05555394043
0.637485833638
6.29437451525
6.25894745463
3.6588015169
5.50309579562
6.7675743241
6.39273768409
7.06739851551
3.93065580985
4.31307727095
3.75296135968
2.26362646322
3.50514964442
3.35291155034
5.624789459
4.91649352204
4.19860984149
6.98969924041
9.15104614191
3.65160728969
4.94262357426
5.49866292225
4.48800493037
4.82340078357
8.79073882557
4.81083843373
1.97960741261
2.90432948209
6.70361651035
9.10852511097
7.38319865956
4.84171497967
9.6395246805
3.71233595437
4.48350834131
6.42159654939
3.77205154909
6.73064900092
6.13587672078
4.79279082109
7.02562692017
5.77361451341
3.49039784395
5.21999341678
6.38557665471
7.13294998581
5.67794866946
6.39435404373
6.17435863554
8.26003528076
8.21786708971
6.7204649661
3.74466158299
5.62811416497
6.84120572809
4.59630531836
6.05544322032
4.89113413041
5.93263963836
5.77001146205
4.21210967632
3.1916452887
4.06948595097
3.3420403523
5.92127711487
7.9518315864
1.14102403783
5.68689835167
7.3228410585
7.20928618541
4.84959058943
7.63788274516
1.65949486571
4.96436544312
6.74410516482
4.90706906428
3.88431087749
7.16593636604
3.10778704319
3.41517805451
3.83804343667
4.7100728482
3.04442400659
6.21473433729
6.66959712919
4.04772459716
4.37836393858
4.77467120625
4.65826899648
4.87079045128
3.52298548517
4.64948043807
3.20298014953
4.10897621273
5.19677941469
2.17773532413
5.19514850402
4.18575865379
4.12275454358
5.60756419288
5.58289521358
7.08027191333
6.12862431183
5.58884105475
5.17310862038
5.57218454513
8.36440511036
6.47655963591
8.95601205578
6.36625948939
6.27267029226
-0.177307208331
4.88667991184
4.09261279693
5.50872715166
2.73544176625
9.20807586046
4.43920324683
1.49785151953
7.33213324442
7.34483046064
2.82287747086
5.27989970808
5.0960795421
4.2537109168
6.9049369935
4.94319640186
2.65528110927
3.80906173366
2.27239098558
6.13859849182
3.20658105435
1.55152345369
5.93670464762
5.06567093357
6.64558896785
5.71451427171
6.62725513988
3.90015902657
7.10567827785
9.39798689542
3.18841370805
2.23226455816
5.62445867494
6.0594640841
3.00963315061
2.35185521212
5.35723256424
4.80714291763
5.06389986112
2.00232935157
2.35268271982
7.91653594192
4.99918692771
8.43255132165
4.95021099018
4.18859925277
2.91531405282
3.20515973823
3.17277684471
4.92391483462
2.99125211582
4.1736392308
-0.993951194872
5.94448855078
4.06859571476
6.59699353403
1.23172780895
2.23581100009
4.40065320777
5.7599619162
5.18861944722
5.05790378026
4.17961723032
6.98575407397
3.00361513968
4.80000011938
5.99149772247
5.24127831854
6.96470641706
1.4701326297
4.06145858985
9.3811903164
3.41072589789
2.54903154652
5.90269159352
6.27010752047
3.50712277882
5.71889641768
7.14604039421
4.9770692841
3.92895193836
5.84513713305
7.18123858218
5.46235530748
6.63262079335
4.2260553624
9.21786768838
5.34272322444
0.382245953709
5.18439829146
5.98746852215
1.62343839125
5.99144667119
6.38138468071
2.62045077196
7.72396218194
7.86720264252
2.98136828471
4.34106543284
6.94055833939
3.30354104582
6.02898157491
2.74803042773
6.11824586469
9.03903647364
5.38661176875
8.3357360194
2.59816923667
5.12542136374
5.35661220756
6.4059211069
4.50021955915
5.27053825031
8.08265835932
3.4483651715
2.23706310184
8.89977433932
5.7075756416
3.74124469787
1.93988277223
7.14352753847
4.55795275132
6.24996468838
5.89428725715
4.20956477097
9.71064820334
7.53560990046
5.23023264659
4.81028095453
2.11091259373
5.76407288867
7.46885086821
5.13397375563
6.48437464637
4.83007151139
2.34775580338
5.71696129814
6.29236966969
6.50009694629
4.23668873444
4.69600651762
6.84868973053
6.94940335384
1.58855430684
8.47918159303
5.85040097575
5.33411432545
5.5912187238
5.17239435164
4.66483473733
4.89337458701
8.08229267552
6.02495701219
3.67052911381
2.35631645754
6.48074660383
6.61255491441
5.77225185399
4.62119435952
5.30985104701
2.71698661948
6.33371584573
7.40782489207
5.60685725272
2.88747435064
6.24721959438
4.75486354669
4.88569360568
2.02774418946
5.49412876433
1.9241809763
3.19020489446
3.19401798941
5.09997939149
7.29625052924
5.32686382186
7.02774472179
6.60152797416
4.57597129131
4.95186710147
3.44505550274
4.7299604668
7.13622862226
8.03745596518
5.98011432716
5.95209165921
2.81645099037
7.21080523935
4.63429054308
7.21789138879
3.66337421376
0.979843941021
4.84856660032
6.65990365218
4.71566659726
7.11750577154
8.76850632741
6.34106571809
7.37601666494
7.68932468702
2.79323294305
4.14806260996
3.87608675475
5.017389893
8.0765862786
7.80725319535
5.34757492285
4.1026650821
4.47335846383
4.47553058689
6.42947601253
8.01803193697
6.16227451525
6.94099795482
5.58564368853
3.42073902604
2.95081265043
5.63945849693
5.56018480054
5.68540539211
3.97120257443
4.45734653743
2.39789380985
5.82517419087
7.13274661857
4.3285640482
2.0866097015
3.31072214638
5.71572734068
3.3806188256
6.31003593323
6.33403980646
5.42497531984
2.76379412733
8.12431610534
2.23141903267
2.91243651648
7.14328258239
7.98600972472
3.17829303764
3.64170067621
3.58428477993
5.14138752343
3.86405613673
3.76644624181
6.18065902149
3.19591409477
4.728207262
0.367822438452
5.49172881403
6.69297567452
5.03905184152
6.32356522665
5.21416914684
0.605589589542
6.68899513468
5.92876183173
4.09679703821
6.62503483557
4.65901083027
5.27327025085
3.27436161044
2.36199306105
3.20660086176
4.63914217194
6.23334349212
6.11899454215
8.28548645246
2.86680542393
3.51688625218
8.03344541574
5.52305208035
7.69182138644
4.52798667454
5.72394133208
4.45683815366
3.80981545949
1.9624414858
4.97543346295
5.1073225585
5.73176756894
-0.418540974226
4.80706957058
4.31580124585
7.84467541702
3.71080792252
0.2185561991
7.05555219755
5.23768337646
5.81256797991
5.97654074864
3.35463377566
2.69517931087
5.20490967634
5.07433284741
1.78541352999
6.47104880084
3.51609711331
7.81309173591
0.865755919513
3.97511089711
3.28701592568
5.78904623186
4.8232162465
3.01692662112
8.56140071439
4.64595259348
2.31514201717
2.31226230376
6.85766521807
4.83938367775
4.82848487934
7.58317139883
2.53604178327
3.68495641478
4.39545918263
3.28628213975
5.30219924408
2.51831897056
6.75110565218
7.90893281044
7.64164004088
3.36819040184
3.37789221409
2.92893229055
6.44032593516
5.43673206772
4.88497000737
7.91005809753
5.78162369634
3.85203476948
4.06603311808
4.50032486038
2.73389946191
5.47443494821
3.92454107868
7.18342788641
9.92728225325
4.11114447144
8.42881249488
7.53810494895
0.981512730233
8.63939363108
4.81625636689
4.23385416047
5.35463141098
0.136191409153
4.28874068055
6.81543338614
4.50804956672
2.06558234085
5.86944658722
2.72271860935
8.27448222466
2.23766050858
5.95206114212
6.77175911767
5.67059992488
7.85655617702
3.34814017769
5.33982932228
8.01874683803
6.86072885825
5.78371397088
3.72493705984
2.15939437989
2.26506935733
6.09916864105
3.14364815872
3.2816686764
4.17982699244
5.82848700984
2.53053989167
5.05486204077
5.12119295333
6.97054339788
4.56874729075
1.81548119446
1.24748130552
4.48599571121
2.7708092111
8.53449341235
9.37754581658
6.06341240694
4.6083011862
5.52574923977
4.05505721217
4.55967717339
6.59410712205
4.87668862513
7.8744419986
5.69192179079
4.77065077647
3.58771224568
0.769547480034
4.80543064312
5.09180959224
4.6029361845
4.85706495765
6.48803431442
10.0970206755
4.38439119377
5.96166579995
2.92406693734
9.83567677856
4.42438479241
4.3368706214
8.22249825416
3.97380229966
5.55371112578
5.95661807368
7.47287321065
4.39377391196
8.15768101335
5.46317024015
4.97258631294
4.49665879786
6.3624655643
7.97503580575
3.8171538812
10.2108205083
4.24297250443
5.46132771199
4.20539729339
1.35197168703
2.00543143493
2.6718205558
5.78039386986
5.21823761879
4.87700387387
7.08856899079
3.88951481538
2.7889406587
7.06431513714
7.10152491606
4.25785888685
5.02523713328
5.5826007126
4.84082738229
6.43547271327
3.02648710709
4.72465859219
6.46141990468
5.70833800485
4.99938644582
1.87923791589
4.46501490314
4.99132020313
5.0649930398
3.33050722923
5.3897771006
3.66481794733
1.05790766878
7.35727165815
4.51194629171
0.997960137604
7.19675153017
5.00586242884
1.55873929395
1.45613299836
7.71731874545
5.95401089769
2.85740390633
8.79865040479
8.99676587127
9.04665699271
1.87162422833
3.40063752629
6.18906963147
5.72771109567
8.79427858708
7.91637109425
5.03655334021
3.22836361522
7.9047772929
6.51287800549
3.22655601338
4.89294745771
6.22525168655
9.08923353986
6.27349647429
6.09882256574
4.90917773654
1.93421341038
6.50610235531
4.55910159444
-0.511142202798
5.92218287227
1.71211909945
5.24931956606
5.11924747948
4.62266105659
3.50539803665
4.28753586968
5.63441137352
-1.53170401237
3.75539502624
6.58087286431
6.21330708843
6.38893896469
5.61000409194
5.4006123889
5.11791608796
8.83401256013
3.56463273589
7.63008547574
5.2609012812
7.31913739614
3.48141688383
7.83525604996
5.36783365637
2.26069289965
2.10710354189
5.46131227746
3.58503581109
5.48468969205
4.77470712336
2.10803151216
4.22217561766
3.89031171987
5.98992591948
2.20486520916
6.63820942156
2.08451577367
4.74641333519
4.90285351924
7.77099215514
6.60153842196
2.45905800383
4.64588879148
6.14601590721
4.46348057358
5.30222330561
8.25090466355
8.07908708959
6.78218968312
4.29386910987
7.65912289301
5.66668544906
3.71731375684
5.11263715364
1.74228841756
2.80708776808
-0.493982718715
5.10401678483
4.21912187938
-0.472479498757
7.88585886399
6.92721880539
5.62593222189
7.64298239625
6.43674535771
4.62096281785
5.16093726883
6.10490928838
5.26726995033
5.4099055391
1.82574499847
4.96723492063
6.17460776974
4.54308332272
8.87301281538
5.66498971429
4.33151601163
8.6862833858
4.23302828177
3.82437363021
7.6748256013
4.48824567712
3.82606021228
4.78980135258
2.50447067015
5.78441337593
