5.29738717042
5.72526194065
0.380912787877
7.4705994931
6.10414246595
1.62055352625
6.30180381315
3.89819113185
3.86321229319
4.37879707766
9.11758576788
2.22403081393
3.23945792382
5.45004688611
4.68686002728
4.10948893195
5.07615439841
8.63489402377
3.16522479574
3.61154819144
2.04495350378
6.38212838986
3.36424011823
4.07393923038
6.45272341286
4.86495479408
3.0042674401
4.68227949082
6.30501867354
2.58675418511
8.14372158057
3.17238667126
3.41496469348
7.89554365785
2.75515793731
3.1165039175
9.29920585332
6.78521094857
4.45417257296
3.18243989555
3.12918412176
1.18898368655
5.05728570996
5.03005328663
5.6716285948
7.44991461012
2.47170675563
5.87682299455
2.20274937807
5.52632637933
6.16318028507
7.31790850568
1.80396343235
8.4650179885
3.30770262271
6.68320467572
4.79722273485
6.72143720122
4.42681982641
3.99893745255
5.70379129553
6.73384955394
5.26751002678
5.22217341222
3.24979566906
3.71147441437
7.34627166573
5.80551322236
6.30027537939
3.89845546219
3.94069936673
4.78136855585
6.61470429692
4.36574360457
4.17416156277
3.56982248263
3.4167260052
3.67098923382
6.84651443844
8.02427457593
5.1361451105
2.54767000292
5.77616647451
4.81573407182
1.9367584086
6.27882922109
1.17968547656
3.51875748947
1.8488154716
5.21586149462
2.46759554021
2.47082690628
8.56062252402
5.55044919584
2.68996963806
5.89067746017
7.00091898379
7.22719396809
4.25581441369
7.10133188857
1.47347983768
5.74657688774
7.39729216046
4.02429585188
6.29567316305
5.17984913195
1.82980826009
5.39680472369
5.98834185495
3.46466367425
4.67341145476
4.9726022628
1.96163312624
7.14667001683
4.14953255486
4.42619263313
5.21447167358
8.49543090658
6.42550832055
5.17753065151
4.53217799849
4.2947387784
5.51722509585
7.8985192907
4.58795693483
3.37021886901
6.65523974816
7.20000412852
-0.2359878643
2.43187400983
6.84452536598
5.65770872744
5.12408239551
3.30772612714
6.90624256905
3.41286549671
7.20834402394
5.08877826784
2.37034136685
4.27194626778
3.62582310317
3.50173321657
2.90754086776
7.48125324533
2.77990086151
5.7586375567
4.6020311201
5.98474859617
6.52398071431
5.15254696863
10.9894744884
2.40724783778
4.12489649691
6.62453981327
4.55774872085
6.44833114561
4.41032123959
5.09127683239
6.13119836876
9.53873412273
4.48849907709
5.19958518946
3.37125667645
3.16132862758
6.54432470039
4.7654544247
6.16369860695
8.41778065736
3.16316859057
5.17281038959
2.79575162686
4.10490283582
9.80056708457
7.20883728366
6.05473597301
1.64450808451
2.8632662543
6.56058573145
4.76526857722
0.607374354848
4.84723193922
5.12525567875
6.86742949756
4.39423861733
7.70337252788
4.02487546066
5.42816724525
4.07068827857
4.65514533362
4.55233412183
5.29571081205
3.39820309365
2.83698895569
2.1790028782
5.83803328711
7.55467909924
7.95339920096
4.58165340593
7.28120973848
9.12533903958
1.88750911212
8.0794334591
4.19590982739
5.53764395689
4.43114722944
6.83207348608
5.90185237814
2.92863133144
7.48481870515
5.99009356635
4.03641396768
6.97010215153
4.42640286339
2.3867420742
3.8913031443
7.10429749868
2.67271326295
6.03076924547
3.3765996331
8.15522260988
6.62709616692
6.81706454536
3.91905992696
1.69697791105
4.05421674327
9.37669989669
7.4657283739
8.73780275451
7.26884723547
5.1621899355
4.56537446128
9.97925550925
2.24163489959
4.59893378014
6.16919969133
6.52700775736
1.93000779717
4.3238802324
7.65038966899
4.45920978184
2.53104966867
8.90471273535
6.42603562399
4.77826321249
3.40371466408
5.14062925246
1.92126079153
5.59567581822
4.02747895002
5.86158941979
4.8312805933
6.12176424288
5.65153915227
2.21514048322
5.94941407485
4.55041447986
1.42265572715
5.71835523157
3.45413675975
4.56709350143
2.66562878386
7.32891883024
2.94347844877
6.98637165936
6.59076420636
5.0311261941
5.0579905067
1.52500766571
4.94105708652
6.62177864291
3.32881655535
5.80907007688
9.39143946163
7.94324192266
1.9926660767
7.62612503085
6.03283059334
4.96990515753
6.61576233883
4.21003489777
7.78590982813
5.12379913742
7.29011877452
2.13282153255
3.13965934542
6.44153888321
12.2250745376
5.69760540742
6.50575539863
6.11120986755
5.34148724193
6.13071991062
6.62529379574
4.1677473688
10.2819325051
2.44586252627
7.69881217081
1.95132088338
4.36565214425
1.84908266742
8.27643919013
6.11123540802
6.40519303356
3.27485972435
2.89548452044
3.31708997635
6.73457448974
0.5422462753
2.70136092301
2.45335183124
5.60058069645
3.61569263863
6.15022512232
2.6697727406
2.9313125668
2.61732696596
6.84333098693
5.20008372657
0.386230806801
5.25111896048
5.41344100683
4.0456554804
2.3126726265
5.29273969114
4.45511218754
5.68854738188
5.56794703459
1.04957962655
2.24019826649
4.90189588883
6.21603829374
3.5555181691
2.6435030197
2.87817906518
4.17782130727
8.00563445284
7.9404135547
4.31861801122
5.64885678257
3.10661133043
1.26330203476
4.75502615044
4.68837536493
3.43138737573
6.95327402106
3.8738584736
4.70933356379
7.23174264649
4.88154998798
5.81533352483
9.45668187517
1.55809173145
5.18563365631
2.32371887982
8.22335665383
3.09630451784
3.4500985524
5.51389193782
5.56759196561
4.26026461296
7.03970298688
5.4689830285
4.32715385939
7.92774581106
-0.279920153971
2.81872047991
3.46922617737
4.57098673438
7.45720296008
2.25888813159
3.48440229105
3.50313579903
3.04110758246
6.5967813541
8.58286285754
8.11072742316
3.05485212813
5.82552388104
2.99946548912
5.15368639166
2.77136466819
7.96790566885
3.32271351018
5.5098720974
6.36761516392
4.31063274023
3.51567561916
6.75096945722
6.36481959788
5.89254824668
7.77001664846
3.56703851965
4.46318427813
4.18756388282
6.70292809304
2.98740833921
4.39252140264
2.74280206209
2.22223596234
4.78949547598
3.5296847943
2.97773211436
3.70209229882
7.01308072535
6.52730554416
6.89631113863
6.06510594746
3.71550485602
7.01257309555
3.7596386181
3.76646266444
1.28124944587
1.52322924677
7.57820289036
8.04755989422
4.59418403772
5.36929144236
10.5236186355
4.87426450094
3.16304884298
2.64744702166
4.89700016269
6.88881259818
4.70980712814
2.43547713541
3.41455338529
7.5084698784
4.73818711818
8.18998023364
1.89066156275
5.1512318532
7.12202562181
3.28298152877
4.96866229411
4.41184800507
4.59865469013
3.8030326294
5.27885067026
5.67494892684
5.87555258485
5.38270310609
6.01473747949
2.84022069847
8.4664545439
4.48164134105
6.59791034401
4.21266047499
2.55872519931
6.55907654123
6.0329627882
5.29776356083
1.27086540185
7.47827613397
2.44485684707
3.77094363572
4.73782973958
7.78403659474
4.39244192637
7.86161976144
5.7844374405
2.37641487553
-0.532839891553
1.8762616905
4.36864977141
4.90194219554
7.75015508343
5.8693472902
5.92722690909
5.65118607046
6.96281126046
6.05275447182
4.22548380228
2.72514195163
4.02594441728
7.6913099122
7.78752322967
8.77758726556
4.11415416512
8.89471100348
2.64070710428
3.54120780453
3.49728581695
5.24514550203
6.06576411041
3.56725159842
7.51695060061
5.18738439518
3.66192094684
5.95198274577
-0.919614314898
1.79274919473
5.13408069169
1.66915057932
7.66330442876
5.87814552351
2.00963072382
5.3281643059
3.72837530257
3.85578523573
5.91715806441
1.37747373344
1.00268357973
6.78610649584
5.64183832043
4.57366122252
6.05061420863
1.69585385839
5.72953690367
7.82102791752
3.58966215374
4.63793484833
3.03814310157
1.71714037073
8.06598342515
6.36159696189
4.65547263708
4.81237226157
1.84314561604
3.25832531363
4.8416253756
4.81058363761
5.14879073881
6.65920495478
2.10773236666
3.07118480167
3.10094457621
2.18182395187
5.05109663999
4.14298327027
2.39403377124
3.82605850719
4.11567002432
6.91074238648
3.7098924765
8.80852796561
7.24002391303
6.09176538728
8.46094126453
6.34180437147
5.51514413949
4.72585355994
5.64547714669
7.69586029107
2.83301507206
7.13583231296
2.5875384015
3.78745020029
4.69422486432
6.19476659174
4.05160865069
0.885517316151
2.92019328362
0.871443317326
3.34878680735
1.35295974968
4.22327098444
5.29274801817
5.17790442152
6.13879718874
6.50215566863
4.18683018502
2.91775124069
3.54037956248
5.27148777982
3.2893074806
7.92554175348
4.65901870527
5.03887912234
3.34283366775
7.95658186179
3.80759232893
5.10809277622
7.25087359697
7.36262485476
3.28247426521
3.42410554968
8.17387471018
8.82751771475
6.51747835886
5.51782449468
6.12342882247
3.00009587544
1.95110047094
3.78375299431
6.34483776748
5.3052726171
5.62112462741
6.79918296131
4.90340779641
5.07734013052
8.27709871728
2.59301069838
6.78822131136
4.9114773529
2.82138595624
6.80546842697
4.8410378784
5.4524674975
3.81275092134
3.99821611952
6.57494591649
4.83890129661
4.915137013
4.97684551969
5.73268554836
3.9413599169
4.84933382022
6.27935874987
5.49466145823
4.51449975677
1.31890308989
1.82628066002
4.48827845583
6.67715048687
1.04042315123
5.32053522126
3.87039697929
7.03446500368
1.85250367368
4.43491067019
2.52221174387
3.02613697893
4.10159758274
7.34088899121
4.58121942422
6.61255349543
1.33068148413
7.60558983036
4.13892103612
5.18396313481
4.47856443475
1.53123434227
7.74569073588
7.10112043615
7.83580346854
3.25501539937
5.32157796203
4.22675285594
7.56785478158
4.1463912929
5.85839670457
6.4599089513
3.46015553783
6.06619215269
6.29174538542
1.84627101084
3.33514618141
8.58987995378
9.81264431469
10.5626584242
4.39261310066
2.3524375295
4.15455654099
3.30741882569
5.7530530522
4.91148665754
5.64154791196
2.77274853089
5.73575942795
4.64669253035
6.33664117588
4.78686852781
3.45963161846
2.808450973
2.32112988034
5.14000377616
1.92864684305
6.83347248349
2.62850500346
3.31988554305
6.84953528106
6.62285174285
7.67801508123
7.23917892645
4.34189774533
5.64437901926
2.38119571352
3.67477765928
3.49275623041
5.3805299046
7.09441978735
2.9526281831
6.57864789388
5.40479101241
6.09607994511
4.57156496095
4.56356359734
7.01903299576
5.01663701368
2.27076004856
9.23284020724
5.19203371981
4.79372447525
5.80817634221
3.20360922598
6.5438409507
4.32683756614
10.3706776007
6.03046175854
6.25584158095
5.09249704028
7.46782846927
4.73539942195
10.7495873374
4.50195413616
8.56116789621
4.81391408965
3.77672005265
5.81114965936
3.07110382202
8.30413405069
3.99174888947
3.72804841189
5.00309546192
4.01937955873
5.87813247269
4.74262274419
1.12572653853
3.81143595705
5.91659710062
4.19615709236
8.46746875182
7.58072548996
5.07988368794
6.55555721854
1.14670201068
3.32219173931
4.62795886501
7.05068249219
3.14974682055
6.96774234088
5.85316073058
2.35202682271
4.62011974989
7.52583630238
1.64408319258
4.62083559398
7.93123735599
4.03631240016
6.14009988294
7.74139676859
7.27313159777
7.77047575772
6.38588001599
4.78467532254
4.62248631788
6.22810342167
8.5816047063
5.74473791777
1.44278493414
3.18234503876
6.27280102772
8.95998399442
4.54148816129
2.10194687452
2.38511023674
4.40800196919
3.80066954236
5.2738325046
5.37671591562
10.0796759264
5.00176496814
5.71370126102
4.08937001939
4.62445083555
3.96339203876
8.52464092667
3.80671765189
3.71668188134
4.2877967761
4.35141440276
7.5727630953
2.58224889514
5.62928135785
6.10306726114
4.88731205723
1.28997513058
3.95569331327
0.873585809529
3.90955038698
7.03911594231
5.00705524363
6.62186422981
4.10615319503
5.24537624268
2.33026609472
4.70524659956
6.15060258201
9.32990178097
3.85372161531
4.1147888354
3.33812567635
2.39189469547
5.15632919182
6.38099971064
2.39728355222
5.64956400353
1.47164042665
5.36983928992
4.56974264533
6.96516456704
8.87504278595
4.59650288283
3.68816438216
4.59873699494
8.2456499231
2.8757757255
4.43951237702
7.70283482991
5.20600965439
4.99640304082
6.54558316956
6.79893380676
2.64253002682
5.18862067376
5.95278318959
4.43021448793
3.38065624706
4.21561130181
4.16787867768
2.55353447301
6.04068884442
5.70414352256
4.74922117483
4.61296642538
7.04478298575
1.32174792539
4.37298660572
3.84666332582
5.14150488924
7.15414807301
4.49681996
4.50079453576
3.53083344825
4.91625597124
6.0002566184
9.94877945957
3.35930424018
5.00308395216
5.96428710667
3.59205973834
2.04306536846
8.89189741277
3.02548760558
6.14771027969
7.95944057043
4.54768852368
3.55606445459
6.06664567472
6.15914275953
1.65140089548
4.52405693173
5.65531576452
1.09367074073
5.71847991741
4.24245062111
2.1754972859
1.67268880806
4.48222709816
8.38944910492
7.62659296424
4.11668612075
4.86499387384
5.52525189231
8.17042520533
5.44971285887
9.40910982471
3.77583580059
4.9398956035
6.08707496891
2.542439823
6.1454702311
2.88919438891
-0.769477248559
1.61757823773
6.36273232013
4.0432767266
4.06380694329
3.00891972481
3.94630101237
2.18951036312
2.93872858678
6.43464718089
7.39937030776
5.42280465953
7.46267911385
7.5889180326
5.43654556717
9.27421396778
8.16023218206
2.63811760839
6.15663586224
10.035534898
5.20141007038
2.7970762104
5.64799909674
5.29754326584
0.799796215837
6.0586027789
5.90934092482
4.08322672757
2.67156487442
4.65384755494
4.73162476003
6.13647703525
7.53573952482
5.93697041587
3.46157634964
8.13640000785
5.49363515663
2.94319043327
4.09690386236
7.16178249961
5.86748936229
4.06491357502
7.022397694
1.24165978292
7.16528294436
8.06962097505
6.26218852578
4.553921674
5.3691605278
7.52753221515
6.67519804418
7.81421116816
8.90603409794
6.75944594457
4.57387856226
7.15513028818
6.08199329802
4.63902997941
2.9320317926
6.92090436633
4.57101928588
3.44397904631
7.24900590597
3.86691574231
7.01761928758
6.75977366534
0.54326135553
1.50706033091
3.480793473
5.98985831176
8.47531848903
3.35767981433
3.50329552259
6.21219324269
3.96774850719
6.02550829084
0.724648659082
6.83886166203
6.81741258306
8.07600180369
3.06690454684
8.55589003515
4.25513596911
5.82623844414
6.39868310423
4.9770332889
7.9628023643
6.68983749705
4.01922613533
6.17076200003
9.53624942014
6.37541353103
1.04438493516
4.74091405119
3.87895024436
6.30743549519
5.08662701531
4.17908983144
2.88087478742
2.0418154711
7.68010953772
3.31061371459
4.90988635585
3.80390365516
7.33248909127
2.36118819765
7.69479329383
5.33005166496
4.59869985878
4.00076507151
9.03128279407
7.1326397943
6.99899436775
4.49273724337
7.99330859777
2.38060365397
6.16886674719
4.83570588744
4.89126838328
4.75688040748
5.09138320018
4.47047157907
4.25983463989
6.13840139291
8.20296296246
5.74298379993
1.12149299556
