6.93458178305
2.1833283945
2.55050673425
3.03631519349
5.87442054207
6.23509292105
1.75614544901
2.91202323707
4.52510436141
4.07460275297
6.08285839199
7.17987923354
7.26437748315
0.27067458646
8.2555335837
5.39639877974
0.303779102589
10.8739928432
3.41144918258
4.43370322928
9.19518656235
3.06967406797
2.43100670444
8.37695473082
3.67541696147
7.58246412213
7.81250207644
7.71224793277
4.9815679886
4.35621605898
4.38131972889
8.95605245033
6.12955705148
2.99679249975
0.812872384532
4.4621463843
5.76816155649
8.3892574721
0.690864655724
5.93243103237
5.44479477496
6.34893586151
5.04213355956
4.15000517822
5.82763999686
5.28177144607
2.48140587817
3.91705326148
7.06554570339
3.76801214951
4.64533104403
4.03677435386
2.68091078343
4.55599291699
4.3699650859
8.3887019317
6.80475647468
4.42502097218
3.25062320705
4.29066719698
5.51352909977
3.15392423494
5.32274180671
6.53901519743
2.98851600292
2.48774027808
5.13127382243
9.02300034661
5.13936132538
5.74847054689
2.86352698536
5.75490133939
2.3278293823
5.76450562509
5.35143545765
8.69932361716
3.50195924327
5.3857400452
2.89289098219
4.75983417505
1.86634927325
1.33640029522
1.45461357483
1.9119834743
7.52724229558
4.10043193063
5.74875004817
6.11824624488
5.96598422477
2.82380121599
5.94979795284
2.16910416404
7.40148749136
3.3985221894
4.48376066513
6.53832312228
2.29508664561
3.92067388151
9.54130930415
5.43618934425
5.47986951165
7.21689343809
5.20036043793
11.2893225008
6.30022371263
6.15957848516
4.33374106977
3.41062572506
8.91720398792
6.6394977558
2.98296257173
3.79007522636
1.79090042361
4.742785237
5.64561941839
2.75163925539
6.18674356786
4.80238990464
5.00658177257
4.75064348091
5.87441138385
4.57326345595
7.19862841898
8.05051950286
7.78671698436
2.86732427215
6.97801456386
2.74718714771
3.98685680097
3.37786732236
5.63266491317
7.24983586329
2.52764450894
-0.971872636431
5.48483700887
4.58500359216
2.75042588498
9.68547256269
4.69713119345
5.20922653303
2.83800847248
2.7071289955
2.03981169511
6.73699347596
5.79717057821
3.51411315877
7.7680401706
4.53682529728
1.5675207235
3.6581392302
9.58733722088
4.56255981046
7.5299500007
5.65487566691
5.26492448772
6.58909970558
5.70863313978
1.69110955706
6.32936925782
4.38691162397
5.79192954553
4.30812102708
4.69718708502
5.63928489804
6.37617751951
7.43782327007
4.27979024124
5.05877836965
3.31582132708
5.3778538078
5.07258054448
6.68296498426
5.26039164053
1.27779604115
5.54034470205
6.28154147281
6.26698192916
7.38336470494
8.02711906246
7.76515040833
7.75638407372
9.10527012333
5.9285971292
6.67276017861
3.05679380207
5.48293669595
3.64682045519
4.37355514016
6.83895719916
4.32476229728
10.5192663393
3.5754160019
8.16074722992
6.77689371332
4.26384143705
3.61731886586
3.25414737174
2.19028919061
4.31545458038
3.74121854429
2.73241585209
4.2432614012
3.89421903095
2.16788166073
3.40575369378
1.75449290979
7.84490593528
6.4132007416
5.80675115909
3.42578240501
2.04825820769
3.27458148597
9.13672785404
3.39526287675
1.83047016677
6.61453622995
7.78729752471
5.14289656672
6.81481420227
5.04412367358
6.47736771737
4.78186226096
4.71887992053
1.97527098195
5.66633782396
3.03976627258
5.0545450081
2.16667079501
5.9273130877
7.09011266121
4.70947119317
8.36090779652
3.60160904845
5.11185191838
3.97048456083
4.13487994906
5.21550608461
5.02952424605
2.727571218
5.48167637642
5.92609918778
6.31868769598
6.04719502243
5.30232544134
5.61367000118
6.8058743847
5.50628794217
3.11915424587
3.95724218305
6.95679479555
6.82812484379
6.9650413796
8.13072545056
4.24251575466
5.65299768865
4.87972865907
3.54871956595
7.5995093304
7.89572286323
0.453907765911
4.35927633725
10.0782483289
4.85604674116
4.75825198891
5.98420299036
9.24390857654
2.32690329969
0.060832374288
8.42694797903
5.74722302387
8.63980151737
3.21824887382
4.81744222046
2.79108618823
7.04439383156
3.86006817482
6.67914957095
8.23144594034
6.62399268104
4.57562286134
8.92077027274
6.35507684479
2.99584795726
6.82694577609
2.59286405612
3.44994097223
2.99299582085
6.1788148364
0.449807097982
6.63415829608
3.85722949326
6.14158492892
2.46246580387
3.61229510655
2.97267830993
4.65503066165
6.80014106834
4.52082142864
7.88490621908
4.47996859473
5.27932255196
5.74194296803
8.84393759274
3.0196173973
4.51605375699
6.82391187875
7.09529352231
5.56101395863
5.72692422474
2.84775175619
2.83890296994
3.55919616857
3.24134587011
4.59058665092
6.2608271707
6.01711042075
5.91397791056
4.72463982268
4.40620638903
4.4176776897
7.89309251413
4.87632002436
4.74937486583
3.51165556711
1.76105273422
3.63003137784
5.80705288352
5.01231634419
5.97243284877
1.77991554077
6.93413122727
6.93463337669
0.702360302742
1.52905411332
5.66178789223
7.28560132396
1.17461862813
2.42894266704
8.00628438896
8.55828584529
3.63851940429
2.98864185209
6.34830344936
4.59052834388
3.73200370277
2.83068386259
6.2244262545
7.77791987645
6.73917036556
6.59856256873
5.4032987917
5.03922447868
9.05587112119
2.93463161434
7.80738560226
7.80840253679
4.12091531699
2.00521312552
4.16004963058
2.93896720987
7.12919273362
1.91346904086
1.39921263298
5.34599475584
4.28639962135
7.87393621373
6.28032867818
8.60903716667
7.01672659585
8.2437529503
3.86936726879
5.13360095114
3.12802763235
4.00996455644
2.50525678916
4.02225118051
6.44400656346
3.60053143305
5.44296106901
4.88690889901
8.89335724633
2.59783070547
4.09469319504
2.85694526527
5.01737406552
1.54656933164
4.10420496413
4.63362242703
6.81164654335
7.44397202237
4.73531666996
4.35645128196
4.65693953623
7.45691443534
4.34248362197
3.66263391411
4.52720313482
7.67357457329
7.82556671957
4.19506635728
9.31774596139
6.93016212778
4.77471729137
5.98545569426
9.23480912106
6.71986921521
6.30279565859
3.0957223374
4.99641219371
2.8367152767
6.45353639877
3.1597388171
7.56395316243
4.21514605222
5.29916029307
4.08491814372
3.3074650699
4.82933435407
4.05441736867
3.42061639435
7.69647492134
9.61340710613
3.73484731492
6.25911424833
5.08970983865
9.82439758407
5.62122834915
6.48622759103
8.26346474104
2.49100015571
2.82533526991
7.10528137285
2.86976815721
5.02566603514
4.82228384222
2.47630691385
1.60140435845
8.59796811593
3.5052217226
6.85381176709
6.04313694042
5.62860269289
8.22143063547
7.71994906997
3.72323747949
2.36097723791
2.28048999173
4.82183642488
4.11871818713
7.0279517123
6.91756662059
4.93154876124
5.56832626501
5.30339470572
6.91814192779
0.90836955833
8.50094440494
0.878343820732
5.75832669599
3.96261714795
2.69861649636
3.16257961284
7.21150411376
6.08111008928
3.36303101695
3.77609896306
4.9457725298
6.56787581646
6.07292007
2.90538417659
3.52716274388
3.03083503491
6.40704003165
2.93655570818
3.83567469064
4.99226662061
5.27935455761
5.92766763934
6.11279617718
4.18930557892
0.558958484548
4.0930075138
5.42473082665
1.76781112492
4.63853554669
5.38539147574
1.50351160397
3.81449637829
5.18422752311
3.95667154315
7.07035520352
0.693484456213
4.07985993759
3.84561247271
4.16275857886
2.37593851662
6.00968048267
6.39310359631
6.61189961566
5.33398743124
5.20029901275
2.66426696989
6.83692852333
3.63151124682
3.87387288379
4.0701765101
4.82134512172
4.78875850237
2.78886258505
5.36741919318
6.37688355855
4.08626255201
1.25654501707
7.83733798234
6.76602251076
6.27899405659
4.51062640625
6.04019337764
6.25376901488
4.08131466697
4.89658334416
5.44200188574
8.79471489358
4.95159215765
5.54303407642
2.88244411865
7.11119849213
5.25995632374
4.20305827278
5.88087347478
6.57032618515
3.72825496526
6.79013043786
3.64160989771
7.99301482965
9.44683544847
7.73412959909
5.77314230251
7.45880794367
5.54582866407
9.74452842706
8.83684433594
6.76330153618
5.14720315017
8.04559446755
3.08803601432
2.6776594911
8.08651930019
3.02406228047
3.95291957992
3.48048618117
5.35919470234
7.45267124293
4.20129290629
0.338300756298
5.51402145285
4.41418064798
4.39313742089
5.13102072306
3.64611509429
2.90728294151
4.1171155036
4.6756970516
4.94383061994
2.01226775518
1.7028526821
3.8404870729
2.01599648344
5.371081421
4.9654726879
5.45124985241
6.19264981656
4.03155002044
1.7246942482
6.3958199887
4.75902069515
3.81907523842
8.29933522345
5.27139338507
7.6286163447
1.90875211037
3.05695246012
7.62229308988
5.66671886691
1.71134109724
7.9266343049
5.96561028941
5.2651462571
5.74511489248
7.48136849455
5.31696554382
8.88854641536
3.75745811318
6.28941355778
4.08553219169
3.93652598462
4.67135377874
3.81369594992
4.83984481384
4.63430787264
1.6872664058
2.52148213794
6.16553533702
3.30592823479
4.51365311229
5.17944071311
6.18009399618
2.72062414687
3.90473649507
4.04569501868
6.23660661335
6.17721662745
4.45547514404
7.59693402351
6.06993695747
2.7071580396
4.22066167553
3.5257428828
3.00818537914
-0.123164473539
8.08944124748
9.09481492892
5.81339676609
5.43476953469
5.12211630046
3.39521859054
2.23502220762
6.07304389764
6.06534821886
5.14538646029
7.01078176279
2.87932708559
5.17673655384
6.51030693304
6.51005689999
3.92250070779
5.53830465111
6.93230231867
8.72984241536
4.22628152255
3.9220863821
5.094638925
5.48426849312
8.00448665599
6.49747830904
4.57159278212
4.21302803956
6.32315142319
3.66411914969
7.09389874648
2.26782647625
4.91516547508
10.1436589325
4.6020168799
3.87144781601
5.92390503634
7.519683266
8.55488191844
6.83970575642
4.47553715608
2.77357089082
4.05308550606
0.697214455143
3.5383511266
6.49748976908
3.20136613124
5.79963633501
7.19292566534
2.55719091382
3.63067756805
4.18611282187
5.51006935835
3.93940750487
4.98704394125
5.09986026779
3.27773536854
3.72077410661
8.40704382851
6.21256150996
0.0435103348183
5.87012611187
3.04740020206
4.48074241588
0.722049966304
3.18345333987
5.00835412644
1.69026567503
2.81334840944
5.04286626277
5.17904630785
3.00513346148
5.39866724973
7.27876672168
5.88319295435
6.0899628953
6.08737517652
2.88857496083
7.48600894774
1.98042853149
4.49745764255
3.91772899143
4.45454749074
5.15890823111
5.43875298806
7.64529089484
5.15514022331
8.30672159577
2.6655224511
1.57265162683
4.8893686589
5.24793794175
4.62212016042
4.10977300667
7.70747078992
6.22320079257
6.23296502138
5.78033645939
4.56206611959
1.02017915835
2.19536728331
8.22452839026
6.6564030144
4.83082294488
4.04582341471
5.08711357767
3.41430837182
6.57806368893
9.79361017915
7.61428456144
4.13650475178
8.28059124417
5.73577231828
4.16641641359
-1.71803591575
1.58765589709
4.03065556245
3.75825930484
6.96206628852
5.45556380033
5.05071118737
7.12823482243
5.31177782857
4.90053873722
5.0983465824
5.08332304235
7.17590905557
5.16409228491
6.65267972717
7.71240936318
5.02377107676
8.09747042662
7.98116039535
8.32699839625
4.72811714091
2.25875696704
5.19878305808
6.94278286897
5.41035204892
4.10068711014
2.57249349028
1.49000373541
2.54553090265
4.38435785862
6.56662097074
5.86936788212
6.21891786022
3.36298066751
3.78730986915
3.16430365664
2.69216536657
5.81536563706
4.27467003422
3.59738289572
0.464170776319
3.05508266156
6.88624539918
7.9936102749
4.6680612546
3.84202330464
7.50592655732
3.83069876646
8.13019503251
1.6964088368
3.93532756739
4.95646455663
5.50903144887
4.83257278363
5.57265304638
2.89270817041
5.52210581154
2.47042386636
3.55796285425
3.44805803033
5.41681085248
9.22455177896
5.98426383529
6.75612340239
11.7869873948
5.8273655249
5.2355890703
6.21071497378
5.33441771434
3.23709273554
1.56575396758
4.93320710683
7.35340055451
4.98307040274
3.2909607464
4.37893125468
4.71972297849
2.66120459044
5.02841882034
6.76818278066
5.88282522535
4.53468728801
4.68043297923
4.79646376567
5.97624771083
5.73178596458
5.55236028288
5.10514661536
4.44593113373
1.80552296984
4.57429324778
5.64592508833
4.30161911489
3.57041611227
7.37490636776
4.89816111592
1.21964298799
4.07388478773
3.1517083868
0.962895222689
6.41385194351
3.82565331203
3.92070010083
4.54636111701
3.6932372574
1.63550714
2.88671126423
3.9665809107
5.40586439338
5.61422554655
1.7868366592
8.17349773495
5.96001102365
2.80309043894
8.57429048311
3.24646655091
3.14694572283
2.0292223294
9.19168872996
8.22182341307
4.706110148
2.7017424179
5.85152310865
6.03241222881
4.06462010553
7.80307746087
7.75555860788
4.71656250421
8.88762485754
4.98521927558
5.40683023803
11.017491735
4.53488011533
4.87485768643
1.85998005208
3.06032081765
1.88794196608
5.67570482351
7.27880410473
7.33006202338
3.84287192122
3.73274510723
1.907860299
2.51922991614
4.90976782101
1.65523886947
4.0268520987
7.05350740707
8.36982217198
4.48718498279
2.50513251543
6.51906862855
6.25173640691
10.5031608047
6.35564031196
3.26487498065
6.06790682651
2.31567683677
4.44878616269
4.60085246415
6.84577602567
4.97443716847
8.52542477499
6.97826555291
3.1507606617
6.62563399726
4.89133485127
7.58453493971
4.92167366454
3.59297531789
2.50536509275
4.81770947487
1.45057150971
4.80758490367
6.55654456098
3.79791532393
5.50501068137
6.52342460885
4.61548479855
6.19249325482
4.71303223489
2.12643659822
3.84652891181
0.361181502235
6.59923647018
4.73373726192
3.65727884341
5.14062942969
3.71429573541
1.42374578714
8.45729787545
1.36328205251
3.38793548322
6.34680750258
5.07547863111
6.44501146452
2.22236302912
6.29164018984
3.14630741222
4.20042600399
6.10849333071
3.7359564487
4.77622802993
7.23628675904
6.10451284337
4.81399052245
7.04231141553
3.95953788681
3.42845858114
8.88104726981
4.55479230881
6.12198625102
3.91640538036
4.81569350085
5.95368504123
4.17030825706
3.67521926391
4.72697668221
1.13372600176
1.41340869426
3.38342392645
4.90880321734
7.4187961864
5.15843234457
5.09695700915
5.22736769112
2.50503847429
3.87729217548
1.4292751073
5.53689078098
7.69794058289
3.04824042165
1.90148671314
1.07758352986
5.69266309271
7.1601330548
6.39173918194
5.00110759064
5.06424523924
8.72601606546
1.25573627895
5.57940325941
8.29695558215
2.58747748575
3.94708112677
3.11678504845
8.09241593094
6.13974235706
5.13475077597
2.35461258962
8.96118381567
2.26514838743
4.43494193935
5.47732745849
5.16772461734
7.59674959122
4.22245173208
4.8613413823
2.22797911394
3.23103683951
1.45589285848
7.77042766985
5.44062839536
2.6069244298
4.26210896252
4.21323566782
7.94127631219
