5.63070841829
6.73494933978
4.7209125747
5.29946431725
3.59855845303
3.54176581429
6.48469274791
9.73142149332
1.04931285883
5.00891718427
6.57805685978
7.42848887034
5.94094454191
8.85832046152
2.95412179087
4.40352600738
4.76264607185
4.40004205154
3.33200217219
5.99391311847
4.23098748877
7.53258424982
4.85599007301
9.87802802188
7.30072014797
4.13428498157
8.10188147152
6.6773898307
4.18337314927
4.71933420548
5.85424361235
5.22205670893
7.65138418975
2.63097248846
2.25831749174
5.26852615972
2.70046668649
3.24467133309
7.34954841658
3.07148156503
7.32184257838
6.26531863517
0.889493170437
0.794446828803
4.68437814262
5.04976799148
6.38519240731
9.74155662845
4.42199360886
5.65137668593
4.66508468077
1.16930752738
8.45303159871
4.93176843572
6.04468235982
6.59648816798
6.51839887013
6.7870405744
8.1738694628
3.35444241971
0.571290321522
6.70347600173
2.85272466282
5.13145249393
2.38883616367
4.20517203476
5.11361533943
2.85350943665
4.54493442581
6.43404386703
3.50735435206
4.83150605184
5.71831971441
5.33397898333
3.98019361188
6.50853437908
3.66113627357
6.93953227866
4.52789349395
6.39870227273
7.47635060996
6.01533815137
5.50997928871
9.24800766413
5.57052403358
3.33619911651
6.60569980809
5.07798013168
1.89401106149
4.89899777687
5.70349024358
4.97593723495
5.27580685399
8.65710436208
-1.13359862784
3.90523358772
4.51177513838
2.41383993542
1.41607033647
5.23999258822
5.25314425747
7.0116247447
6.22378023564
7.18329665377
3.43441067693
5.45063382493
2.42712116037
3.90972085921
7.02837540089
6.16663468232
7.82631184888
5.23503555409
5.36641199493
7.87103065784
2.3170004481
6.16992891415
4.57199652564
2.65977988755
5.64580464286
6.88226393116
6.44033281415
3.39989559102
1.98317619439
4.29008594225
3.83233128503
6.42457401115
6.93236589572
3.75470491587
4.31420988456
-0.015795986113
3.45419843183
4.21135681555
5.44065257343
6.65063496283
1.68395074889
5.53213609381
6.49398169114
4.83894101723
3.70545617909
6.28141807704
7.12429331517
2.47193038295
3.13108660059
3.03806454959
7.1154200424
7.26836041364
7.75141787078
3.42672907685
4.82611841303
-0.010687637473
4.37289398074
3.14781163914
4.72325961215
6.07288587706
4.8025889718
1.84028346862
7.13890252888
5.5382931282
6.17385546061
0.730006424501
3.89863422764
5.61729981267
1.9348331595
5.15641502275
3.6342267329
3.1146728496
3.86832983793
4.12769833037
4.15179470308
0.418286048519
3.48681260231
7.4571601473
6.1255572003
7.44398894397
5.76882504194
4.43864142033
6.00088927607
5.83474124663
3.71835607783
4.12774702748
3.96804278557
0.736703511709
5.90485757885
5.44222578128
3.99648787022
3.00268825905
4.7468609335
2.46154572808
7.85543957365
6.75644914804
7.86874694756
2.32828436936
8.13234977764
4.8519142713
5.1919625488
1.84931315664
6.32973737612
5.61970428145
6.28475856382
3.98861145229
3.51138888288
8.08151419454
4.42864316173
2.65306269721
5.45405206588
2.59660746065
5.82149142195
6.45671595276
5.80978344646
3.65384922097
5.69761153032
4.04820859494
8.97152209891
6.10998075739
0.817489401314
2.58298668152
6.62024386656
3.97895529095
7.6410882661
5.05092545054
1.93733663818
4.26221594151
2.34755374947
4.22341093358
2.70126843021
2.57108010869
7.80932713351
4.8535306425
5.61968543616
4.55716369791
2.97813494105
3.93700941217
5.95790433861
3.90323380093
6.15108568586
4.46989617343
8.0651129088
4.97972366713
3.50438617109
7.98955357564
3.92149185861
3.66495114185
2.83690262274
4.81906575639
6.42460519606
6.27819347027
7.44095244412
3.77388309859
7.02655985551
5.50843032924
4.96041875823
3.59637536779
6.4990474334
7.06288422046
2.85842386145
3.67127994763
2.83016873846
5.23423206529
7.62386310216
0.34026578767
1.12156172724
5.47618993511
0.970003404488
2.83348336109
0.511018330142
-0.328172160986
5.60772150145
3.69700326507
4.82094858867
8.49825466491
8.23074902593
6.10668286593
5.5545665796
1.9198710624
5.63516190327
5.1908119827
4.61695768204
5.5543630733
8.45997891934
5.57012497297
2.49112084406
1.97351851563
6.53946701265
6.94546919793
1.61628892701
4.24647880424
5.9102245758
3.63436253876
3.8735060955
6.65642354598
3.77076858586
-2.68964301538
4.71243183447
3.62096404258
1.02788747756
0.285072418339
4.90303762923
2.37303560714
2.97398204162
3.84039353258
3.79355100452
7.04850578183
5.19894620029
0.452921374859
3.32780436769
4.03009798711
4.49385352936
0.0835088207379
4.2908434166
2.79726520251
2.33514347952
3.51535642044
5.30717229301
1.72120806361
7.5300446988
3.43518987329
6.24269035486
5.96768821429
4.580911174
7.83135905151
7.14416502967
0.159251120815
5.91325812272
7.15920545264
3.90730783339
5.7698075626
4.02165299969
6.65426306835
7.03567718585
1.24310350247
8.95329214479
9.35529367774
6.62961110991
4.64718676331
3.92511121848
7.27758889611
2.8947104046
3.93691279169
6.83118139887
6.13878335345
7.18354932924
4.9615845786
5.75616572618
2.22815780638
-0.0617329461235
3.88287927918
5.3599062224
4.89769028537
7.56317041522
4.45694586013
7.3676578146
5.2628784724
6.09611711839
3.59000779671
1.26019846244
6.3055942266
8.08325226404
5.95497694773
6.14466703746
5.68020002693
6.7574390346
7.81533544118
4.59281128666
4.96397787251
5.06743062685
2.51802775634
5.78287081913
4.91530935086
7.27695309351
4.45920136151
3.94573059721
2.21846888148
7.05777772401
4.50005328488
4.3085862679
6.54297220941
1.98625464251
4.21449275191
1.13567652139
3.20127221216
1.63270775162
4.55111893804
2.58966227297
6.85416353224
7.84553688315
4.51553016851
9.19540781057
-0.830801355684
2.52787482298
8.02763295459
6.73544079943
5.56383825804
2.97631972866
3.81227257542
3.63992577112
6.30523772296
4.23679636716
4.23244526531
5.97684463145
5.78326350819
7.71229005202
5.52898412084
4.33586195258
2.5683038929
4.00655089784
7.46313409406
3.84510409292
5.12599788064
4.19322273561
7.18632249687
4.36954312861
3.17665352734
3.02974024444
5.97474142083
4.41740420525
5.88927861445
4.6083653467
5.19148220744
3.21984229973
4.03312251385
4.3876494653
0.195036420489
2.90055005254
4.69954577678
4.03604567808
5.73703976989
4.5068120112
4.13523488868
7.77377848299
1.76943118676
6.91703962057
2.69545651369
7.8867101142
1.91653425713
3.91893249255
5.83700158026
4.23111777428
6.65890738095
4.88511503144
4.29794635449
7.07314983928
7.27547487967
6.20004176901
4.12053518934
6.89633919877
7.15858986112
4.02981980453
7.00582052388
8.15074548829
4.7724303164
7.26562886438
0.0983287107059
3.4755757126
6.96852359501
4.86535882505
7.9066578815
5.91669603605
3.69048616577
6.07114434651
4.68659318784
2.46262927208
3.7895114551
3.58317000417
8.08372883036
5.57725706281
4.77503418188
1.92036692358
7.01444730115
5.33640356475
6.66134341156
5.01302953057
4.14957230617
3.52062818629
2.50043291935
2.96985706985
4.12694384513
4.95685157535
5.69759847023
4.99953006429
7.13798085592
6.44419314085
9.39146804303
8.31413232447
6.02318832942
3.68579482759
6.39106083568
6.67990113996
6.53051898637
2.71989766426
3.99160963821
7.27458500295
6.25019421253
3.54264384586
3.12891770532
5.49293164534
5.35261844331
3.6553974096
6.80901495721
5.63684581501
4.82923594714
7.00480976268
3.67760522748
4.08744173677
7.31133016089
5.34670759035
5.75554152981
4.55890268555
1.3717545655
6.74636546398
3.46010433542
1.71033911384
3.72933477453
4.61284427177
4.48206543465
7.90350237527
7.23852409779
5.60128186202
4.14877175418
5.78756675957
3.21098960472
7.39889395146
3.11264854867
5.08277424568
3.65378024625
7.00801718444
3.4001988638
5.26400553569
5.74343979163
6.68758127089
4.06032786375
6.18732075362
5.46022782843
9.86579640431
4.67918005199
1.33267576635
1.47214321494
7.0711582488
7.79616599613
7.0936404699
5.2541304166
5.12467936802
4.09554968364
7.25685879353
6.91171077582
5.58780031955
6.74062872751
9.02448666966
7.47623818715
6.2758101138
3.13142054248
4.91334350418
6.55858406896
3.64851281343
3.27153033368
9.3171231562
5.77933715441
6.49313868886
5.94109773792
2.74010181563
4.19083791383
4.35766935984
3.252356083
3.02628342208
2.56035702785
6.93156471271
2.89025836982
5.19492199517
7.71470557225
8.8313786037
3.93494641307
4.33412412001
3.46586776039
2.56261710204
5.98563949338
8.06099849767
1.58525532825
4.44018343745
5.95039408105
-0.165649930365
3.66056227177
4.56359691047
3.53106083122
4.8987611145
2.2923921621
2.62088964174
9.41671580527
5.96701073543
5.35542658638
6.18831580829
5.55542787326
4.67235392596
5.59473559125
5.85590361517
7.71436735444
6.50403780036
7.5466572069
7.00946319444
5.26973857136
3.87909968347
4.07919089522
2.96537746792
1.9711072704
7.90268186115
5.01283736293
4.65753935228
5.49687578072
5.53889738688
4.90853462596
7.84623060986
2.5193917272
6.72971163485
8.02126303304
5.40196743459
2.49983332618
6.4419687428
5.13785632445
6.32600547808
6.49911085493
2.67546788818
5.26517348875
3.13442903326
3.72591897828
4.93466903147
1.58574204547
1.86754405912
5.71410951471
7.69885224961
3.32854355315
8.66393350104
3.05315195433
5.5458295914
9.41793375265
8.73907468969
3.91305545312
8.26897180332
2.99635700058
5.41902236462
8.43757147381
6.52597113678
4.53934568108
2.52331548778
5.55385536884
8.60947854845
2.97903426126
1.58372342731
2.29234203494
4.34884283966
2.96653477946
4.82653738065
4.8751858214
8.61010405157
2.40317319636
1.25416631119
4.68334204251
7.47405448658
5.56744824013
7.84435332463
5.18357416868
5.97722840386
7.05034166737
8.22638236308
5.94991393436
3.50613446394
8.56954585316
7.47523099431
4.65949348965
5.48015284458
2.89726150312
4.69331498099
4.49273980188
4.15338276469
5.42755403926
3.24756920267
4.35169202306
4.29785270397
5.8994555762
6.62730901491
8.37478703647
5.34817926906
6.86759437192
6.21376188214
2.95339943417
9.92472717647
1.39528074771
5.94843380677
7.78619172112
6.27110130852
2.05037699163
5.37775799896
4.83635204561
4.62448439757
1.42761977883
7.25786929079
3.97024539118
3.29188767489
6.11568372344
0.67308278527
7.97530534256
7.45891087771
10.1592134469
7.87477560044
8.90978580463
9.78535101213
0.448069755528
2.17223181861
3.00494134573
5.56441165095
5.02906732257
0.820308065196
9.40919159234
4.66225671395
4.68685357133
6.86584911875
6.39144763658
6.45573802666
7.09102174282
5.24575813715
4.30520191817
6.3478472603
4.49975072856
3.95957575494
7.0059684439
3.04146303905
2.66989921759
5.89468935234
4.5777755431
4.61305318219
0.459964795567
8.75534352596
6.29487114713
1.4479766468
5.53229601266
3.34006039969
6.43345275669
5.37966182222
3.68211346563
8.02717469297
3.36354080252
4.85103470427
4.13778803526
4.56589222357
6.73176787951
4.72328116497
5.32448890508
5.53336345182
4.71415999238
4.89878260205
6.74901985941
6.82149123403
7.75404580794
6.18200182377
3.41325461339
4.85470441556
5.90215583447
1.89054653683
5.87147036196
5.09849535028
9.95622627745
4.80837798876
8.50273822501
3.9262260913
2.85530613675
2.77916414062
5.16218247034
4.4775482277
4.4991354217
5.90701322621
5.15637032544
2.94791305923
1.48263564431
6.16018531231
2.59049749958
5.56494479147
3.49684734921
7.96109535023
7.30228451363
7.59616243936
7.37503794182
9.03828385203
7.64128806746
7.13620805284
4.33682935026
4.25491501124
2.73355361373
3.57839908521
7.28645286387
4.50967527576
3.9785584506
7.76781637372
7.63047816372
2.21212824317
4.31487250006
2.79484444425
8.35998008828
6.01994352644
7.72809071727
5.98479130355
4.11908704318
0.411351231802
3.48597624592
5.74476787063
5.18375926804
4.24765881466
6.50991433261
2.31864381999
3.36878278471
3.93744691113
6.97044635349
6.20433572762
5.77053706912
7.09682627295
3.97890701552
4.89834980448
7.24489526715
4.38916116917
4.33980896969
3.41988835167
5.96437628066
2.86853227248
7.89822123832
5.8492764331
2.78599622632
8.39599932445
7.06923419945
3.08552826531
3.74954670265
8.01545217103
4.16484206632
5.26272023607
3.57345992153
2.775583196
6.76210419729
4.78684529826
2.41036439944
5.86989153236
0.767234208896
9.39160354873
5.17521012849
2.69754378152
6.38430209102
4.79153394351
5.61956671289
2.5309631726
5.58026741094
4.10304860665
6.3636187858
2.5652733461
5.81812185574
4.91363440426
9.10944400269
4.15472090714
5.4657478077
3.67166754948
7.41039662198
2.99846977331
3.90620397245
4.02673015516
5.38659755454
4.85429375662
3.25126635882
1.07589137973
8.32715099632
7.86107021208
3.32842036548
6.0359714583
4.39347557222
1.83972926084
4.14842173301
8.06000119594
7.539754193
8.2054577273
3.85518046076
5.33023391624
4.58843259162
7.06443980135
6.63614863642
4.47443638082
3.59011447108
8.56831658018
5.40367920938
8.83464907313
2.25213977168
6.24596457102
5.43329614
5.05896725023
7.04312512036
6.12207251853
6.32199411491
6.58633977037
3.06567081935
3.55308877366
6.11456155526
4.29225134147
5.10873120306
4.26357289924
3.61311201109
4.15276744004
5.43307563101
4.28716099271
5.64768444054
2.96482204897
4.48653858152
6.04234449943
4.01997132957
6.13337293763
7.82271587392
9.12089431549
5.88437632596
3.59897875509
4.92270715108
8.07396076198
6.81702787425
3.37735621316
2.0161483816
6.17897390318
3.35602435685
5.27938476523
4.89221299552
3.03776395613
2.15995352777
1.2128030493
6.86213928505
6.43818585723
4.0041273958
5.38921236004
8.05233321391
8.80274673171
6.56720980398
6.55852965584
5.03952364177
2.72674315469
4.8041647724
1.60777029766
4.74624806826
8.34477188848
5.84490835691
5.83729172879
2.11663144699
4.75615480322
6.23139905921
6.21777309199
4.10465761289
5.26828232161
3.15684819274
3.53752386369
1.3012919576
4.39242229524
5.15009239182
6.34149905068
5.51119004069
5.94482319944
1.59599685403
3.4936399855
2.34009588235
4.88180372752
4.97398350554
3.18461767673
7.25472627713
5.74962067944
3.13633066133
2.00570978588
4.70161747102
5.88004943557
6.17483874005
3.49613396776
6.46090422435
3.15963400957
4.47151945081
4.55885391251
8.62903041246
8.73686603967
4.17716335875
5.35476345677
2.85450864826
1.41608902501
-0.590258801443
7.95973320708
2.71437796672
2.60740295461
1.5900725611
4.6533654841
1.65918056007
6.90197865712
9.35931852333
1.94024688957
2.26449123185
7.98974765353
4.76588009636
-0.0634350803623
4.89691185392
4.45628530127
4.76915312186
6.05601535503
0.188096074516
3.70382893918
-0.220112364971
6.46804802088
3.92697189752
6.73956242449
4.47406489753
