7.03765490977
6.65444966666
1.76689347714
4.92491608874
4.82743445562
7.13953915049
1.40788847304
4.68006646216
5.23203647435
5.82410350863
3.46824933677
4.87057494659
7.60716967157
9.52902221953
4.91565109803
4.03920155395
6.18804117224
2.66316138627
9.88119136606
4.85782699657
5.81207905936
2.50446068711
7.62272290641
2.07654266755
4.68050622895
4.27892444446
4.28980834911
2.24509013833
8.31180676349
6.38793906184
3.20149626478
3.88488254217
6.73990956962
5.00643303704
6.85839099722
3.40854727677
4.72526805661
7.76108323628
6.3011377002
6.33523229297
9.1637499366
3.51214416367
7.71800415691
3.91956804325
4.99805168365
5.00401561518
3.36270029372
4.22191282502
1.4184107463
4.29806470327
5.25025391101
5.04034815921
6.38849728644
1.9555566979
3.89435654453
9.95457266711
3.60901278259
4.85673823607
6.40631684308
4.27722671158
3.66776240858
7.28774307669
4.79204070713
2.56530529593
7.42123998173
1.84761884089
5.00085161132
4.82338964685
5.3907173301
1.88120673445
4.66201858667
3.71339059915
3.33665604764
3.10119078126
5.1323638197
3.38681429857
7.60468759432
6.40447844229
7.1056970544
5.86015836564
4.34834515203
4.07456039268
3.0350105749
2.61738438328
7.579033163
0.437325453074
4.8913354828
5.41322608483
1.85757274779
2.67147932451
3.45368659585
4.56389180387
2.56254272992
3.14577076434
4.37197372662
4.43417256302
7.73146013212
2.91366843905
0.762828179395
2.1108191142
5.04827473181
4.36962862824
1.79212305536
1.09609044314
7.62900241263
6.57412440343
4.19029837616
5.14223779195
6.74278357974
3.8353470718
9.70932426222
4.06393136083
5.65861825562
4.05801778987
10.5237516671
5.93592648473
0.215761324347
5.39896526099
5.93750321629
5.300849183
3.66405324037
5.80838602602
7.40781265068
8.18257246871
5.0137671777
7.24593529729
0.912233936616
5.28928965813
5.80323151675
4.78513490657
5.38478101791
5.01773388058
3.67577025542
4.47571868441
6.60495765577
6.89085487172
7.23790283866
7.9707571631
5.06002728155
4.48486332181
6.206281581
6.50059818264
1.41150229894
3.06596143125
3.76388056137
6.03677968515
6.75353720564
6.64077483705
8.13702305371
6.40431730394
2.12140401263
2.8784202542
4.95779223132
4.13409499996
4.81090182554
3.85577469285
4.63501447732
5.35420215911
2.3888250826
3.0355497933
4.40677381548
8.09843236325
9.6373815338
7.13225521563
4.73057530282
1.59732104504
4.7271286064
4.96509101775
5.42187552091
8.23074740957
4.09709870946
4.25014580653
6.6774382819
-0.749377302006
9.20542044443
2.58649230189
8.22591901155
6.52073686969
2.56096227576
5.10257116281
3.13395181382
5.83561888661
0.655793260606
4.66535404325
7.30686450203
5.84859194427
5.94031063467
6.34287519219
4.53848643862
3.80238504417
2.41788717967
5.7059918071
2.46814080467
8.07976695473
5.5472328098
5.2187303813
2.68329141838
3.59155240401
3.86334679267
5.86452950016
4.99855989251
2.78198071431
4.56516255283
7.03538696502
7.41293103255
2.50372383901
1.09836466299
5.45986589296
7.20182724212
7.98041380183
4.917316905
5.19478678905
4.0297288185
4.03599313379
4.5848239262
4.37084653244
4.82374699997
6.26749394536
4.33048042336
2.09269820859
1.05807212804
6.7341716604
2.49953575642
3.80320389311
5.29563093535
5.99466462548
5.06887508318
3.80553969453
3.5138420965
6.00976483727
3.0639447187
3.54173066779
1.2351696207
5.94875110036
6.5363186396
3.88601148973
2.12502441944
2.59664912344
5.1645837588
5.40342180286
2.64286247464
1.74919299797
3.77579390955
6.82837023918
5.32802102443
0.490505151317
0.404725104289
7.09021654784
3.88553534696
1.38035599243
7.30393910862
3.91069223041
6.83518794426
4.11122849203
3.55485967571
6.49163466717
-0.302815145932
4.41983577178
4.02276299905
2.83115551607
6.84754804171
5.38993873343
4.92191016112
7.64181973701
3.03642328952
4.69405924253
5.5198833688
3.30969713571
10.0570933827
3.14563395744
6.1403585619
4.17294096373
2.27627849142
4.89091531607
3.82383467946
8.08020928501
6.94831134806
5.31690194182
3.72540528922
4.44961747593
6.38497153706
5.05052812394
2.96972665873
5.78215128877
4.17157341988
5.90521621362
4.43413753786
4.14522565421
4.02985953714
5.18202897632
0.995863556005
6.00114838728
5.83437388053
6.57712086812
5.46316329017
4.05254470957
5.63245824569
5.10694026577
7.19794998361
5.95122985759
4.02749007822
6.25865139909
4.31428222244
4.41315019221
6.79481785355
8.0270267806
4.18777013661
6.51427593641
7.28772142684
5.40053917601
2.71634134077
4.36282098335
1.95115144116
4.45909154654
3.94529993412
1.72892345424
3.15828526826
3.16305939158
3.06715108211
4.38914812406
1.15523941889
1.87051171372
4.14080893403
3.29638645916
5.89860107475
2.97482376773
4.9182066158
5.50668876607
2.89010177023
6.05506415067
1.71401282499
5.43963378563
6.24923721398
6.12137799594
7.51176913084
6.01743804562
6.84788109268
4.57315874845
4.13119927714
3.17235108017
5.6606445082
2.77826083219
2.06230899533
6.73667157041
4.86360574329
6.31816777073
6.78378818541
8.85415629858
7.09694744887
6.52747308476
1.61609466997
1.28956614525
4.68063020131
3.80338222392
2.74977588953
10.2202885098
4.42644135261
3.0362773455
5.48151192611
5.22897293627
6.25581427827
2.27681311203
6.04701661045
2.89575542408
6.47493676603
6.83497565826
5.19187908258
5.6877823779
5.97946503362
6.03530029192
4.91446743108
4.52631055183
4.86034512028
3.13480245499
6.14507671583
3.34961892978
6.9184844794
4.62719086468
6.46379684999
4.79887074457
6.65491005797
6.8007306766
5.7634536404
5.0447504665
4.02038742069
4.28473528671
3.43303833052
5.1414793794
6.46839061311
4.85787931219
3.76853816921
8.66119951089
4.87262335016
8.56770102429
7.12642452567
9.02699419721
6.13066448885
3.99310862215
2.91839468717
0.627955592471
10.7203512438
6.72428062
6.63588121771
7.71096753986
9.62466926316
2.95536311659
5.95761146995
5.30167938061
3.80736336264
1.80351809971
6.39602523454
5.79967126344
5.08324071492
6.97936523087
5.50188711455
6.26220890002
3.1146891454
5.05215695608
4.32924279754
4.77431062655
5.53585768824
3.77984914637
4.52522055034
4.86289834383
4.18204938804
6.3280370533
4.02456789232
5.88910537757
5.71812386283
5.17198800335
6.78773882504
3.27937342277
7.96569548983
4.35587722712
5.55348381824
5.75435220673
7.3856375609
6.47327169744
2.13017033249
6.00313230816
4.3201161699
4.83510311411
3.64032307898
10.037446041
4.83981845223
3.91401114573
1.12297698961
5.21225478319
8.02571761077
8.76679638252
4.65365559768
1.0392333052
6.63478000989
2.29078945132
3.80094944295
2.05952192179
5.89347988144
5.44576419411
3.87751177589
4.23957095912
7.59770349697
6.58276828831
4.55645505494
2.9482047098
6.38773098373
7.61366619432
6.06998741004
6.1358371252
4.14406161516
5.1094275918
5.48936395142
1.46363774836
6.30736908473
4.36043719509
5.76943919392
5.33160787265
4.43066615049
7.41757151909
5.08568238769
0.694771624346
3.09453961093
2.4945332884
2.63863630462
6.09268536659
5.35565881377
1.60336183201
3.52243459309
2.47435070915
5.02175199131
4.49229408804
2.33332859416
6.89489702975
5.79122072809
1.2700170924
6.70835468863
7.59624726862
2.40112876167
5.47556934776
4.04911880739
1.57708844223
4.22797874156
6.34917438018
5.7074618122
3.57733706172
8.43692763578
4.93532394745
8.98592284341
7.0375015258
5.54162153216
6.86504585489
9.59194394668
5.20684248263
9.22666500151
1.96009842704
1.36802405353
4.3988096259
6.0664306954
3.46948900964
7.98311000244
5.16405451934
4.14679869618
8.39557107034
7.03600754552
3.79549547618
4.02234503923
5.1101139956
1.47096856689
3.26516418975
3.23751882657
4.02747303056
8.77020365043
7.26534366625
2.24786912737
5.98620613274
2.76770395255
7.56410286531
5.71945517567
6.75089108512
3.53488498817
1.13149803639
6.56535849717
0.894924286565
3.19265109998
3.73924483774
6.82993503374
2.34890409695
4.17417281466
4.09521319044
2.24633351884
5.33701146975
4.24503117533
6.25887935493
4.00111665992
4.32511173765
4.19156186597
7.4877144108
2.96269800071
4.11266276017
5.87971912169
5.42528370456
5.04602946048
8.30493604914
5.55917783099
7.68979336594
7.14836514214
4.88056401582
7.91628410898
5.25999556888
5.28766845282
4.19020128115
5.95433508549
2.19903812279
3.84754130021
2.84532873535
4.86955071819
5.61599147167
5.52081302236
2.64933416094
7.76846409822
2.68673301359
3.23095730986
7.01344650139
8.70575122027
3.76495857817
3.35280641199
6.5980322394
7.33508050737
0.691470124285
4.86309557408
2.13454564771
9.18187690226
7.26597511292
3.61129401621
0.870207694609
5.1704426848
1.90381215142
4.910786797
3.96063563756
8.82172172397
7.99291006088
5.28005654264
7.40521897484
5.75122838687
6.47519606736
2.22085607177
2.4692537004
3.23843349391
5.92796601718
6.93269749783
5.52030849704
4.27894108174
5.10671963752
5.5619338982
4.87696621597
6.34357553347
5.83719385483
8.3843728012
0.70179207516
3.51115342036
7.18336777043
4.05276265297
5.87355688027
4.83454293154
5.90363702029
5.05658207114
6.13013219463
6.57394465723
6.00993096547
9.52333840483
3.16481389085
6.8496922076
5.37495108801
1.7311625839
1.25345628576
9.20011184467
8.15682489197
5.44040298567
8.79874058529
1.76086540522
3.95470144731
4.24615322919
10.0485963808
8.21165319056
3.99751920706
7.76396654177
5.2107057158
6.59984985768
3.57988432304
2.8959549782
6.55339689708
4.11848598296
7.92576729361
6.17241119206
4.07594578601
6.35997043758
5.34609115171
5.66018703869
5.6887806488
7.97034760041
0.800641471076
6.32152530463
3.31268084624
9.62395447726
5.02618806544
6.75770033373
7.72645751114
5.33715775042
0.996195810876
6.01720728457
8.24325070682
2.08905028439
5.00083878258
5.43098383029
4.40301800294
0.18543201447
3.9913675144
3.55911867952
6.05445278894
3.82409822519
5.35213901497
6.34396032257
4.04360695932
4.21817611834
5.10989285402
9.18590627414
2.77093016833
7.76372173911
5.67296037899
7.10440357114
6.61486358242
2.48565720678
6.21122242037
6.1144612908
0.901303163487
3.59804677666
6.00248837582
5.91124996374
5.52613718729
6.06901018832
3.39323141685
5.20287407084
4.35726536371
3.51516880306
2.01185781658
1.6128420246
6.77795440173
3.62232881109
8.33998460158
7.28774847771
1.00912962269
3.44097188631
2.99252903155
7.06287945128
3.6385974459
6.75832984989
0.843025113164
3.05137549241
5.45843805692
5.37730398597
2.26484143751
4.41020455629
3.64573651808
9.03455556036
4.20521982526
3.92786548319
4.76497768074
3.98654815506
5.96886256145
6.46153957925
2.52881130682
4.70177682202
3.80111349227
7.14628776596
4.93743250068
3.38915695006
0.151647121189
6.76010592811
5.39770276413
5.99589907649
8.16538395251
6.83558545938
4.34470535388
3.74890643153
7.97142305189
3.65367018676
3.51868261628
6.16753605419
2.43530523982
6.78855186557
6.78463885818
1.70631533939
2.049262085
5.50987147597
3.4771360287
0.87568718755
5.5083148459
4.60776094266
2.0812037096
4.67666082782
5.11961936113
5.88870367155
5.89607898589
7.14331959897
3.50304082889
4.50179271488
2.37504325287
4.07383111905
7.42441796879
2.71526673455
5.48071478132
5.0331862666
3.87785609259
5.67451579912
7.63465838063
3.94867614738
6.40653812518
2.47937397769
3.16228256427
-0.0220363560086
3.18781562104
4.61415258068
4.70458996139
7.37276523722
3.56130120019
5.41171029195
1.30271160995
5.0498161566
6.83019833517
2.47707148617
2.99727229535
4.36592064788
5.23730270686
8.0418960891
4.26693258242
4.66118986933
2.94861704077
5.77347535221
5.32341192072
6.36923592696
6.74561630564
6.50066472065
3.94278619096
4.39191578398
8.27665837051
7.38358857203
7.44711150461
5.93926886738
5.74030215598
7.70980574646
6.60315046853
5.08906287374
3.3992089042
4.66040446753
2.07592820196
5.89372654773
4.58868958903
2.25310915815
2.87034726763
7.84688728951
5.61595060879
6.36908453319
2.64084114952
4.83622162433
3.95658658261
7.8283012879
6.11104481635
3.61167318649
3.51952482601
3.42748442584
3.04753536449
3.21247563243
4.51973411868
12.3148235253
1.53222719863
7.04669421083
3.47558874128
7.35168979359
2.99700491227
5.85925160262
9.60311696796
9.19363971507
6.64911467006
5.33358599168
5.52846351465
4.3032628726
6.72130495859
4.85049374684
4.15778668265
3.92119796595
2.64987463822
4.74867126375
5.19392328071
1.67811413675
4.97266205065
8.97417337369
4.23544811779
5.22630943626
7.42629683703
6.46058382881
-0.0221060918533
3.67381784426
3.91401096091
2.39634553378
7.26910016096
4.41576288594
3.61518364452
7.33420180059
8.073729167
1.48362125592
7.7230843971
5.29473780514
4.2121717257
3.63211389873
8.32283499989
3.43531544382
3.30063280921
-0.0109030242287
1.86178282195
5.78863458644
3.3053958601
3.68606897026
3.56264403097
6.99723011837
3.90121186575
2.54224869815
5.77630237631
3.37074088102
5.70874834537
3.03505070221
-3.39146606168
3.97727595126
6.71842797915
8.52745086147
7.2033092616
1.69633143518
6.02354151986
9.03428436625
6.29309833557
2.24842318354
4.30822116471
6.08754252616
7.74136172266
3.6337910822
6.48069765279
2.9868747403
7.2545285297
5.77471533169
4.80903107607
4.8735375355
4.75511150714
3.52059742036
6.23881232794
2.3162534389
5.14911221707
5.97973864773
6.30179717266
1.7266377165
2.96690181042
4.30400024021
7.97914185565
4.78486314611
1.97650727798
8.5184469963
5.9767411203
4.10724762112
6.94186280837
2.55314520722
2.85416058673
3.45096576293
6.68706107953
4.75898822812
4.8026781675
4.72799690156
7.54415369499
-1.53246972
4.42820074086
2.81952845982
11.0535325503
4.13776005296
5.41563980859
1.47778911609
7.12417281721
5.92208744124
8.55941650563
2.98306482226
3.89409752031
3.05755926171
2.9934151528
7.41074916784
2.46046327544
6.22480937494
7.46882392033
2.93210284538
3.35742614337
3.24385499124
5.49111660338
8.68343934738
5.00141227404
3.10361853257
5.19099957536
5.22649485436
9.73382723735
5.81821169814
5.64331522735
7.11850294443
-0.290868040959
2.03884613782
5.56496142286
5.91703292437
5.18897873798
5.88906325777
5.31955593412
8.24358892281
5.77669235936
3.92908911541
9.74488968242
4.00619743687
6.309029533
6.81218430918
7.17660738326
3.42334424546
7.50321165061
7.06326001737
5.18943743992
5.59277373885
4.92897064961
5.19205702528
8.3877312913
2.2515782363
4.06340780191
2.2826636111
4.50203687971
1.127617946
1.95834735585
4.92816225625
5.35548496833
3.11397238194
4.21856754015
5.47648028794
6.14056107993
