5.19947652537
9.36369272096
3.433692048
1.61692244929
3.77818762677
7.30615242989
4.20351621968
4.59969516732
5.26237683977
10.3117961633
4.77607495407
7.68568143051
12.4662957843
6.3745504115
5.19726948646
5.03253650073
4.38199727696
7.10502260523
5.00005674169
3.62149468273
4.04057418815
4.68228565528
6.06417990273
5.06582686167
6.83876777951
2.00994119444
5.03145740113
6.25220856786
4.02861216427
2.96219174354
6.98558841282
3.01033341687
7.19839053189
5.88585134234
4.2426915644
3.8155544206
2.90858502916
7.79952284708
1.76151101848
4.11388797954
5.53553799269
6.60684917157
3.89545709124
6.84907532387
5.58720511143
5.20942043893
2.63811759188
4.81542268213
4.36525604264
9.1121479291
4.57117660145
4.95684971671
5.71972377342
2.61947265507
4.39991661896
4.36632300856
3.66999403288
5.91823382867
6.26423807312
3.45506807163
0.875199000676
5.6147995801
4.02023922703
5.79684830895
6.78564386406
4.05817060092
6.77373296389
4.42674816076
7.61281977297
3.69628642305
6.09199146801
1.25512374341
9.9875859703
7.95855293016
6.059616499
6.25069109509
4.43653160963
4.37763344358
4.57423621273
4.01854915363
4.9006050186
5.76117187279
3.15339017057
4.42417232988
4.71239505953
3.94390743926
6.49422293821
7.28537357199
2.35486219148
6.45975050172
5.19751535183
6.69188067068
7.05909929066
7.31061754738
3.07687940877
1.12941966251
0.594054397708
4.9566717679
4.26627474827
2.85560771112
3.02266260213
3.10336485508
6.6389485155
3.44839938307
4.22189249192
2.8030678606
4.80520091869
3.41338929189
0.584207809028
5.45937311973
7.430023649
8.07848869031
7.40191166447
7.22903733485
7.08392360898
4.56187678683
6.77489391117
2.73375764415
5.03332509374
4.6003545771
8.86959241639
2.43306845955
5.65249510076
3.01109523204
6.51850752724
5.43901856201
4.56849744731
4.37067788805
4.94351560639
7.79428618456
6.63499042275
6.44790604164
3.52667075125
2.90857697877
5.06267982103
4.8358951726
6.38156946693
-0.295973465951
1.99899772999
6.28143854053
2.60724107763
0.544191491591
1.28247282883
7.20274377282
3.18464021732
-0.0138179149156
8.73150208738
0.774708693365
1.94740868661
3.6423650286
2.84368492376
0.539291950069
4.29910278741
2.83074452013
3.90953663418
6.19696658559
7.05196826599
7.1731963153
4.60228501532
3.41697741159
2.74340304876
2.26768411039
5.86364252644
4.07457487245
4.23009787714
5.85999470288
8.86553085367
6.97129538938
7.05297506723
4.78115991687
1.04133710719
3.27556574054
11.3348605854
3.09177438281
7.17314706223
3.30346496638
2.1429806818
6.82430403409
5.8947056999
4.40644438097
5.32796255499
7.12291191369
8.54890621178
5.33470518147
5.2744777964
2.78732848944
5.34559618089
3.87040275725
5.09285145028
5.94915913416
6.55145693113
7.08798895867
3.85356309993
3.99191469978
4.32374873521
2.94983817255
5.36163666499
5.54431143991
8.38021926359
3.85696411246
3.30145681481
4.31586930513
1.07099602443
6.48992956589
3.24630591104
8.04258139519
4.64732730289
6.25718871609
7.65432429192
8.07299891768
5.78625678352
1.0802191549
4.42524744436
7.22304732775
6.16789270998
4.43011874759
5.92630106075
3.60418694018
3.80840904038
7.438209051
4.48297480337
3.47423693652
5.37528762986
1.35667695838
5.59867306379
3.17079077744
3.34083139833
7.14828826641
5.31562008602
7.32745310238
2.74835459931
4.51061404098
3.3942357738
3.34939090004
7.18027407411
5.52988785904
9.2970989741
6.01816508417
4.70053095758
3.97241512577
6.78500473951
4.39504371456
3.45111274735
1.38669699822
2.47986204411
1.04336296934
6.60090650335
4.26959059452
3.99382661201
3.27653231229
6.38177324781
5.16590122993
6.97908358734
0.951608539388
6.56125779765
5.56351997618
5.50033278696
8.29554866116
4.13837719364
3.61520567355
5.15726414584
-0.71467977377
4.29699670469
5.47603494075
3.21439403433
5.09247565994
4.17392107213
3.26985521575
4.61310675078
7.49882757827
2.86491891079
4.46774249034
6.38358294203
7.11002269913
6.66626070629
6.41250926058
4.12696872983
2.66497645986
4.44179908617
7.10875086737
3.95732848713
3.2662921416
4.76080672885
3.77599673082
3.08729891049
2.97343266064
5.42592410692
5.19156126287
3.99188528714
5.79365587822
2.57987177165
4.93601892493
7.87061356312
6.20690445079
4.07303055431
1.0311362658
5.84082454304
5.33917431459
5.03296467671
4.61122784809
10.8516260827
2.38962997482
0.932780046286
7.3700568149
3.12927313887
-0.0253132981727
5.1759422055
10.5799112254
2.07709402931
5.22420700853
5.52113096297
3.19267893252
4.86057676854
4.25756501544
2.19856094079
4.19234656645
3.73790535793
3.93168001341
5.20150128849
5.02797328473
5.46514408384
3.81279075568
4.81025482008
4.90923427205
7.74314299537
3.72224045018
5.1836008167
6.80475103778
4.65846696538
6.18322795839
4.79755601386
4.6378910225
3.79750263158
5.63282662104
3.2542144295
2.58312439556
2.61087255778
5.11076225451
7.66642167085
4.01340344938
1.82102774179
7.42398821088
8.23479960753
7.82005215849
5.46277577498
4.80622662742
7.30845581083
2.98777426341
5.57509003112
5.73475506036
6.00424098238
4.28137757051
4.98382714286
6.27457137938
6.54348457067
6.26882487495
4.56509391258
3.33042321854
7.44327655361
4.31306213344
7.6526138596
6.07691042838
7.06263636024
6.8969348235
3.56028875378
3.94091067484
7.79633920787
3.24225016915
4.6690970703
5.77372803515
5.45144131442
2.35085634678
3.74441149198
1.75483263603
2.12728004747
2.23391419371
1.34405884733
4.57832206728
8.25872564393
2.05037339208
6.88217942766
4.34015106601
4.86821455325
3.65154916545
3.98767825907
3.6057985576
4.20613911775
2.69987816112
1.90907361338
2.53577390769
4.29372139053
4.41637034297
0.953785704025
3.71399642943
6.82020230528
2.96652993868
9.63507036574
7.31941242563
5.11595525843
2.70726987245
2.53741452208
3.94424691776
9.86979215395
5.01408561896
3.0949116095
3.65854948742
4.77148255533
5.61059047062
6.194358499
8.17538339799
7.97615316772
1.7177939246
3.36744243903
5.38202080882
4.28281471444
4.71954870768
3.65291566637
5.56627848665
6.20550157614
3.81277355558
5.54007293843
7.18912384008
2.07935898125
6.13984005354
5.52522731879
6.34856471721
6.64005607932
5.65882327477
6.76742717435
4.31806884344
5.14602655827
4.91834043246
4.0422466307
4.58852874045
8.49894454238
3.22737217944
4.44385521762
5.45576175773
4.69867192052
7.60110744214
5.8203630023
5.49778835191
6.38539975654
6.36346074983
7.07733161041
5.28300057854
3.42057201571
4.21326797788
5.73553131856
4.31993100277
5.65366906502
1.66149046346
2.81309540828
6.43146062489
9.7121954717
7.93940482709
5.60059413276
2.97048043594
4.82520684319
3.61861255961
4.60171507079
6.9392958341
2.73834881349
5.57056555592
5.8725966885
5.92828768447
0.90178404894
5.33855838085
3.04544713154
3.61514406956
4.44794539113
5.87566288719
7.20290020657
6.12436914505
3.42755309233
8.58477696699
6.09700678525
8.55676323841
8.75269536992
6.73990807007
6.11156311811
8.41324968545
3.64243291627
7.71420168236
6.20457996844
7.22231339744
2.62223209598
7.19532723059
7.52816669322
9.55908990078
2.11268093373
4.32302069844
9.60670114703
3.12846193194
7.06603836498
2.67848915761
3.24168175928
4.6674785348
5.53671104987
7.15802729632
4.36606036364
3.09113006084
1.00526485885
4.01248366985
7.36408618719
6.39502245295
6.18356363341
7.66437694677
6.46487916868
9.63528527565
3.5363146991
6.49002674926
8.11071682119
3.4952932832
4.7664976183
7.34388823945
6.33490219801
2.70466670061
6.17136251156
5.52776950238
4.93494979483
2.90838918651
3.24739362638
3.78866150461
6.18156305054
2.73995150137
6.75495939755
4.00040239878
7.25430686288
5.60211765335
5.93181500334
3.56744337454
8.37306838464
3.01559561341
4.93777651332
6.50618829561
5.7983144893
1.88557676058
9.75228711736
5.77175233434
6.31164934963
4.34691076212
7.56758628118
7.90279958449
6.39880086762
7.85387276497
2.48478310704
4.00396510221
5.94323645969
6.34032096382
7.35560385815
4.2237604389
1.61865378824
4.48332213123
2.54543845897
4.46286968791
2.57016322889
5.87878875815
5.65973417034
7.95206975337
5.39630461286
3.81850736306
4.57112524302
5.56341888098
5.33547488486
3.04321636269
5.41023718348
1.93728150317
4.62187137945
7.15785267812
4.14341795235
0.514842644436
5.35574381148
6.1500634828
8.12935036419
4.54416784307
4.8781775637
6.07815600481
6.39582864148
5.91949904501
4.70313536962
5.15239271913
6.34392571062
4.74929048899
2.00345785243
7.53148868542
6.82131037491
3.60233952642
4.59174336161
5.80977823921
5.10182450149
7.37479608713
8.37429115541
6.30016331089
1.1258184558
5.98892713801
5.81230642747
5.08562555289
6.49842305723
2.75267737383
5.8796947095
2.62061382524
3.69593582857
0.672615347747
7.67124852766
3.45027217839
5.62541099614
5.72118645308
3.40066332695
6.81350917541
3.58510955218
6.33054691826
5.3406613891
3.71887174668
6.84565291556
3.84061249164
2.05633450757
2.92234208089
5.4804723276
3.70158221036
6.84580840528
6.61960481851
3.42023795628
2.40527934498
5.61660854005
6.50455286236
2.38202590615
5.77301644217
5.26520919904
4.83604343701
9.97843427149
4.08055512305
5.80497007652
0.58167868203
6.72830298371
3.52379294327
6.71643181568
2.67330461416
4.31264164996
6.22396172634
5.10585818428
7.8098082889
3.84168627162
4.00828691473
4.32174898883
6.02825610644
2.81158618462
7.47780203434
4.13198192114
2.89578670689
3.03546968847
5.1429476355
3.37044965289
8.53032214364
8.05457835488
2.63580848265
4.53126337744
4.03474018643
3.15581951687
3.9039299384
5.51369612148
6.17070184167
3.5007228306
6.71108898153
2.4824920683
8.63347370349
4.28811059416
1.75556720322
1.88595869225
2.45896987539
3.07729518163
6.90988655553
6.03932999123
6.36214201907
4.56328831656
3.99302164647
5.55284349427
6.65891642063
7.35364135394
4.62868482291
5.19314067331
5.60017540634
6.04431597306
6.23907037376
7.56534993944
6.09149318158
5.50951504254
6.97622385149
7.87999633459
2.92572178089
6.60214991929
6.28417639133
7.14883207722
2.9319052364
6.39304175374
9.51486100442
5.71143941204
4.2152465743
3.02144691472
5.18765433582
6.70712053888
6.25838167225
3.97842886599
3.39441451609
8.46440867981
2.34605722823
4.00759961906
5.8300384728
3.01251767189
5.43268931227
9.26035273649
5.16250277586
1.19840233012
2.33534139018
3.04991709556
2.50677077103
7.60542228895
4.85320596427
3.34728921494
5.30587449103
2.13898511384
5.67505658636
4.18633200417
7.60079092855
6.7781618831
3.56623351166
3.79372811573
3.30853571388
5.55070396435
5.22597239879
4.65729659409
3.69356602227
6.49506739032
4.18248572229
3.84346849076
4.25086013298
4.45494072798
3.67690712645
6.97774054019
4.61185239944
4.87784647865
4.28204253172
2.20671645617
4.70163284186
5.65918281284
8.00494708568
7.20588106786
7.19677029128
2.50749171895
5.92332654817
3.97960683815
6.67173247485
6.45727348772
3.32881295874
5.31557455697
5.40088112496
7.59625933362
4.79797002606
3.23848271343
4.61409454464
7.53335578417
2.02437291197
1.808228477
6.5088744568
5.48814718337
5.15902450763
5.66780525751
2.88744575715
7.98611783389
3.81282803017
4.52718913295
6.37778421566
1.25599512786
4.14806632188
3.64174592075
0.108274046946
5.17552892177
9.09797108641
3.75392283442
4.60470928131
5.06678689817
5.65916437424
4.08241626175
5.02263159059
5.8857798579
5.45088191501
7.07980155084
6.51692833541
4.17328283527
6.51371441196
1.08828348861
5.78798912643
4.61205221589
5.5348453308
6.76947427713
2.45174672139
3.08977693836
4.03057757443
3.73844248731
7.60733009589
4.84941088888
5.49030703935
7.86521102934
8.47889340465
11.0300254768
7.12227034883
4.65631077435
3.21043398783
4.87778989641
5.19630613025
4.2432415061
5.45419294513
8.83504897214
5.30468326422
7.29237484878
4.35988838252
4.15266069629
4.332732171
3.39787073645
2.95005505838
5.97006226171
1.67636654868
2.32604077276
3.22670672761
5.77104585634
2.64488953575
8.67462318902
6.78770611747
4.57780740249
3.6428318284
3.28854995183
4.49473361894
1.92772978192
2.11157992187
7.08369488811
4.10354678875
5.40150023343
5.0112599145
6.65075966808
6.75258308351
6.1378016518
4.45226850773
5.78137393294
5.43065224887
2.75216989078
5.8771067544
4.7050854514
5.28752871006
3.66283695612
9.5372510193
4.51204192885
5.44877913637
7.40878177802
8.55589359015
5.66150393135
7.43905288138
5.85393343767
3.91786717885
6.69176983578
1.81379572948
1.97653909177
5.66319479387
5.99947489771
3.83222826411
2.56184279726
3.5500522767
4.38528355069
7.26273728136
5.45420251816
4.35733316236
4.43416241543
5.99860048802
2.59251849059
3.58606752079
5.03346363946
4.35642624407
7.16739347473
5.72704245855
2.25850103627
5.81651467643
6.58864526065
3.78650192414
5.9587524491
2.43284465283
7.0115140461
2.74954018672
2.81995086336
6.72677628214
5.60645784804
5.19019196919
8.75021387283
4.47397586085
7.02732384936
4.97018982591
3.10570055455
5.48622148246
3.3180975486
5.72831512046
4.69023323919
5.21406754299
9.9843480661
5.76241676212
7.47857493568
1.15417866529
5.39863881672
6.44945589228
8.41600895867
6.7674222667
6.88778929911
4.56048694019
6.72728230688
3.44376845064
5.80829903647
3.99962623198
1.79578552796
3.071953315
4.8996980753
2.15770102097
3.82666992611
4.80046974254
3.39900096557
4.00953935562
8.20934076306
3.73785517278
9.33188179096
5.58408606658
4.99463574135
7.29342916676
2.90528939201
8.15287350044
7.02438444749
6.4661024657
4.65005611724
3.67096216631
4.61185014036
10.5291124312
0.131881419669
5.09959779915
5.60305949876
5.26170514417
6.41742737297
8.13634714239
2.05581094318
3.34897617968
9.07712623753
2.33131141456
5.37100257551
1.02831011544
6.88638620663
7.76164051392
4.80314597559
7.09539879473
5.8531977459
4.57978573276
6.81088019663
4.54032848992
3.10625159575
4.4871859324
8.17863470941
2.64785421799
6.63758168816
8.52641198448
3.88480050872
7.23535275295
4.10045551684
6.68336115004
2.24823466467
6.60147977792
6.26602430482
5.06678148191
5.32439323489
4.28030703483
4.70201140208
7.13627119974
7.51985754434
5.35398477616
4.1450306134
3.25728158856
1.59951646741
9.88258766856
10.3369285051
4.73052103557
2.3014791112
2.52467653068
6.79540015419
7.12265090344
1.4039263459
2.41609942951
3.0128926612
7.22368981538
3.12945815075
5.89387258907
4.14157170392
4.3094207
3.79081057899
3.51499884887
7.48030039753
7.73485119532
6.69935981571
6.53793837162
