1.77927450991
6.56190636733
6.05413341544
0.964097571023
5.44898044914
3.28161096871
2.40115118352
6.9502291018
2.41239813668
4.60992491533
4.44367284174
5.18268401952
6.21591563764
3.10591687028
3.30598011375
4.74548843439
5.56731011973
6.458111374
5.5216608306
3.75733234743
6.33696174538
5.22117701673
2.80262936359
3.385877072
4.47301360999
5.05582748917
5.98365088648
5.04284530352
4.67906344082
5.49280478447
7.06840952741
3.07925581249
4.83696901093
3.45479043039
3.30386716035
4.80853593258
7.96689808086
3.39647499975
3.93480369352
6.59937786963
6.87120927528
2.51958726968
3.65230064061
8.60100258404
2.44801925657
3.83209094636
7.58082817819
6.85040237992
7.30864877541
4.7198836668
4.91384412755
2.61776462585
5.32971565197
1.65876774044
2.36508928801
3.72058344081
6.42889694688
2.548713112
4.98090037636
4.8936213035
5.75526843608
5.98076509286
4.90499767781
8.26485584552
4.88218997512
2.25688362255
3.81778054076
3.78223096022
8.26442001028
6.9024767727
4.77670046513
6.62028722053
2.84072547478
5.54016606401
5.66413281918
6.88136852216
1.57932361146
1.992296969
4.57800740162
6.44236030027
10.8840308925
5.82687482601
4.72196398531
4.66488026597
2.22668705792
6.53341960154
6.69444734477
1.64496075815
4.43949056176
5.9466014561
4.45968644126
5.10234799321
5.31228646926
5.98988564523
3.9747004683
1.93489433228
5.14843849215
2.38449468116
4.8976094008
6.21431155891
4.18701669856
5.96281012084
3.54487935203
9.29390594537
3.79365304802
3.57012360694
7.21775725548
7.46039584027
5.28692539471
7.49745465202
2.58226965235
6.77148212891
4.87118670344
1.74074844704
2.88043344699
5.58457008066
7.30564802236
6.33818864217
6.56939379635
3.36798770236
1.69767955712
7.61670141329
7.99249875291
6.36066656347
8.25845872074
5.12647577685
3.17265476235
3.87564541149
5.5481795181
2.02934153331
5.10130949188
7.24460691616
2.90819814795
6.06191342026
4.32887856363
7.0586641196
5.97048492974
4.76896383678
2.86485086783
5.4221484716
6.30382209672
7.79888025739
5.22301580892
5.81360055728
4.25313147829
2.74571794825
4.9792340323
6.54793337476
1.18887666486
5.18124797035
8.37224719902
8.32261814943
4.92153981339
3.9971193652
9.8084372726
1.92820721378
4.45573577371
5.44212996743
2.48197517336
3.7487473373
7.11816158817
0.0495709534527
9.03693324976
4.73999956936
7.18902537186
3.44956623969
5.12301771721
2.99720643055
5.71256212351
1.78537512908
3.91515905987
6.20298431993
4.17671805962
4.16265359784
8.97780040627
2.12849377393
3.31094112155
6.42778292053
7.20128923655
2.96877732966
3.99557556166
6.98664701978
8.35012373249
7.02977819308
8.51166680597
6.63177004592
5.2018239657
5.37626241475
7.77008033093
6.97311524861
9.6040214514
4.5617328774
8.78258292693
4.55852044826
1.78878782867
1.87700724311
3.34867421775
7.3628370182
5.07671437454
6.38772218283
5.79862178724
5.00948440951
7.92579283963
3.01707141389
5.0294959531
2.88460355508
1.69859304695
6.9322715219
4.98353959855
5.03410895728
5.68458073619
4.28190974456
6.60379965675
5.38178962217
2.86873782446
8.62731995149
4.09757324974
6.99902622945
7.55649620945
7.26942239297
4.00215391206
5.01320374027
8.15193365075
3.06498733579
2.05327832353
4.75655350318
5.52683248512
4.74949763563
6.33146712308
5.89363707183
6.50510330325
5.21311282849
5.17123497471
5.42180869045
3.42643029808
4.26180402661
2.59580979533
1.8320766235
5.62873679978
4.77785946403
3.14753516786
5.34357651688
4.95605867882
1.52551069425
8.02637821766
2.53575738188
4.64654498924
1.29567545546
5.09466566986
6.73752760493
4.82784378584
2.98178037081
3.12351201887
5.59282047636
6.28912760812
5.32005478745
6.02746772905
3.02786003299
6.33230604216
1.4423753375
5.09204795326
3.39687212489
2.77705394118
4.05275652135
7.38813904773
2.94932776678
7.27712692712
5.65771002495
5.73987147465
2.49746146303
3.71856145144
3.7821202247
4.89768077647
8.00231283837
4.03163890085
7.5016461213
4.79781554776
4.25040163411
1.74786362714
5.45043501191
7.01956935748
5.98200116024
4.17730358549
0.985968224214
5.27904993667
0.125846256844
4.16444695469
4.59860654798
5.40223891771
6.00178560261
7.87878122389
4.66332759455
5.05320039959
5.91149747204
6.49340735474
4.67742351086
6.88315591793
3.44598333675
3.56075797335
5.02555006205
3.50945639396
7.36524762001
3.57430475936
4.32154211357
6.34401620658
7.19319754459
1.82583780922
7.03597663451
3.87214223165
5.68523746627
7.21271547373
7.2449360431
7.29860802238
4.68126377465
5.48229720245
0.739085355942
7.06129916302
11.3255271572
1.5126083035
7.77745743878
3.55704824189
7.17028026667
7.94769523453
6.50391340116
3.89543757441
3.94696724052
7.9713790927
1.95356804965
4.98855104668
8.98595903418
3.79668088583
5.72357602511
8.70867662023
0.419757429217
5.7772086999
4.74735547449
4.19680844523
4.43082586378
8.07828295113
5.82522360179
4.37582557661
6.87175515688
6.60877993653
7.13690382165
4.81685858318
5.12032133738
3.60201823964
5.72632875159
5.33510251109
3.43428091745
5.82589316114
6.8986397738
5.33623218505
3.18992351514
3.02601530399
6.5189579514
3.02452003439
5.53993115616
8.49129266323
2.49907135587
5.23797861963
3.10426046305
5.92390845001
0.236400201342
7.37276135245
5.49541176516
2.61738648335
7.54443731073
0.0957509443482
5.70824365988
3.48753401392
3.87454545199
4.34224946034
3.4146673038
1.1855397558
2.76064056966
4.67454841514
4.81983855172
6.41934430943
5.86588599964
7.01663469246
7.96756637382
8.87731360651
4.52722280538
4.03875758179
5.34775436831
5.9649284053
6.64712366179
3.51836923849
7.82418651553
4.91458825434
3.60086026373
4.84737646809
3.5942833746
1.96109485363
5.55082387248
2.3978852694
6.83529723839
3.14871795049
5.02961074692
9.59539831379
4.57100635208
3.61198526412
3.92657174174
5.10407700904
4.46195984527
7.36419696799
8.19320989452
8.26266888327
5.21730462139
1.75037487971
7.24742026546
4.62622836715
2.30306524262
5.30521308299
7.54955945423
8.78837527441
7.65656109267
4.86410148162
4.9429584278
4.05176607358
5.35462093856
5.56560517833
5.84393173747
1.09791660246
5.49995669037
3.89959967722
6.88093111309
0.901813828324
6.06240842734
4.42744122124
6.41286267424
1.84275668652
7.07659440423
4.62243791561
5.37452862612
8.10359403861
2.81798721464
4.88141926914
4.29968945331
2.2938403543
3.54060645021
2.79552490051
6.42164543291
3.8210384595
7.5863145923
3.24200247494
5.24398269263
7.34741949684
6.52746324039
8.3829954878
5.97997559501
7.29159565341
2.43862076018
5.18626365514
3.07740885766
4.96626571437
5.20790210521
5.6111464658
4.62974415618
5.09564499148
4.02051110383
7.45632304812
4.21754054725
8.61760838619
6.50564665132
8.36550900832
6.08662537866
7.75370617441
7.2296197215
3.96906029722
3.6165962263
2.15948650756
3.86226539069
5.0664175802
7.4651867552
7.53957099665
5.58476829286
2.25663799746
4.12271962977
5.92476810054
5.1020894704
1.39102800155
6.28896394152
6.60618660653
2.68900902738
6.92911767682
5.00575597132
2.43012737344
7.56775983515
4.87601943287
2.68750708444
5.2384918838
5.36020227808
4.1495178112
4.81263534286
3.79514979109
3.58370802532
3.46773630045
6.78424891496
5.00499760146
5.9603424071
3.3081326099
7.12096644747
4.88050782917
2.62436641733
7.79785602141
7.723245534
8.06545947946
6.14033507463
4.26840930068
3.02106909344
9.63438137037
6.51842483489
5.02098554
2.86069899007
4.62133550268
5.29795659274
2.43868534921
1.51780033942
5.60674773025
2.56904742591
7.79532595872
5.85659415949
5.61215198418
4.92731977061
7.57426228787
3.26434638946
4.4064633938
2.30280339466
4.15629422119
3.7051344643
8.35468508266
7.01960522628
3.24478914883
5.26495944537
2.21056340025
5.0836568276
5.3271475289
6.52766272655
5.11525470719
3.47680744187
6.19073164211
4.97525655142
5.84033551684
3.72338642664
8.41722038718
6.67479827362
6.80512689677
3.63487526463
4.44946638166
2.69062992489
5.8778346907
4.67738011836
4.55886981831
7.64064696955
5.11830885973
3.99473393424
7.40465195111
3.73248593289
3.73842791763
5.03667283603
5.13361328934
4.48603869186
4.05311245337
4.33970607117
5.41330705051
5.92347122692
4.25491344153
5.15994408418
8.19520624717
8.90434500534
6.91220054872
5.27478836586
4.17996367813
4.85907965717
7.0878987915
3.63546517193
2.11411890927
8.57138133285
5.38487166556
4.33573516096
8.84409376713
2.80206804265
4.99961765785
5.87331754238
3.46938612473
5.19246885755
3.59444764901
0.684700749587
1.60622499614
2.45665730137
1.578666982
8.99723433443
4.53295884676
6.86907407391
8.22004003181
7.34680184799
4.82207957386
6.36231269039
4.37787960957
4.76608560282
5.87002910492
6.92057253185
5.42734186678
4.54486923212
6.83450844291
2.52474393106
4.81584263064
3.13084611396
4.6163296603
2.40813102595
5.13246617252
3.93824634875
3.92438704082
7.49997286387
5.52620964024
4.74781736223
4.60061776077
5.68515311094
5.87940343889
1.36845053187
4.84364485565
3.5494272182
4.19186743242
7.86029902956
4.33607840508
8.76159838663
5.49694759589
2.61505050555
5.08101454805
7.95237414342
6.88351962977
6.6105341422
3.30994612776
4.30724369507
8.60893450851
4.84364440406
1.47657029318
5.66941681265
3.37303348755
6.26523531592
2.76348467118
6.63337624115
8.23385605662
2.86398620491
3.80834376214
3.63089326826
2.41074234497
4.65801851158
6.01397489203
2.29031321464
5.78777223813
6.28583745433
5.04004306347
7.42642131985
4.55281367749
6.67333348299
2.5805557353
3.71217157422
3.46310119968
6.57325882529
2.40972110147
3.73653753682
5.15206928831
4.05183581646
5.39471485949
3.40375476005
7.06293952391
4.95496023648
7.25762229125
6.89882605334
4.23603292377
5.09180548162
7.05326271275
5.50689775001
4.43022473621
8.7147368281
6.14294514342
4.84764627496
5.7913625258
4.71029984025
7.07758814389
5.9256796863
4.43373649433
3.40695058092
3.10526151622
2.4583687091
4.08011715086
5.39978297633
4.70310327309
4.76998741491
3.13481605123
4.22524454723
6.09875203069
2.53914889228
3.95451537654
6.25259936521
6.56093766771
6.58114223033
7.06900365216
4.28574374765
5.85438016163
4.3710096677
5.94145737305
5.55035573969
4.12730120978
4.31545749332
6.16857621243
4.04013079982
6.16861435024
3.92284453417
6.73686286985
2.91962888455
2.96088797636
-1.0510603214
5.93056069084
4.49517571707
8.17188198133
4.33585884863
3.4557717668
6.38582770977
1.02558196916
4.8066469061
4.16612379665
5.51792669787
8.10676149395
7.70735044576
4.29081155387
5.34551705431
0.0801725527799
7.43194469754
6.38871058538
8.36226695628
4.54832069544
4.19187235194
4.87612783143
3.09981718012
-0.681046146174
6.39300296638
7.73831773095
7.70105293559
5.16559523679
2.62878698313
5.21573725147
4.46162245861
6.71075771203
5.73351373116
5.01803361768
2.25516868543
4.88906689999
5.5490906649
4.30246131024
7.01718098875
6.83090301205
3.4376917837
6.74800923572
3.82026453894
4.01335731276
7.07166822514
5.20931540942
6.78200372712
3.48227915438
1.38369042617
5.26289262909
9.33413327596
3.21649298712
6.10844380819
2.19803467265
6.33636079483
4.76658010163
6.30093594355
4.88906055505
3.85032595066
3.15778459442
4.14079441289
4.33634061772
4.90478771322
6.03908081394
2.33524893277
5.73302688713
5.36715959717
6.42631928085
4.79644384449
4.13295786692
3.63585483565
2.49082093229
4.15943602066
6.040838103
8.51338049788
6.65574467164
7.28843756914
2.37211580154
7.88994084959
6.07538842503
5.37090947277
1.95593614717
4.01919706257
4.90912774237
2.62483309554
7.75885583682
4.47728500295
5.42428253526
3.36022979573
5.7010210384
5.63169911764
5.22327417317
3.55772358885
3.63764015832
6.86239229081
4.07470902984
5.1655633615
4.8050599894
4.42881707917
4.44222666572
4.82760985468
5.13732099277
4.9524857232
4.41595110511
1.65867330038
7.47820686288
4.02827618599
6.03358359673
4.65398574289
7.68516324171
6.17264228461
3.5440880904
4.74220086246
4.72646649603
3.42477603555
4.12689146629
4.91474242274
6.9560207082
6.11437728628
8.38610563736
2.71347576979
4.78286674815
4.98781490499
3.93856370882
6.06462119379
6.84602764093
5.00567668028
0.739804918571
1.79958887794
6.25940492769
2.11615462968
6.87430051159
1.83631864795
6.67880365587
7.06699547904
4.53551195652
3.34806235712
7.00880978271
5.82361373939
9.4310345603
4.5931682326
4.63258803592
3.94436075487
3.7868868569
7.13226949692
4.51595912466
6.57563476362
7.12016827141
9.89307508952
4.46270770318
4.63006670275
2.44401124876
4.21733241222
7.89677121785
7.36576839328
6.24334215821
5.60145962622
4.38765871119
2.27968131517
4.02576667053
6.65784966332
3.24852591224
3.48410539775
3.80825452973
6.25610060218
2.236148391
3.43882027163
7.49500180079
3.91214215535
4.08186272543
6.8221924004
7.37237684426
6.93990756347
2.49206747675
5.90174911289
3.80287501279
4.70695574908
6.22924987159
7.75565796827
4.96430029627
7.38840458993
7.68975585377
5.33157680079
7.2329605911
6.34993338382
2.98610256426
3.66326288573
5.23516225652
3.70754961766
5.26617874526
7.05579612726
6.45295955833
-1.09455452429
5.05298785941
5.84705355352
6.73133151654
4.99576522907
2.62232304082
6.56600092013
3.27167410639
6.53816820277
4.31110911329
7.94414647654
8.81240828232
3.14958093885
3.9910377563
1.75390580146
5.52997366378
5.45392489313
4.64658048069
4.72871616651
1.86799489562
4.87078349427
9.229086979
6.73079580098
5.77007389823
1.36421397019
4.81760078049
4.3812312908
3.56178052057
3.10041281555
4.49446307186
5.51899433248
5.17185206596
4.88035263339
4.50590476099
3.51864426204
3.6170180051
4.16213644496
5.02783717122
3.02617853005
5.34821628814
6.38503014792
4.48859652517
1.21346107931
1.8618825189
4.19791413406
4.50599966673
5.23914084083
4.33824832694
0.898685946283
3.8066981825
2.91033772445
6.63720392333
3.08890897714
2.6667517014
6.47711844768
4.18504681638
7.58440970808
2.85575327845
5.38144817846
4.29063233543
5.49637012859
5.85449007158
7.58729301242
7.26819370741
1.93798218389
6.25574115252
1.07073574053
4.11690703751
5.91624751715
3.6600198805
5.15930380334
2.31360133207
6.16438780949
4.37565633323
3.2605027322
4.50860601327
5.15298844746
3.64296511713
1.0835631591
5.41217926655
7.31695073362
4.00156466595
7.29136173001
3.0037596203
4.48897641782
5.43983791212
1.04530072789
6.02786618304
8.96705712979
5.63598188042
8.31396434422
5.16429906069
5.53937531404
