7.04415910579
2.84139847481
7.17870531148
5.10554987235
5.27637771392
1.3033845715
4.80521906858
0.665694199279
4.41444908598
4.37878552775
1.01834831271
7.21377666598
2.04274095842
5.546056209
0.815977139103
1.28070797513
3.82890137522
5.82592387228
7.68535951836
3.60934973696
4.92854773665
2.78061379652
3.96537767415
4.518360658
5.36294684845
6.96893277171
5.25511155625
5.55361020212
6.57563712136
5.54670367557
5.63995747745
6.37152816319
6.64771890482
8.1527136301
0.158081864697
4.10573750981
5.09458686498
5.00607467389
5.96162500752
3.16878564202
5.64752479825
1.63754074669
4.56731678707
1.62214142757
4.07981864048
3.79733529771
6.27850778091
6.62822518317
6.9116849096
8.870754605
4.65712836059
5.83129309365
3.89420259191
1.82514586711
6.39797694957
5.93560315718
7.02246401983
3.15349916481
2.3673602112
3.62135690997
2.33278557336
7.3526708806
6.26730920252
1.42451929581
4.86329167989
5.07086819474
0.535091063854
9.68943426484
7.21582030665
4.38446758327
6.16667212042
5.05563950302
7.49900006558
5.42687351915
4.88121091612
5.69859065065
7.47298609975
7.37608507824
6.80336283114
7.5245026265
5.56823227634
6.3829023189
1.82359024021
6.57457791596
5.20898470211
2.5252379447
4.97733173206
-0.55461375353
1.09215137899
3.97739003789
5.89877923137
4.89096487352
3.29160719084
1.82346606718
2.90020732235
4.72715963744
3.86507339071
4.61833570934
6.28678919442
1.84238543016
6.13213568903
2.14193085384
3.77934672584
2.03124823556
1.51157906599
2.20964813653
7.48204087196
3.36356851863
4.66043065519
8.70423700877
4.86791678059
4.95102798269
6.71916662442
5.13082333958
6.08655961498
5.63494527756
3.21093581218
3.69710727321
1.21710456058
4.5277367046
7.20344399916
5.09074437443
5.94651966384
5.13801465117
8.47791089934
7.27373145843
2.76584235088
4.08754711006
7.5692180277
4.83397231568
9.59594398354
2.41396557536
4.14166938587
7.25346762025
4.75586168644
7.19560737575
4.51473974339
3.70209176172
7.04065797149
2.03505206014
4.85882049015
6.12081221133
9.31099833558
7.16575153027
5.20881940011
3.36024357701
2.24802967442
3.91716356978
7.8962958905
5.06067841535
6.56875490757
5.49296196617
5.3393820087
2.56974247361
2.99682261889
4.93670773975
3.21978239154
8.20071872777
5.08614117845
9.66603285396
4.40080506454
6.30950326665
8.41374869235
4.95455756554
4.53692709947
6.10489559559
8.66625885096
5.46723577016
1.81138241297
4.30429883566
6.72449705595
5.84508173818
2.90102489196
3.40492115457
3.35499174656
8.14029663064
6.53878381348
3.55158411875
6.72687443691
8.63553179852
3.07875026658
1.84095965422
3.69001278397
4.01251854346
0.837874803454
4.37842599211
3.01519381565
2.80540774292
5.50217162372
3.47958910997
3.21949086145
1.24242004588
3.7871345916
8.07037154194
8.82055975378
3.16602431655
3.82977405173
5.54739832022
2.13242238423
1.7127778587
3.33653188786
5.27862576685
2.36316349362
8.24880942938
6.24093415668
8.61012213373
4.5388029513
2.59097797387
7.00832587671
5.74964757449
4.27503866162
6.86574467157
2.06321772864
5.92119137314
7.12485396008
4.01079075012
5.30376689666
3.29669102872
2.51902562518
5.61974141239
4.24716158362
3.54060014199
3.37882963462
4.50362804487
4.02939871298
3.51239000171
3.95612811397
6.71902443753
0.844014885807
2.86291550131
3.5916632906
4.68624128329
6.66200231637
3.30666521264
3.82849448472
4.2580109519
2.13176391833
6.92980539279
5.05639770697
2.6740102019
5.63869004479
8.01617868426
3.9692053089
8.5141818129
6.83770254
7.17014065951
7.25520675253
7.29060272181
5.38719526662
3.08140501335
4.6808823091
4.79242914909
7.23031576326
1.97930058809
2.74225363223
5.11724060878
2.37464680883
3.19652249527
5.02018200758
4.53482274174
10.0520030949
4.09227746623
3.4866118674
5.33652212875
1.08792352803
5.63704054618
4.80150073181
6.90221181344
4.16750577726
2.0887817803
6.39397670893
6.06422589594
5.03931850182
3.10463821057
3.16448631342
-0.024965511426
3.95829871818
2.09530781449
2.40117823037
5.42386006005
5.31436526683
6.27503781099
4.76881968996
5.19806482656
5.40892072833
6.12521217425
5.25375384088
3.12689421369
6.07582017652
5.61895539443
4.47008972911
7.9680216081
7.18557168659
7.9548751792
5.503418143
7.83278113756
4.9601885675
5.69977064206
3.36332081001
7.14567223554
7.5940607652
2.08343308708
4.8827934998
9.06065368285
4.87318732679
7.01136653177
7.16299710525
4.32214240259
3.46998280836
8.13154239938
8.98225223153
2.1484287994
7.7774486234
4.55569812741
4.18871634631
3.76032061688
6.37700388685
2.98353064091
3.68968545333
2.04999904309
5.47074632078
6.36370053823
5.25153212215
7.60892367173
3.47010967177
3.92025518739
2.94645481137
4.29042428743
4.08142036672
5.3408364713
4.78597575956
5.13420328667
6.98972023623
3.59475697684
5.66913258084
3.4947219076
6.6402103667
4.17942146226
6.84736919618
4.80123643353
4.07220182018
3.94203638852
3.04442328055
2.64782575436
5.43464512636
7.75174479608
5.60219293022
3.92071471599
1.96987573006
8.53224654931
2.31087233876
4.93790958588
4.40504997826
2.85466212448
3.98970653389
6.65006137565
3.24554991718
6.58627247703
2.02015435808
6.93679351629
4.66224507031
3.08699577763
2.12149283413
5.0562271845
8.13922853643
3.44805465967
3.95507584677
5.01460185701
8.79612697869
3.05003882539
4.18636753713
4.88741277663
3.95695840143
1.34566610011
3.23319551894
6.44375394138
5.73504496898
4.78683242782
2.73346071028
1.56569728952
5.74783988475
4.55847923104
1.22100094467
7.2494085155
4.67898358259
7.56130085993
5.33145895715
4.02955250371
5.24022518739
4.00590943319
5.07381845499
4.55315976452
3.53515286274
5.12101565176
3.35434552005
6.94490352403
1.89526684636
6.46531396035
-0.39196524831
3.32204468903
6.44704223019
6.08404055782
3.80744435156
-0.129930187395
8.45597097858
2.7083434483
2.85876139793
7.57326382331
5.38560765689
4.64800224379
7.12985099832
1.8787462983
2.50787508756
10.7336536652
6.43479321262
3.9321294304
6.82416608267
5.8312809383
7.33136699089
2.13491777473
3.76923195116
2.37790606327
7.00621296662
8.07236797802
5.29547505859
5.95731831751
6.78223616156
6.66455215555
2.27247750605
3.03404148484
4.1892223898
5.58562175529
1.27758593521
0.253657934849
6.53452649811
7.79246911569
4.5973617142
7.21774694201
5.87988687824
6.26587818625
4.30279174369
4.9616110707
7.47119398813
5.90137933094
1.37643641914
3.31801696479
7.24971870393
4.62842701513
8.84574681191
7.09407189254
3.98957185737
4.75960496838
7.20070220527
5.69222764137
4.06217564554
5.34310778295
7.05800063204
5.46368222474
5.36041327615
2.70224044012
4.89153696663
6.8450046117
1.35772515335
4.39338427729
2.55417532656
5.3327005115
7.87890634586
4.6647802363
7.68275154794
6.75077052565
7.0337704255
5.32333694811
4.66627031728
4.95409669629
2.94655789341
4.04656636321
4.96236657015
5.96529054709
6.08276702597
1.40167101113
3.20966600962
6.14180574013
5.86693323784
8.01222765155
8.10155230681
4.21828570738
3.21307231119
4.21577801738
7.44987085738
5.38470442585
9.11612904955
4.33987982064
4.40807423172
3.0411797968
2.33302608848
5.68430309562
4.98038343512
5.07113080612
7.36615057777
5.99522441061
4.92096757952
5.54157718928
5.12430736924
5.46635651711
8.12647078924
3.63439416622
4.11323359617
4.60365864571
3.93464816224
5.93513621465
2.99616194801
4.4357451712
1.25576143073
5.12684430766
7.03396806489
8.12520467532
8.28969856128
6.87526067421
5.43858818195
6.68756329555
4.55299627037
3.82979326342
6.96882501662
3.76429135732
4.81230153692
4.7476804491
3.13544039116
7.73842696484
8.16711331148
2.79349360919
6.39097248896
6.55960788049
1.98892365762
6.92100607157
5.56069611489
3.46994214492
3.94866309386
2.89843336725
5.14231741558
6.59344329222
7.56808769725
5.63145971236
6.73263379477
7.84603314404
4.37758051788
3.86220950648
5.45858830082
2.66276494578
4.53337926154
6.0413734491
6.38871997295
8.06608488355
7.0697983422
4.20308381302
8.93595997272
2.09378300199
7.12742811171
4.65974245191
3.65679953646
4.95299754439
5.09652192113
4.07850414942
8.46079359237
3.17346596145
4.84523137405
4.56249469132
4.95380604313
3.98989043302
3.56935954167
4.91809238972
1.89026648151
5.53244994472
1.1154601106
4.69824990019
2.59686331445
7.96605438428
1.57753441723
3.69157681929
2.17252211262
5.88601631878
5.610136741
7.69208590253
1.43710369464
5.1857515488
3.62605237199
4.89551912743
7.75491125651
8.96173633266
3.90724867342
5.02811112292
1.11331845087
3.69472530455
3.52826858396
6.51477457213
4.3198367054
4.79613150469
2.73216225732
6.64665485513
5.59883328566
5.95749065667
4.98031745808
9.05161738766
5.6009908568
5.92171386056
4.96629486186
10.34582291
3.58394350775
2.58536352712
6.03518910298
3.37196895585
3.2333500737
6.03144027499
3.52507808382
7.18874046483
2.71593690225
3.50186666625
3.96221697735
4.47168269351
3.93370510871
5.69355961207
8.19118366891
2.40443887135
7.08956694069
3.74571222139
3.1084244227
4.80498766422
8.3005075463
6.99578851327
3.22738239803
5.44579733999
6.28856164178
0.727931773878
6.60223131905
8.26455607208
4.53372249547
6.28589616425
6.22678128684
4.49021124897
7.19262761814
2.55798407676
8.63427491756
6.7264981291
4.59287532214
4.55619981507
4.90763070312
3.99228236228
5.71418201246
1.87043327686
6.3958794807
3.85506772585
4.12084365038
4.30966295044
3.94406113679
6.47631830659
5.59658138316
7.63742160256
6.85529239841
4.12873182105
5.47023695116
2.34032786532
5.3156253118
3.55177955148
5.30107915612
3.49186478766
9.33594348444
6.74864875847
5.7546455294
1.84325281759
4.75019324342
4.12665418311
6.36020963631
9.62317686191
4.06647160393
6.37093433944
5.92295193858
3.51884603866
0.337409431214
5.76906152023
2.29670871589
4.85488484528
2.57425176209
5.78061922516
3.93174332665
7.74334054177
4.29023349824
3.5804446253
3.29821252158
5.13682253379
5.52298377383
5.0353432077
5.52778870536
5.10560062423
5.63001001094
3.29343025001
5.50918364749
6.41124639683
1.16799247893
2.30068342396
6.67296754142
5.48785663496
7.81262928607
5.67296280369
7.80005827917
6.56525720049
2.8518282699
4.20170039292
6.29282719346
7.25627923466
4.74622870657
8.54553788825
4.4925117945
1.62387401098
8.05756351199
7.11869501283
8.28607848128
5.57194162325
3.05556597034
4.37027591144
4.01168732503
4.26677590481
7.15976288346
10.9394546333
5.58656770389
3.52462645198
4.14168324783
4.43057870407
4.27650749571
4.94822073964
7.82024079288
2.1464716462
5.56102395336
5.24112737534
2.94990199466
5.4983610844
3.07919087125
5.74111585402
3.52493615322
3.88204958657
5.77176262327
7.65322085411
3.96788042043
5.44184571106
6.47258188666
4.20063685069
8.51972833416
5.21562937428
4.40132939586
1.3256426434
1.19727642963
2.43347867668
3.64021760313
4.08102573216
4.39935545782
6.40611207508
4.77741450811
8.3717479037
3.52700967865
4.18237232378
7.85914463251
2.21800742482
5.16497373649
5.07879549819
5.57211138559
6.58844429052
5.64384582975
6.12374287663
5.12898769007
6.28714708946
2.97548618684
1.82926802452
2.29416524165
8.75206233466
3.01057451966
4.80073605329
3.23515477785
6.60616348534
2.48330131903
6.59287158323
8.4802785738
3.38264748623
3.47925371747
4.78187130827
6.74810156196
7.06852531525
6.38482342665
-0.273699922907
5.69796815297
6.01186095678
2.05523034781
3.93152329809
7.13964275287
1.80282140372
5.58155011728
5.60161395797
5.95943587474
5.67301482817
1.77370585543
6.35582573864
4.67421826495
3.20065860009
2.90003160363
5.49161019629
0.121520596546
4.76106685631
7.9866632463
4.42875108659
4.8497768256
4.97641821582
5.31432476407
4.82442883148
3.03557495832
3.08812207416
6.55016724127
4.80654146213
1.59372512385
0.893599203853
5.47370053581
5.76820860624
2.38933067659
6.59564172329
3.46187616432
6.85797590397
5.20887815435
5.84534730773
5.39256791115
6.95780900147
3.27211641454
5.06754294811
3.38265006804
3.14775038541
4.82725840725
5.27270001955
4.68090205506
6.26181942939
8.21518818807
2.33134448518
5.97645173358
6.28938357016
5.6365961928
5.97662206742
4.22665318691
8.21247812853
5.45569377296
6.22154406501
4.83121960766
3.80349504947
6.84220496667
4.93858898856
6.41617638651
3.43092249879
6.7615938646
2.50139675346
6.34769869197
1.70340401001
3.75944335332
5.16065027103
0.7783314973
4.7936675637
3.18965840222
8.62098858603
3.27610684554
3.9725343705
5.59859039979
3.17079782316
4.9538218611
6.6625247715
4.75386024809
5.70950254134
9.42203013706
3.42663265705
6.6319815564
8.38753440236
6.79985183453
4.7923117635
9.16456373213
5.51945214745
7.21397500004
7.09329885385
4.56212383046
9.30718101952
2.51402910635
5.75282019685
6.53274790554
6.3328123246
8.59220068219
9.28111028125
2.91493798274
7.85052391715
5.43547186491
5.59680328839
2.47268722985
3.1037495436
5.81587090822
4.03277154568
1.49672848925
8.81235799344
3.85625989569
3.86347143685
8.30677597556
2.25346274584
7.75433816508
2.54330732188
4.29376567826
2.26024798916
5.83842743775
3.09179088392
5.2862811827
4.83720708596
3.91169509938
4.44029172599
5.66022132016
4.15806803977
5.49476052106
2.03936893439
6.22777144429
6.38501624352
4.77367912742
6.30583301541
3.89272928291
5.43879158034
3.48480482187
5.5940222096
3.63932350733
7.9686080195
2.36706541734
5.06434263691
3.36394861314
8.69426302161
4.80658737958
1.78862809358
3.95734836235
1.67983811388
3.45092619931
6.70999351142
6.11525345555
8.51667498023
6.04288397788
3.02963363575
3.12862545214
3.22706385489
6.50839273911
1.08242010643
1.18001602169
8.0068051633
6.18808051527
3.92085839846
5.75103543196
4.25240567021
4.68050865393
4.71412020689
4.43182395833
7.36304174941
5.30704460971
8.19316108898
7.97108504651
3.31221355355
5.27620805802
5.87023199442
4.12095715192
1.69660960592
6.15286675727
4.25989786787
2.44324823483
5.80143046836
3.88296402309
9.26484470686
2.98014540038
2.96094784055
3.4874509733
5.44002702732
0.65762154928
7.01429846989
7.6081416883
5.44350297627
6.49191000036
8.88426931333
2.97652371909
0.670610906806
3.74717969084
7.69876431749
3.87895442277
4.13221404325
4.50034016869
2.88283894498
7.1937246657
9.23991178504
2.87822163246
3.09923977355
3.05007378649
5.60508607356
6.90324407025
4.65349414177
3.76152156203
5.65656643469
4.62240793394
4.70117990619
3.65200619555
6.35877193396
2.84800835112
3.00757804272
