10.3982587638
4.62795690844
6.52605570485
2.78920862208
7.38099251484
1.48188895777
6.10913868028
8.19992962579
5.55664195786
2.7561246061
4.81336076797
0.94546296123
3.50157967973
5.06169088009
1.55614165547
3.88383611812
5.40578729589
3.25823420621
3.26761252685
4.56555221342
3.52132958651
5.19635349699
4.08886746855
4.61199846246
1.19647194324
6.1292685982
1.97521171201
2.53955464172
1.66184445756
5.65148211461
1.95017553393
6.43028997117
4.85790785059
7.2560313262
6.08393727486
5.52802086457
8.3409050024
3.83855088109
7.90621303627
7.94375526604
7.34714884882
4.37815247852
6.63721944759
7.71365807835
8.35407384071
5.83617115129
3.26839331089
5.70123832554
7.33889494183
2.23591773544
6.04586177541
6.42985588773
5.32428818146
5.8455433977
6.1481394015
4.55348690108
3.09113874048
3.73415248302
7.82076049963
6.3714349089
3.63094964302
4.83946571208
7.0435852635
4.50635533788
5.29881994912
5.11082849599
3.88370700466
5.76643852148
4.54244263496
3.80685626826
9.22944426821
3.09879647182
6.77712278116
6.59654210302
2.72637319806
4.42960579371
7.51167653307
3.68110840183
6.50521047335
4.0640669038
1.02817723963
7.505621003
7.14653678857
5.78490785834
2.45189955424
4.06649401419
8.75855708459
8.78299234244
6.45329607412
4.47576564279
3.0355594808
3.19630488244
5.59862934703
5.59873216309
7.01160734267
5.10299323291
6.01995996583
3.67254670536
2.86084039838
4.32734285623
3.5904667479
2.57776000507
6.94297422681
3.34682602704
3.43573160657
4.4222862596
4.7250524785
3.42961014243
5.70977962378
4.96887989668
3.45950842278
7.11043196644
3.34257250406
8.6702287427
7.45998916721
9.33303418619
3.43947370018
4.54143287572
7.40994260462
8.84691768851
2.77318134955
6.97650111554
5.65596026401
5.80672742126
3.51128477476
9.61945869848
9.19133583277
2.96403875108
9.50555682631
5.78286537477
4.44279013642
7.93945934451
4.39542601126
1.60091142662
3.63432468211
3.72675754918
7.46795769774
7.77430126705
7.50716061808
3.63299776309
7.79113826121
1.99353542793
5.23517229609
6.5573988152
5.43907774929
1.25691658195
8.49876054482
5.83461688135
4.04519753378
5.31088734676
2.87503696388
4.22621992874
2.65378065063
4.87366702475
5.06670124053
3.39320253645
5.3308296938
6.48888823875
6.80626616734
7.52103985866
1.61824448057
7.82605818236
4.35621424781
2.0812813416
4.62136265806
4.1020568237
6.51475659277
6.46509227165
6.22470455135
4.39514782444
6.20485973025
2.02925824109
6.27165220726
1.39659573384
5.25339126406
4.05815342086
4.39274986823
5.27885861577
0.816221289908
5.2364308403
5.02374292418
3.07592092387
6.6347813887
6.66823788429
7.18085006572
2.36598542649
3.11371702904
6.3403134398
7.67279244185
2.09643835668
6.43278713121
5.90866813271
3.55064606856
7.32598674618
3.57840781207
6.70262840065
8.00988395765
4.70698965461
4.49334671817
4.44370198285
7.02332222644
4.56150397013
2.45718203084
6.27401328757
7.06939175106
4.28031631001
5.16801015231
2.81740965993
7.2613652673
2.50641451965
3.83805296535
0.977995684478
3.79021679542
1.51001321394
5.0134525997
5.49739539594
3.70592545667
7.07969786621
5.85647872068
2.75575440997
7.06901467009
6.65675043238
2.79356044106
3.88582174014
8.06066180269
1.31736765011
5.74870392218
5.87162544579
4.60587492454
5.56974402889
10.1099399382
1.33508836387
4.11310206569
3.59501469537
4.90775268766
7.95195594245
5.84377266215
1.85202853533
2.39945755649
2.04637117465
6.91053546665
4.63791114383
3.23615629982
1.30505146937
6.48841769541
5.3434946671
2.21211589742
6.64094827952
4.2731667145
4.2547703081
0.440415793378
7.17266480248
3.25746140359
7.2421843471
3.80358823661
7.04550603889
5.14054874453
5.66177876963
4.46449815302
6.76273196653
5.39115593372
4.3619187589
2.46668014658
2.80728195665
2.56445896521
5.33308311596
6.14697344068
4.61294949724
4.55108434418
5.6809055259
3.33138054084
6.78052765923
4.44667049671
5.29680884274
6.04322039781
5.099934165
1.83495006349
2.73942297939
4.58897291113
5.33709193468
-0.687795391138
5.45422843693
3.73840248422
6.05709447806
6.65315546732
5.9067610377
7.23289318071
5.66547244874
5.53930226838
4.70379386214
9.97889839313
4.3784340915
8.0807531694
6.70231941017
5.65138187947
5.30297900003
4.90506992262
4.61228436484
6.04586033524
4.5736069613
4.74193034866
5.35694307524
4.7001390988
3.20911651048
5.42496044365
5.82199912743
3.26858555817
4.20222058596
3.70430024026
3.88346499269
5.36898150572
5.93748218916
5.35680816893
4.64894629014
6.24169198386
4.43151526904
7.14022413791
3.12585854505
3.4754602835
7.57623615501
4.95758448257
8.02611423697
7.17024280868
0.940785029636
4.76867507135
6.35367647934
3.41855156305
6.52037098404
4.42512176977
5.36906897785
5.49626551129
4.22953835992
3.36190045441
4.09559131797
3.91897818636
4.93746212098
6.11006330649
2.4263527094
8.49851655093
4.30172203876
4.72581624794
4.06195011763
3.53363160545
2.04243588215
1.33913607868
6.40261765929
7.27784507575
5.99798357721
6.25484298237
6.32815525965
2.3669375602
5.92763084815
1.10712512639
4.06869152419
5.47763265984
5.07790740629
4.07652851626
3.38515152989
4.51362309883
3.99596585073
4.91971522021
4.18178202079
5.90218208465
4.17474220109
2.20582696755
5.47483648916
4.81820927423
7.77063411862
6.01367250211
4.76797721315
5.51121758531
10.2370010691
6.23337369535
2.15038054953
2.82733417363
5.93531808244
4.90824170928
4.06556832619
5.30897397059
4.17046309454
6.1414523024
5.28255463445
6.60831966327
2.65590481783
0.529914507934
5.24073494421
3.88595681053
6.82016803801
4.41591625831
7.03873693948
8.737011669
2.53528196341
3.88689827652
5.43267794171
5.65186659693
2.48750486408
7.44391803384
1.65721882409
6.00081947068
0.522579081007
1.18212297251
6.83583926538
6.06001989595
2.04934904526
4.0389165968
7.69081964615
5.66276951678
3.03724568483
6.30523683471
1.80370156107
7.49346190852
1.15503605934
3.61387745371
4.39546317039
5.07531859422
5.68465786184
3.73268554953
6.70707611424
5.48135617205
9.19274264475
7.05537179206
4.33197710924
3.2973221772
5.88038943718
7.00828504456
2.56668833651
3.02286966073
4.08864071082
3.70685912365
7.92840071689
4.50444272518
8.47123793302
5.76621759019
4.80287598054
8.35631242878
6.0037615403
4.98870889535
1.36486718795
7.06197453393
5.69466938771
2.43667136212
4.95673141809
6.27042145645
1.1838723456
4.12605188245
2.91154057285
9.27546258023
4.07800345419
3.76736867754
1.66370063044
1.00651370539
2.20992685458
7.99310519923
2.03930309109
0.742210035275
1.36141026724
4.7730965755
4.73109799878
2.94863778443
6.07138041637
6.11030314705
7.3215978149
5.07930134498
8.1505200019
6.18704603303
7.65775600635
4.21415246191
4.74753208114
6.56120528437
4.0582048135
2.90396272758
6.77619683066
5.71090436223
4.76271423256
5.87752963527
5.65326663647
2.83997875845
2.92819331464
3.93549769527
3.12230802037
5.37480253249
4.20286431409
3.83098705367
2.89030830831
4.3702085746
3.09338304963
2.72398679975
5.14343642835
4.19453888365
5.19028566683
10.6558602344
5.45918097534
6.10299008933
1.99405274583
6.7844154034
6.59321054181
4.05551708558
4.83904074862
3.72098422268
4.73797306591
4.02150291296
4.27792211968
5.27040194522
4.70364481941
5.01434009976
4.77125990963
6.77988904007
2.72370508197
0.607167753081
2.08252780234
4.46324868342
4.34041128637
3.52039587167
4.16634721805
6.6108178229
9.23436460015
3.98069174784
5.00380744393
4.51736245122
4.58569835503
5.38010753178
3.17100886486
4.33906639351
5.21802494455
9.27558082313
3.22698601202
2.61388656927
5.22552603408
5.17762343777
3.17242320709
2.89738368172
6.55587785357
2.78413352792
3.85339592145
2.76094867458
4.41015309365
4.9897512669
7.4287345003
4.43912638813
5.75913584972
6.90045590771
4.60106502023
7.4978540129
4.70731858545
6.00434556496
1.92528861695
0.0937733326322
7.75408094201
5.85295112643
3.12995278332
3.81571985722
6.80778800988
7.34014649386
5.89762971836
2.75878062603
6.51169225664
5.89047283689
2.97502545181
5.97366765502
7.50420999011
5.46391653289
3.60983669549
7.87430203721
4.06011778372
4.22480560627
6.48459016701
3.15902825434
4.37424106795
7.91277194037
4.84221214669
2.8494096779
5.29053270544
7.20207561432
1.34909625998
7.02234351864
3.42126904014
6.17493842276
3.81323598113
3.91923150735
7.3554657736
0.400162487408
3.51992959032
7.17409021964
3.58945272061
5.11304758462
4.3993524493
6.52368118231
4.88534068438
6.73443569707
2.38242668311
1.90406529998
5.53431699647
5.84667843628
6.88336759763
5.34050082457
9.67550055479
4.56851840299
5.41153338216
1.20102272952
6.01739764671
6.05808345131
6.85780093509
6.14875425145
1.26093890342
3.30847914251
4.74501746059
9.44017201104
9.43190861686
2.7767713587
8.25946104368
3.41649241847
3.91228338144
1.09119153661
4.6269365547
2.60336180542
5.33753418104
7.16623354912
4.34395033802
3.25819349323
5.71182321387
3.37121844977
7.73027346215
4.62516123121
5.2229092178
2.92436549583
5.77339215065
6.05063580012
4.98032785729
3.64143965391
5.98202077168
6.55882872653
3.89426020682
2.86084726753
4.40748425159
1.79684537277
1.44908991781
2.01098136751
7.40159944152
2.93591839631
5.69700399676
7.5243956741
8.23845653519
4.47677316201
3.45041703368
4.62638619595
2.58864684449
8.66845197448
6.51411470975
8.17070220727
6.68493044059
4.66482652508
3.72124910554
3.96566351977
5.10792322094
1.75429821116
4.13707611543
3.40500778541
3.78856441044
3.83237616217
9.41493834189
4.2102704026
5.19928379716
3.03563594657
9.85202755744
5.3980642911
7.98780001119
5.74000015542
1.04839589792
6.72971288218
5.60693423042
3.10034035093
5.27698797449
5.4939745751
5.51561386182
5.90370709548
5.85526514881
7.73894618339
5.00665910156
4.60353508524
2.45370624752
7.81800482407
6.57607151121
8.240630824
3.97719405657
4.63848750448
4.7539569258
4.37099243117
7.05379132648
4.48177489339
6.33492483172
5.13174744165
6.12735850271
5.13886634267
3.62013442451
6.93771922042
5.25980814802
3.28933792347
2.33452656412
5.42662733663
5.49399024721
4.26622970817
2.57786595847
1.22527478033
3.59969639468
7.37210120024
5.62043631697
6.16842182043
6.17477566372
3.08552755887
0.713983274248
5.47835497118
5.2619572842
3.62660086019
6.04909553166
6.56243331671
1.15399659021
6.63297713568
7.12697240976
4.62935203224
8.69215234121
4.87326082875
5.53971138329
1.84510718347
9.29522553471
0.68707008676
5.47412636175
2.73302422832
3.83494002292
5.21126374392
5.02079575602
5.62310059536
4.10561211644
5.96367487329
3.9228591593
1.78458669382
4.73357503503
7.2368902809
4.29689633698
5.2853673948
6.27772192357
3.95791330371
8.26145113902
8.0500440477
8.40657531373
5.58122122774
4.05826691624
6.32087852612
3.14547903073
3.19311561125
4.29987070322
3.82776761169
5.21772082617
11.2147604183
4.799761631
5.27945176456
2.88009173589
5.56933745845
6.07711145447
3.85348602106
2.96974113477
3.65934739559
3.57125671966
4.14403513515
6.57015593438
5.81461642891
7.54083766236
2.87169923335
8.15404082832
6.82174586628
5.85460448532
3.81271793836
2.45961964156
2.88155771572
4.90110562106
5.43735864879
4.78333812015
4.89899088495
2.81382637279
5.82509016833
3.98515757466
1.02888609767
3.75485730396
3.05133225315
5.99076621611
2.73380097785
5.89066398672
4.86368690723
7.01720687842
5.99987910174
2.77214086093
3.46155603174
5.49294189628
5.69173102841
3.23433390726
2.51677758225
3.09754288319
3.9870953813
5.76618727895
7.30633547632
6.51117205694
4.08486678951
6.61240136595
6.91820352189
6.2012598267
4.54148897451
6.72335643864
7.77467915801
4.86562615421
7.85384346374
6.14953892301
8.52805032356
4.11355181937
5.1248372823
4.16776705862
8.48053824947
4.54022232224
4.47130686396
8.49467314677
8.00996080517
4.91250370571
5.22898161063
4.35277894378
3.53198006678
4.20462404023
4.10459476853
5.95897974491
4.6114202208
4.09555121777
4.5062138038
3.49629670097
3.31880414694
4.82422687568
6.22472529988
7.55952398581
7.32657219216
7.48761421074
7.86686935535
7.39844833395
3.49209142655
3.89491626586
3.12419642552
7.00892182994
6.44816716135
6.29511658791
6.13721979806
5.49589582602
3.99251686603
6.40682664673
7.05169993386
5.61539826312
3.3059066764
5.2742271824
6.62485928827
4.75156796136
7.28286748807
6.28774564547
3.16548158479
8.16149877791
4.58057494533
3.18501605103
5.27524023705
2.49659906235
2.70719364377
4.72517346347
6.18309731052
3.61594061026
4.99358528052
7.29689676321
4.88495104148
4.96609066763
7.35576992335
7.00592300484
3.5298496538
2.84128072907
4.22572422665
2.51741301349
4.8686504774
5.7359682945
4.47624057513
9.71684065836
4.24293243408
7.03181065429
7.46170958042
9.27307106014
6.91181115879
6.3705857068
6.1465093657
3.27079017801
6.28658475854
4.62495286064
4.4505625665
2.97424548024
2.40680410854
6.62571976182
1.0991060425
7.66434449229
3.88437806928
4.16361284379
4.24722546776
4.31094560736
5.450031025
5.86461504916
1.8781949968
3.31771406301
6.12883273199
4.69707802074
7.47375624844
6.63685973884
3.58149107654
2.32423725517
6.69295073873
4.26004062112
2.79670407233
5.16517552353
5.10718713828
7.01014188247
1.83531904642
6.13904168773
3.56281528766
4.31035690261
3.91544081523
6.87844729175
3.38753454776
4.67521336062
5.25170965178
7.12232278482
5.62390256654
5.01625065187
5.0957716716
7.00076040582
3.3032662843
7.65698206268
11.7378177543
6.01446563331
5.91207368224
4.95647385626
2.20492126614
3.10760889909
6.03425756957
2.15937221839
7.46398927609
5.7036100737
4.99299234986
8.31715381936
5.07173581903
8.33990650616
2.61884474693
7.20009408971
6.42852138327
7.14209726922
6.53547396764
7.13439116092
7.69888423551
3.22723326427
6.64682875209
7.20127244896
7.02877933795
5.88314291609
3.93265192867
3.64173692214
5.70674984637
4.60359281642
4.23835574718
3.89301189563
6.45519025092
2.99880552371
3.79450080564
5.41035558065
8.29788428221
8.57810105528
1.84335985883
3.87763895857
6.14137320425
3.56060375899
8.05268198402
4.97544956936
4.00708765027
4.41579108079
4.02458922922
3.70484847342
2.51042451349
4.77491286691
5.15100039467
6.25074608016
6.7003397065
5.8534305195
5.16049436319
4.51603393179
-0.66002574834
5.48358795821
5.18272948613
5.70678948974
5.44666626077
7.49326127033
6.23191054215
3.32342364013
6.02973464361
5.20340040753
7.43553749142
6.25196085896
