7.17659041362
6.20009033555
6.1459421584
6.2569512685
7.90132936902
3.42001266392
4.70597035792
4.75148816069
5.6214705664
1.58792845282
5.49483746475
1.79577435146
3.46173879874
7.21636035319
4.98866903666
3.36700518829
0.412156380303
4.1377357269
5.11919852005
6.86973042125
3.67875820511
6.80254815001
5.20128023248
6.67564134197
8.76754653365
5.37942326753
7.65411709597
4.90337059313
4.44532311647
4.00187995755
6.48788580301
4.0603130355
1.4501044402
0.749456879369
7.86747122426
6.35078495938
9.55580958392
1.71493238226
6.27612868818
6.01827341871
4.71607338995
8.74699298673
5.87232667196
6.76364217752
3.80701887535
3.30855496932
2.86742747063
3.56870879746
6.54728363749
5.12650168421
2.97329868653
5.64787679428
3.82150519827
0.65436226219
6.30205298057
6.15836912272
6.02325180954
5.82268771566
2.16623509086
4.70442349524
1.46020491494
2.436940546
7.36802889851
3.68004019848
6.63126395285
4.315610229
3.77986457353
3.37861629177
9.09314732634
4.12607106324
5.15674280899
8.67008424303
2.24174637386
4.50705682388
6.85532809636
3.10512232216
4.55740185751
3.45097687208
6.94541048317
9.59483293447
3.64228288886
2.17585310962
6.7146348687
3.32768431248
7.8753094797
6.11145395717
4.29126521912
6.13170692798
6.06006853617
6.61786097358
4.86269849368
4.59569288667
7.95909874049
9.91094321506
3.82027663868
4.56475442331
5.07758206947
5.0204034193
3.73810659531
6.06540825513
4.37473913792
6.4747723226
1.60927821514
3.48877017695
2.91026420558
4.70699338118
3.03469712204
4.89343523682
9.98341958349
0.222305524321
6.23036924644
6.76045094493
4.62349062885
5.99650422536
3.18184067079
2.85519305231
5.24263059248
3.48727436584
7.80647731457
5.59952123258
3.83899752929
2.47871536732
5.98814820323
3.653000617
6.63977018045
3.36069342189
1.96434760924
8.65951485397
4.22781760051
7.66964551648
6.38533475939
3.31348009151
2.73356199853
2.70469413277
6.02599661522
1.49535803171
5.1629008093
2.90329012198
2.59629190532
5.84030000288
5.59431251729
5.57663003138
5.20195800192
2.80934987186
7.69175413162
5.78677214231
5.28967126883
6.6629047609
8.50739217838
6.93945793641
7.70707355876
9.93455256909
4.09695656926
5.88846293519
5.72770888476
5.92816778459
0.693497809319
3.77166098083
5.73839925546
2.20258428127
6.27818910616
2.83201690487
5.36725437844
4.61774345077
6.36571084702
1.96962508901
1.44376062173
5.63384864723
6.82278832687
3.79778921077
6.27660940457
7.17517608256
2.15954040051
4.09338011604
6.84744946016
2.87925168386
1.6483797786
3.90817097109
9.15037951191
4.28998765062
3.31698657743
2.31369035236
6.76903557103
5.94079958457
5.72667069145
0.867550482806
8.27210129682
6.80067277456
3.30601845811
1.20539681558
3.53264482255
0.529150802103
3.77427697018
6.31286930514
4.48977518594
8.88343971859
7.18931733401
6.77059507924
7.14508323919
5.83046914684
6.54183545409
2.91390028568
5.2291445822
7.35413349429
6.78592895631
6.92529637954
6.26348482126
5.37228335065
5.19978150027
6.66446506473
4.71668482217
3.54634869163
3.34317252961
3.63509153548
6.66461271018
4.5095677266
8.82736092835
7.30541472198
8.49318379204
8.77632014327
1.15642931404
1.50930444213
7.02527532035
8.07241246439
6.08816869186
4.85969777265
3.03036467867
3.54881344799
5.17708521826
1.82792727578
5.06492271414
4.17711597043
4.20512869668
4.9136747873
6.19918150296
1.49000807705
0.687234531498
8.46475196279
2.40159082837
6.37031266884
6.30666495101
5.38953370193
7.75998396753
4.06943220708
1.28417138709
6.43924448458
5.09834805372
8.95961743896
7.53343202591
1.0753331961
4.42065243402
5.82178136783
6.55415715987
5.13467655151
5.1515823842
4.75004995042
2.05155636428
8.93330020813
5.7223874364
7.02854872991
2.41454864169
5.6370752315
1.58365585095
7.50690644273
3.01046018963
4.69010552487
6.57258991108
6.99118718978
2.81900523258
5.52952039292
4.75656422273
3.82365997599
3.56119427526
7.44932450015
5.94472286309
3.44766299492
7.56820930314
4.24655517772
3.42627893779
7.01446214997
5.8462658436
2.69396424661
4.67663667495
5.80321352993
2.66487105277
6.01657113489
3.54409463783
6.2987070154
5.13879692063
5.07185309428
3.67745835167
4.03239754292
4.25782891313
6.41607138685
6.07591875496
2.69374921359
5.39341948759
6.01283599046
5.19065212453
4.29816339305
5.67411750548
5.18936439636
2.03021805788
2.56717411665
7.58016708813
4.20108309987
6.43116850047
4.35361470594
7.49918804955
4.70711923946
2.20227525225
5.9058623449
7.03433070605
3.55295473323
3.55520497432
5.67213648813
5.48702699683
0.125917867232
6.99259742319
6.02318795
3.56578103204
5.55555498597
5.06908056683
5.88057953048
4.42975981174
5.57503400575
8.54914038316
5.76617477137
3.78435034527
8.30166958004
6.65695210825
4.78131904926
5.03945618482
8.21718423405
5.23498337054
8.71941153071
2.16726619359
4.96360998003
5.57693570468
-1.49159066814
5.57205504513
3.18058568644
5.92691097868
4.71871726892
3.30867196292
7.67350908235
5.77526431433
4.66522530833
4.0534741737
4.19591224003
5.57985563891
3.64810967455
3.70406012512
3.77413899584
4.63098831479
6.86384218653
5.20917278256
3.46531996873
2.63865459525
5.39612809499
4.15097042411
7.22088261195
2.41955750442
2.10887425645
6.76137400922
2.9311672546
6.10283804593
7.48849258166
6.91862785202
5.71440918332
6.96125509525
3.43275553972
3.96574410654
5.24118123112
8.9647738054
6.65009016281
6.89160016763
5.33055052613
5.73570799582
6.841788996
3.23340889989
1.60783074281
6.91591364857
5.90847031901
3.59345525855
4.07533701891
4.7451793103
6.3508396702
3.98110813426
6.98047858304
4.82772446905
6.28690396409
10.4565155298
2.19542284147
3.56470993358
1.66892081949
8.90442197406
5.29486530459
6.874523213
4.88267595738
3.00915517842
0.480143649592
2.70220214014
6.00506679005
4.39947167921
7.37573308951
4.24431882538
1.82821120552
6.49941346806
4.91546057469
4.49720683982
0.747443933028
3.75804265158
6.88076761868
3.45628431431
7.35007467244
4.9474285066
5.39749664804
4.66582045366
5.31252563964
3.74351888005
5.60830209875
8.47968841799
3.71024010653
4.39767997271
2.94264061464
4.84605874664
3.28782794488
6.68220533898
4.55092979096
2.68776028929
7.39611006855
1.42081490223
2.1940672783
8.65788575909
5.56241742585
7.99112988725
3.38879459217
7.75707645267
6.68747022279
4.35735890854
5.51269814459
6.57183503152
0.841721209259
4.24646476182
7.93223962857
5.64754506077
5.35000285625
1.69012110018
3.98209452969
4.80272157158
4.18044384622
4.98410963474
1.73494709506
5.76726160156
2.65596704316
5.99279364417
5.5064280877
6.70555552178
3.8761213248
0.74593981441
5.24211642379
6.67862943345
2.59034725757
5.82978174499
3.30698967139
2.94238179152
4.94454034797
6.88000349407
2.93895600033
4.72943686929
6.13963353837
4.24244592519
6.01723875037
4.69295158151
3.42794140227
5.84389016855
1.92752221446
5.25526680896
7.0039122854
2.63499516577
1.4296848503
3.87088724506
8.42162089805
5.80641888836
2.96973903544
2.63933357167
3.35653365363
5.7679457362
5.06817964815
2.26632839412
7.56997732824
3.52216307499
2.53639891362
6.2034194538
0.50928342475
3.8074068998
4.59818210927
5.34694472552
8.37737732975
5.92862270117
6.62422335753
6.4160106692
7.70389262568
3.56482410642
5.71816633866
3.45087651864
5.95639055851
4.5463223174
2.33480061724
6.3695022862
4.97301560222
5.11672899614
2.34496226922
2.40107071248
7.08631206074
3.91466606215
3.49652631322
5.8315900086
6.78634886329
4.48136812693
6.01670658603
8.95996908458
5.15126727595
5.45481445073
5.87925121864
7.63981993854
3.17961797529
3.92686478391
5.62298821336
3.13902186678
5.52618830991
5.59471880801
5.41606156202
2.69880362044
7.14735664565
4.45011012839
5.46115406098
2.66816392767
4.8501608466
0.992780185662
7.83445739916
2.96154365755
4.82529989285
6.03043908664
7.00307863151
8.03048007927
7.63249505447
5.19144258898
1.56388940609
4.8874370765
5.64013011901
1.90736716519
8.03931737209
5.58450363218
2.96098448121
1.98830665981
5.62891977497
1.50257458526
10.3432363208
4.29639081727
2.99079432383
3.31022861054
8.28415777256
2.42856519177
5.7209215365
4.93523430962
6.30767257589
5.20862886632
3.33050892395
5.42923553281
4.73645848867
4.86014068451
2.15273007553
5.6982690702
4.41435764208
4.51436361413
7.429220564
3.36122809644
5.83480342949
0.695479486662
1.31682463814
3.73527212264
10.3070022355
4.95966411435
5.10224708115
4.03946829608
6.52246988431
1.76657230102
1.74627144035
7.12464965697
9.12001873751
2.74894924181
7.22980526571
6.32375953071
6.3934020107
2.79454884864
4.82411067475
3.35059752705
6.75145072921
1.92450605328
5.0365141697
4.53519797631
8.22812660117
2.91811823054
7.72772899336
7.76287296673
4.20824094285
2.74199376049
5.4199669226
7.85828527902
7.45281504113
7.83798778652
5.12650000622
8.16421338931
7.10034048642
7.25244387361
7.11965334049
5.02233051081
4.43800649758
2.80854418041
5.12226530397
5.38097857074
6.86352490658
5.23218163441
4.94810245325
6.19676409264
4.01840451943
5.82842310376
5.50203143008
5.38864148452
4.96023102829
7.14469973705
4.36928807989
9.12684193345
6.47099730935
5.7359108238
1.29630773924
5.33584832375
5.27773664249
7.47811780945
-1.4603408917
7.68405236584
2.82743113325
4.98485031408
6.17820721977
3.98365493
4.38775442132
2.93963619865
8.30506481253
4.61941199784
2.30725701077
6.52094873047
5.99663092466
4.21606040002
8.65836959261
6.29328895885
4.5236295456
6.05242210221
5.8444472594
8.79175226327
3.17498830182
8.60042516391
5.33132064699
4.28789493884
5.6334922262
3.96728562407
8.29769646542
2.27494865595
2.20837636804
6.46011732053
6.84263182629
5.4721268342
2.61732496721
5.15581293125
7.93828814251
3.07152075138
3.37153045367
3.79200467173
7.61187335572
5.95198637433
3.76347022208
5.84609045295
7.8124211049
1.76498811011
4.63457715731
5.39778976208
3.47543535777
2.15509257683
3.2715633581
3.15041363387
7.01664139548
6.91929401282
4.79750149901
5.41079442217
5.25618411827
4.8101807247
8.71587824736
3.5518141469
7.6206167797
3.13505460898
3.02462090295
4.87650199162
2.23675794768
6.02742307103
0.738338209797
3.5531703466
3.17590985978
5.58128326224
4.05375662623
7.93162723008
4.4077300758
5.92715534026
1.31666487028
4.09897359332
3.87374146226
5.88065850059
3.44308285866
6.06225172243
5.66289990424
3.64878455694
9.17915087501
3.31209570709
5.15786781382
1.79459463136
3.20828084861
6.10851301837
3.64627328923
1.50066060374
8.74790147345
2.52855325997
7.11942327746
1.83011052698
1.97951757944
5.69955605982
2.18570037031
4.49066082779
5.19345465114
8.59990351225
7.47782180742
4.56686360344
4.32567519702
5.82089428276
4.44796048283
4.10991455262
5.17531095663
5.23769137344
2.03374750042
3.5360729317
5.43844200221
1.15183564941
3.2491684664
0.939744573042
3.84884832757
4.51706543015
5.54040148369
6.15137901226
6.65365483427
7.13067394524
6.0610123473
3.62529432461
3.68776372177
4.51733470385
3.50904063912
7.24936759665
4.18388038006
7.89412673742
1.94626676648
7.26443270959
4.1853367789
1.58988005852
2.97373837977
3.37719816039
2.43360045171
6.82130126612
4.63040695983
2.13969698655
4.06299417756
4.35215400318
5.73320192535
6.95773422856
5.53011015318
6.99558209279
5.92776718931
4.51748002685
4.30934911176
4.73341890853
4.05360330429
-0.478361966158
6.10460212763
5.11893983296
8.59163872626
4.04686278712
0.879434202418
4.61459344713
7.03328900967
4.64639662068
4.69380469443
8.8363838755
7.22573051554
2.79453236676
4.94255576796
6.41850419084
5.32470957571
3.33535825297
5.67826949123
4.23464874685
7.73408766764
2.07170594063
8.97643962549
2.80403451372
8.71513085437
5.602609279
6.96456201878
7.19275360722
6.86639561952
4.64181911901
2.80222227879
5.08656542362
2.62956163556
5.5657116695
7.20876216116
5.14423433298
3.02418647498
3.14244577327
3.97789197788
1.78441425844
5.42253072606
5.72604883474
2.84020563332
1.84401570006
5.68085081736
8.01287245769
6.09050866065
7.28339127326
6.74460589715
3.29551339892
4.29916099557
4.09981978162
3.51459399135
1.22707565406
5.35723888852
6.67978196978
8.04028175035
1.23849330673
4.79270987105
5.87065358626
4.62551505079
6.67625714176
3.94386785067
5.24923901625
6.08548619217
4.81770709476
7.22051324837
3.66151662298
4.22818858236
6.23814355285
5.56808328013
5.31787434553
6.86429642809
4.66087547586
3.09989441786
5.05287116988
1.00904384071
5.26278210534
5.4147839466
4.18341709137
4.0597730164
3.00997031245
6.50617449229
5.43066952751
1.12303346316
9.3225980968
4.75974331165
3.02020167924
3.86979033204
6.03975373295
2.23664890332
3.41520671463
7.93591883171
1.99403418365
4.3792776505
2.71263334219
4.86088229287
8.06413843767
5.71489805015
3.60610840458
6.17812081711
6.55375736696
4.90890295848
4.84271236267
5.68108433109
3.2705763683
3.60951828637
4.72223203547
4.52680416449
5.67567563658
2.2797827586
2.17161023792
2.98540995463
7.80905896857
5.67815280326
4.09433996558
0.270481674826
2.8644229024
2.14136667176
8.56972524855
8.32334739848
4.56516488313
5.80257535449
3.40297851593
4.95113404541
2.55844955327
8.42739504088
3.94911192567
4.87471242527
5.55312788574
2.77310944743
7.85915150912
4.41276731411
5.28863234443
9.29257230279
5.80121108019
4.80377412439
3.84408706368
4.2238447966
4.68741107123
1.41959571368
4.95752406628
3.95782976977
6.85276338495
5.54623891612
2.52868059395
4.4193665233
5.62355182941
6.90260783133
4.23242691875
4.69370496194
4.71400330058
5.77189284076
5.72440666931
2.12618046226
3.73569796293
4.04386127197
3.81079974793
5.25335891779
6.70177630775
3.20854014874
6.61623856881
7.71500676971
6.05543266498
4.7431854301
8.47527374527
5.40973414074
2.26101787921
5.91943939736
8.68847612821
7.23775400212
5.48545191171
3.58821955267
5.28510733054
3.01894650004
2.46836213008
3.58742334376
5.92428424921
3.22233106832
6.54511594867
7.45130315051
1.70853591946
5.94244719224
5.59382621435
1.10658748574
6.01782584563
2.36261720032
3.75633195993
5.68348497591
4.66736511364
5.91060487148
3.74213109233
8.08836674368
7.56337948868
6.10333248058
4.93959013179
4.17072304911
5.9609736084
1.57876055378
5.2471558436
5.45138216043
2.09706927075
5.4462044691
5.07437585818
4.68772220579
8.68377871492
5.06355531401
2.64649990763
1.79926722373
7.91653779184
3.0927456991
4.72257779222
3.20476103396
