5.64057984636
7.56252471409
4.59954408041
6.89636660438
0.810529221499
4.86679643193
6.91751898387
4.68317810122
4.1126854689
8.05217777215
2.98572619304
5.30536744052
5.57170659371
5.8835390703
6.03788334136
5.92944931533
3.48296516495
3.11407089112
1.3609488387
4.5089327392
2.02967321649
6.34167947723
5.01391712671
8.120326741
6.77356156429
4.11940447579
4.81326307819
5.1132755588
6.56486272832
5.50775975964
6.41072705158
6.25947812043
4.50177175156
7.02366824765
6.50917658958
9.83420146017
4.38087121604
6.17268564674
4.09972267688
3.22220512595
7.8965418896
5.50191070588
5.52608639796
3.45096348382
6.1838452053
7.66008787685
2.40371269229
6.00899381528
5.19584451008
3.64121701187
6.67431014004
4.92611002483
3.25354139912
5.47033162866
5.22381635658
5.29407441548
4.8975852021
3.645086894
8.16529409024
2.05979572961
7.43982909566
6.06134392103
4.19406352871
4.77251992863
8.31830628604
6.34003478936
2.13562070338
6.07833998736
3.47508104073
6.35975845941
7.07623067101
3.17800434063
7.26680847279
7.59827554187
8.93558256424
5.47070678482
3.8859027519
1.06148838328
3.96373192488
6.35701937073
6.74156494769
7.61717747371
1.82408442199
4.52034425894
6.14499138729
2.98660563037
4.40032198917
5.58403739196
5.25118654441
8.91691600362
7.92689654364
2.76993805615
3.60928700392
5.04227351224
3.81512273177
3.95190157251
7.25141232214
6.02135691018
8.55822450345
6.31902941447
5.00888890477
7.46467871251
5.97217997722
6.77812941664
3.46492603538
5.5005001117
7.10875397193
7.67827955906
6.09533280402
6.2877686506
4.47158451669
6.90187771639
3.05732295299
1.95360395802
4.85318993533
4.61490593204
4.45342995572
2.19791041053
5.48265738244
2.14809636857
3.13827418699
6.02560466268
6.26992571288
3.27147282714
7.80263809783
4.39504850578
8.28341396339
0.103560748474
8.31928121287
6.39973908799
5.39276705251
5.44790125659
5.25005911032
5.92836374972
4.67653073866
7.17537289416
3.07832921959
3.95839428711
5.27570012234
5.9077572263
6.72966642689
1.32472763863
5.77194256749
6.66109826555
7.51779031725
4.28000181017
5.27574915114
1.21411147822
5.04121534013
3.42856497752
4.48132269135
3.28725866074
4.97787078789
3.12935951922
7.17598109852
6.8302194745
3.93657142773
2.94152028324
5.68283427583
4.40673154991
6.46043464826
5.00864729754
4.91451244099
3.23294664401
5.84424781536
6.3260536515
1.6179194168
5.19270119342
4.09802948337
8.36548554753
6.88087360347
5.99303043146
2.83763556655
4.21500823206
7.00596052
1.01380324892
7.23303041459
5.46519273764
4.4687341528
4.4840213615
4.04706108632
8.78284947836
1.52325291839
5.96435431698
7.19302542329
2.51785467435
6.08313397809
7.28375138725
5.21672392373
4.29755672592
2.48759112173
3.82202256865
7.9966987588
4.57508178862
5.4888008624
8.09798780027
5.44762338251
6.46414440869
4.04891171702
8.34913521871
3.52595605179
3.2658470372
3.47715599561
7.46730605594
7.99872017092
4.69638603996
4.53828375613
2.69552860455
1.64332699032
5.73362127246
4.53884755314
6.82009228337
7.7315426264
7.19069745678
5.86536999473
-0.0142647561527
7.7868483202
5.75261049699
6.04815102508
3.1146467167
5.70678270011
3.98265670902
7.44793447338
5.79514012202
4.80730676093
7.04042700709
3.82543675914
5.28717491713
3.34455799824
8.37796034083
8.32850562976
6.32213815891
5.9160162089
4.08702075419
4.03207970239
5.29943906795
0.821078765764
3.30561677245
4.68570766329
1.51762954603
7.47539354215
2.1636933306
7.3435535154
7.05933074444
7.82930566838
2.75147977653
4.88907353363
1.97594864722
5.60285938263
2.66823519853
5.11983273721
4.52763469869
4.55016371641
7.17977407755
6.43180754165
7.50702927582
7.54929207442
3.5255148124
6.75020189891
2.418421675
3.54480822273
5.39974144389
1.67389477784
5.05232657562
5.15088456659
3.63176869799
3.57451724548
8.14411201504
3.83771140438
6.80161695609
5.43494414759
4.06208327507
4.52337977357
3.20419260862
6.55868730018
3.43286538262
3.55788110777
4.8672376117
3.35765297255
6.33037379797
4.5524895976
4.96127535829
6.12094480284
8.0930248615
5.21727700733
7.46084120787
4.03914605971
0.0693048827105
2.24128461378
7.71622494385
6.94913862084
4.29492524835
6.16323405773
3.31356115979
6.05257952436
3.56076050291
3.06538614934
5.52244866689
6.47116469184
1.90040198957
5.18098147191
7.93149472851
6.42747215054
7.86910712721
1.46613528917
2.29832396741
1.28324718346
4.51712037455
2.90134536413
6.06761021489
2.21182192078
7.52318019707
7.0215130518
5.61675852689
5.55222528578
7.19355387999
4.53756327334
5.38732097632
0.914809389499
4.15104149468
6.20163332912
1.45205296114
8.8200067982
4.78756548738
3.39394853315
3.31763273768
6.29954002683
7.83583881444
4.27636220517
5.23976640097
4.79590452228
3.5342246127
7.07269412893
5.37415351476
3.18213539136
3.33294724104
3.33118034468
3.29979282679
2.39950636267
5.23598668086
5.41518343111
5.03652033053
5.85479986133
4.26488600141
3.11030632434
5.55919460069
7.62784154308
2.92862566031
6.04147648474
3.45412308674
3.60683428669
4.97684303473
3.75976586987
9.2009245194
2.64857100283
4.26719753433
5.33712670707
4.54736810478
3.71714554837
6.38957628176
2.19651227583
6.27983571669
4.3882358736
2.26009698314
4.18299247513
7.91345616839
-0.0847131690894
7.19090239659
0.309515280719
4.5574467558
5.52263804922
5.97786750046
6.99949751279
2.86799185032
3.86496349845
5.94939702873
5.42039442797
6.17230985399
2.04869741897
3.88603180165
6.91055646192
4.42541653736
5.37050561137
2.23836696014
7.5335436289
4.4330806577
5.60959611804
5.5509922987
2.18540202768
6.99862583295
9.09862019532
1.41408310074
8.22191060379
1.31556400124
4.1879113392
2.53890531824
7.03251659362
6.21125607888
4.5888040701
4.84924771807
4.90598399673
3.5570390148
6.80433152016
4.88975973661
4.64592669719
5.69110413762
8.10776309079
6.9196649202
9.55832567846
3.49099027621
3.26864290681
7.83497334325
4.13155249005
5.15273553661
8.24385484301
3.96893293404
3.92291386545
4.72736924035
4.58178448475
6.22122904521
3.79098395736
3.92346771479
5.66106095632
6.95047424585
7.38927867455
4.94500835358
-0.579728357368
5.16950693575
-0.143679534701
-1.42281440243
4.64202328534
4.87944747715
4.73492322117
4.44166689487
4.14654099445
5.01144924463
0.917255691767
5.0794479916
4.84030076154
5.1872678941
5.38632753144
4.1951536023
7.78451185566
4.59726319232
6.4215585945
6.35991069004
9.28746025256
5.59859619477
5.72732030515
7.26458196117
8.28778742413
5.33612477277
5.82635537705
1.1209568872
9.80575487368
5.9653242283
6.76569285178
7.9470529438
6.9323085395
3.20615697064
4.80685678285
6.47676504884
4.87848431074
6.10618370109
5.88277157684
6.87095433292
7.17569006354
9.42992054424
4.91337939026
2.778402309
4.80005962828
2.554795981
5.3638030209
6.68030447835
3.27235326581
7.06917675848
2.6187557029
10.2442555105
2.44202218815
6.41495880198
3.83356301223
0.988173354353
6.03111211662
3.76618616529
4.89339235561
6.09338079945
6.15098783973
3.49508981641
7.32504777596
2.50205831916
5.66550957504
10.0513042451
4.69490466308
5.9106515673
4.82883486129
5.28298243658
7.127093391
4.21787304546
4.82250192109
3.19946706944
3.75173364512
6.83566786707
4.88526838121
2.17105794389
6.40661411153
4.86433886604
2.46093322294
4.34569029148
10.348062638
5.23011290207
6.78334215439
3.78464834749
4.30428448732
5.12056304883
7.11594846604
2.79951139748
3.17319320294
1.65886149438
4.12930916792
4.17807829513
3.18401614113
5.38015643832
2.81395492201
5.78204404914
2.07441354402
3.00429195782
6.37595592666
4.00695149013
5.42755720356
0.688590118755
6.6390294038
6.74859652332
5.14197950937
7.20440625584
4.23747885605
5.63146139718
3.79596830798
3.90755015778
5.38694284692
6.63119669357
2.44266323553
3.36578868187
2.79915160815
4.82854233924
6.42703544589
4.85790867058
3.79679953698
2.54399537902
4.62103007188
5.84098615715
6.13904119955
5.6289232545
5.63678370032
3.3742939874
5.61149995562
5.60979789884
8.48649428785
0.443378188277
4.35203679695
5.46509247324
4.22520504482
6.00015726038
2.32838543709
7.27372617952
5.13004495951
7.25419146461
5.82184285633
5.07425493751
8.22356832583
2.91373273794
3.92171220638
6.40122930032
1.59344209705
-0.117998431723
3.91765307862
2.41083990235
2.97888973174
7.14578032897
6.27800898536
3.0632973855
5.54078471464
6.50507931719
3.42348313459
6.79048485138
4.63716109721
6.87679665684
6.12367603992
5.4016456795
4.88754309395
4.29861395182
6.66054957899
3.02078244476
4.79490607331
7.56777687425
6.82063846438
3.58271776919
2.73822860874
4.88333409754
8.47586669325
5.25916525683
6.22512520006
8.5324773847
4.42120211319
4.73028777329
5.28227000322
3.26756359174
4.30521344409
6.82887504385
2.73347109824
2.67392114561
5.10372668001
2.55872423747
4.25173864738
3.38761588179
2.08564812342
1.86940512188
2.71461729337
3.28034425554
4.16162010295
6.45049550623
6.82153040464
4.73021173788
4.79025579506
7.79744145944
4.12778526156
8.94620282447
3.86653466274
7.30799484428
4.92059162908
4.94188104279
8.30900304636
5.83467095014
7.09857667981
7.94053005932
5.18497705283
4.7692354987
2.15424977389
6.65224659582
3.55599864523
5.00758259195
7.0601418917
6.00538153617
5.95094294504
6.06034279798
6.30295417327
6.33133203352
2.08141768682
3.42150830533
5.0472193011
4.09818958227
0.770818336211
4.87950808959
6.51724798014
5.68453367093
8.41653224394
10.52812783
4.66883469966
3.05427252675
4.91638721269
4.4127590967
3.44053767758
1.46342544347
4.94817319739
3.52847814512
5.33737031186
0.916122056323
5.70550428442
3.95174682763
8.51586551841
2.92479866505
7.94265721153
1.39918130038
7.85982830592
5.57470556192
6.41602938265
4.83546527262
3.37470828056
4.73980261703
4.7635560314
6.14317190671
5.0541206205
5.1680007988
5.13785600459
4.15673481615
2.26215146841
6.18643654189
7.35275318164
4.81482460392
4.68593413751
6.24692378475
6.47711859857
3.14037307961
6.1216531391
7.66472744654
6.52590836498
4.119256151
3.03843628006
5.39364198883
6.28007093698
7.98966795093
6.52350730074
4.48532046851
6.32913036145
4.82467366427
3.58843649056
3.87500284658
1.12031440731
8.7420569439
3.07992350207
2.1032903179
6.6528844555
2.06296010242
4.54910137765
9.98506741487
3.60273361598
2.99825193623
4.38204502791
6.93567835516
3.39864624232
-0.202188950665
6.70770386422
7.81138318642
8.20652439334
2.94071984428
6.23806979804
5.43786688267
3.82251763825
3.49264807181
2.57086890866
3.95359070213
5.59897457607
5.63550059332
5.4916480203
3.84381574451
2.20794368206
0.996530912266
3.34535005306
1.46954426507
7.86282485973
5.98514252209
2.27229761837
4.2630864616
2.49782039099
8.76834653647
8.77717133482
5.86853363412
6.3864650541
3.75524241478
6.23346851866
4.64905811921
6.40339579229
6.23984657587
10.4214939641
5.51666410099
4.71900499838
0.738489835751
6.2241230623
4.73287232728
4.66872327145
5.67983028044
3.09225588947
4.24082222974
6.49112036592
2.50271843491
1.98167491522
3.52798305562
4.32680510774
1.66536115813
7.02349312782
8.40377662271
5.18108237286
5.74138257655
4.12215946516
4.69996200425
3.80161335488
1.53280750076
4.49230060001
7.2008465374
6.70623165968
7.06618027426
5.19943416362
6.85705962085
7.26142438496
3.39377897505
4.85648802728
3.59836488875
8.85072697987
6.8229353829
4.6383744431
2.40398895027
6.88074206458
3.96649792533
8.70167330687
2.69402794238
5.01856129128
3.41973619492
6.13512407297
6.06915951181
1.6801997124
5.18021268159
3.52434111416
4.27941532562
6.37096906163
6.87494719506
4.94820338217
3.920823289
6.52941127748
3.50927012337
4.51633727736
0.537953544049
5.44012011311
3.45637956116
7.98514926514
6.15886401574
7.7037426544
3.92918820595
5.2983472668
5.94686279632
3.69048211163
5.22492247785
5.31518625271
-0.322276423619
4.86457024142
3.78461529396
7.85362117345
4.44271618641
4.02863731612
6.24665014026
5.70184820755
5.1905681364
8.61838187913
5.98204702073
2.95824188629
7.93594779139
5.2703608373
3.74749698959
6.43655847625
3.46045992871
6.72335094503
6.16410455725
4.69715754983
5.72336526816
10.84990064
4.59036381718
4.89488781626
5.02763438727
3.17223833338
5.05247359282
2.29596212651
6.0903258755
2.68902984099
6.0109234689
4.82843637858
3.63468217191
6.19466878039
2.20923339805
5.01621047956
4.26024539187
4.87001353202
5.79314275776
5.3981692584
6.72082693646
2.81064919175
5.98401396859
3.51595467778
6.19198967418
8.96948906158
2.73482795014
1.80286528908
5.03516479294
5.18787323765
6.62671421901
0.0331545784455
4.88822606293
7.95452409589
4.52491269029
5.46961018905
1.46500888955
3.25930361985
3.43380508738
5.57742399658
2.78079778505
6.68136275627
3.10922410998
4.40350276913
1.69798855634
7.61182213143
4.00271811332
6.68018311839
7.59290614826
-0.105521252713
2.98476431179
3.02187758368
6.12263067311
5.59144106084
4.50276866557
3.34172499122
5.54154182133
3.78775316032
3.70661972772
7.918698408
6.37539987018
6.70537456975
4.72616667762
7.31795889678
6.90960565452
5.77366850306
3.26134302807
2.6340064234
2.49746240662
3.24577290612
2.31987049744
4.10742315193
6.85781271138
9.08572392583
9.69362561031
8.71862478919
6.50928381194
8.00509506791
2.26668139954
6.15624310942
5.49775050932
0.856450030063
5.95848170288
6.1888008244
6.65021245695
7.12123963889
8.58351476536
5.63139365349
0.651545045351
3.76150878781
2.58795534451
6.58909903868
2.18882376856
2.61446738338
8.73343887795
7.91060091386
5.6015485714
2.22903610222
5.06036184959
0.0204576489945
7.77607057933
2.85396175059
4.73049950168
3.18934464051
3.40726920461
5.73143743905
5.37628935918
5.38711561321
6.99308285767
6.78530178394
1.24213084828
4.33191061532
2.65992415539
4.20440969537
3.41418950729
3.02756394802
1.53768605269
4.75804130313
4.21208948064
6.43416456625
6.87202722511
4.42336311797
9.2738396526
4.50971789942
6.63922416664
6.01007296982
3.39417064955
7.82374472647
6.11076690604
6.32050336951
3.51919847955
7.30697189358
4.03452364741
2.74930745941
3.90588298887
4.29894832235
10.5101396909
3.08296002795
6.78434992167
4.66432078884
2.33782750895
8.0918604692
1.18981418037
3.50457047446
3.17641562712
4.2816904403
5.69215383094
3.29521797445
3.68555638046
3.86416813598
4.12953538828
4.9661034358
4.47325805047
6.38439621217
6.01611691364
5.38553120538
7.26775604768
5.0658493978
4.70840544408
