5.21459427717
2.90416378858
1.13352019747
9.18892187475
5.36323099191
4.42570575659
6.7064010258
5.8510745803
2.84702798559
2.97082387141
6.39104360316
6.7858699776
3.46319729017
5.66243232155
0.610890661639
1.76898465574
3.44789941908
4.5927071327
6.12542624264
5.99676712389
3.37581761721
4.1849563004
5.00269771268
4.77219804641
6.54534460504
7.52328662015
6.10723692013
2.0152188335
1.35632536456
7.47917564333
4.11977828771
7.47528329899
5.283866898
4.72500690219
5.18512916749
5.49841033923
2.49326539058
5.20691396885
4.9185316016
6.44380228339
4.34891339623
3.14012090062
5.07761945676
3.6369940678
8.58666459523
7.52604174847
4.10201765414
4.81414922166
3.41356904081
4.71783201487
8.09592886949
5.10182297364
8.1161664702
5.75516597676
2.14985466844
2.6447957335
3.48065755941
3.37733010149
2.48942666908
6.95870720635
4.118234828
6.69001990502
4.99763840701
5.52157547459
2.21114881862
3.96899154425
5.16881856208
7.66656797302
4.63162137754
2.95235831795
4.7272572295
6.07518373866
7.43561488522
7.32328929854
7.45879091079
4.72307671221
7.22474068478
3.09936075462
3.64687140205
5.23532937296
7.21266161122
8.2207669228
3.82945255517
3.77921819041
3.55615657058
4.04263987187
6.26696617356
2.15238019393
5.80782309894
8.35919537067
7.55598939217
6.61338720643
6.16482708681
6.46044361905
7.2567567925
5.68196983179
4.20050368253
2.02397019983
4.73462645171
5.82391242961
4.03547964214
3.50938148551
4.95002420298
2.51612138316
3.50553780251
4.75092113062
2.79052258401
4.18906486315
1.68829958221
2.53677657378
9.27713508438
5.51220622604
4.00959190795
2.58062913562
4.88467273617
4.39695593872
5.80248218756
5.0861669275
5.29992099258
-1.83278458419
3.62460531288
5.51922088046
7.27088218022
7.77078899608
4.34176496354
3.72828309716
7.07996355697
5.18324035411
6.02786360092
8.75820005455
7.13789194032
3.51423718558
7.23543132841
3.06244446062
4.79850382462
1.3693925502
4.01551472331
5.91256812468
6.11360639124
4.27186294398
8.35042023234
8.48017640286
1.77285907238
1.71848688017
3.18536653612
6.69802620387
7.77467276899
5.63870957852
4.61391236985
5.10094270683
5.74402379855
5.84677686407
6.12084130382
6.93979985102
2.18079471591
2.53402409707
2.716825032
1.94784840522
5.93480214684
1.88466994248
4.61090036529
4.71978954489
7.12610652733
3.37488898622
6.09027031241
4.1223396357
5.56209582995
4.92008677372
4.26501967879
9.0486231906
4.16499016566
0.243534954961
3.4157567825
6.18671474067
4.439411399
6.07242784988
2.63185762919
5.97987079028
5.19904059973
1.04647311717
2.43600236919
5.40348061451
4.98215043325
5.04152580874
5.32348157664
7.51137431821
4.3193935698
6.32528919706
3.93932292279
0.685906643338
2.79733600317
8.42342984278
6.59832645578
5.03563078556
5.62458705193
3.61337942165
4.95073069899
5.07596417048
3.62386807221
4.83815675303
3.92956962136
5.98885989944
5.62006784584
5.18842132518
2.14575146827
6.00527521086
4.85838221187
8.05904633054
4.53951769531
11.0048667149
3.2693987253
4.99265263661
5.95681921603
3.0680173332
9.58791519127
4.82843423281
4.7246662179
3.35830343995
4.98810080679
7.38360164876
3.33617429765
4.86458211448
4.57487100936
8.19916212624
5.62267775637
8.03644990854
5.56465193562
8.01760620908
1.24891525894
6.74928531921
6.95820786439
5.80775174771
5.19885290578
6.59813554154
3.49701712479
6.24507289892
4.58449350029
4.2888723158
5.38919459619
7.60130102917
8.54201057724
2.90137757484
1.60489757354
5.12783093494
3.50860695483
4.3471865418
8.69138838894
7.57732518089
7.00210600658
4.51216021406
5.57591517064
1.95818586691
7.7374998418
6.58786276438
5.09674688464
6.40062961301
4.90229477674
5.3509911231
3.27588657355
4.32007748636
6.34875464987
3.13717172983
4.93738062428
6.1692240992
4.71445260154
3.34069253214
8.52894834946
3.92942947365
4.47387089245
6.97571061807
3.56797106213
1.3221060305
4.2799912815
2.9502255627
2.07854783292
10.4932881303
6.49099882704
4.12802500868
9.26224248852
3.25023739563
6.96459957048
4.57249994801
8.545027934
4.54688111343
0.469811711233
6.58896400312
3.39714919655
3.11506203947
10.7433746223
4.32012508082
7.27552852427
2.61813393543
1.97306863715
2.0861374003
7.8808252524
3.4631596295
4.9543652451
5.93809585431
7.15184286858
4.35053014693
-1.17319017412
5.79313612212
8.16660926409
6.3433401627
5.45843001803
6.94211553775
5.07524619701
3.01008476234
4.30830917341
2.86737337785
3.24417386374
1.14565197438
4.80161218135
5.92818488167
7.10634733157
4.23755507252
2.47792456106
5.80952567211
2.59500280746
2.20236917815
2.52292389379
9.29548047249
2.78026439897
4.95119369537
7.37881568313
4.06335957506
2.43948299147
6.11829632782
4.51884679236
2.9840869958
1.3083816737
8.49104243549
3.28599602487
6.54444989542
4.40917262758
4.30733048708
7.19130182922
5.50642741795
7.90093213034
4.23653383194
2.57352009525
6.16185175569
5.11124006758
2.82123680001
3.96550919801
5.12310934258
6.05399299667
5.78541250311
2.16935638037
7.25501275725
1.57089615081
5.84286629914
8.36332884925
5.79507317547
4.64453790612
2.53753245742
6.46863313959
5.92609777288
4.15402427559
4.97213058776
3.37407439377
3.2389254247
7.84575808182
4.8625047824
7.59660833725
4.96553928324
2.90141545627
1.3908494768
4.33308422028
5.80042487048
7.26107680675
4.4944595675
4.34273768012
4.45371811981
3.14427970666
4.9829252637
3.60915261447
3.04082183503
5.12096782256
5.8833893486
6.52949329064
-0.409756773655
7.41840810698
8.26786654725
5.7494495731
7.09935617773
4.6818485917
5.00387043469
3.53701086874
7.72256773152
6.62985111404
4.80594109439
7.23011105822
1.85607974112
6.41837393883
3.7065610642
3.07045212602
3.54318582345
4.52298420948
4.05155947043
7.80430268753
3.63262415303
2.20674952288
6.69381685167
1.3628199491
9.13385082704
3.32878733324
7.67075995614
5.4862294876
7.13341758523
4.03340593747
3.58779928545
3.01400609071
6.20210741339
4.78709567171
6.68839231918
5.97865802612
4.49966093248
3.62830716586
4.74465063309
3.59048479511
2.03797640735
5.47290143354
3.42962649263
5.1753155582
5.73857322404
3.21953769031
0.881406723877
3.09547153289
2.9885710565
10.2911864377
4.16131542915
6.76565076108
4.33736920143
2.7383331275
3.93724527698
8.00976896559
4.41329690696
5.0996310956
2.70798354002
4.21970405546
6.51861960415
4.61000080329
7.36844524736
5.76729279257
8.73464753476
3.31790100409
5.49903336736
3.87827579637
4.69495312912
8.29602519086
4.00823735939
7.37107359305
6.11307953758
2.3803751901
8.26554321671
5.91720123406
3.08858868985
5.2192348187
5.40626393187
4.48867271663
2.94633812751
6.35183624654
8.62754081961
6.07468528463
4.57551913745
4.93073591904
4.89602906362
5.30692310351
3.99322052062
3.55217616101
4.79277018177
4.12591519718
0.710115195539
5.37607667542
4.58510980609
3.54430995689
8.15098231849
4.42400064707
7.5586843566
6.96511872369
3.79080218986
1.28726908458
7.78216070199
1.16858511855
5.07268387554
7.26791423609
5.32797433876
6.36057270578
5.83199616109
2.98202733455
4.08011306181
6.32906882677
3.73310681461
4.90448590884
8.56878329332
5.26724151578
4.72748373469
4.64866018793
6.19901253308
0.183330443262
7.22962100876
5.29541116247
4.86622808177
5.62612222658
3.06976953982
7.34691020461
5.69297836109
6.01124372135
9.88857002711
5.4843860919
8.6465108741
4.66008764508
1.84406925948
3.98546484207
8.47148702694
2.84044959641
7.62923581971
6.47255988147
3.73108258471
7.24597942594
7.09415191133
4.83788115361
7.84989094003
5.66786829705
7.90133716209
4.54805975382
5.72807292004
6.37605788761
4.8217925705
3.22231596444
4.48569105489
5.64417553436
7.11633284837
6.73862882056
4.13639680036
6.24568055012
4.73302493613
8.38831490798
6.63427800099
6.15718258887
4.81218381169
6.0005102271
3.04932375755
6.30282724834
7.28660601117
5.48394928542
4.62666749913
4.28532218007
5.22653940711
9.07006041058
3.41194097429
4.17457400127
5.15617095893
3.83973295303
1.94130025432
1.87740746545
4.5127772688
6.30027980543
5.24354469559
4.28303237364
5.02215720507
7.59105338327
3.8500877537
6.31577611867
0.222812765481
5.69337823773
3.98923165011
9.54874302923
3.98566117278
5.27819904024
4.49293699703
9.44317595656
3.8605796969
3.1357590883
5.50279821185
4.19812969754
5.89241955027
3.86392011064
3.2106724752
9.22467423292
4.144149916
3.74725344395
7.27573860317
5.88929304083
6.11181430431
0.999682647333
7.56398055271
4.1524717076
5.68411284101
1.71250547507
3.41399220342
2.82921370393
6.46228649829
7.11896654194
5.84094801554
1.70935809663
4.13699213203
0.8516862675
5.29600589323
2.82665073055
6.78019040754
4.87723450675
5.27213742268
2.90299641592
6.26966905123
4.07279119495
5.30655865933
4.45350503723
5.16748366669
10.345599082
4.56399196689
4.41339156137
2.04537078611
8.65116730114
3.4250755166
6.19534688248
4.24150208418
0.935499267122
2.93237769273
3.5392190002
3.64627507683
6.77828837497
7.77900165607
3.91621635451
8.01154593816
3.89387443546
1.07734606024
6.86121847521
3.96446673903
5.44600411938
2.68379892158
3.60208323236
6.81545130896
5.78012443253
4.86528522627
7.3311549456
4.88728724398
2.91304588811
2.68759736895
10.2679159939
7.93735420464
5.84802995632
2.55028009116
5.09097429433
5.4448951496
5.01218778545
3.97918636314
7.07297907992
5.23727462396
4.92305224988
5.71248494483
4.88746346096
1.74323427848
7.44766655043
2.37896583711
7.03279893267
5.6128276365
4.4646604804
8.03402668774
12.6433277943
2.43758281612
5.29470130068
7.74764274804
4.50584376939
4.69987224861
0.0867173229743
7.92434143585
6.01427927605
2.76806169587
4.13881871342
3.32082735918
9.13835450378
5.57656892293
5.52855936823
9.38068623494
4.56522225583
5.19352426863
2.90136763193
4.56983015862
7.51846024092
4.50199855097
2.54271625166
3.84291369352
2.96509397234
2.16003804488
2.00362510922
4.6530718274
0.306818117432
6.93707890842
2.21913541126
2.61812735505
1.11355951491
3.3271480277
2.93407196544
-0.432028590225
1.55783857986
7.20844985884
6.97176292817
2.60651645348
3.76275697431
5.54770736164
3.15118037456
0.160568780781
7.29570440446
4.51663909203
5.82306871396
6.54170092664
6.32214867451
7.24747947983
2.4177953936
3.06268710904
3.1175685773
6.63504622357
1.50269522158
3.63777705241
1.58475526943
2.63605039326
6.58640351008
5.03666073983
4.25707824025
3.76193808957
3.3101454402
10.0854967186
3.57441670034
2.54757879855
4.93911019143
4.39485390725
6.57644013549
5.64098949777
5.71643692345
7.1896548524
5.40971567355
1.06231514836
6.28318967316
4.44970302933
5.67860234632
2.27367441078
3.5234888045
6.06474940227
3.02989110982
5.57527382151
5.072881595
3.43285165222
6.70810534908
3.29240483794
6.52262829477
4.28591347424
10.2693263962
3.75635057666
6.6747199993
4.87835573553
7.11332051197
4.73520118222
5.6794459246
4.77728804017
4.96314849249
3.93605058068
6.74801898087
1.33625008332
5.11360178378
4.20416238452
8.5361300645
9.65817067459
5.03966556712
8.92818640079
3.54299412167
9.27568731401
0.696406145499
3.47596592186
6.15587987342
4.25627085213
2.72422270842
3.12216265204
7.00419056544
5.6140656866
5.72460716998
6.72034731428
4.7713301588
1.94279836622
6.73362378372
7.37249766551
8.32468312893
2.34161932016
5.70679744891
5.69547541278
3.29368226126
6.2730032283
6.2291320468
5.62430356586
3.09477387179
5.17467201966
7.77296368689
1.71301126531
1.73802546932
5.47660405552
4.85149438495
5.50305654877
1.78471854106
6.65159311723
6.00949873643
3.71971563164
12.2875369464
5.55558686222
4.29026512612
1.70903540549
5.6206975241
9.21412630991
1.67038648695
2.73364419739
3.11622941052
3.3467077039
5.98826295289
8.99787180568
2.78803077119
4.77864119456
5.96542388599
4.68986031364
2.00218964059
6.53549215436
1.07737027589
5.51669358356
4.62624021142
5.07937797022
4.85007755932
6.75056497107
0.816032600627
6.22836895953
3.40720392758
4.00074407383
6.29261424044
6.03786716151
0.721425198842
7.87342199501
6.81817959572
5.14986580593
3.1231666893
4.0122789352
4.4075502229
2.8891395075
5.20331313128
4.89252542935
5.13477719978
6.17336274342
0.616155940266
5.47853947687
4.87585339545
2.71900840257
6.29803579798
2.15764946222
5.75498654392
5.08493745096
7.88703854358
3.04545127562
4.7387750301
6.90858404978
3.94142918772
4.41048252204
7.04727319516
2.31331109751
7.42840264925
6.78622473712
8.08523026533
5.79455197232
9.07698324742
1.17609733433
8.58846438496
4.60222600439
3.64512768486
3.56734706895
5.17038705385
2.29076778976
1.27909163485
4.79765695246
6.60504497568
3.47231335604
6.13142952165
4.45290876286
7.43509287484
1.76172618633
7.31412945021
3.27590755344
4.84611263477
7.61469743079
7.26639730734
5.12229221035
6.7664697084
3.09472988449
6.41291522263
6.69382437513
2.02813992954
4.19769007372
3.28415407341
4.62311406459
3.87516468015
5.83001171872
4.30106705958
7.27495579192
4.69736354585
4.1153618575
2.4606855444
9.25824181273
4.66959061327
1.60460291773
2.4664693134
6.42881713025
7.10218122926
5.75660599962
4.21128430147
4.34937138526
7.72883706616
2.70151317026
4.98797232243
7.42294611557
2.9322667189
2.45712177777
2.56505510385
2.36902753322
7.2853267536
9.69391858642
6.77781255844
5.6016056316
6.54850117949
5.42186857493
2.84626434514
2.40418125512
5.12808134916
5.64099712266
8.73809306555
8.70099573987
0.648894978968
6.81904306401
4.2691214215
8.09057767174
5.11988979692
6.69714249647
6.94094274302
4.36215848307
3.8267261032
6.44748896181
6.32564721729
6.97122393905
2.56480734509
4.63044559541
4.34685361756
3.63655314499
1.0998800458
7.28062860948
5.32421071003
3.83310110992
4.47244941253
3.97863899001
4.78527708765
7.28069340913
5.4994512323
2.68748933658
2.76494991981
8.75804054525
2.93375233336
4.61226432198
5.02164679501
6.73491592979
5.11523218813
2.30903877676
7.09893243201
7.93480693635
3.47296147875
5.24116788448
4.05450469136
3.53555386082
2.25653332466
5.7827648033
1.36291080952
4.97779507016
5.31689119233
6.17146313986
4.20458437498
2.89692301379
5.01363798821
4.77778474871
5.67697124581
6.08757494579
5.87213680079
6.38818422218
6.91994861601
3.70202596662
3.39881319552
3.89074530899
3.18601825093
7.49319964801
6.15121965614
3.63686995258
4.47221339567
3.51041127235
4.68231735936
7.94718290722
7.15427924933
4.85109766081
4.02345771668
8.31271446237
