3.58142851212
4.41147346174
3.01618663558
8.30118713323
5.95339428359
3.44591456057
5.13350483355
1.20136579044
2.48895687753
3.38696028733
5.15495367614
4.45849228207
3.87609339473
8.59315561945
5.82345635048
8.42380990185
5.00954243327
1.77368366187
5.53232294288
3.38721171185
5.57684774851
4.96479171527
4.26136808024
4.01280173867
7.16507505005
9.78790026865
4.89742348176
2.21772357847
4.37950248177
6.772758243
4.14858480571
3.40314833137
4.44762113481
3.08945984132
1.85267749693
3.95989029865
-0.243311461625
4.97255829109
7.16309205046
5.1174467021
4.71998358411
4.22926900166
2.84583179971
6.09625232087
5.92438818417
6.25689303065
6.41854746595
6.21745748184
6.15076460124
6.8215255742
2.14660256755
2.77947085511
5.25151197341
5.56046094625
3.61514482584
4.50677065345
3.55358038666
6.76001665794
5.52676191387
4.70567268091
5.15538273569
2.99740237042
3.00809468351
4.6771169343
5.23600228643
1.27256530541
1.39034899669
4.16521091491
4.06998624661
4.67221305074
8.32538911264
7.07111697269
7.92220488605
6.33845604701
6.89614792326
6.22823657442
3.95190374683
3.1663302291
6.89218942828
3.70032088231
5.47344273236
5.87721684976
4.47030318172
3.54840698347
1.22869803036
4.19900969563
5.70004254276
5.15313305613
3.02395741232
7.42285501308
3.81439741233
3.55994879908
1.2546137842
3.52802894663
3.54187450527
7.23364331191
1.29519071456
6.48017604306
2.05602791785
6.32217771465
2.17597888388
9.05591445703
4.05893405507
5.26246778936
5.42292426667
2.25465364439
4.46706043852
3.11061293287
3.49977665856
1.14810566015
2.42996346153
4.07557233299
2.52058603422
8.16935801855
5.81099016667
5.38160205484
4.21908100134
5.67320392634
1.98973522083
3.60065034095
7.19497050528
5.55589922654
6.68327378868
7.21676121474
5.19111401206
3.89790248006
5.55355418382
3.59418366637
4.45405761632
4.72856944457
5.93744572082
6.77837214023
5.80988595512
5.5675726466
7.45015747257
4.43573596576
6.0270993796
3.75440091336
1.35226655712
4.58478394139
3.85582376669
1.66187278192
4.43435813152
7.30700376379
5.3508352811
4.46887908909
2.97241252338
2.23339812916
3.27867285242
6.95624156645
1.36168119232
7.96739424809
6.27527015693
5.73626501339
5.63685962672
2.38190332018
4.77845785557
3.70738379527
7.46286174585
5.84571359371
4.43327053151
4.29041577847
4.83202910286
5.65980444991
4.57303389147
6.21951098669
5.07069947465
1.89653522995
3.01667226636
6.18873517986
4.86029144143
4.73900801364
1.11273663314
7.06142005923
6.76985086865
3.68262654572
5.31047765178
3.14879116996
7.80320455445
4.44878485131
2.51728938175
7.15819804668
6.02991462429
5.73284486584
6.80862373042
7.6300621823
4.31278203451
5.36557143128
8.4211020249
8.86141301004
2.21062790312
2.9047244115
2.59715029675
2.29955505979
3.64023585132
5.29034867227
4.73780213017
2.05388390612
8.39473250399
6.16312336385
6.98711232849
5.38520738444
5.42234554798
8.09004037129
6.12067649825
7.35850173672
3.89342285978
4.52859080766
6.93476868597
3.74734083077
6.20393977638
1.63822338502
3.22110359086
3.72088093042
2.86173497017
5.44242913285
4.5401505089
3.31893012467
6.94562141218
4.92864280972
4.63717874945
5.92596062773
6.26215770321
6.87141522266
4.36890689831
7.86757787643
5.67876289553
5.20533907369
3.46742923839
5.881431252
4.976123382
7.07935618401
4.50913197706
3.99367422251
5.07759194341
3.39990491963
9.52275471911
5.61904056885
4.2588056187
6.2139300203
5.92371469607
4.25838301271
5.67506992044
7.83353756455
6.09954170837
3.25711823079
5.38605340936
6.61055368422
7.85994533233
1.5713282336
5.7941510816
1.99737606761
6.84688218651
8.91217898798
4.21211952647
10.5129936068
3.69497915469
7.51720867693
6.73847618978
7.25386729568
4.68956534477
4.83020996578
2.73951982049
3.70691526318
4.52456791706
8.18551328374
2.5405652443
6.00601200606
5.2374170612
7.43232583168
4.95282407566
2.05569480926
3.20623524449
1.90135556673
6.55329874506
3.67380809247
7.37942412071
3.08086817574
3.00002940889
3.97619331186
6.81290566944
4.26276891489
6.26084995054
4.26906607553
5.69126578294
4.25280246242
4.27289427035
3.86494328363
4.10666942149
3.9265695386
6.95576125119
2.17465803715
2.67560277303
8.47505485542
3.93453131723
10.6478359137
7.9774563887
6.26950503428
2.62573002508
4.13367244988
6.06639660884
3.81059876748
5.84870138283
0.0962408565645
5.83724021335
5.66442736833
3.96409800382
6.8605998017
5.27260273288
5.25917889463
4.20801170515
6.50778408782
6.55065672391
3.61281261157
3.63082921235
2.55926901922
2.8090495165
1.76692870781
6.93974557286
6.7187531395
3.72387828082
4.68042544674
5.10862179927
4.78029676055
4.08655954425
6.94206757284
4.71719476085
1.80413233552
2.89064531263
3.12417684273
8.68228603313
8.35721294931
2.82033913059
8.31952957621
7.75445452533
6.87048413115
1.69536404642
6.21108389158
5.19129190104
2.66297065425
7.00383702423
4.58209778069
9.7465407004
1.68559930259
6.32537245077
5.87341868096
5.68919789921
2.70937850941
7.70528100234
2.86555398201
4.6378499316
4.25625459259
3.88685863459
1.87139770945
9.99266699678
3.00290820314
5.14226385159
4.78497266279
3.20757481903
6.49820794681
7.0689158865
5.30590320318
3.14146880214
5.56512496029
3.43342167052
5.03249694886
3.71835436063
2.37345837579
5.77589572253
7.5151677377
7.15444324858
2.73282928584
6.62412199735
7.96069738731
8.73152993419
3.94197369047
2.50663188046
3.31166131755
9.65393465216
4.48210225135
7.04171606983
7.48588817085
3.92252690179
3.22227916345
1.3969997925
5.55032834791
6.64687668755
4.07393496165
2.22470852557
5.06714253834
7.03263397589
5.96116303661
6.40964259357
4.14627380669
6.10278436229
5.29402222923
5.34640823426
4.11809349892
4.50992690676
5.49273707151
5.22104184884
4.71638633197
9.40507326695
3.49698002489
3.78844968027
6.0064349221
9.53956168615
3.47679116811
4.92628131739
5.49896605841
4.03501988516
4.35901438144
4.44777059242
4.0679420373
6.3072046935
9.30312360255
7.56918480203
3.74626154759
4.51894582334
1.1715938733
4.35503619645
2.88570310517
5.61234537571
4.76100188556
1.98432919332
3.8923031071
3.43221077704
3.24919363753
2.02823381129
3.79234508753
-0.250481534648
5.92974889704
7.05511648272
6.11006561539
9.28952258758
4.56664246933
5.65463459754
4.48914264031
7.2884329203
4.01776036889
8.05385414169
6.22781867087
2.57037593251
7.48157708898
3.0759805422
6.65295328521
2.02152512473
4.85836143754
1.26406454137
0.638574416046
3.80027474109
4.58238115734
6.68351651292
0.0246500064267
0.855364245782
5.16074755337
6.6536615246
7.39844948311
1.51331148735
4.02495678585
5.76682256417
2.13427366408
4.12447070009
8.93285748487
5.49676067348
5.5976835775
7.05788319298
4.74026848564
3.73594809072
7.35398117397
2.02008646526
5.40441274371
9.37689033548
3.75472174955
2.92706801178
5.04187716067
8.57930225506
4.61525439835
3.6518682372
4.54679893382
3.37708764911
5.38667368303
3.75080462159
7.40009063935
5.09935146082
6.46290483081
6.52503303335
3.42242852187
6.3172217826
3.66805281896
2.29415790087
6.29372980918
1.83712624282
5.5772231303
7.01795656265
6.43294729416
7.91091476361
4.93658459726
3.9022470174
8.24946541074
6.24883435256
6.39982549968
6.65362807375
3.76807805116
11.9313082258
5.38711750593
7.24926946353
7.84922701751
2.5251578232
4.09532786455
6.36787358317
0.189883260476
7.8988086626
6.74786090605
4.08523351397
4.74052264371
8.26369307166
3.65216796958
2.96838970593
3.33818407554
5.48849382494
4.36527464385
8.39175780128
4.72124412119
7.69627613391
7.78047270624
3.17132619478
4.41284375578
6.26715916112
4.21768450535
6.4219794638
4.38957372317
0.618255872258
6.49023435173
3.42894922739
1.34016840278
4.21305279021
1.77192430332
6.90981891024
6.2684321777
6.80786810322
3.81329430903
5.43291121758
6.78928493957
6.61258931615
5.49424854575
4.86960119342
6.59084395676
3.40848019447
5.4008153465
4.07624903822
5.08151687392
3.51313377365
7.89901980894
4.67502292132
5.16859971597
5.24745341038
3.55904353809
2.88017393208
2.70146576312
7.2248288495
4.97160021353
6.30129383941
4.6768189268
5.03732149537
3.38516120697
2.53642032011
4.86066349644
4.46926912978
6.31558687073
6.82025795348
5.79036178827
5.96425916624
3.2385079132
5.79820817043
6.62423115118
5.08852385711
3.48075645928
2.82263117278
9.05400779955
6.89806813472
6.95594292925
7.17247977087
8.76352450505
3.38988899675
3.5787028185
5.54140010901
4.97959880126
7.40734016692
2.79290581905
5.45140919054
7.25099204561
9.34114756266
5.33286058866
4.24075626032
3.23684469547
3.5292494744
4.15356118299
4.57075494726
4.95866142597
5.15127048548
4.09796341497
4.4136363485
3.52722951852
2.72533268313
1.49337316831
6.75892164181
5.69507400892
5.12306996977
2.5350236011
3.33608824999
5.65276414855
9.06392604489
4.53448899084
3.40501738202
-0.316320892876
3.96617072248
2.87085533697
3.38005395303
3.66253653757
3.6035756598
2.57600509712
4.60727216803
4.09654382116
5.12160421509
5.93464960209
4.32621994003
6.76808278453
7.1178384819
4.7753055793
5.33294659889
3.91402903706
6.02359452081
3.03647769015
4.21660636985
4.69926659448
5.97289831353
3.63539510672
2.16929957631
6.00151969562
2.50930626888
7.91154815079
6.06339230051
3.33364445143
3.40800404835
6.85930043753
7.25332382422
6.60351058541
5.24406858451
5.54943036222
4.21697069835
7.12564836174
2.69051586847
3.21299800051
4.09947933114
2.21867346599
5.46744716598
5.27161071495
4.98626076225
8.20530597669
4.9828200618
5.87759657746
7.64671739117
4.70629810219
4.38657842105
4.00782352875
6.41199074181
7.75784823419
4.47257789416
3.10913913108
6.84842201915
7.01915077658
5.33194090062
5.51126875407
4.60380892576
3.32110387966
3.58787626283
5.4036072145
8.74627290254
7.58937091803
3.81673265212
3.07540709573
2.5984790836
3.02820540163
4.77915092991
2.94574926956
5.0254791668
5.18871332362
7.64881811148
6.58598161172
3.3516869782
3.39684771457
3.40029065326
4.55655100184
5.15153842979
3.04284919582
0.0362172026306
6.69285371655
6.72662947193
6.17589500523
4.33424003607
-0.419255232353
7.61390801658
1.90042439263
6.22377361836
3.68786824976
5.1172829809
6.49099005353
4.98736292916
0.205420271029
3.53372190841
5.6531808126
2.00762556702
4.89011573565
4.00434309657
4.60993003478
4.55819353637
1.2942709698
5.71669939121
7.59169322412
5.42323227628
7.0854467674
3.83315240104
4.11629679682
4.44165868042
5.27206317841
4.06846965398
2.44779910414
5.73336933997
8.17450422206
4.73120401861
3.84955593986
5.60632164459
4.24283895274
3.4964028133
7.45056818051
6.65171788146
7.42722178835
3.33580105144
3.96405079663
4.26386610239
1.79692242886
2.89917744724
1.6864829813
2.38450408759
6.10653531894
4.08075677632
6.47421352492
6.39220929206
8.76451403004
1.24843367889
5.23682224931
4.4499955122
4.57927690353
2.83022411724
4.91441166139
2.39091625651
5.55561058115
2.726579607
8.20421962114
2.5884232904
1.86833524444
5.31002239044
3.70563955375
3.46832172355
4.12924615172
4.36286736596
4.86727215545
7.56768858292
5.61824078156
5.18153495031
3.5175866643
5.61446913245
5.27396065405
4.59311667359
6.67500402733
3.56531065992
3.77696828676
7.17657942756
4.65877198871
3.97102920338
3.27504312415
5.22397257489
3.41300105132
5.88419583007
2.80953363431
5.05711273391
7.58622228947
8.73493483929
2.96148961703
3.89112541926
0.996238033835
5.29045803192
5.18747463533
4.42520463576
6.84683707407
4.09568284095
4.14805221393
0.395431813201
2.99337701183
5.98210582431
5.49127149467
4.18217513313
4.50929392623
4.204127558
5.90226318446
7.45040048564
3.46663553438
6.34656586956
4.5414347576
4.87085412838
3.17214942243
2.28642961458
7.26040861532
4.95209564085
6.14380245186
2.54968582409
6.16436153635
9.21928474568
2.55512352017
4.57947142833
5.9621050673
4.69105896592
5.07815755249
5.67023282427
0.934031253055
8.05060722591
4.89626387864
3.79181406331
3.05849784269
1.63827444046
1.75221540378
3.67530920619
4.39704255776
7.1461665172
4.0410753092
5.69466998206
4.74893040527
1.16015908904
6.56989425832
4.32478040964
6.14003721983
9.75584470463
7.25934764267
3.70818924623
4.57373277795
1.25482764634
4.44889688773
4.61825812821
5.88027485502
5.47124384427
7.33783178397
6.73714341164
2.14010854402
9.47934300283
6.33488638206
4.21859920179
9.44217127013
6.15619529653
1.9348272028
6.05997011801
3.35559843075
6.13643312402
3.1676273669
9.33191759313
4.82129576678
3.97491127109
1.5071484775
4.1915652677
3.98229873711
5.40347359396
5.95349017181
5.93894462161
5.53678763972
6.31972036805
5.99474776395
4.95021307468
5.16449051988
4.57397187626
0.327234559742
1.90368022308
3.714074724
4.0021462016
5.40262728335
3.27930525812
7.81484884765
6.87531410335
6.4669237642
1.08357905637
4.18115283135
7.47877948002
3.86595516568
6.48536674509
5.42066966268
6.38625003035
5.16495876722
7.35329162184
4.26260571957
3.98862776136
7.52389706878
6.45288575975
1.29190606856
9.85503697045
4.03401363929
5.21333130595
4.18747401621
8.56905862833
4.50426904983
5.4808271978
4.62433843493
5.7779881826
4.01535998396
6.51989141266
8.72441680135
4.7304723617
6.38640576472
6.0492221514
8.67777978441
6.11414685863
2.3063868327
6.8886679929
2.15529328552
4.42762795181
5.6965002808
2.05942719796
5.58682531551
5.10509372314
4.36185370196
8.40487596266
7.78015652838
4.41713216638
5.867058421
4.64332589571
3.05545015264
5.48032646891
8.19914171591
2.73569497632
7.27045122774
2.75687482791
1.94117203733
5.71438615031
2.9663172354
7.43528574219
2.94126913731
6.50097977376
7.96989343542
5.43499077817
8.9274702944
3.99265851094
6.18124281912
6.02775041272
4.79776770505
5.50730290716
5.8998614686
4.42127217077
5.92990699512
3.32898434997
1.95328657974
6.57817445165
5.58902840401
6.48594182033
5.89692001127
7.62619762645
3.8605076276
4.46524463092
3.74231035443
4.37573020779
5.06434590393
3.24771297316
5.60998964352
4.4321243504
5.65192008771
1.99053869776
0.821928158735
4.75666562948
3.58019930684
4.24121400835
4.52194416742
-2.27611639795
4.60494632905
8.2148864975
8.66677453647
4.34633829314
6.49346367157
3.3495926515
5.50005452745
4.3768732686
3.98531167264
4.88706964666
5.34091726876
4.56421450628
5.81649399739
6.29902495959
8.45134855983
6.35455100804
4.18481547245
5.3095106071
7.53421159242
2.84726228652
4.52573820778
