7.54166332456
3.60381427352
6.81368943358
5.28485537846
3.40115574727
5.94588809295
8.11784559509
3.48186329484
3.64518185136
4.06930573171
2.18072950047
3.15343581775
2.49486564632
2.37981707519
5.75777083301
10.6576403178
4.12666429513
5.58498533026
6.92134636917
4.13019116663
8.35997737099
3.78090916909
2.54797395614
5.12122188574
4.36017276641
7.77329965008
7.30234834106
3.06763763326
3.95735404505
6.46585325726
4.09673872702
3.25199672004
6.93039174532
3.78064000541
6.60780384417
4.04642405965
5.98573780294
3.8335257412
5.33790248372
9.85478884806
4.39426263606
7.70901524969
4.90579570381
3.85521981105
2.10603462728
4.97687619157
1.50128636529
7.66768413793
4.45737709599
5.68656048785
1.35459011481
5.23167911257
4.24332802027
6.57233654948
3.46742067611
5.6937288235
3.97595220923
1.08424010374
5.84647807626
5.82268231136
8.11267569018
1.84259714584
6.92363364329
4.91815430197
-1.15386947256
5.42752412618
4.22026406498
4.91420982034
4.44788667558
6.30851559827
6.06639572156
7.34730031494
9.23315370287
4.77053590342
5.37324098801
4.15386584603
6.05826447582
2.65328687469
4.76793445887
4.20046741017
1.38521895991
5.45309426699
3.728500651
7.30471267923
2.8939039049
10.1344448993
7.87913962691
4.745620446
4.89642771644
5.32261596611
2.75389376182
3.49566122341
7.50941070783
3.5465808286
7.69947127659
4.66472007089
9.02856242019
5.38930876528
3.70293309762
3.16458536189
7.97131641097
6.40607614764
4.20420057782
3.40598801414
6.23420826708
6.90442205276
6.76187755703
4.57820630087
6.59562394512
6.42515010925
6.49411320473
4.30754328577
5.78276101996
4.14887732166
-0.124707900399
3.29903123382
8.15033368472
8.28115222553
3.67561912687
3.13620088447
3.28470521647
3.6239956429
5.46242591995
3.03308835137
3.46716724508
4.97773394061
2.87640251047
5.54901277398
6.76974301239
6.31506708032
4.92916211072
9.02404448252
4.02494598613
3.55964991615
5.77601177951
8.27032728778
6.14799457356
3.18108530135
5.91601095209
0.670804536185
5.09975953202
6.04411900057
4.65324227172
-0.845202986328
1.74284815835
6.85722989925
6.22776336584
1.711802508
7.56595086423
7.85157719579
9.04632843135
1.45230406378
3.25601749633
1.43859662231
6.84531902604
-0.141404620769
4.59039775563
7.04762747738
4.7711166969
3.18036936374
1.93826342627
6.28198306895
5.27351224769
5.81669902338
5.19474145382
3.59557383455
3.81006701905
5.13651155408
4.21637674286
2.80083155335
7.16302389556
3.79572558991
2.59098139585
2.43527715562
6.27707432192
6.99418967296
5.31513104613
4.23663015935
5.31815918399
5.16892006483
5.55169757921
5.12644359219
8.81269561209
2.41151063486
4.96626060796
6.56993646432
4.87812310399
7.6090394195
3.74937676774
2.78100008854
6.10655854108
3.62796956775
2.84141865469
5.2855322182
4.11225038256
5.98451213701
6.47533059819
4.58769706863
6.07572569597
7.20796477422
2.46564259085
1.61772596884
0.205045601251
5.20897848028
6.33477168605
4.43026763393
7.04491828623
3.60718636161
4.04188385496
5.91248872693
5.44048042981
6.77760904145
5.08359880862
3.86939017968
6.65444431498
4.21846852513
2.31685742822
2.11603757285
5.39912351789
4.26315337864
3.48282821931
2.64879368075
3.67585029348
3.57053491574
5.60239650477
5.78478940445
1.85978859139
4.41819984165
2.78254548431
6.08799448543
9.3720699972
4.5829318406
3.69779871307
7.26774307412
4.48861731103
4.9360384545
7.50700866784
8.26251027074
3.96055634116
4.71720134694
6.32709538936
2.15615585506
7.277492747
3.37607070262
5.99129546634
5.10645755253
2.71369319094
3.99444792308
6.30972753155
4.46839478736
4.19626346895
2.49516428668
4.17233298657
3.57921274601
3.42720742344
3.43707733469
4.18817993712
7.10043299774
4.47824130865
6.03519818357
5.35884941483
6.68091623435
4.24930058723
1.33824768669
6.67478947743
4.55773234707
0.863834870312
6.07116840308
8.24217774946
2.58053264244
4.16873313222
5.54465886191
10.6557537667
3.69085053265
3.01402336253
2.37094625203
0.65904663724
5.87644218477
5.54567857325
5.25802944252
0.64968300903
-0.328343265312
9.25904671662
10.2475822014
9.32919506888
4.38891191863
3.63800898109
3.18411404621
5.31542620989
6.21785305501
7.55122765161
2.46909871911
4.13558362762
5.5738820077
3.43593557167
2.83326524895
3.7819211195
5.1794136779
3.27063968537
5.06342943274
4.09475672487
7.6806247316
8.27139481101
2.44840222567
5.02282033888
3.48242910858
4.79779962275
7.94008614561
4.85081996138
6.11696883457
8.41089420295
1.28528994662
4.55649398567
4.16280877272
5.57377983105
4.44403508865
9.56470213446
5.01173910136
4.33094960574
8.80148363484
5.50770188671
4.10912521291
6.16414229754
4.30554475164
5.89901733429
4.69004568433
3.37717789174
5.29690020777
2.98330619133
6.25674927619
5.83731426167
1.78785721838
2.1652033567
7.67929757718
4.24523837013
7.13282916742
4.62607822716
6.57072515082
5.53905685179
5.77507546146
3.71013502679
2.08649691551
4.07281486387
5.24667041037
4.07444759431
6.79655213812
6.25862642968
4.01319732057
5.9498007382
6.96192160673
1.03873259508
2.97100076875
0.955420981057
4.35445848378
4.79722321764
6.30872846495
6.20642663504
2.51755025661
6.13269059997
5.31551998404
4.3493174203
6.30286960641
6.39810209515
5.37129024182
3.75195697363
2.84420337382
4.95198709582
3.16610484653
6.11959059506
4.74567103281
4.60564891127
3.5633935472
4.41637538317
4.16871066343
4.44472560112
4.77854381094
8.88807833125
0.894832532125
3.78228887681
8.14886579499
1.0460014653
4.32555978001
3.8181392527
5.73439216224
4.56005979609
4.80107530011
4.63402838662
7.60210587586
8.85814047085
4.09929516235
6.66680382273
3.47529692064
8.62903770837
4.49680818289
7.02767236576
6.08032107351
6.95232452769
4.53635962752
3.85346811357
6.49168129301
6.95992136805
5.882803093
4.1905585784
5.53659131937
4.44747331626
4.9669877482
3.2706597262
5.96624138803
3.05774355714
2.3124881447
7.91652678782
5.8465962792
3.33330788766
7.79285659008
5.44687089898
10.0354569913
4.30079030104
1.62447919541
3.60800492144
5.2460895233
3.91197734564
6.25917774675
7.13186704147
10.4042836751
5.40289042669
2.03849601707
6.7105392091
4.74149571026
7.06491120909
6.70714046618
3.24757224458
7.07775009203
6.62767255533
7.16160334617
9.59713269725
6.070305241
4.32611508011
5.51709587566
8.92863734975
6.98489722745
7.87341661971
7.1468565449
5.43758279093
7.25482949548
7.70068385392
2.4147763047
2.098335153
3.32747545723
1.79828832672
1.27537363264
9.12357280204
8.14068420008
4.7191898513
1.5057352146
0.980811702209
2.01673356115
4.02017484922
3.41089533644
1.14333980756
7.30358311678
2.68754105358
6.85450180618
5.93908556682
8.04886053331
6.83833045578
4.48016642531
3.79300112042
4.96582438594
5.19593764769
1.61641862046
6.14510035905
4.65014798886
6.17475909812
6.63176397412
-0.31874548493
4.37492652823
3.45629613239
1.55090680316
6.60917537628
5.11104456096
3.36570787101
4.93599716023
3.93411813762
5.52496065404
4.43962737706
3.70571051744
0.987529154146
2.52199140784
2.40874478396
6.48679948566
1.00534908605
4.02268205175
2.77659979214
2.11104496303
6.74839574941
7.16822755352
0.437381912848
8.45971331183
3.46223022571
3.55846251652
4.60543123755
4.54595209958
8.70404740265
1.65110303642
4.98297811273
10.4569538487
9.63158330484
4.05735350585
6.27747496904
7.26811096991
5.03269871753
2.18943703312
5.60599851002
5.55618547507
5.87408899451
2.50289819138
5.04208497527
4.50778289404
4.54421913785
4.6267062366
4.5121542664
5.27632401317
3.41944831663
2.41598140104
4.65426522657
3.05282784982
5.64107306525
3.74994474658
2.20133427213
8.0063392297
3.45392313904
8.83349252776
0.679543459102
4.54657545806
7.78372777837
10.3881293858
7.45251135277
3.9799183441
3.08284937384
5.78489948899
2.18086402117
5.91454452156
7.05567953968
2.03435231481
3.6977285247
1.94211993721
8.41280972748
4.13601368762
4.94553047064
4.72989197673
3.03633216863
3.94718444792
1.57557550111
2.07630659079
4.34450260858
8.4905280777
5.80202778804
5.29779021207
8.85028648056
7.50380573996
6.56251148205
3.74132505053
2.95094341008
2.74862578306
7.15891364296
4.58726634859
4.83737611755
2.27025770768
6.11432286276
4.6781316154
8.8364978656
8.35646829015
5.78201048699
2.27231019806
5.28529984855
2.5114819016
7.67701256549
6.99897762393
5.43675541911
6.77061526683
5.96006998791
4.57653795113
8.50297552003
1.85492844928
6.51061656692
5.57996613916
8.17303154984
4.97498658166
7.45254015722
5.4349549323
4.78855130665
4.3752852112
7.07766777437
5.91123882527
2.83877829414
5.63717048697
4.19152337824
2.90059731014
6.38528329845
6.31750855894
3.71542872395
0.728710947345
4.53769005223
5.83582084337
5.76286928032
5.50450686505
5.52431646819
6.24399338946
7.64485634528
2.14160682059
9.0770156166
1.4586436822
4.61987434369
4.93668301491
5.67427342817
7.56844218089
2.92536848679
2.3083784052
6.66856127869
4.38658640581
7.66766155627
3.24581240748
4.13983661352
6.10218748916
4.2719111396
7.52438230013
5.50567123888
7.73016367472
0.618521054003
4.11944145901
7.97380480081
5.43974476678
4.43527567218
7.6574956045
7.48739362648
2.64914328845
3.5360647422
9.55649826185
3.5929000828
5.37668417603
4.5395533906
7.58555322648
4.70835155198
3.51218414464
6.09282100007
3.39877714939
7.53232324442
5.6570625334
3.99601423666
4.56866664765
5.01216227471
3.9522596467
6.18817241763
3.70165884685
5.6000250358
4.53620407561
5.96617004812
6.20160916407
5.28625445283
4.88098082837
4.6011569284
4.99457374443
4.2610211386
4.1803727944
5.7151330733
4.26297649324
2.49279695313
1.34042744096
5.02614131624
7.44924825508
9.88721902591
6.09130978277
8.36270289416
5.37694313882
3.86575854917
0.987082933285
6.38997042117
4.48288695103
7.64529309028
6.47139369033
2.95747252819
3.94052327045
6.32242315264
5.8308275446
4.4259886886
5.37528432798
6.71907481744
9.5371498129
3.95283327385
7.43913240994
7.8333081258
2.50122875834
3.45693683926
4.2445677216
5.73996648791
6.35558703599
5.95093864399
5.46467333839
2.20795414319
5.59474417479
5.8826434418
3.32463367002
5.51880356383
1.45671309761
6.86178662323
5.38109619618
5.74772659538
4.15955319065
7.46019698159
5.48736449387
9.17502224367
5.18439422811
6.77884592531
4.5656344236
7.26539867981
2.30430023517
8.46794834528
4.46837951583
6.54712046739
5.97393822962
5.03516099883
2.67053564078
4.34134435434
3.83158151565
9.44215478841
2.53599648534
0.963966756556
5.57942798816
5.76791079759
6.91286338749
6.38014240534
5.85797358155
3.11381913151
7.80668035016
2.78464989007
4.47190195349
6.42781590996
1.04551598684
4.93757460567
1.06086188862
3.13145221901
9.17163430198
6.4064066965
5.32511909143
4.15214616899
10.1971145117
3.983410707
9.02150718114
5.02943251223
6.19818433884
4.70410333689
-1.4114256504
6.42180614381
3.15118978816
4.53750247184
0.226791617955
5.55314935203
3.46638347394
2.48823354883
5.87243931378
4.78766800449
6.97401569383
7.63854864336
4.53122265564
2.74102232617
9.07193857948
5.70368977763
6.61235503106
4.29920203443
8.98160405138
2.51254524324
3.26676889851
5.62269280115
5.2015433087
3.02269560622
5.47564596051
2.74414150119
5.55996588746
4.97009767592
5.15595049059
8.42709871814
5.36512491336
4.99531361565
4.14390887869
3.80357345329
3.64217618199
5.74056012305
7.53276502576
4.06600347798
7.49926602769
8.63741875467
2.06749022249
5.49881705931
3.68298272367
2.99145090396
5.82098201498
7.14500120255
5.9485676743
3.83805085724
4.85394371371
4.10845418978
8.89901707763
2.28450234089
6.51261121594
7.17728406123
2.90751454253
5.54743941663
5.19549042066
4.32038556673
5.71977789423
5.56539741114
4.43565964127
6.16752810333
3.34962011656
3.02763170258
5.85298348422
3.22260431829
4.37770365358
5.89654597263
1.07393605544
6.5812792277
4.76218564678
1.51468456866
1.20599374515
5.78239254653
1.7941674978
8.23264300133
5.17906299486
5.50319525026
6.77477908813
6.75660975462
3.86723905359
3.54820397751
5.75299644665
5.82957750176
4.97529987267
1.69539245614
6.23689676021
2.53410898643
4.33667775795
2.2626598013
7.0507147205
5.77991686619
4.98322360236
1.87186654403
8.23713590762
3.87129217036
5.51060358078
2.00315809116
2.02352956776
5.26046125198
7.33272883149
4.19723890148
5.82693208656
4.98288357379
6.02253144268
2.49223053959
5.00235567631
3.09127281798
4.3744275024
6.29817359641
5.83120263158
3.84550453488
4.0712641238
6.93835106599
6.70304105448
8.59430963254
2.40695833396
4.03041469662
3.27294928181
1.2584649569
2.42656069556
5.78805460774
4.95569783488
4.24375039334
0.495823690366
5.98837635741
8.04657471767
4.56207210399
3.04274090293
5.05604867961
8.56073255495
6.93699985067
4.6196771065
5.4417555869
8.38285295129
1.00499589194
2.82836639081
4.08620299649
3.04105258525
4.47298517243
5.48122734781
1.79533986038
7.68504486302
6.80622763516
4.37991069515
1.41408167702
7.68155775362
2.19176888855
5.46599005397
6.85158647409
7.02177072914
5.91624259932
3.04071946087
2.27805391929
4.59245834638
6.76800330491
6.45658272817
7.54654236432
4.20054731224
6.74028190574
1.97543578715
4.27024643883
6.42969978854
6.47979288998
2.72246405946
5.36578580172
3.89215791771
9.52475011627
3.81680299401
5.42800987935
4.37836544638
7.5723147477
4.4181312341
3.92146437105
8.35019442852
4.03488882126
5.73550247808
5.16512450272
5.74888712863
7.73511044931
5.86785353329
1.30545710836
6.43268840309
5.73519086157
4.4265065391
5.39335184291
6.58511880498
5.97010479344
8.22487584857
4.0751155215
5.94675874395
3.1470400983
6.18774705477
4.26945581937
3.44474826623
5.12777639804
4.07023616361
6.76367509414
3.9876088754
3.82862146754
2.20001253468
1.96337438899
4.71749320707
6.05027773996
4.56773720871
2.18551774211
5.41425222755
5.73587425765
3.73553804332
2.4549174306
3.48130726292
6.25135409582
3.9653715418
4.53534381847
6.66523091789
5.06467084757
4.57365220562
6.65007020653
3.81537308693
5.19472956275
5.36339599247
6.46762209461
9.82133577551
1.95559022267
6.1398149218
4.11657214206
5.03098331029
4.75580374446
6.89298074016
8.28892827448
4.55229799198
6.51388307141
5.39003530246
1.63672348766
7.48661550598
4.37553329648
6.14710905327
3.24161706514
6.93544154566
3.86808345707
3.58336931078
6.23087711273
4.43837801336
5.90046714184
8.11700648719
3.87115677471
7.10100968905
3.76564901038
5.84919125143
