2.57573972076
3.81048612501
4.7604821528
7.14721558678
2.87065805265
5.06206487028
8.41208863209
5.82910947414
1.12734730578
6.50380944064
5.2333764533
4.87162215078
4.3764115076
7.86388926947
4.12878287457
5.69474836167
2.1579294302
5.05098480046
7.88195942747
4.14276929062
4.32471071624
3.44440022825
3.42827083391
10.3112928686
2.5197020766
6.20142710123
3.40666883918
7.02848444218
6.81134797736
5.95759764115
6.69441172683
1.76094518093
2.92400552193
7.10148466807
7.00744602171
4.31544388452
6.60716796376
6.58177049314
8.83437942753
5.89945577019
7.16812708959
6.23135944306
0.280141457473
3.44521649729
3.57709251769
2.29381398331
3.39216851058
2.51655913284
5.38927017393
6.2016952465
5.64783686463
2.8567316521
4.67785158983
7.39221568766
5.33690652931
3.26558443651
2.26103461593
2.09419436151
4.5900375813
3.38416808957
4.44587950051
3.9615583589
8.18214755077
5.35543006987
7.32305488355
7.88719368491
2.13221693941
5.05747939664
6.29609867057
3.62154769534
3.6227047714
4.99230462692
3.69702058832
1.82864799136
6.52448546992
5.20403934241
8.21412632266
7.48098436038
3.54010420905
6.25144757295
6.50181142382
6.52618407971
6.77166001316
7.26007260286
6.41659965687
3.26878824957
6.24887907809
5.2718437136
4.08238839513
5.48030865022
4.11402059767
4.42534122699
4.26756160853
5.22528095095
8.23500362638
7.50184853204
4.6619220481
2.22897486242
4.52773577603
8.28462925797
4.78254488255
4.86168557172
1.59670719126
3.86392216368
5.98749270076
4.39898347663
1.72697264091
7.6071093714
4.80204487807
1.47155600011
8.29651817217
6.22859043518
0.851683170011
5.39948257576
7.18180299584
6.21913935183
3.07812166629
2.88154711646
8.22924393452
6.9280283184
8.12516366078
5.89618695569
6.12392575328
3.73134122795
2.56462097997
4.71606069898
2.51992960716
5.05119070856
7.58168162968
4.32699308187
7.22848279738
1.91310668917
5.99200098859
4.43992730837
1.34306991659
5.73362279855
5.29772263951
6.41716359081
3.28503973838
3.71366169528
1.27836707389
6.41204223338
4.55583751771
6.07490974176
5.06827605488
2.03975003831
6.9252087558
6.83484175388
2.30571380785
6.82752831033
6.12076177427
7.15555434591
5.45779974547
6.36014060234
5.25679813112
-0.597598192545
4.71922583314
7.4570846882
3.63410169802
1.97597606639
7.5889296141
8.40016129166
3.59505680731
7.75499447287
6.89507779576
4.491661444
7.79497371506
3.97763535531
4.12725419108
4.75787897635
4.6237693903
5.01792743175
6.96592251102
5.08452762934
5.90656986274
3.04379764873
4.55210815493
3.70337662101
8.51604338171
6.59461245824
4.21603440373
5.26763156657
4.49812199645
8.92755351412
7.7674878432
6.04082815253
2.84165505652
3.4747070058
3.819871524
5.46698105117
2.54024539897
4.65921612719
1.35764310316
6.59387047639
2.03321910009
3.72622145797
3.87696713025
6.56939680681
3.20275808286
5.70522234419
4.48004146599
7.23901027095
7.01590527274
8.27004098581
3.20218701412
6.07569948878
7.6892690219
1.52055923848
4.61859822688
3.11235254273
6.46682564092
6.35667564682
4.57337191064
5.72728872685
5.69389952784
5.91231557342
7.36670132526
3.83242119409
3.60514406457
3.78421464898
4.12625673055
4.94888325938
6.25623944038
4.55229130432
6.92197726793
7.13015300492
6.19469352144
7.08655941638
4.66698695675
4.55182178336
5.86323430728
1.56628757654
1.43663783388
3.51098046927
4.51545763843
6.69959445472
6.35835059011
4.69602405781
0.817657154891
7.9247105551
6.63703357612
6.04155128207
1.31254301547
7.34703814256
2.1535777601
5.01535983242
1.82276427635
3.7581645109
2.76569211455
2.91392401491
4.82053686018
4.84119970532
6.4260208184
6.16538604343
7.74184058429
8.84236098914
4.62481550285
6.37033330859
7.09404448633
7.58807276502
2.85303653778
3.20581718636
4.78389247096
5.92338963423
0.779703293029
4.83099421642
6.40284917224
1.9929057621
6.95405625803
5.66130009761
2.78474391493
0.703690467984
5.57235230087
6.20415647827
4.63906709057
2.23530290748
0.994198194982
6.91996392007
6.5619891711
4.91606370965
3.01494641802
5.37518603075
6.89989430437
3.62026202255
4.12142803157
8.84731096927
9.14824494113
8.13695141535
1.80524859415
6.5761512516
4.35094547324
2.89189671747
7.15654661439
4.28464094203
4.83086121268
4.74036851764
2.05810323639
5.48317388547
4.76155707926
2.92088594514
7.05432408895
8.66094175908
6.087967437
2.94738479559
3.93620990413
2.98426309672
6.43300560964
2.15261628986
2.64436501334
6.66472766095
3.99393192884
4.36558836021
3.45448049981
5.63990932524
5.64831610485
2.53377193252
5.35289678231
7.62552130984
4.5100821729
3.83497840322
7.41059371398
1.92312133641
5.7527155362
4.71949272114
6.65555480535
4.59325964456
6.36600931299
6.81752917235
3.51986189892
6.90285797134
4.70018236583
5.61650969552
5.95160430293
6.03988223033
1.79248790972
7.36816076357
4.27651831154
6.93219346727
4.61554775565
4.40697625237
1.79016988993
1.04563936333
4.99295871601
5.83462474235
1.53154271346
3.98447073934
5.36195811769
5.29895276714
4.57065280162
4.57891410614
6.79091443172
1.27649267839
3.78349030503
6.2352279271
3.3307008444
6.19032062815
6.38602525112
5.65384983002
6.07419288238
3.04028603881
4.18768379218
6.25185109578
2.41862808828
5.35763527386
3.02984181836
6.80456428626
6.95521270559
2.31614963352
5.02000768649
2.43538639372
4.50432516188
7.08826370212
7.19755084281
4.82378339177
4.8495429067
6.26105826831
3.05740801395
3.89774689165
7.40445052251
6.27970254398
8.49081396066
7.77931593091
9.58197851478
5.06834827131
5.13453183083
0.702149565284
5.69862957121
0.35644828043
4.79260234296
4.5189076082
6.76354336821
4.49241788249
4.31775080444
4.76676934063
3.59974409295
1.93610707266
5.20736602518
5.30845296851
4.39038405829
4.62151934486
2.78007788931
4.13009776998
3.88323087584
6.39589258854
2.80592133359
4.89405144399
7.28973327545
5.07675172873
7.82440381191
3.06735439228
5.58402637685
3.63954805902
0.212672314414
9.3321057812
3.43122281865
4.54616741708
4.0403497638
2.54911841726
2.49668959065
9.21709402587
4.25188212086
5.39123436282
5.78347848023
3.40924205434
6.56979686714
7.73784309327
7.65623858926
8.12654626674
1.94661663674
4.85239484905
4.30575741469
2.46281053866
5.94656086427
5.5276367147
2.27196474912
1.24544977294
2.79295612046
7.45449300947
5.04980283831
2.99968800759
7.38008724921
8.26163812839
5.98043517595
3.17079388846
7.1380207425
9.43963202332
9.1072332528
6.80567427246
2.60993945384
1.48687129693
5.11800146584
4.9420323131
1.40974185845
4.5366130812
5.81503004393
5.71702992226
2.80157046076
5.05770150832
6.96228830808
6.16295362587
6.78537644488
4.79391573207
8.11295466976
1.88048028954
2.32535357036
4.57647851525
3.2100055758
5.69294550319
2.61839068053
6.9944888929
3.90066544367
6.45592278633
6.05779628079
5.64126532222
1.65269274783
6.39353259746
6.39472739588
6.77169536508
3.19552022704
5.7559356467
5.33766508562
1.64941172013
4.86617325873
3.91315750096
6.37144277224
1.27678119394
5.299831058
4.68752461526
5.00313027281
4.97977760928
5.11570488
4.91914436465
8.12144988222
3.62857052576
8.53330183147
3.56782155222
4.19690148564
4.21497521579
4.65195837138
8.37621531585
7.60592442716
6.41104276229
1.15131548402
4.89684665708
4.67032793601
4.53372030524
1.80035912602
2.60484868866
5.9665296938
7.06971772244
7.46630924755
7.59070971893
5.3029110628
8.60653320881
3.97419410961
3.49311598126
4.35517710541
4.76722760426
8.3631672351
3.97799153912
5.79555943189
5.69399648524
8.66634798515
3.60368153896
7.92081921166
3.57884629782
5.63090698452
4.84601783507
6.89077566831
5.57023567641
6.55581792198
7.04849977186
3.6048887964
8.74560975257
7.65209983079
8.16138134571
2.0141018343
4.26346146688
5.84281973761
4.08187598141
2.91142012727
2.70785869511
2.18029549821
1.09874948279
7.71643308598
3.69359026249
4.32439923672
3.66877062624
4.63925997423
6.36150295213
3.61918461942
5.35309994684
5.93528767576
4.92546759809
5.07469954278
4.64100755274
4.31232326242
4.70887389007
5.51810830213
2.90181782826
1.50872472111
5.04345299898
1.87570442472
6.54002556229
8.5170669197
7.98267003659
5.73397736744
0.550639535147
5.21343220746
1.53872164396
3.11938855922
-1.15257743151
5.31638162565
6.01994282787
3.8158130074
5.877129957
5.56967363748
2.50426119507
5.44106923854
6.96988470479
3.11892729565
4.67672023472
8.08678180352
4.88326690231
4.89897298994
4.29174190075
7.80955717816
5.56223352729
7.18916191677
2.63791892161
6.570627025
4.77054963997
7.96468739988
6.52448042953
3.88665152461
5.15972626692
7.0524962633
4.02484881574
2.37560498611
3.10047772862
7.67548548505
2.74713569377
6.61051090279
4.74313088862
2.74137712701
6.28425627052
2.67828240266
2.77445224152
7.29907558138
7.09409995564
7.2019599998
4.01881768396
5.59667001529
5.78169049067
9.27002582172
8.99854943341
2.30948101614
6.32748635858
3.22722834834
4.25119480018
5.26705366047
4.0136863614
7.89872102369
5.21301518483
3.90679104961
5.75081962203
7.44555492516
2.56476145018
2.80502673095
6.34165475573
7.45817116944
7.69811655247
5.12574833045
5.08298178782
6.64815419513
3.06491550409
6.90503278558
4.71723202667
2.46628349148
5.56098391355
9.06417082861
6.85869179338
5.69738152538
4.95467859623
5.03838115651
7.04675556234
3.97135904481
3.03360622689
6.15078631271
5.81612323033
5.44232631537
4.19140095577
4.44986983445
5.89306689491
3.98160958285
8.28339247107
6.2687928576
5.11909106321
4.88038475737
3.18486654141
1.37064916098
5.91489717659
5.53182619013
8.96099416438
6.9041660306
6.1452683754
1.05337215795
6.64279894909
6.55165078509
5.34523167685
5.07046005564
4.76330127054
7.19910127948
6.99260223521
6.15737443497
4.97950986723
4.72934811314
3.62349278838
5.66443429462
3.52688978626
3.04660977503
7.81042825223
3.36197577716
4.35645607056
4.07368293495
5.70112644084
6.15270659824
4.44051921465
3.54582861427
3.05461799655
5.91312167402
4.64938087349
6.96457033783
3.82132475605
2.67722086815
7.52867201219
3.77542967933
5.72258371684
4.67504416532
9.38337279542
5.03341424692
5.80904518143
4.80083804144
5.61348552864
3.68654205147
4.15219350298
5.41768414482
6.71943103842
8.01812516206
3.13832261669
1.42510771855
2.01517989187
4.92101805908
7.97245860416
6.64149007564
8.06634715676
6.76284822361
5.32129280211
6.21680855694
5.19170743633
1.88221841988
5.12653645816
0.599245016617
7.07743816195
6.89783354036
5.9963693864
4.68961801061
2.58853815386
6.17978320339
2.82083116295
4.454042697
5.40288606778
7.25578524339
2.86398349213
5.99630801588
2.66134367793
5.85141162743
7.74544108198
4.38757868929
4.18602180041
4.54177471459
4.72988498724
3.67372215982
4.99186971042
7.67668342197
8.84139198037
6.21818922478
7.46381551612
3.32007994317
4.34778981235
5.5292837157
4.60407201504
5.54039161284
4.00243654292
4.6024147063
4.88821393049
1.47675525952
1.08436055049
5.42148237231
8.9765316323
3.32761514243
3.72354228009
3.81136602334
5.17889093543
3.1852384042
3.57467615884
6.14872706418
2.69894767371
5.48669283405
4.11430180386
6.77839947423
5.47725865225
6.54548815237
4.13027245614
3.80723765976
5.22378279356
3.42764403911
8.35143982681
5.07426097447
8.30221410621
3.26777973212
3.015929217
4.36259875961
8.86147000736
5.78370158614
5.62200349558
8.93601292773
3.8982100627
5.73965554254
4.71993798762
7.22282147434
4.34884056925
2.82413124907
6.83514736444
4.29742129031
4.87725156738
5.23999175685
5.919168097
2.57519726603
2.14548637642
4.19464812258
6.01319976349
5.05324522777
3.04787622713
2.56912267996
6.3636821639
3.61013190112
3.74834460457
4.51342502075
2.17990518324
7.71908125407
1.86949039564
4.76340387249
5.25726819652
7.52940685213
9.42396169937
4.69878533761
3.37343702195
6.30914792117
1.15535382683
3.25985089831
4.66718171718
5.95727507522
2.87866636089
6.26850895892
4.39496195459
5.73106232804
5.65414343819
9.01066567229
3.47460318899
3.85440984129
-1.00218646698
5.56488210965
6.66034887525
1.75548682563
3.63268912652
4.23865208726
3.74971369956
6.03599146247
2.93520992774
4.36036010737
6.81735684844
7.25141200792
4.73984916226
4.48619296226
5.1968456432
7.46899643754
3.8357688551
2.1513573063
3.79732971593
6.04044711511
3.03877026118
7.46666646153
3.2952756479
5.74832905946
7.16053502645
4.7399142722
3.54983591699
8.0273982804
6.76548645824
5.42713200571
2.94724459735
2.98497524225
7.8817818726
2.59165282685
7.41057090996
5.1840986328
6.71671501696
7.19223148055
4.44543539279
8.46936845866
5.4233567348
2.7258069779
8.0329191171
4.25957743192
6.31028381588
8.14517186313
6.50363101337
7.19020832095
4.86042557314
8.68329703122
4.75641866597
6.39588332118
6.85713409251
6.24112269023
0.438298746313
2.43175501304
3.57131409786
2.5401648353
3.1465568272
3.71902869003
4.89727327986
3.50845214896
5.3251886874
6.68789697622
7.03226839895
3.28819988076
7.16365395342
8.46077532216
2.11773657448
6.60279215466
7.57095553108
7.403177285
3.61200098397
5.66965812204
3.85275430445
6.74508785545
3.84235258901
7.67065736254
5.25918249522
2.18161983139
6.15793663442
3.68291693526
3.01070780167
3.92230747933
2.69095481574
4.86784235953
5.38978026323
4.04588444398
4.42734707937
3.07901154453
6.83851942474
2.74122198906
1.67066416722
4.44068706313
3.49581348593
1.38275849623
-0.23406625275
2.99460929803
2.72658651403
9.21705174728
4.75081096549
4.35844120581
5.49612909928
8.12212674956
2.51472071807
3.58660988164
1.66107380449
4.56101217301
3.80727801696
4.28536288167
5.26238283595
5.99686740598
3.05065026392
3.6127064197
2.44674638237
9.65260790555
4.22543279753
5.33640029929
0.854991985892
4.2406060845
4.83746334411
2.91477775717
4.62597596715
1.13346607704
6.11539764363
3.72301860791
7.04205310544
5.70080703466
5.26782270586
4.34717541198
4.86215227219
6.82897960708
4.0404770616
4.65916600486
5.51816510249
6.30765476255
2.01373844881
6.94472942589
6.21570930213
1.28947912622
8.03518250824
5.80396810886
5.48966520155
1.30179046663
4.70707118666
4.5382121585
6.60340805266
8.41700276082
2.63894242234
2.78151824595
5.21442774154
5.20377863607
3.62653577729
6.29314283066
5.93110625669
4.63889667568
7.28321920654
4.33659215322
5.41141059821
6.73220541276
6.0486127587
0.432274263806
6.67674332539
2.15152593941
5.90415241433
3.96381348805
4.36763080831
1.87176986089
2.40375406148
