4.47119178491
8.48205947297
4.82828836158
3.2675348461
6.32729677597
6.02576161732
5.58324097787
3.92337571194
2.67392216758
7.06406007053
6.8171955898
5.54053103494
6.80717438554
2.61635231652
1.51256788067
3.57857552376
1.47705681149
6.25490791704
4.10246130435
4.09099552746
5.55495167631
3.81018532879
2.88708365599
7.45929115272
5.9752802671
7.39295297441
3.12029050852
4.0935362377
5.42506105632
6.56179945146
6.99655992014
3.51825802537
3.06276296844
4.06031832828
3.55939307275
7.33158444218
4.62988255522
9.05350117116
4.45564285342
5.30078746291
3.67572260665
6.18587619539
2.4482624028
4.25486471355
9.00644997371
7.52289573384
5.99832146962
7.81328599145
6.22655670324
5.4541654934
7.30833074191
4.54993490703
2.26825528603
3.33378405268
7.31447403773
5.43786278071
7.59856962131
5.20905833393
5.9532177911
7.75326538953
6.06404782586
5.35894311524
0.339895931803
6.44524626574
6.90866932993
5.66184640591
3.15406267947
5.65581684954
4.82065574137
2.68367429063
4.73382770722
6.71029523396
4.65699285243
1.88019497934
6.02999327681
5.83624181984
9.20811803969
3.48374258115
3.38347559459
2.75068274829
5.35124368494
4.26931132155
1.4739434846
1.86013559914
7.32195673105
4.43535362241
3.10036212429
5.69244195516
5.78927284628
3.08962954823
5.62528081045
3.86811933803
3.62698670699
4.8302553374
3.95089494401
7.14807407206
2.01877972265
6.71164407732
5.02672497739
5.67436809421
7.18162102399
6.55107183731
9.35212140942
3.71602591249
0.516570807531
7.77391099478
6.0839894001
6.04896602301
2.56114536151
3.04621017053
3.37484271756
8.67478954955
3.75124599314
6.8989203865
4.44877876965
8.65481991598
5.10614080594
2.14413791513
5.65130105011
9.4307032463
4.82387868354
4.37413267304
5.94796537509
5.01494454408
5.19019078669
2.93935864608
5.66374632343
6.81918520721
5.72830082497
5.05602785606
6.35510331004
4.33366819718
3.19316058902
6.36323282742
3.87117897766
7.60450834642
4.17909405318
7.17087863052
2.8557632664
4.80639354326
2.6287548413
5.02311949865
4.53185662414
8.30564482821
3.66083103945
7.24854537962
4.01842253842
7.5522188037
6.43644062039
4.1869880243
5.03076874963
-0.184625889687
5.42707893258
4.29772171203
2.97579977
7.92302106247
3.58573809903
9.92964212315
6.93264274271
5.81139943409
5.2818758066
3.51619725074
6.70553282292
7.06376667622
5.90776649746
8.37217515438
7.88721791961
5.82016215659
6.6615804208
6.17996795884
1.35949438124
3.51012622236
5.67027320791
2.07644958257
4.60773565334
3.42032233542
7.76745597762
7.14426981121
4.95537979431
3.4213713047
3.77879390612
7.05416152843
3.58184362522
6.1979009838
5.75704698677
7.02684784702
-0.698791487244
7.10764796152
7.21077074191
5.16725752124
5.52146020514
2.71472549976
1.55649368346
2.67262409866
6.44772016607
5.71789725673
6.05418608339
5.58767450082
8.15636077849
8.21162687194
4.10496771537
5.44721021459
0.364780185822
5.40073540484
4.33127862402
2.52924285525
1.81662358972
7.08869385193
4.60019033939
6.80980771182
7.38283664931
8.2236026162
6.41597175263
5.80373765935
3.09851218666
4.68041657005
6.95900186092
6.88006201366
4.80217777716
5.91313795301
7.09426663826
3.91540395329
4.73497953812
7.59544229698
3.62907032903
5.50833578552
2.49669638677
2.02737128434
5.91874979249
4.70266744312
3.91936376872
7.47849502349
5.595421705
5.76228262515
7.0700517215
4.54017464038
7.22281377346
2.75145979085
3.82924864085
6.05747760598
3.52210135874
8.69054081618
5.59379169415
6.87945008978
6.5236294092
1.42071132879
2.97572280518
5.20389297787
3.7816107784
2.75701710986
5.56120976695
7.43006249075
4.91746186712
3.68869488021
3.99479885822
2.19734994094
3.04912995809
6.50707067201
3.59181272377
6.65725515238
3.41846609649
5.76708194418
3.78467337878
8.13140172299
6.25595454771
3.17979418233
4.76329540544
1.65354901854
5.5546649581
3.80250769516
5.84910547924
6.68659495465
5.04446031747
6.3606991081
0.00624823860345
8.65130419927
7.96709005025
4.35360055533
4.40177076577
4.89789702146
10.1671408415
5.52049285266
6.39762022975
1.76990103078
5.87847592547
3.43783146293
3.06198680112
5.97009593042
7.49729050109
6.58732047063
3.67365608907
3.06091406456
3.99685359496
3.95960335173
4.87731345296
0.643737879758
1.49974446392
8.70936733676
4.19297258029
3.05968416133
5.77469429519
2.07562038643
6.06166109326
6.39713256991
0.403435314884
2.01984347457
3.54830469501
2.99005109902
8.38375986659
5.48138433479
5.42865111518
-1.96792683963
3.12592453321
4.01945384923
5.81111464806
6.83558262313
6.22539162733
3.69605917044
6.66326556649
5.70032813399
8.91168694277
4.3766482848
6.59654440811
7.74028179795
5.29791361451
4.17187931365
2.99687196227
3.05981708004
6.40905877734
3.59746529163
6.05131581193
6.46905040917
7.86205038638
6.72981944686
8.05004683135
5.60186913899
4.88096385334
2.65019748206
4.09957415588
8.25014219133
8.61179022712
5.26266240048
4.18884473755
5.38129152155
3.12034288268
7.77622218489
8.81405001861
-1.10355174927
5.24425227607
4.26376541041
2.75920242659
3.61548812956
4.45098259535
4.35610503927
4.8849698104
7.49483662848
4.38880926396
4.71652062573
6.5274432234
3.24995610151
8.53414423001
7.2035382612
4.97559808606
5.76478564958
3.05151805302
3.29141543595
1.88087828472
4.08811808656
5.31277220808
1.811704347
4.78609443183
4.58116390593
3.01359487108
7.90024594719
3.65484253065
6.09586654468
6.96177965395
6.74871744088
4.95795209435
7.15868505889
3.69128801239
4.25466524949
5.62570894681
8.98463697336
6.35815293461
7.57136386419
5.04012927177
6.58068270697
6.30201056994
3.56591865986
5.23889406369
5.51457956299
4.8259465648
3.9255816566
5.60706334046
4.53513260252
2.98696970659
8.91198040631
5.11800603485
1.95204669313
7.35429855873
7.67811687333
0.91570267495
0.567065943389
6.05175664893
5.58356081735
1.33987177047
5.56664947862
3.42973170199
5.1821810086
4.47955565024
2.84420403102
2.96391638251
6.80533869569
5.58167424861
6.85099706179
3.46114105891
4.48487332292
6.71526324055
6.20815705261
5.62581854874
8.79597964184
4.31468773609
3.40054482286
6.21625917103
6.36329163872
3.04714748106
5.10546937983
8.69078428466
5.80411612583
7.36307747492
4.40112928691
8.98011472794
1.14454046952
5.28953080578
4.84146439671
9.58839117111
4.76355610196
0.350945461092
0.973005710374
7.41188501652
5.29071597459
8.25546353005
2.89218473808
4.72747142715
3.44104116428
0.835812676376
8.07504338501
5.10782511531
3.00586509299
4.85426622691
5.86885366557
3.01015061906
4.2295176677
4.57074749404
1.43595339647
2.8004886973
3.84513575428
5.18907991268
6.77584077125
2.59667269539
6.15461820345
5.74064988416
3.76675912062
6.20654096244
6.76311408367
4.77492965816
3.73157329921
3.1074926735
3.11590439209
5.18237272197
9.53376296332
8.54519402347
4.18556379168
4.63070429107
6.97464198742
7.36330494231
7.11351960576
6.32797395985
3.66539947494
3.5355918805
4.24634763201
7.54640889035
4.70030781819
5.74353026627
5.50586542193
6.56017999197
5.67317271049
3.19883075912
5.87455124533
2.57858826867
7.75246148517
6.45421864679
7.68230432302
3.05333035226
6.68426112171
7.19558902854
3.72526036025
4.44145885067
4.92343618481
5.56558619352
4.0205688095
7.44485092524
6.22247725248
5.92565789166
5.70705642275
6.79169861048
7.97579551977
4.99838495067
6.77794228585
2.48755581901
7.94365816045
4.15223254554
6.04257672451
5.32891156893
8.19519917945
5.87732025558
8.97985378758
6.42721652609
4.06989703002
4.76135685658
3.18517828445
2.76906699841
6.75285246178
3.82254825047
4.96665907576
4.46204394564
5.55284118006
5.9112895708
5.47917880557
6.93063402983
2.51148110253
5.1172294278
6.04561997437
4.06157119592
5.7423995194
2.74913581986
7.33320542178
7.10461578769
6.41336214514
3.84063956446
1.48334011897
2.89698864232
7.32231033549
5.44766953376
5.28650285409
3.29001673768
8.53859370371
7.83259171926
2.22822703991
9.36597608501
2.56315209757
9.94811997103
7.40715065772
1.97360806494
7.86847284565
6.06499659966
1.40908577205
4.22076508328
3.11716185754
6.10156846633
5.04070411057
3.341482954
3.82673064357
4.89246033426
6.78451830831
6.73269195611
4.99000096821
5.14579027673
4.03567263213
6.33020935159
4.12649948239
6.03822422942
3.53935239793
5.82845152602
0.576831183382
8.62553691973
4.35880281565
6.82500772518
6.03430445793
4.60761175396
4.37188139014
0.342316040288
1.97273695306
8.55320877635
6.70108054025
5.01961064506
1.71188125751
4.91685549736
3.863015676
5.68447744616
5.84969642825
3.67260459221
6.65909718521
5.69894129793
5.20601788312
2.39099943708
5.96244795916
4.71014055555
6.16341878121
7.42060339005
5.88485512998
5.57235214005
4.91162219418
4.24172372402
4.46888512355
3.43582883897
4.00074888755
0.37274845279
5.48435205385
7.75471101099
4.34703712172
4.99633325319
3.58846487456
6.18828494964
5.51890925961
4.45388116894
4.02788659814
8.32683912901
5.15265891693
3.65311164897
4.49674732169
3.20860410364
6.83437797689
6.21975493868
5.42814697635
4.65317607882
7.15692529073
4.79170597378
4.93945906146
6.98110044861
3.85583501729
3.65767346731
6.49191925094
0.274037082236
7.56495067238
4.20837821529
2.54177391559
4.80731099704
5.74708661808
6.26592727474
5.03071762648
4.49009706704
1.29981316774
2.21712015475
3.10668973274
6.10293672104
3.07055836553
0.232124371405
5.97811156186
4.79212369287
7.09365698903
5.06911976562
3.42696989936
0.816573437813
3.42487948271
4.07580447538
-0.407778890561
4.41480721464
4.86167993151
5.70611669766
2.89723381541
4.55580747515
5.9531100264
4.33905211987
2.624618503
2.33839108034
1.18495208818
3.54387967054
2.80310209041
5.66643071365
3.35075803116
6.51735875625
5.4158239949
5.58751685848
7.71349745613
8.39493293963
6.58109185947
7.11056285537
4.09979781588
2.51525915353
2.93500851656
3.29869297459
4.67582880995
5.40355036778
4.31364657686
1.74986151104
9.25413566735
6.84944776936
4.25020667176
2.72741794519
6.02995634524
4.64715420693
6.21414955072
6.75858360283
4.28911051918
6.04087348503
4.5789827784
9.02770971539
4.04066307463
6.11048944104
2.82072421769
6.12075529767
3.62464343843
8.40400699966
6.80062460206
5.45575387819
0.711614260977
5.49491863917
7.80873763516
4.86185921243
5.75419129288
5.85459700217
5.63073776185
4.26373978188
5.46818146393
5.18409759821
5.37895753664
6.75276265335
8.01349693427
6.76674194648
4.15784667925
5.74806807908
6.50156611512
5.97972215945
3.38880393801
2.22575452197
6.79089011908
8.33496564316
3.04489787051
0.734702764059
5.59759874041
3.22558792722
5.46773796376
8.88669184818
3.71555346671
2.94842676474
4.5917687762
4.1873421984
1.36945354744
4.69900728572
4.10065261106
4.78616622367
4.1528867085
5.24038770945
5.86522009107
7.04415622862
2.80826268368
4.41229270599
5.3963673201
6.75925826502
5.9373564001
6.2107654077
3.92304606912
5.25457238268
5.34588326177
5.88572461199
3.59422919722
5.15939658175
6.76296931798
5.63541450418
1.73373213189
8.90205231142
6.88923391088
6.45963164054
5.52007704848
4.71736274317
5.76428460489
2.97827492261
6.56798934488
5.25615950821
9.2495393026
5.21177554144
4.94685500816
2.44353566051
4.24109240798
8.76037248931
6.23175239951
8.45801495634
4.25630926438
5.14858794207
5.63056669295
4.12281204269
4.18090453801
5.68350863574
6.18762455656
5.4295893946
4.19526586062
6.9070410673
6.86401862969
2.51052216578
1.44021307762
6.06200176472
2.77355607078
4.95735132409
2.27348200187
6.83156878789
6.46588302352
8.62693808188
0.024611367113
5.2518360736
8.12121629791
5.62921145858
3.40055511737
5.02875527605
4.21376717673
3.12393283409
4.62888148199
5.76604751314
7.84784697648
0.909759098076
2.91629587758
2.6128179138
4.49101587032
4.12904958408
3.06775953938
3.29780827267
2.96962853788
1.91916702663
5.17476087688
1.16396413694
4.64844135457
4.26347927893
3.72413842215
3.6077465641
2.20867890852
7.11486430991
2.49919082108
4.72853808864
4.71512400348
6.78773776826
3.9747926885
3.15349813166
3.46814906356
0.759985071763
4.33572552303
3.49064203102
3.85015375535
5.34772270498
4.04905294507
4.8958607927
5.44326498396
7.04183989874
4.83024883118
2.9841600706
5.35748716097
0.75692809899
5.17024017508
3.59554233083
6.5028482339
4.16236391035
4.14084464461
6.90281607262
3.66671271062
3.18708791747
3.74521744432
3.65600686986
5.56468247701
5.86052050409
6.25316455864
3.09961799146
7.50514999604
5.02871291696
6.32886880698
8.56162483317
3.94878577994
6.47783897069
6.53360507001
4.15678488295
5.89545801839
5.91311450299
5.90709421217
5.23799011296
8.15940142691
2.54590631945
1.98383475889
3.83898066427
6.98690534499
5.66626587996
5.4871961565
2.60951097024
6.3191818477
3.5220287786
3.18906862828
5.412410798
5.37960011615
5.13234645439
5.22868651488
6.09499858489
4.86220882757
6.4726184495
3.60215324088
3.60228878707
4.71701621836
4.1700867564
5.82769225223
2.8358765699
3.34006253919
7.16647573116
5.17767623086
6.23471710257
3.85554529192
5.27158026848
5.68147964813
5.61255634933
6.77546344543
7.34176328055
6.71100654919
5.32292568849
5.03315404227
6.90617076846
1.85190831783
4.97312117422
7.78710015739
5.43475183731
1.91247169754
6.93377049401
6.56557025758
4.83482492176
1.23446062078
3.6164056781
4.18162991048
10.0121850259
5.21238099251
5.33412999276
5.4668018284
4.19945977791
6.20901157204
5.2419224466
2.41343921889
9.11082232943
9.02016811108
5.99563894341
4.03156744387
3.508987477
1.23339553031
3.8670184172
6.37998268389
4.17724114708
2.45021406325
9.34498342954
5.04281073735
2.37678434658
6.10440845324
7.98319041694
0.695187652789
1.29691036782
4.03987051528
3.91054764476
8.81704754012
7.38473343752
5.87481435775
4.25030799401
2.00758013244
4.33925604414
2.27585463492
6.36411093598
4.31375420071
4.92113632241
2.97827112106
6.55693809043
1.96259122828
3.87879060001
6.33163067965
4.13009226643
6.427344855
6.1935775733
5.86580829347
7.27879115222
5.38275548145
6.13763413525
5.45717002479
4.11030251782
4.3978031591
-0.101648091226
5.90320102166
4.04127221721
7.57640416453
3.89087769063
8.31635231496
3.75854868269
7.54186053827
3.60595719945
4.99579203401
3.76729211042
5.30440939376
4.15935010396
6.33806944027
3.72106854691
7.93375414282
4.37850323561
5.86802718537
9.14316951449
4.86304649501
7.09604446931
4.97691530905
9.67940967508
6.31667982659
4.31859655554
4.87230109291
