7.86835308643
4.11329135972
4.7364973395
6.06883691974
2.24593863319
7.09358182209
5.46148306314
3.14897818116
6.07309628581
4.15952374009
4.7602496511
4.58425117637
6.08347740195
5.30677549988
4.02272234952
1.61785916938
1.83937977045
4.27924092997
8.32551503713
4.5832891703
5.51106451955
6.42951701026
4.00602008591
1.35872857288
7.97061073961
5.04365551556
5.99727160501
4.04035812833
5.51778944753
6.328924502
7.58043709821
8.16687414671
3.05781136464
4.19008862346
4.42425415484
5.26977495731
4.24272632768
1.3479838429
5.59449929105
0.803301877496
4.5636186962
4.97153026499
1.33290728547
7.71013671233
2.9270946717
7.10331284125
5.91622793946
5.67470777654
1.23452651378
5.11168411074
7.48436918951
7.33431348708
6.41964180189
4.89342673751
4.9983522375
7.91363943371
3.67027497631
-0.242759432469
1.98803525376
5.95063012179
7.91241088407
3.19172369935
6.80037365339
6.42321154724
3.35386080137
3.35322854684
5.18139741346
7.13531097654
3.32401577881
1.28673578393
5.34033147086
5.10164578788
3.35250352205
5.41603915144
6.3702822269
7.80767479229
7.50579424834
8.35769354677
7.53902425331
6.62291267522
5.03249602355
6.45405486848
4.39394674456
5.17885542527
8.0803035975
1.01168782123
4.3997982227
3.81097529825
5.18261393223
6.25810432746
6.21776604627
3.75748912945
8.69118317373
2.26705060578
3.22270907908
6.79758651871
1.12086058956
4.33246786305
5.62159870816
6.82330063382
4.64645821474
9.20328158902
2.54515491155
4.2087499347
4.68593476587
11.1086232337
8.32211021407
4.71877971576
6.15233442308
2.54224174762
5.60875407385
7.15347668702
6.90189124197
1.65791526963
4.57815416163
5.57385933854
5.40202376496
6.56827803776
4.94961842128
2.02712019013
4.79854112206
7.50281242749
3.76022125839
4.83952077058
4.82672493715
7.20357774294
5.29607241038
6.4940078549
1.9555738583
2.15708647752
5.07086253355
9.00569476828
8.66307747199
4.14994395135
2.81821748152
5.40126672331
9.03187383565
3.93439460149
5.73427213127
5.29224899988
3.07767376441
3.14168378521
4.91854516561
8.24576993949
3.00361947288
6.72674305808
-0.489579459683
3.04324316827
8.32040182771
6.62609321305
5.20375810425
7.55271195542
3.95806351773
6.68994135948
7.65465296735
8.1176763588
4.67365543473
2.61604894737
3.39333207592
-0.476047524966
9.08888757215
3.42390429165
7.59651908987
6.39045457999
7.85302724681
7.36693871994
9.29625638653
4.40122712654
5.2155597717
4.99615181221
6.41817091881
7.79903854894
5.06241910064
2.93992918783
3.78084179404
4.08482138748
6.54156508797
8.04223238447
2.7456667871
7.86244576442
4.03554209888
5.89645745983
5.25514874866
11.5899552954
2.62631038175
8.64120635398
6.86023163959
4.94133134781
5.20523143976
4.19288362433
6.90150049847
8.53245195354
4.34536574944
6.01749777764
5.65117358858
2.62536992731
7.54444044325
4.95842218008
4.98697693104
3.58422566135
1.50653442114
6.78781867087
4.38915571473
5.20869705326
3.54543574464
6.3003996106
3.8675480848
5.40670190615
6.68263338236
5.1720979338
5.975530269
6.4019044572
4.08419310849
8.64585890959
3.12385617169
8.11006952726
5.47772160422
9.71804508379
3.17499828613
6.18338048045
4.46431336479
7.55093039202
5.39176071287
5.09702413983
5.03637769315
3.87588197955
7.93733030192
2.07579070392
6.02482817623
5.10418799051
6.88198508446
7.36382642681
3.28382148766
4.58226717992
4.78876087363
0.52960687982
3.00112599018
6.27757857844
1.83995060201
3.98621963032
1.59121519192
3.26196883657
3.64658016791
8.48892048906
6.41979857386
4.17509665193
8.38268712275
7.01211964955
6.42488055122
4.73559420586
3.74130858817
4.43754106771
3.791308852
8.67437987016
5.71981019238
5.02313574615
3.66321314279
7.28359350488
2.98578585243
7.03753370145
5.75197042744
6.64433649546
7.13195643343
4.4103934229
3.34288141229
4.16353745427
7.2748719416
3.31663498356
5.62900127304
5.65577964918
1.33476600978
4.42575811837
6.15154321751
5.83293801657
6.1341927576
4.40225887175
6.23764072822
3.24143754105
1.63004502647
2.91904797188
3.46447301049
8.73222199088
4.55745878518
3.69403854961
2.75955190064
5.36855720128
2.97666110179
1.42904030765
6.80799207793
4.56163148064
1.68483419711
5.14401839243
5.49973759372
7.94721036533
5.67818202108
7.28601476996
5.5889514889
6.00033305314
7.23348635179
5.94927257653
5.35433437091
8.50224160597
5.30772512672
6.15016382385
1.06117875503
5.06237228823
7.01788364976
1.38820832547
6.11912328549
2.91965978849
5.90904047343
7.9204230059
0.942762124544
6.22342833455
2.83029764674
7.06086836273
7.1934091368
-1.660871273
6.51291387382
6.49088769295
4.4222050708
4.9563684634
5.80623004225
3.66268355921
4.17424695914
5.65714479116
5.38981854389
5.42559687177
3.4074255099
1.63639047556
5.02982085927
5.63952340068
4.61757406392
4.34306464113
4.78756983021
7.5732431981
2.36958192292
8.78700720598
5.11279035781
5.6209581932
2.94245506033
1.21526495007
2.20322402013
4.49606549231
4.28801129902
7.8727404681
2.66226474692
4.57920602138
-0.503855175028
7.49160957412
4.45024355015
6.51336875551
7.84238211375
6.63879618673
7.45591939847
3.3697824305
4.30910692693
6.83886477869
2.06289179718
5.38681306473
4.72250653856
4.97609947577
5.04464190109
8.43605996552
6.38852616857
3.44324648279
3.13464653079
5.128229191
2.13066478842
5.20467971002
4.77282207347
2.77975922983
5.57448516093
9.24024640167
2.04033885696
4.19062819188
6.12493693117
1.50251817583
7.96547126597
1.27120267635
4.23426994552
3.48309052421
6.95042295562
4.07978143347
4.05820738251
2.84461283585
4.61468689333
5.02129000653
0.852911366674
5.84001185832
6.08292100308
7.55895251055
5.37900553347
5.37813357382
8.18826637247
8.07790462338
6.58586594086
5.00923621791
4.2641091574
4.63264361223
6.67448947431
7.49531577163
3.19968323476
5.73135355394
3.96824795914
5.63123954428
4.23785206218
3.25694180839
6.09013960818
3.26185523521
3.86025993885
5.55618823227
5.3704341883
4.14211810872
5.8439688671
4.50512457556
2.8106142302
6.60804751568
7.3753341986
6.73229380305
3.52936485684
5.38121338292
0.928000545073
5.30552962237
8.27242536877
8.46750859387
3.9596020732
4.43272266215
7.67676588699
4.1868410233
4.4790343765
10.1677205346
3.35641265223
5.32321935689
2.91469527256
3.87888718416
4.04537498464
4.86662981642
3.45679906756
7.94298981487
6.22293787006
8.86334666667
3.96285585977
7.58510017946
6.26848290814
4.50754718163
8.07819474327
6.67975849305
3.5915882402
2.70891086535
6.08881395508
4.24766244215
5.52577685249
4.42266159025
-0.640583189359
5.95199913832
4.01072675026
4.17774218315
1.95754728562
3.0849419835
4.03869661769
5.84489598868
5.28780041477
2.42994617195
8.39328194072
6.98321860414
1.40477974691
9.28141655282
5.42256016176
6.97508063607
5.33341361105
7.48575097497
5.28247350872
6.65586861127
2.94308295635
5.6716760368
8.66245672041
4.46293755187
4.70718483711
3.90641651693
7.15865708592
6.8112960844
6.73805670256
1.01321715689
1.92515360787
5.413069484
2.26085220199
3.62523110886
3.63466591092
2.04095039942
8.29343818605
7.08112028926
5.66257351135
4.95416027082
7.50171335682
1.5597986404
5.74015899233
5.63202328319
2.80457779273
5.72456157568
4.48650802618
4.29236330305
7.47035350146
4.24641664878
5.65772215245
9.06732980438
8.71490479685
2.74681418012
3.99371215693
4.65289075085
2.19984514391
6.75106247019
8.89591604236
0.929116791926
6.48018808324
8.08281941594
4.77233472071
6.37468628885
-0.410412430676
5.02646903734
3.21863877555
3.83136328044
4.81054937651
4.63492056282
9.48417447342
6.212058764
4.5267071178
7.18916274024
6.32450436575
6.81190528154
3.51963556514
5.07407518605
0.929661372731
5.15035992153
6.81859004059
6.54150514797
3.87085832495
5.6626285638
7.98651165978
6.56996669022
4.95847658283
8.675335023
1.41630711519
4.62646899165
5.25051841366
3.56381653715
5.77672497035
2.30946239708
6.08323232643
0.0505425119328
2.07112742168
4.34522298394
5.12773084681
2.08649142449
5.1889750229
8.25112999698
6.13476840548
6.28590921597
6.00790683257
6.19777454479
5.12137888087
6.49521465839
3.48921645975
5.11638981833
3.94345147394
6.6185508598
5.51768900485
4.47240489756
5.31637613477
3.90410696721
6.13398245121
0.98001226443
1.24666852103
2.96200545841
7.57242570595
3.49502397594
4.54755706288
2.09748501704
3.63449643271
5.29298244785
2.34504424119
5.17022711831
4.35305479602
5.94006400927
4.26455564895
4.67475514615
5.61616352098
4.94849835434
1.32482661413
5.57903581623
4.88310159595
6.21008532578
3.20647127431
7.05207701889
3.22296537903
-0.786193904754
6.88249939414
4.1088519793
5.55839091564
6.80254745147
2.85331823291
0.574909244872
2.01143651749
7.89545862576
1.54754188501
4.56070173512
8.06687637857
6.6778289058
6.04353808603
5.39080577483
2.63895148234
5.83933908224
3.44357192584
4.77952836358
2.1960848107
3.90998537656
5.56716048702
4.32063130073
2.83908832593
2.04118080438
4.76569859123
8.06948799707
1.80731796231
6.21220212429
5.19828987937
5.83446668094
3.8381308156
3.89910843277
4.00722393402
3.28161070516
5.67492110217
2.97587527818
8.8727604995
5.89204768297
3.5000217231
4.78385373994
-0.453896584088
0.859966936364
9.68854181426
2.13000583669
4.95461583954
9.2686995807
6.70447990941
1.38749542634
6.15009922304
4.54968199378
5.65314886161
6.61267035408
4.96481135592
0.861951439439
5.35199508811
7.67412526869
5.21299328128
5.68723821403
7.50559532453
2.05896508437
8.70372576944
2.85096985918
4.17027069095
4.40949535851
4.4430312933
6.93685458836
4.35989002931
0.0704603904049
3.52132229645
4.0456779127
1.73277047057
6.65977167378
3.83570788393
2.19400277857
6.03182603315
3.83805110345
5.14439409213
5.80840380682
8.43525396357
5.90478668508
7.05958980798
7.15000970169
6.11266786209
4.69576326699
6.97292073447
3.2299336666
6.76327401153
3.77375648715
7.84399081461
5.18044583442
4.02922314664
5.9497084677
6.16363320497
4.73526311709
2.4411997187
9.6132524582
3.82898993018
5.8657779388
3.56283362937
3.6838151502
7.36315432451
5.2155590543
3.95621455635
7.74822053949
3.71603290512
1.2584486426
7.02994592345
6.14673319751
5.88514001319
8.26248215838
7.51321874314
8.26478577215
6.68697992068
6.27550796668
5.50607105112
4.24697972972
5.38845957374
1.76085160739
7.70185385808
6.68504080946
5.23227791639
6.0634025655
5.68232764259
6.7292011317
3.33287945093
3.38024813189
3.27698839931
6.22141442891
7.65041190716
2.3453621424
3.82270575585
4.87318621759
7.28093397935
6.54929903301
5.33389300011
5.72934681283
7.32962158532
4.45571812593
4.24887455434
3.84043470376
6.27176835718
4.8225557309
3.97775290437
6.33650841468
0.589146762016
0.721790329696
6.77797139404
8.1811356532
4.52616421406
7.45927979866
4.36639767871
7.25817111943
5.17085540122
9.0599862727
2.44157766224
5.29320932836
3.81751737183
4.21147010832
9.36878684086
7.12877858204
6.20861709754
2.36689680491
7.64939281732
6.09102144184
4.93881334284
7.20136487259
5.46956141295
5.56454607087
8.44262661639
6.51371183347
6.20254942451
3.28629968193
9.68200347371
4.60516353942
2.35493994426
5.83452557314
2.03270702392
4.56687811656
4.46709374333
5.98531439132
5.1109523673
3.06654079473
6.58157179096
4.74472355386
6.3949312921
9.43312441545
4.32539767765
7.77029843576
7.6173728175
3.5075225573
3.0682888297
3.85889619422
3.08257401845
1.80814730289
4.98840296928
3.51368551915
3.66263878235
5.04173481225
3.64548093693
3.28667474176
6.21796037334
1.88953526676
7.10942314869
4.04154100224
4.29451957537
10.1267710414
6.76948802159
3.22965611187
4.64442897792
4.08806641762
7.80087575801
4.27203105506
6.6990487113
4.96611475375
6.56897336616
6.37448745095
7.91285175708
2.21667901068
6.88831459807
4.57224248139
3.35397316561
10.6748438372
6.79857720799
4.64943261212
3.67990945852
5.10990952123
2.84696954888
7.08914618607
7.94477958074
3.8943809625
6.00199609682
5.76521201782
4.20418904825
5.65986763709
6.02963930003
4.46673295797
5.93702707684
4.29747720653
0.277706376576
5.82466938332
8.51018900799
3.26746596098
7.3624670071
5.46179671919
6.89267445739
7.4226512126
5.78566695242
1.91504511393
4.14029167866
9.15881680315
6.49237892018
5.910631609
8.2760398112
7.99430303701
2.72382742071
5.02682880226
4.8873935608
5.35660207949
3.621891888
3.9534723283
5.16293766087
7.13375402311
6.64344521196
6.86571467041
6.85220608941
5.73876531895
6.84448907392
6.6048856662
2.29037821914
5.99837554284
6.02219494154
5.91227479354
6.02894458666
5.56727199875
4.59566269728
3.91194332391
3.908580176
5.05493086309
7.45568191954
5.04655907077
2.80048408556
6.13520148256
6.18175173424
3.0386915136
7.26370318123
4.27690562626
4.85820035094
4.14286001736
3.78252767325
3.36202850928
2.97099670045
8.14925746993
5.29373795763
0.0618810154711
6.11975210482
4.92729220913
6.86803036602
1.93522479756
6.81601012271
0.124704578386
4.80434306081
5.13498943882
0.91972430591
1.73851356418
5.77066602393
8.12617533927
3.88105400832
0.500854212235
1.11716867447
8.00905984149
8.37277323907
4.62159292542
6.18052052431
3.52935085702
3.51511526423
4.84447590363
5.28737060848
3.89882897397
4.39578698646
7.53325229253
6.1054131489
6.98732720589
4.91099637991
4.14431997109
5.96591061541
4.82255962253
4.56189744445
5.49622584232
7.97411951485
4.26273765995
0.860459916644
7.76198575536
3.98356879401
5.92260301448
9.83840249025
5.78137052259
7.85275539631
2.30383786456
1.08983152283
3.06270001623
5.3598847401
3.30125498164
1.73558095214
3.03186626367
9.65184294379
3.53974441286
6.67845359846
3.65265858024
3.8754683257
5.6404166514
7.12370928476
3.59141464412
6.9138626306
5.02636670325
4.88384456538
6.64240098795
4.2308652349
3.77041187343
7.05832800041
5.49481775263
4.73663949109
3.89076664848
2.8112539962
1.6802047852
5.92367099528
0.932685801365
6.03206026521
4.46982128239
5.34010346574
6.69884509016
5.32561627965
5.45270221612
3.82529495684
6.82735780799
2.26940503372
5.76146295375
4.7772335152
4.17408164165
2.06715346924
2.54816726751
5.29141978648
3.00753299235
3.67622809679
6.3674131223
4.00804282275
5.53516148885
4.70890328815
4.01376978954
5.53854561706
6.17456456013
3.85632831135
6.06319812568
2.936446753
5.54405511394
7.12567963022
4.39301386178
2.91882820107
4.48142364671
7.59669525349
3.76502005638
4.10743808055
1.78603869119
2.98272692227
6.74770731187
