4.88616527622
2.54342464457
3.9276692907
7.17377918763
2.89734075026
9.44521540016
6.76022084023
7.77553394895
8.59020760462
5.48672961971
4.94400451707
3.84244058951
7.77945623647
3.04574600579
3.57361454011
4.91886267228
6.65060621104
4.26913584046
5.22460936511
8.76344474024
2.73578574537
4.0844583676
3.57328977712
6.75937560278
7.7917630222
6.81289551494
3.96031058966
1.84497896276
1.05178126735
4.51717919339
6.30578555596
5.19111911926
5.99656213786
9.14975061344
7.02641550572
3.73484951393
1.80415147617
5.2515996985
4.49228551251
5.41276954037
2.97986192092
6.26838086437
2.85738605522
6.72717103171
3.95194394907
0.860483705024
4.07934700733
3.92652534992
7.68179433756
4.34890992026
5.31294842046
1.86974935317
5.95390341018
5.65909829274
1.054844881
2.80419349404
4.68988666646
5.23710909552
5.5249386826
3.07937232789
7.19802689925
3.58760869759
3.43043510243
6.03876410697
6.78745241454
5.78450965717
4.1947753448
7.24169561879
7.78181992165
3.09393960699
5.64142112801
4.59631377741
2.8561951962
5.35490049426
4.56808361661
1.63807066723
6.7965905846
4.37776101781
5.09390382949
1.64006379134
7.54111638328
7.27428990659
9.47367657065
6.45044536705
5.4960377628
3.81973664164
3.46402692062
7.05384150708
8.88497875564
5.63626156893
3.71732409056
6.47153169009
1.98164043177
0.163000265806
2.67353742603
5.34400229259
8.18776003048
7.26942807281
5.70311589464
3.07851620746
5.99456614864
6.32816844013
6.3784536522
6.6603724043
7.0454750143
5.89721201592
5.59790680258
5.57310956786
2.75990574595
6.0318127908
4.70761601331
4.74864689968
3.71068734369
3.02230331186
5.28610841508
7.15593000201
6.45331324875
6.56452731976
7.48890071028
7.28603827176
5.57710256363
5.32586930749
6.26060796092
8.8623421419
5.35533203111
2.57139460825
5.70930014289
3.41643973569
3.31802300893
0.779765928016
5.44643449377
4.59989625986
5.71262076189
4.29778842302
5.59658308657
3.82263859716
8.2558524065
8.69572909775
3.81832553236
2.70241872799
1.35972659355
3.29592702259
1.74521012054
3.47903548625
8.87109908032
8.99793231815
3.21675811037
5.68868593369
5.4433256241
5.42199168376
1.73312840652
3.89361307376
3.23227842037
8.93190325717
8.7228705303
6.97458092574
6.36797758675
5.33632485073
4.52076095934
4.76006005779
7.0474758576
5.07131229303
2.79610781399
3.05427764317
6.45682453246
0.996079618999
7.47078782169
5.44565303362
5.32804135307
5.00801528359
5.89194765912
6.03546582968
1.42925813743
6.34883714854
5.14763837122
5.19843090068
1.36122104894
6.23763755486
4.49817339929
3.75548014625
10.0725789178
4.34835585196
5.05596102807
3.64998391783
8.44568049327
6.12438394047
3.71208740869
0.953390589293
2.5623555634
3.76404951951
6.28171870323
4.00509814434
3.95208954267
1.96068624036
8.60793200671
5.43627545542
5.722950676
5.4162152474
4.95496847098
2.01082295542
4.203968021
8.71495356979
6.95208780157
7.29692179984
3.67054382996
4.88942880161
5.30153716634
5.14345036788
6.24545068976
5.43591610804
3.66243545586
7.77384500427
2.93558949723
4.86190847246
5.58119887551
4.82254078818
3.33240064093
4.9984905345
2.31971199764
4.20331891465
5.48959317905
5.29352030992
3.82468407684
4.13675418505
5.49804747966
5.04371668159
10.2690682326
5.49074321882
5.93051458178
4.53727767175
3.49899555833
5.22738359433
7.12479102353
4.22727942196
6.1141586529
6.60233253916
3.86771711271
6.93435903188
3.91874152869
3.65259979196
6.34693560417
1.38314453356
1.68965938316
4.65133439074
3.17543174386
3.44872355209
6.73949991405
1.33107797231
7.51301579854
5.70958795151
3.77912761169
4.64525332146
7.0758744458
7.2926347972
2.56311509164
3.45356301914
7.62264375547
0.865792971799
4.65296974193
5.55802210394
4.52317601676
3.60011252686
4.25133721833
9.21581940647
6.67656679808
1.83102470219
4.82535506086
5.82849106063
3.06417368264
3.33465330773
6.83727684532
5.06350056454
3.72325420916
5.75320746099
5.75944428657
4.24334923352
5.6356292941
4.00914934849
5.22833722365
7.91345181006
6.67170789999
3.21827952542
6.24552026412
4.79295237292
8.29397150076
3.8982751029
1.20786314174
5.68240507001
4.59781752714
7.48201725381
4.85469591767
-1.12892714591
5.48433942514
5.47932138314
7.8323962831
0.35520571518
7.69979121133
5.55186524378
6.56209056333
4.47060824705
5.95523399918
7.39359977164
6.0683444789
6.63756258663
3.24142170548
4.36107119169
2.51238610847
6.04416749485
2.97003681653
4.48402843774
1.21844146321
4.86979047591
3.21742398984
6.79609954318
7.20457192625
1.85811344556
7.39752818866
4.81369836183
2.94861577065
6.53024219474
7.0261049297
2.70561361055
3.99352305655
5.31190792814
6.97553430755
7.69880243278
5.89647664437
6.85048084987
7.5582653312
6.19731020628
6.4747567457
4.56971706472
4.60554780537
5.27040869859
7.1216043049
5.24677873497
6.60974415331
6.21137158848
5.60255051496
7.60747982009
5.92659206523
3.97471086392
0.789976740356
2.68200311687
2.57306251292
6.00630667572
5.38162173114
5.96157356556
-0.186651463942
6.73675130858
5.2493041414
5.36941322858
4.86202604745
5.1735077958
5.31731316674
5.92212137496
3.59427719376
4.75044506172
3.12724578795
6.21062809476
4.85400107492
4.67218470841
5.35730441836
6.1330441279
5.53062471678
5.5612699982
4.26212370141
7.01686185228
3.98280472673
7.64629351314
3.41364343709
5.86457209935
2.97568955486
6.34605140299
8.25496114312
7.0369839341
7.22329506425
8.10708108204
5.67901606563
8.88278383234
4.44364919753
7.11902615863
3.69377430367
5.74939235607
4.62640340533
6.59150575576
2.88468299179
5.38988264823
7.32062806786
3.86850548428
5.20504371653
5.75329503663
6.92363993712
6.38931113715
4.53404462966
4.91803490588
5.90738884084
5.94040340942
5.43450509111
5.05198775857
6.29424767527
6.86713266569
8.9151167075
2.87116276279
4.76188516331
3.61679112388
5.03507002551
4.7203384196
6.55789028775
4.45617013352
9.71968904377
3.91897610121
4.70431800567
3.02407784308
6.96986828053
1.61798737237
3.22543612736
7.25327049298
8.29564298164
4.51239368836
4.59399178184
5.55414281261
4.77516038689
5.39297792197
7.54294108417
5.47069328517
4.56706239835
3.52292093651
6.27086708713
3.61019474721
4.19950888448
8.97176343319
8.15873217517
6.43758528313
3.360637141
5.04654105255
2.94375019915
4.91077105243
6.58828145683
1.01956177739
5.99407419714
6.9871779228
8.46341045948
6.76029051206
2.66749630912
2.9546679919
2.39374405094
6.80542100528
4.10817184794
1.80598752443
4.96472175989
6.0941336371
4.98733623956
3.29419371309
2.34535127706
4.8048853936
2.67134683579
4.25459143132
3.07007908669
5.87742695001
0.689087796948
5.63919973701
6.29004110468
7.16244733047
4.70920908466
6.21444335309
5.40212135094
4.11668445832
4.89901726326
6.5327595946
4.99698188885
5.04479539147
6.49933254868
8.08163418862
5.11924601721
7.00865721953
4.91775348351
4.80679837441
5.72086982392
8.564097173
4.97778781139
7.29719311134
5.43256123835
5.89500865415
6.65842658423
5.19536288826
4.45955812796
3.56861754935
5.94431514052
6.29475566264
3.38510118031
1.91541195131
8.85819715249
1.16167008729
5.73867715252
7.29333227978
4.15692899691
4.599665165
7.28229057419
8.1149304874
2.19611103822
5.22288400891
2.0226286003
4.2766714959
2.56737723793
4.22855471862
4.47518326605
4.74660096994
2.95023206396
2.49938713505
6.28560038211
4.22647321671
2.88560568836
4.96193419955
2.4796815258
6.96416512269
2.8967199952
3.75609354101
3.8191136397
4.55018152166
5.96629847852
7.764111883
-1.20715250891
5.46655643055
5.63954407666
7.1026343544
2.86780786298
-0.0886549753624
6.70144593804
2.62083891034
2.34432238564
1.99592958707
7.67622866043
1.9873940502
5.82969526805
4.30861074973
7.1045691739
5.79719129053
3.53416553677
4.60798892041
5.87448132366
3.21992491756
4.16454962341
6.52339811906
2.26593481002
2.35203199274
7.3340871661
5.01314366626
1.76639393461
4.09436444528
6.5563749383
5.15861707749
3.12597487705
2.67277192658
1.81161108132
6.56819836392
4.5150225391
9.51514369276
5.80336424906
6.96478365748
4.3172889827
1.4951555996
6.05749403194
3.72182189577
5.09968169918
4.28576606265
1.40264371496
5.68958126468
4.28865497596
3.77292252615
2.36305282111
5.82166822076
6.799512205
5.34879289728
3.32783976346
2.37043069927
6.67077949119
2.61099216187
7.47711968104
7.10370549452
4.43172131471
2.35231003761
4.01123102091
5.39323707217
4.53002796966
6.79549060033
1.79206456484
4.1043190582
3.66245540941
5.02836184516
2.80651380872
6.07392120188
4.72771327683
7.5639951302
4.67678425184
6.68610446711
10.9237690225
7.49702659399
5.92541161125
7.31192746942
5.80134327796
5.8299032822
6.01994303564
7.68747151751
3.85235525218
6.19330223162
5.62176538709
4.32019101668
5.7326658992
3.21708176861
5.48162498789
3.21446485528
3.66050382213
2.54838643926
5.5230213623
1.67663374052
7.78660378179
2.45550172454
3.47722525857
3.62840536384
6.47416482185
4.3783800887
5.30780233502
7.56666564453
2.56892091189
5.91791502952
6.68230290691
5.22430672487
7.05324111141
3.85138174585
3.70021854539
3.39798238623
4.7560505005
6.06009759275
3.66674425791
4.30971245004
4.90970870745
2.54858493945
5.41401220096
3.59237971455
3.41444776928
5.82684005393
5.95021124255
1.39578155932
8.44292317351
3.40760130716
5.39835319539
4.50897334462
4.95895727149
6.76712612128
2.25682813619
2.67760990073
6.40891044186
2.75258648283
5.17331795997
4.15386419306
4.31586383049
2.39263407451
0.196791526799
4.14858592744
9.77506377306
2.21279203131
5.72142856245
6.10833038695
5.71438094903
2.79445961731
5.09787667174
3.85123040174
8.11605400455
9.45842241491
7.36716241182
7.67182689431
3.71272080156
6.24552162554
4.34034723239
5.47598742094
6.47655167762
-0.361408374156
5.60748478845
2.53096392706
7.58541843939
5.44287132055
4.59784210802
5.85724781521
7.2616713954
6.69858067953
4.46439002613
0.886914742683
8.62468120322
3.49692229873
4.82864406345
4.00182978938
3.86726165844
5.50625706747
5.59595361994
6.18318357728
4.64592616586
2.93836659035
7.50719734882
4.83982383965
2.58202108014
3.44428341487
3.7626983771
3.28253619469
3.17081929308
5.76229836929
5.07812229563
5.24637833371
4.09824522719
5.32408283902
6.69277148442
7.66553503088
7.71734510395
2.265273583
4.47986086784
6.42667220245
3.34445146405
5.74148687801
7.47608819052
2.62018381269
3.57382442176
5.26652494083
2.28336844454
2.17943817839
7.94043017449
4.1122475256
3.29724529513
8.85633315405
5.76836761345
7.72174289656
4.4619848159
4.32418529093
2.90665845214
6.29391076286
4.52077506194
8.51960434097
6.72182708375
3.53239395934
3.94820266857
3.95556361859
2.60869542153
3.34154810599
5.8626595128
5.68199167227
3.72370821031
4.18933664015
2.60221063114
9.92618969434
6.76261071647
3.35289468651
5.56829999919
3.93788574816
2.25826892743
5.17959438977
4.31304683583
6.78177931957
3.41459171108
4.0347518723
1.90604529523
7.7062553114
4.48649154015
5.445659996
6.47050688287
7.81597547654
3.80405532953
4.49330503284
3.1575486712
4.36540887896
3.08272891749
6.01227350246
2.80412854341
3.51775033663
5.3056360662
5.31162274012
6.86954287468
3.56666849153
6.18991855929
6.16429331114
7.87366605943
4.79269406873
5.22594686036
3.65990367764
3.63364225292
4.72338882938
3.67881437433
5.22582125983
6.75924756989
5.40304627314
5.86980093428
3.54022430643
3.93292266304
2.63685042168
7.28443579161
6.77908620368
5.24380427157
3.28732530534
5.11510256825
4.3203613706
8.60749679781
4.695078435
8.91051564489
5.84272628791
5.44439126376
4.17217669211
6.61823680797
4.51900516943
6.29008056615
0.234180716107
5.60307884447
6.39105434432
5.26778505758
2.02636194721
6.31660312292
3.45110669198
6.54604441239
7.5484750682
7.61106730833
1.97672610823
1.2712772119
2.49441059488
6.17870166776
8.36388066952
4.48007762092
8.18745138966
5.79093350035
3.91774108373
5.41401969985
6.9187663692
0.501354141834
5.34603964833
4.33261342876
6.1664275763
0.195821793179
6.51574355303
6.07271159655
7.33939861158
7.61880356724
4.76310098664
4.83956278202
4.1458149041
6.87014240912
9.07915365869
5.58734533959
2.66160925865
6.38113986742
4.95236542774
5.95295592851
4.53339710371
3.11963588798
5.33330477266
4.85664092226
6.33250876765
5.50734117955
4.26268969543
6.034532721
2.33590466212
6.29527653338
8.06397593923
8.439488182
1.25919745319
2.78683159922
4.73247988457
8.12807859772
7.46881692818
3.64189085285
3.98697517106
5.76329746488
3.42085482607
5.69057734794
2.84680438632
3.6848167898
4.42827041273
7.67206663559
3.81127949799
7.10598534462
6.53127850472
3.43223953536
2.57149497395
4.12856539447
2.42459407914
3.039150308
4.22538095598
3.13774883813
0.00610191785917
2.83554462598
3.72299040992
3.21106727692
4.79045824094
4.76937094182
0.662986111136
7.74662466871
5.20817296041
6.24191437642
2.47457636089
-1.25449292625
4.00555750363
3.95943333281
0.819226285563
3.31080190602
1.94565284584
4.2920356304
5.71994358334
7.49118237621
6.11197219915
4.2690813809
4.84224266207
5.47667789044
3.46760450422
5.89015396972
4.34090949029
7.06918609934
5.22931762152
6.55729665162
4.64157068169
6.40680175593
2.18917489392
6.56793771431
4.06760570882
3.0531489867
2.65703564501
6.67789425207
5.62433118201
4.34808021275
4.63361905416
3.81532336487
0.996693401497
5.29893257934
4.2090799627
7.55334090353
4.34607458692
3.85960973213
2.6957883372
7.27643185256
4.13046030277
2.85174832539
6.81882436506
2.72103693375
4.83731991869
4.16137950314
4.73926840898
6.80679780897
5.84302134984
6.61623369207
4.46378754592
5.35626253219
6.15869302503
0.240735305833
4.31534464504
3.49732480393
4.67365666519
7.29840849613
4.74648802793
3.14833066065
3.40659452795
6.98195108049
3.93664814976
8.68459531868
6.2453977395
6.14708668812
7.66545701319
4.25420315108
6.68370696453
7.65228265921
6.82559591
6.25424926672
4.79085035246
7.33110483701
6.88620751328
3.65859734571
1.49065253424
5.66122877818
7.14981437739
6.20842855314
5.94362890419
-0.656432090589
3.08544131931
1.13373788516
3.91524022389
4.28976743544
6.18005808975
5.31697000906
3.50828605939
3.88571613605
5.99426359962
5.73257929379
5.12909183284
6.85665424346
4.96755727923
0.957769424404
5.90864318967
4.79779528688
9.57764777883
3.6367776704
3.2012291161
4.64218956049
4.54918919564
5.59324406882
3.72381400658
3.22220594921
7.93058931968
