4.62923108041
5.23886520725
5.18118782077
6.57107530537
7.101634717
6.4581715129
5.55646859034
6.8430471366
6.67253132764
3.58890138977
2.55849068078
6.74011098449
6.0605355276
6.89139163086
7.12988042412
7.81806024751
4.97476091259
5.89313753304
5.84238887882
4.20557405859
3.81356723985
3.9747287076
2.62291749245
-0.152967131671
3.61232952704
2.72074218114
6.18485832736
4.79041540949
6.55963451833
4.8495088738
1.8612055144
6.76710062737
7.47769945812
6.32924231278
7.05973775077
5.60096364222
2.23795431664
0.847022727869
5.13917328393
6.42826879163
4.06188876268
5.91521033446
6.33623700822
6.0578569924
8.40650711084
5.13947579721
1.91164833964
2.87034193896
4.39271600495
3.6395206922
4.97639522617
8.13766618087
6.13984818729
9.23422313408
3.9345355095
2.6452503471
8.57596794947
4.7374923852
5.22293986329
3.74779033005
4.55807714453
4.17764174995
8.171042955
1.63117039788
4.14069206539
1.90238361806
5.09846335582
6.52235847566
7.04219957384
4.33051954084
6.75457627585
3.84878454159
4.45612140323
5.12848202566
3.38196140724
7.85920959537
9.01248279634
7.9391347833
3.09201858064
1.20880119988
3.68970724601
1.67109459704
5.9702823745
2.9224038274
2.98004414207
9.57612025682
6.28929066957
6.38689079917
7.77756737796
6.20172954311
4.43328176203
7.98565302041
4.7208443756
1.88300115302
6.32148224624
3.78769091522
7.27348598056
2.56614387026
3.8670201657
4.25264577746
6.93839072009
5.53664725046
8.3521495924
4.70707241285
6.70343138983
7.90959639893
2.49178860994
9.77054215828
2.94542122182
6.87609450513
6.2371859761
3.50467963316
5.61827476667
4.40191108696
4.74570938333
4.60697153079
3.48648982745
7.39298542435
6.58795172681
4.11929592802
4.25371098126
5.19207359135
4.94671366989
5.29278482847
7.07244917451
1.93617978236
6.22356333805
5.87063768265
2.04680734798
5.58466553806
1.73843331546
6.88292111101
5.10022620096
6.64580628868
6.51905246084
6.79217888481
2.37149837149
6.32945117188
5.2649730612
0.263286308814
6.56872111515
4.4793020108
8.32166116201
3.63157372237
3.723042033
8.34342134778
1.47862385555
3.91647608777
3.49760466867
10.0763537135
4.53964851392
6.53725200285
4.28499727606
4.84004088194
6.69171068929
4.26859869096
4.90069623974
5.33272389926
4.20299696613
6.28432677543
4.93354751459
5.45497003257
6.91467282133
4.64096034514
7.91518688461
6.07064519128
7.82401898001
2.59640540558
4.58702147943
7.3519773751
4.77275074405
7.24233677289
6.04742510664
6.52193632798
7.56466293234
3.47735796942
2.51114894187
2.14462407655
9.7927782725
5.64465585181
5.96312717774
6.39147461971
6.25912778406
2.4640885643
5.14388426912
3.40523193418
6.39183663266
8.08403921533
3.77794475978
4.4500598104
5.84924405316
3.1448382834
4.55892775727
8.20077104781
6.71221178359
4.42767974293
7.767928409
5.55683077415
2.39091785505
4.53674337646
3.50896172452
5.61353244038
8.88068176382
7.63280980742
2.95216008037
6.20593157477
8.28824529938
4.23110821201
5.17518610912
6.02138888857
4.47436957982
5.19836576183
4.25088120654
5.40334493366
6.55777834039
3.71656695797
8.99251626932
2.20613771005
4.50561035262
2.32951576974
4.47576686252
4.99948540781
4.29991873243
4.77532910484
5.10280504392
5.34047136109
6.94503843648
3.27443328438
4.21991605571
6.58105226655
2.52152979256
5.12011640563
4.03285227475
3.95691535343
5.29769642331
6.08099144283
8.12796470557
6.24325004075
6.1173423515
7.71902879517
8.72769915486
7.12176787035
5.80388052365
4.17485739374
5.2931750171
3.457192989
5.88358094334
6.1800851928
6.69450789945
6.11175997076
5.95805117042
6.22101874744
7.9380408283
7.2645853388
8.47453361906
4.58130035188
4.2666300267
6.87873683629
1.47467179432
9.84315039447
5.55674775867
4.70558979718
6.03207741868
4.38985788597
2.12069418651
4.59085835124
4.91600413906
6.95788643689
2.36489788588
6.62902689699
4.82709643294
4.71708157856
1.52820305468
3.50421932048
6.48456981036
2.36460783501
4.93497037883
5.79421867301
5.58770846275
6.46459200624
4.73595815759
2.04707141272
5.54089773195
1.14196536512
2.3570811323
8.81850495931
4.16209261021
3.07399373812
1.1191296137
1.64200144057
5.74055177728
3.63112572459
6.32451774938
7.9071121951
9.61952844426
7.50042668346
6.11753840021
2.64901421965
4.01669301205
5.41117983065
5.35018739519
3.24865222721
3.24147052166
3.29584615093
4.49376877196
5.71735719383
4.27385127692
5.96818250976
4.73324104927
4.94571885213
4.19788964632
2.9035890507
5.13380456445
6.78243375154
8.51914271342
8.18267125818
4.16109431559
5.6892454314
7.49288244651
3.58541190082
2.77562657305
3.37546464994
6.28695324874
7.38261803936
9.38931705947
6.89655412012
4.35961067598
5.10478876694
5.53574931788
7.39582232906
4.38835875721
6.71317648122
2.39677909775
4.80974075396
2.58481153112
4.86751792277
3.71992786588
5.44698824371
8.51215260836
4.04709019189
1.38119552796
6.76135520349
5.43043261308
3.19575889882
3.58952104009
5.58576221084
3.57485908595
6.89471894209
7.01863369638
2.02789276848
2.07229342622
6.82957829638
6.98407877926
2.52242029986
4.37391506294
9.42286640666
4.49051013997
4.82143736955
3.71235145425
7.43572102392
3.55610041896
3.76125462318
7.24807042788
6.86286384267
5.3345913093
7.12415943449
1.63917344142
5.68490436913
6.66725315801
2.79507995763
7.75277910551
1.84606306145
7.63149597114
2.16024314455
6.91824042555
3.32407251632
7.84444308237
4.29834273251
5.21476576845
8.0063889281
1.75438534908
6.38895556739
7.77466817986
2.88153181154
4.21631202181
9.07704050893
4.65677978642
1.24397266089
3.39910673243
4.14318205013
5.97721787296
3.3823396909
6.65048969931
4.65910246879
5.59311287457
5.4098506689
4.1002917439
5.23729276978
1.16699728036
3.86810138608
6.62330483366
3.30728282883
6.44293617522
7.06479513058
5.72780320874
4.23074851714
8.23837952022
4.50599019357
3.32706515637
3.6291950902
6.97069939182
8.09089143906
3.35022837377
5.59648624988
2.22201216145
3.45137828244
8.01200462589
5.24481269906
4.48725832752
6.11742424831
8.14030830724
2.16291228284
2.90380430184
6.9999599818
2.45588341436
5.88886259461
2.25902547462
4.78960353378
7.18629254205
6.04487761458
6.10038706373
5.20467516105
3.40611026091
6.50181695183
6.26087633263
7.29189739396
7.17642837109
5.24554227479
4.98674270459
4.70318244887
2.24119836704
6.24451322715
4.8729897718
3.82005697196
1.94840324027
7.21258119566
2.74575777399
3.71254929271
5.40915878649
2.25056387198
12.5882376992
9.00549972157
4.11920896822
4.47010444783
8.12402512691
4.72045066514
5.00450352089
2.4587544668
3.51353566882
5.44804713134
6.07062042282
4.71663066623
5.26478858748
4.82404357793
3.67322462573
4.94092360877
6.39152018071
4.52069490384
5.11514698573
4.32508344625
7.79412271232
6.61627596395
7.08297827717
6.16140404362
1.40428497675
6.61045970731
6.02640020302
6.10641841369
6.09928880035
4.78024874245
4.40413548981
6.13829374189
2.81685563691
8.33140570387
3.56309525814
7.11210411536
4.10427935392
2.5034590692
7.98665352123
1.78512932134
2.09704005883
2.22423121252
7.3791310688
2.85829922109
6.31059491867
1.82544174377
1.26363246783
5.04988072077
7.71523475324
5.92500463639
5.9006770693
6.07663741261
6.28733010868
6.74164457808
10.0558292801
5.9689920204
6.8143906696
5.95451443284
2.34232709362
4.46537612644
3.61543925615
5.17360557195
3.68329767159
5.4998425395
8.8671175436
5.14360295069
3.28256674741
4.04716248195
4.95378008047
6.28672485053
5.68405073501
0.812382737572
4.07386256717
5.82319510793
3.19953023815
2.61430762549
8.7378786118
4.63351379695
1.42138809398
3.50495002178
4.95986919818
5.737814144
4.24298950092
5.75409173212
9.77918619042
6.29855018526
7.53771337561
3.24441153353
5.6889985228
4.51795541882
4.76710892556
4.35390317598
3.53433705928
6.17504253075
6.32559193129
5.56676220716
6.34229826614
5.71567191206
7.36262737306
6.85987268232
4.9704691633
6.60246140072
6.45430488786
0.855439951789
1.48651036796
6.38243086565
7.291825649
4.10878210408
1.89703051491
3.92544028196
2.45260447998
4.60608883022
5.47616731404
3.61683261354
6.17218922354
5.29090162866
3.86287268661
9.41502317959
4.21833237253
5.15299014476
3.14027112836
5.90016127184
6.35569943368
2.66785461594
3.62458448321
3.47383996424
2.73719195962
3.4311154985
3.63816106286
1.81616202737
4.30716448582
5.19883111505
5.1690241257
4.7503867819
6.33019981777
6.01845556289
5.5875163889
7.26167305001
6.28930644273
2.56805306734
7.41577541641
8.53708813446
7.92197511478
6.55663941341
3.87669888044
6.06351375222
5.42828013001
4.15694879091
4.34214292149
6.68123803837
5.01863044638
2.77056577013
1.57234846847
7.70589538468
4.1652331291
7.74333169652
5.27818141073
5.93188008377
6.0856915206
2.00516030271
6.02281677593
4.1250725258
2.76204908242
2.80552994934
3.20755224211
4.99241092661
4.2571843924
4.86869326819
4.68046793784
3.15145623121
3.31303895378
5.22173597271
7.52654766567
6.13051000035
7.73447386568
7.48304459756
5.3729588445
8.18307749053
5.11232078037
3.76215808473
0.898390517423
4.31741802604
9.47256801573
3.69918255197
3.95667024684
6.0536276169
7.49223926711
1.0795619661
2.28405073489
2.05461503567
4.08986812879
3.55990743048
4.53988167578
6.98557911721
5.41090118582
7.76148825858
4.28982340935
2.99994802221
5.20133144747
4.51032639209
4.28177653354
4.93280683702
3.45629261836
8.304625506
6.40210306599
2.23104038883
5.46268125071
5.58634358903
4.6690575006
4.08203804958
7.34806696875
6.86587392986
1.80725883604
2.3873308468
4.38015147766
5.46311734912
5.67459770992
3.79764695633
1.63052379038
3.97864949309
3.41301326951
3.03888282143
3.12865563793
3.4783971048
5.50889297337
7.5463709929
4.56745948857
9.57705592494
8.74658411997
3.46815406557
5.22130143779
3.18418854018
3.82811432381
2.34554490508
7.25397557195
5.68647250241
4.51691679765
1.92503188337
6.71382846791
7.68646385924
6.39312831127
1.07954844011
2.92813633778
3.70068176502
6.33578791972
5.90815362737
5.31826038852
0.663498947806
3.96889329937
4.37048448043
5.09563321175
1.77534232342
9.05634118519
6.35646763813
7.23895110868
6.70541706959
1.83284669999
3.03465332235
5.6693329809
6.7172727979
3.98373568559
4.78496347236
5.36379739487
2.95388818532
3.66487205534
5.20090992527
5.23309088608
2.66787653882
3.79032308104
5.56836727819
4.81496761539
5.60192543779
2.00272184368
3.38945083254
2.97129135417
4.42166742521
4.43732500067
6.72073351454
3.75748017159
6.42640655386
5.43344953703
4.17527086213
5.34547183891
6.80914991365
0.218016577117
7.39336901118
8.69324200912
4.04087469688
5.80439563585
4.86344276626
3.4135872151
5.01894554299
1.80950999936
5.90605133286
9.50678519113
6.08740820632
2.66062948169
2.94379062749
5.61356510764
4.76497065802
4.71157130054
5.91762384159
3.90320517155
4.35082455376
3.73294075913
1.18564696387
5.63867737285
7.68949173721
7.53223452691
0.577278383744
2.80620895417
1.15740156852
4.66040638344
5.15513167968
9.07985410928
5.50965800306
-0.0951161819428
1.44454548442
8.68664853438
9.27614842517
4.70895420333
6.78681293165
2.22415057482
4.62897851434
6.49549135392
6.1381246749
6.60800996025
6.37375468058
5.49044639078
2.94728062525
3.18263350993
5.73294683699
3.20075589842
0.706961894072
3.47742358112
4.0847066349
4.76319137369
0.966487118586
6.31205390968
5.73207861828
5.23528329068
5.27396446017
5.70432088286
4.1391171802
6.34978707769
3.43238796212
3.38819398902
3.30600646118
6.41882257974
3.83621491107
5.65070016574
7.57562887254
6.51209385304
8.79673737661
4.43044472234
-1.12306283848
3.11318858155
6.88800554305
6.80144394252
4.78069718271
4.01694155395
7.20040600867
4.17307077251
5.76818804842
2.84845843342
6.6435398851
6.46463809703
3.76514448289
4.51808541469
7.4990991706
2.19913832575
5.52795450693
5.6276458523
1.93215430805
3.38623486831
6.81496846665
4.67548257778
6.1244281078
1.68368560988
3.85538363113
2.96984290691
7.38164774093
5.78959983192
6.65190170126
7.70305694808
7.16958152669
6.63528923322
5.40199070829
8.3706590154
3.08352906136
5.91414683055
4.61527318778
6.08338300882
2.71502054756
1.84793282983
6.08928207393
3.47512099749
5.55167345355
6.12054841067
5.469003965
1.94591571418
3.70321797769
3.91096838582
6.21645813213
3.01583293657
3.90725734575
8.09283900245
2.81641980323
6.39535492696
7.33259783435
5.12347142018
4.34997889915
5.43088022554
6.79626648609
5.87847443303
7.30225038293
9.03512019609
7.7812696373
4.35098351001
2.3127317008
9.0376931154
3.49190283833
5.35111687765
4.96303567401
7.94841486121
4.47291121334
3.96655114813
7.61002904848
10.0707766879
1.3753050075
6.32732256885
3.60184246083
1.6884242163
2.75157891836
4.57436562342
3.12483841567
3.84749906783
5.49341576091
0.922194976049
8.5823443096
2.86126962275
5.6867250106
5.24882040395
4.26440811122
4.27731875899
3.35831069258
4.93371780261
6.53362746903
6.52986646417
5.23180622408
6.69987022987
5.61492483231
6.11843632778
4.50633697028
4.32974320767
4.54604134907
1.99833871431
2.27314333869
3.21772439222
4.49949794994
5.64599307245
5.66420883679
6.64067552747
6.3061360216
3.81887711747
4.08390374002
4.78188279231
8.38795480007
1.34302561674
3.15127311547
2.6494384953
5.56942136036
7.84026364789
1.24480205724
3.75530229634
7.01655384904
5.1062964824
7.1873285537
5.26183181035
3.06810865682
4.85826267313
3.59366739048
7.33503833451
8.5495217081
6.1692843673
6.83325928396
4.42755740748
7.37128018678
3.50262739011
4.76213178913
5.69291265214
3.13076732486
5.61436331094
4.06603797978
0.72680599032
4.8250982848
4.18052684116
5.67103020864
4.13253404333
8.1865427439
8.79581617651
3.64281172221
7.36461229481
4.08020765042
8.4804002902
6.46665458534
7.5106004015
1.53129027699
6.82017250715
10.754054981
9.15130135721
9.03954771145
2.59659617791
6.58515966071
2.40430094976
3.79113266887
5.74451191579
4.85383977599
5.58511199714
2.1612433707
7.58548505148
9.06573729015
6.33909641073
5.41650810619
3.13057797073
6.24544480727
3.77268825435
8.09507973834
6.41838131946
7.22809871227
6.49221758057
5.24353272913
4.46290610979
7.77612291788
5.53477205611
5.11456225308
3.44170443327
2.66971808156
4.20445432502
3.98042852975
6.85107698856
5.33331606461
5.33955077157
5.61174132536
3.60286335598
3.93520979009
10.2219350031
2.01159105449
5.71451420453
3.89973483479
