5.65544165531
4.44996157964
7.4274884924
6.13151074001
3.14303738472
3.7413611532
4.95979508614
6.84081366535
6.9463596048
5.57705771835
5.59517656276
4.53401079109
3.71754336795
5.85212761661
1.98693681932
3.87907097384
6.44947853247
1.23150537755
3.12543730982
5.85897223797
1.39227572831
5.21262958681
7.03148424408
5.21398086205
5.68556223784
6.07925017474
1.06096831092
3.88677827742
4.2022900511
3.76032403539
3.12037195893
7.87111779516
7.83863778444
3.2476114341
5.41911268542
3.91437357915
4.01558932786
6.6482868852
6.10277179574
8.07747261965
3.11778742959
4.67332594244
4.12586651884
5.2189713792
8.98062500976
3.01084052037
3.2784562134
5.74424636486
9.93677517539
4.15463255033
2.91719625615
5.15159738844
4.86926139447
4.39822115912
3.80202160419
3.85133243518
4.68456028089
4.69110412461
4.89413397424
5.60463511277
5.77517540413
2.94236528109
3.97357909054
3.75461928408
3.0033469808
4.77378006995
3.58960647638
3.27404054515
5.43442153396
4.94678621334
4.44316538202
2.47138084114
4.06319816577
1.25301958336
4.95701867169
5.05769809067
8.06704090781
5.15035984042
5.59120527327
6.0728171561
3.83687576875
2.20734578598
4.42453115815
7.33646966083
4.27705722454
4.2668750395
4.012849927
8.35339293986
3.93859227535
7.31811641761
6.57423298853
5.5356785782
4.90412703242
2.97559093402
6.97537279752
2.76360822764
5.40646312468
4.74301927877
3.45095541958
6.55963674143
3.28076142747
8.3162269771
6.94837306418
1.96019979913
1.68751682325
5.58564482346
3.61144388982
4.85514918219
5.31571665151
7.0935905842
3.81101610752
4.15859672696
0.682599558642
6.47705858434
3.81389702086
2.44627720955
4.4569405509
7.85869336669
5.22175850634
8.28883696407
6.12079373348
4.25614013776
2.07089192018
5.36795866304
6.44804184902
7.86996229169
6.02713640875
4.34186577175
4.72217869656
4.69003090333
3.53802752592
7.21575245342
3.6772519732
3.77963958137
4.36427001081
4.29998414591
4.40673693392
2.81653856149
4.13035197372
3.23403138835
5.70383437149
2.79713561812
5.08338965031
7.86291753974
3.30601739921
7.24057969618
6.68273449218
4.8584274982
5.99215442702
5.74468300503
8.96903098602
5.18512746425
5.14146350045
6.00032115633
7.16445436217
4.53929699103
4.18291411084
5.37513594849
3.03103806604
5.53595409892
6.39909990258
4.83378751593
6.31253857787
3.65496014164
4.07990282183
2.1762618689
4.37179025995
3.57778430364
5.39975264571
4.91210575176
5.42755392347
-0.125078100796
3.33259333618
8.16559303443
6.20716760385
4.32897659407
5.823111562
5.31352429307
0.988703045597
8.96676171507
6.32707861217
3.34651673662
3.93242045665
4.91317372784
4.83840918273
6.62058359296
4.55522092097
4.39820853501
5.39656783349
7.4445267262
4.64717312979
6.23229118287
5.0756297591
3.63890634107
5.32526428091
7.50746552127
3.6832116065
7.73456058149
6.06242557683
2.6031368482
7.17268122019
6.55704627451
2.76754843133
6.62718331073
3.82896179566
4.37848317955
5.1242671642
1.66623523639
6.69484882963
5.08213315354
6.75499353315
5.92894355088
3.11591978068
7.295102024
6.20589910172
6.70958013223
1.7418276747
4.05607117234
3.63031351978
4.31791976073
6.04059520443
7.70555698779
3.33772133122
3.60538144822
5.85309684089
6.2477096314
10.4109771111
6.52809587427
5.87768634084
8.44800557632
8.75853074874
7.05603419891
7.43695453943
4.6178251679
0.595645230642
5.67428308351
3.57077032593
4.62782491941
0.247011176086
5.94857010313
5.6349908855
4.17675287733
3.93373028049
5.43221779217
6.24495825333
4.86203995935
6.68396405063
1.54512530186
6.93311540378
6.38848596764
3.65853872377
10.1656406284
6.87134397007
4.54832826529
4.67033541618
5.57705468145
3.7755978001
4.10550189124
1.50546787358
0.881671234968
5.74183536711
5.02888060637
4.91944440202
3.02167484266
9.15753868634
5.19624114505
7.26344715087
4.52759256725
0.808781179583
2.60839898625
6.52075096374
5.84869040509
7.28785376109
6.05303656836
4.23651731703
1.64726072842
6.44651115084
3.33731214371
7.31339017534
7.01314492722
6.84580940629
4.40885310338
2.91575451419
5.11936383205
4.32447084657
3.78590543022
2.80788258958
4.6185146972
6.97349423316
7.73270756405
3.50431494247
3.21524542243
7.65146715156
2.42353298015
5.47570069826
4.3049402373
5.37597936207
6.4217765558
7.38536888564
0.184450666917
5.48710752544
6.13517878904
4.55240454107
3.89109193131
5.14792407579
5.91270695577
2.77148601779
1.5371847178
5.78308639809
7.75899015057
2.74288196364
5.20060659582
5.02339338176
9.49032768208
6.30844515882
5.86748502064
0.77647297342
2.69189612431
5.50436246268
3.37772920162
2.65669384149
3.96438621946
4.53712228963
7.09459624723
5.08581308581
3.97124766966
4.66951608358
4.85822629797
5.21823229298
4.42551770764
6.38588476787
5.84915462803
4.93918552693
8.11727039925
6.1756103717
1.40282242902
5.43359727988
7.82785504844
5.33607289279
5.203391043
4.21238317926
4.28814355838
3.75335412456
2.77004452535
6.16496489544
4.74790511527
6.49715854946
4.44439570444
2.97078824159
5.62425021842
-0.00539645603608
5.48620547018
6.59517459595
4.12081862614
3.66603572993
5.64969741599
3.95279256951
6.16534168319
6.71776939083
5.34262110485
3.31958096737
4.41464548759
3.54115365701
7.62411737978
1.9956997694
2.24700130346
8.88536657669
7.33607827894
5.47316595342
5.52826609059
5.27441587372
3.73575094541
7.59490947457
7.81790569742
5.14307430239
6.00015068771
2.0931535103
3.0784741332
4.63869836648
2.24490368758
4.06386311175
5.11140171435
1.83349124388
2.80143581571
2.67791052282
3.63583719231
4.87531503681
5.56657950383
7.01494950794
5.04748349061
8.77539994491
9.63283828792
5.16099006315
4.64159678419
7.04600577627
8.51603235255
6.44997302412
5.19066866273
2.48564708479
3.78945561591
3.69394968335
4.52035099735
7.85981757502
2.47320704614
3.66948808325
5.75956921345
6.22828916504
4.39111741431
4.17425019288
6.09242103768
3.22195746517
7.27968882352
6.02765902038
7.87075970789
4.52559010654
4.75246809097
3.39345615032
5.3818300617
3.4391260331
5.5690133222
1.61850757758
4.50987247516
2.07283804678
5.85242058501
7.50077847373
7.02365888018
4.8333837582
3.95041170906
7.13425349893
-1.30451912992
4.32551752902
5.20911278124
1.75932221885
3.93275504434
2.61952500124
7.39194900466
6.68755316645
3.84906640048
6.47564557859
3.85615003111
4.16933944856
5.57917232983
5.856388599
2.61817731542
5.76308432359
3.32764721567
5.17556969271
3.36129240209
4.68514557447
5.27812715036
2.75301879968
5.64408131628
4.73663522917
5.96502787762
5.63269870619
7.2461121694
8.03144052172
6.89389004767
7.31914616749
4.49546732028
4.16242421547
3.98488790205
4.67214740069
5.29336867777
5.68875552033
5.76245830683
6.15315073569
4.4953073766
1.94984833509
4.81856465544
6.29967695686
-1.24099904867
2.48397554802
5.12594859597
6.54261510051
4.82026658498
4.02676519412
4.12863625082
2.00116274128
4.54021906827
2.48441942828
5.2666037346
5.24509522294
1.61542030077
1.73267580448
7.56084307491
6.30007286068
4.81532441199
3.80920952735
3.56260056933
4.4851853354
4.80286088441
5.29658583316
4.79782490105
2.75210421762
3.37149111296
6.85810142458
3.5603672109
4.387127992
6.69134792345
4.0035268632
1.8153901267
4.55547360066
4.32771095107
5.04170295824
7.36147174962
3.97892096848
6.32089150583
7.69548383854
5.85261715813
3.13452246054
8.38891425972
7.16914292721
2.95287989392
4.71516223086
8.95886135319
3.70764766147
4.10996759084
4.86252119638
6.72185715981
6.31253795969
0.648419857938
5.30129294705
6.469515922
5.68202196808
5.71900475654
6.07714915755
9.20335931844
2.9842296418
6.80360368564
5.83549565815
3.26266541664
4.95148753258
4.96669545896
4.60190101764
4.7564781469
-0.205909978174
5.48899685788
3.21688554404
4.29192919029
4.99096930169
5.54759889587
4.17572924512
4.24741574237
4.94192715709
6.65138758262
7.74415927559
4.07168663514
2.17139206214
3.15399047163
5.13779409247
3.64615233379
3.32763919481
5.79536742754
5.66616519883
2.05311018153
2.37304336276
5.87515717847
7.50707102212
5.91961203035
7.41444099337
3.80554084362
4.23806780839
2.77060371108
4.91623765455
3.93264121717
6.05485214444
4.67923893994
3.64460835231
6.76894988445
6.75153686241
3.38070223256
7.68741393199
4.81632342042
6.66657277959
6.19286285757
2.36719440108
3.85473709757
2.62631835368
8.79877809602
7.9400795795
6.50014860832
5.9496092249
3.48376359981
2.35137439417
4.20081888452
4.41227340279
5.96149009346
4.83055713565
6.53417628509
2.16335269879
6.29321787035
4.53467528429
7.95560539909
6.4946604078
4.2870352806
7.77882732455
6.51837087393
1.95068104216
2.87914472703
4.33892259306
10.2537274128
8.45918654986
7.03203987115
6.84968199672
4.20573762875
5.95850881106
4.86334579853
3.33772962134
3.27652404355
8.31099426992
5.95810064648
3.17126084883
3.89009685676
7.78327987244
6.01538179576
6.89384002249
5.56856019836
5.56347332672
0.543414885965
3.30938006597
6.21811065456
7.30571464495
2.73454239289
5.73922781824
7.38667726916
3.92024817431
3.36833508801
4.25891508435
3.02794764585
7.73067452864
3.35096019177
8.13013092764
3.24290132659
4.09480659083
5.18015580183
3.32675795258
6.04853428957
5.71476112189
2.83956283349
4.66108223513
4.37509255502
5.131215546
4.16981128254
4.43034892498
5.02365299422
3.85045185611
5.7182287646
3.31068561201
3.73799591853
3.59422794927
7.76959577323
5.64645919751
6.15123930235
6.16222914506
5.07025870554
5.31633971765
4.77167962977
6.68423364193
4.88163436047
0.101396182137
4.53031035207
4.20949455737
4.72798628336
6.32672454698
4.38366826657
4.44692857429
2.05235885222
3.68365144649
5.88303562621
7.32920776045
4.60197398504
3.32138982124
3.66734074909
3.92992154539
3.45370020678
3.18699890894
4.67186606316
0.710335210195
5.10867557869
5.6175754202
7.10813530291
9.61707005181
5.02253406401
2.55086655661
7.27797959484
6.30926032296
2.70996514632
5.76088073313
4.19236086741
3.57141577101
1.55381772339
5.18767680054
5.80585578879
8.93625163014
8.60035723558
5.0744330722
5.34040851206
7.17000155753
4.4311871056
5.42875680453
2.63238122926
4.15916047844
5.10505694948
4.73261943919
7.02746514815
4.49922445339
5.86745527622
4.4581942841
3.53393939531
4.29800910832
5.52684469528
2.79768911714
4.5011751161
7.29935582929
3.61653063022
7.86121062887
5.18746506834
4.02899599618
6.46951776018
7.5439047361
4.87583068728
3.31556183486
7.68578616995
5.13597946144
4.28220786669
1.4140991391
0.349066673485
2.58404806382
4.81535833364
4.04614311346
3.60805802093
3.68189092587
4.00604747099
7.41166697719
5.27179809819
4.54868128337
8.23838343223
5.72505281393
6.58752118146
6.18351157547
6.08648558276
2.96676519627
3.74127906122
6.17969049804
2.21245531939
9.85262811623
6.79822256186
2.86166602762
3.87532971296
6.79329843631
7.13279392199
10.2228424872
5.65667956789
3.37966277398
6.73706673143
1.38859579258
4.80119929458
3.83654162272
4.79944804141
7.09890371569
1.45819382504
6.92267417001
3.97962255961
4.00242575518
6.56763911851
3.02576254346
3.73704090386
5.34390115027
4.63129758901
4.68803808831
3.31698524867
4.39627333888
7.74753725425
3.72062025458
5.14554517305
4.5445909806
5.17402664693
6.70504704283
6.13004500625
3.76798702312
4.91714890741
4.90936878291
7.4824437693
3.88840969669
5.41229729817
0.741257185235
4.37586031673
2.02036280354
6.38405134583
9.9860594214
6.4159277207
5.66329622184
5.73011980228
3.79874839859
3.16789337664
6.85408708843
3.92761274969
2.41011236688
7.9089511888
5.74671555428
9.55427958857
6.7953316873
2.60632242344
4.29344605183
3.85497809287
5.33691117821
6.41670471004
5.48661026413
4.65351357973
4.30045470556
3.49385582592
7.29490725952
7.49793759659
5.9704231088
6.97041170586
5.30223269518
10.1394230638
8.90742951776
1.55410993934
3.66791873263
4.41837183459
5.20249673741
8.73905309498
6.42553590717
6.49453451766
6.86730273917
6.66688151247
6.1911189047
3.38179964002
5.47396732969
3.21601790105
0.864418675554
3.3241709106
6.31573108273
7.93849960325
5.38880812184
5.81819329838
2.29774686275
6.6601484211
5.2655948672
6.92707645059
5.84406317764
7.92898933216
4.71919935392
6.73384540066
3.42865557054
7.12809143272
4.87595846527
6.56209116473
5.82833483571
1.43226514742
7.83120875732
6.4850318755
8.05459082541
8.0706214793
2.6555615671
4.64810092193
5.19408248688
7.30502237421
6.23509623148
5.159092465
2.54949967058
6.24092643256
3.47800147677
1.5335616127
4.42890342601
6.82897852152
4.82690276765
2.69003450851
5.98708237355
3.45271628512
8.38519204541
4.25920935218
5.85450173396
3.4121903701
4.69770157072
9.08137573245
5.8814722598
5.10181464861
7.40926656156
0.57643241424
3.05497208681
2.30937487146
0.30471478762
3.19273198728
6.25270242099
3.36849416565
6.83849873029
3.72714443595
3.97577451829
6.75770331444
5.13828925081
5.07231929072
5.04663820443
6.71468981037
5.31466054008
7.62363087415
4.7323313895
3.62535666201
4.56869792072
6.92523038079
6.73009560605
8.97894007637
3.17461534277
4.39453785963
3.95491707063
4.15353123636
4.07875891149
7.16972729145
8.34202059672
2.94192932253
4.44478134745
7.46231877761
3.50065485795
3.38821399563
5.41251580284
5.77895491725
5.20853157607
6.3413456998
6.74815417065
3.05325819015
5.32889454516
3.35291838267
5.90614081632
5.87013359077
3.21110984477
2.24950393962
5.32039817925
9.12654057308
3.46350329355
0.849534335768
3.81484039206
3.33203617889
6.76347311855
2.42884068868
3.46527208217
8.48766377721
5.71310075245
4.22329269376
3.77196733205
3.34769711134
5.15695197564
1.89184479568
8.46259940796
3.40507079259
5.3717751546
4.63886337799
6.14914662646
3.93866930115
6.45995359818
5.91668121577
8.35562160827
0.742127377578
7.04801033768
5.11906884339
2.95061372829
7.63973634957
7.66730129931
5.36366962993
6.78606774129
0.302373522899
3.3140072911
3.58290391383
4.57660574682
5.69881223984
8.85097351448
3.48489800375
3.01566013746
7.40592743499
5.75841158008
6.2231273947
5.66847127396
5.14948878474
6.30849912289
5.36858470272
4.91740399767
3.36120407694
4.34893171422
6.30093665454
5.43865322369
1.80898482617
5.81123893989
3.93437237064
8.86234336466
2.21137813848
2.4528005013
6.5533532344
4.07502524818
2.2176839752
5.68890597715
3.85349842195
5.96435561168
4.65105053783
2.65391157322
1.03711240275
8.97955821651
3.44817960048
3.07404736138
3.90459185299
