4.76737626996
5.1686552899
1.74478694803
3.98466762439
2.02182163967
6.26454248659
4.08864892424
7.19764941819
5.14756905173
6.34274352743
3.72316189993
6.15590383405
6.27374858876
4.60466186186
4.32564159182
5.34922749073
6.96238295874
4.08195092074
5.49341005712
4.64130731567
3.03391564486
2.32119447034
7.94047208109
2.63419245372
1.82239746373
3.51624771153
5.44514644795
5.46330305434
3.31468836708
3.76128239176
6.14097705182
4.75188218975
7.68500698529
7.50822575876
6.94962742612
3.2277231057
6.11698100892
5.76784079437
2.95507086666
7.62765144247
3.06724790905
9.88337879345
8.84897864422
1.96017921385
3.28903027614
4.35575246903
5.92741665948
7.52017111234
3.53773429909
6.46968541109
4.63632733801
4.91516178999
3.46539168192
2.46563461518
2.9922572646
6.40979871261
6.51957395343
3.1800962233
4.69333191418
7.60837328613
4.54956484417
6.26679850455
6.48438625876
11.0507206304
1.76159755201
2.34097535166
7.60855649073
9.23043447706
6.73853259981
5.68154355209
5.08953010973
6.84691375107
2.49817306827
4.01629554471
1.44501535197
6.35814317867
5.58505679695
6.88740396654
3.42233084414
7.00327326356
5.73860605201
6.27731042307
8.41937173394
6.65115113784
3.71375604305
5.57889434461
6.69799561084
2.65331309911
7.72511735176
7.1079810979
5.88144402376
7.54483871767
4.75188817126
4.8633547245
7.31146469274
5.00273388711
8.64042474864
0.902455964594
4.73147080301
6.93037173565
6.95035607992
7.26708167025
5.55714637846
4.03548877177
3.13306184152
2.1432691129
4.36788971713
2.92218367504
4.79349221326
5.60263285384
5.0682920148
0.351550172002
2.7564656911
4.96416299313
5.21876536066
7.53761774928
2.9612823489
3.70470577613
3.72618819459
3.89132307284
1.829291196
3.94473530062
7.07055202061
10.2005099517
6.68416000113
3.50200012244
4.63966093746
3.13328931766
6.27370549633
6.85665508135
8.51598836194
4.52379254585
6.36726498974
6.04010455097
4.91065605742
3.08835780219
5.72601680298
7.15255038525
8.26327709347
5.29494752932
4.9946167065
8.99931892605
8.41254613736
6.54208345769
3.04651680117
9.71378487712
3.29522710434
4.78901568883
8.45764895982
6.86959788147
4.40159568536
3.37172238784
7.45920479249
4.43385528597
9.22774180197
6.13533185644
2.14568590199
7.03990296709
5.82732491426
3.88449460381
4.88089038519
5.96228044989
7.68851909946
4.20842750852
2.45077534294
6.7487503293
5.03507406049
5.93134605852
4.81439796969
5.86951471868
4.70286989873
6.41297062879
3.74919030021
6.17733611354
4.2717924746
4.30446216916
5.7654758424
4.5789767827
5.64548017364
10.8020047162
3.20136908702
2.48706050819
3.70275850332
5.19517604126
6.35340232793
7.91800522972
7.90448952505
5.88477835923
7.41341162989
5.47704593267
9.97303782028
5.16974357226
3.81583452644
4.31983226058
6.04724512501
6.83884717504
1.46658990828
2.46890302942
6.05753817941
1.77952267151
2.89105940199
5.22469823504
7.64831945682
3.87830829545
8.07118585953
6.48002757068
5.58619942527
4.68244993719
4.1171466751
3.40582772989
9.27896846302
5.43643596773
8.09862735224
4.2558489186
6.79955139622
3.20984654908
6.46002227741
2.78275767681
4.45040220443
5.79174269857
-0.329455594952
3.13035263838
4.96065182018
3.77171874603
5.72880822409
6.63631068469
4.21701741061
7.90446195603
2.89747286921
-0.417742475956
5.97958578151
6.83666952773
4.75680095084
4.44596588591
4.950709468
3.3240778485
7.67435225926
5.34120849023
3.49667753161
6.08317187886
2.64809298429
4.09490321409
5.32153494754
3.22381465078
3.47092879587
-0.238975992121
2.33578708968
2.65945292124
4.02202523546
2.75426296201
0.97170531235
4.6418415924
3.87005090252
6.54259376125
2.97205583328
5.52308059429
3.13413215653
2.27572986355
3.51735422144
4.77852608253
6.4554353042
5.13964452746
4.79896123362
2.63490178884
4.60116451853
7.4637011917
3.20266388753
4.66105489674
7.10265698877
4.71835383692
5.65811565289
4.14841127486
2.96827219664
3.1167569798
2.95803528535
4.67751776408
0.707636676785
6.18054579134
3.66982198876
2.01326023579
4.19747289631
0.447952046885
6.16367784339
3.4474755257
1.62753513271
4.37979867793
5.51511587122
2.17742858932
5.27834263414
5.69855217352
3.0451345365
5.22769222437
4.1985965552
4.16141956001
8.2270949732
6.56485949219
3.66470365384
1.69504505237
4.96150114009
0.873996348828
4.44668821027
4.25686139655
5.35098772013
2.8064921979
6.71981852117
5.65755816271
4.85376785446
2.89162063583
5.53702108471
6.99799485979
6.3654756299
5.12403886693
3.95889312349
7.07065074052
5.36026691123
3.28844593786
5.51431990339
4.87842621586
4.23778009229
4.41518190594
1.5505872992
3.72057279543
4.81786399403
4.68912448215
5.54770451208
4.16483521508
6.6359528853
2.73619558775
5.10940552349
0.870392892461
5.84564725008
5.22151267196
9.0891654022
5.07780542988
3.66474468043
6.25504483638
6.36861871876
2.27266042701
6.49883256432
4.29534140995
9.48702045495
5.72045227824
5.42123947747
5.71172549734
3.71527272607
4.82354159588
6.30254767301
6.45782001634
4.26538648542
4.66542486741
4.64679261469
5.13558611437
3.63591073263
3.73603391545
3.44857971726
6.6240525197
3.85000920397
3.4370979289
4.05541438285
4.73884507975
8.76229285253
3.80685782058
3.36761946313
3.69036421789
4.5225244049
7.29404015868
7.69779156413
5.60803619922
3.73158904159
8.84590902278
4.73537333928
3.87660819258
4.64573370991
8.42938073495
7.46843924063
7.18817368707
5.77400386938
0.747017685903
6.2802245346
6.8463481882
5.25039690065
5.37728933703
5.38253220323
4.44086236917
2.67610009688
5.63851602672
4.05899725526
3.74883060593
5.61708028738
4.94998713385
8.58070529186
4.77396581692
4.19734106157
5.13847693097
4.72801659397
6.27130257957
0.989418961787
4.73115994646
7.54151882296
3.18936760072
1.69127663088
2.45525937164
7.94774483726
6.53625450918
6.32091936121
2.56651733502
4.68432796903
6.7561739574
4.3249593692
7.17953122268
5.41208927536
4.98409383246
5.52562862473
3.11881278763
3.98445851628
4.69185249207
2.40439328849
2.34692748666
4.4635617064
5.69929022736
8.22153083564
5.86438354274
5.38337542041
8.27220497156
2.73272256038
3.91648326296
5.45705377872
8.84031004556
4.89504444328
2.37226073582
5.57898992245
-0.762735770153
7.47074718147
5.14194109533
4.631047621
5.74606426101
5.26441669816
1.31295624328
5.91399856096
2.4883640344
3.68714746858
5.37513700123
7.53961650152
8.17974432528
7.68027483654
5.6732178008
3.29327580622
3.97989912972
5.23566862355
3.16340316324
4.48247996064
6.55595774806
4.57133786288
8.3252764166
4.70716407809
4.41071966127
3.7759646654
4.70774531026
3.93592566728
2.58161877844
7.17644232656
6.10493558172
5.06933669014
1.56478387316
4.18275318726
6.9179200285
6.06139769042
5.76918476945
3.61374822828
5.69796212856
2.21484595056
6.85491208252
2.63541293276
3.77201940043
5.3497344114
2.7873263301
4.51427593622
3.7550036982
8.76948178603
6.53997947707
4.1689264129
3.36642404917
4.34508041841
7.56485593344
5.50419242953
8.16229607292
5.11800562173
4.2274249587
8.1268188896
4.56296524987
6.74247988325
8.58887043292
8.77706470026
5.92802071034
4.7472267844
6.22271921006
7.50980305065
6.5396506101
3.48140378189
3.18268644043
4.93056581413
7.1443974208
8.6930689222
4.19822936928
3.94958653422
2.65380942967
1.81215536748
6.06388924222
2.81148742552
4.08209978138
3.71373374444
2.78408737495
7.24315983792
6.19041823712
7.10042294415
3.90536821568
6.00431206227
2.61419200885
5.00945473302
5.1397264682
7.66554125379
2.5925869522
8.40308584444
3.59046726276
5.58291470271
-1.17057560485
4.29712367424
3.49251553308
2.24864622054
4.45686671126
5.40218234864
3.36320989368
4.54458022287
5.08490039583
3.91656055355
3.66280693082
5.17595691287
4.91761822459
5.69056390308
4.78265868812
0.235532326484
3.27488916468
4.32388402953
3.06517249696
-0.813622438081
1.17591836047
4.79233751283
3.64706519634
8.37123526684
5.15569457127
5.69977691383
3.02379938976
7.55980435898
6.33393341114
1.10224540102
5.27601401896
4.5960519015
5.89836927872
4.5631643289
2.81265873379
6.12205208617
3.59801298897
9.01594501459
1.18813219793
8.69384055111
5.27276858228
6.45460990678
2.9457286655
6.24574369031
5.26345444715
6.94363578668
6.29954419295
3.87002387263
4.94633272815
3.98840380467
2.08900484919
5.00614719681
6.36642347983
3.86152985972
3.17901109364
4.62104408297
8.07539263738
4.95770966081
2.59173755827
4.41114166803
4.14426506854
6.01097621514
5.79322283473
3.82387492491
4.5242808426
4.39850826395
6.29788659364
3.14067779928
0.537835114583
5.52824593342
3.74097068911
4.12357647918
4.65279935793
8.02249283522
5.98268657241
7.09563428261
5.59958845619
3.55047753796
8.5157277206
5.62445273918
7.22883775283
6.8377936446
4.16056410445
4.14385016248
7.40398796838
-0.729085357364
2.90693436713
2.6740518915
5.43269443805
0.012868989995
2.39496455608
6.26358104639
5.86138970874
1.90175757304
2.39699258776
9.34855452222
4.73355542804
2.81852322672
5.92284154328
6.59872640777
3.173640081
3.90405357253
7.24352045076
3.95522019901
8.50261840591
4.36246531002
2.91761964978
4.73436559141
5.05790525933
6.48714408504
4.74502660834
4.18942799657
5.65499574839
6.73931678863
8.26652654096
2.12451728906
2.74656482196
5.6796026295
6.48570924806
2.65834938923
1.48045564079
3.77593081779
2.06118588286
1.5942939507
3.58289375393
3.18558636472
4.22439790802
2.16692057657
5.45858647719
3.08245581783
9.97636527993
4.75925508841
3.9667012951
4.24930105957
3.64482395255
1.81443636427
3.65032860149
4.68918610257
4.36071900465
5.35411799135
2.96177967277
6.68365602802
4.42810573256
8.17457689862
5.00243716825
4.83941990764
4.90642838661
7.28196528069
4.99912441618
5.29806452418
7.09511820955
7.66815610851
6.78240059336
4.21760239897
5.87692216357
2.51149452456
4.70252152418
5.48246735479
5.51831476104
8.211046442
6.79630164339
6.11820194055
1.99412868979
4.9725286559
3.03164494724
3.38810015298
5.15424283845
3.08506433212
5.47925760516
2.33016902758
4.36554080812
5.5152170195
4.34343442058
5.50335018858
2.43942751597
5.33124731337
6.6833480828
2.0781141447
0.163725477726
5.28428540581
4.21650403983
3.14878307314
4.70795791468
4.31160011608
3.93333202347
7.16925230874
4.96159848254
4.69833156187
4.90164413484
4.77089873025
2.02607953492
4.82701180791
6.89946092971
2.16657417056
5.07507079046
1.77647571721
3.67943453017
5.03313236428
4.59991941362
2.75276056996
7.18509464589
8.37478403089
5.23598911124
6.23403663682
9.67961248355
4.52485314653
3.68098023269
5.86350184163
5.94426366592
5.63024826877
5.56350849307
6.00326428423
6.19438158103
4.9140508391
4.69946310565
6.1114352649
5.33810362354
6.34552458624
6.69117474405
5.4670645829
2.59589700515
3.41246659978
4.86204595516
2.82143336193
7.31616444298
6.29446086403
5.89546609901
5.40652216086
3.57659645363
5.05271854009
5.45593527588
5.60939081258
6.18516179536
8.39408460169
4.70018246198
9.04718031487
4.90995258038
1.90466580381
7.63058377174
5.10817732101
6.2941908969
5.29920068972
5.20598553309
6.01516022191
1.36148982139
6.77135394179
8.49775587967
3.40360661013
5.70561665486
6.39177572178
2.37832002194
2.21870723669
6.69774526264
1.5342044792
2.47836287541
5.59661952155
8.31232352264
4.41045281657
9.47233837263
4.61727596923
4.87176828026
8.72055183803
8.04869476402
2.99185065714
7.39517508432
8.83643247001
4.72227000796
8.10880129467
5.61385203042
7.26272228284
4.49678362093
2.65485473461
6.20597562459
1.70143004852
3.39259862398
-0.026557451444
6.02733284424
7.90272948764
7.07712485738
6.89920526089
5.1049487269
5.95445477101
8.36162090114
5.97334551846
3.84205793418
7.9620030013
8.69270515536
2.17809962316
4.02407182699
6.28283172103
3.83475116848
4.51518863992
6.62931415225
0.96873752055
3.6466241872
3.68184863362
5.60320706978
4.30352006602
2.70430189394
8.65813210936
2.18692586018
5.00064847158
9.03395991529
2.28215400217
3.67038579666
4.18339100399
1.96922780222
7.06679171386
3.59047016735
0.74592649521
7.70903009417
4.33921579457
1.30496408456
6.21270193189
6.42666128159
4.11372683959
3.92475497759
4.92172298285
3.73790225138
2.57518126805
7.97851349532
3.66937739081
2.58902771539
5.47073022252
6.34256602812
7.03874069524
3.92777548798
1.19860507433
3.40309223482
4.51631451735
8.28664471394
8.02436539491
5.93680134838
5.47980255872
2.13115142431
4.5619960986
5.19197136229
4.54815024256
4.72969494744
8.38855526709
2.737043635
6.88220449112
5.06375972441
7.52128619669
4.83073255589
7.14123270157
6.85531297931
0.725479986284
4.45999854521
5.16261196481
2.19211866126
5.54399417724
4.46845492285
3.06609150226
9.3736543146
3.94813484157
3.48202352685
5.91269000988
6.06608578808
5.0073389748
4.93529293205
2.12009759714
5.31846218102
7.40648962902
2.09312621189
1.28791298728
9.41258376598
-0.0605747183627
10.6412799724
0.0366107361205
7.58373635757
4.87774250836
5.07776960905
7.48106499067
7.25871658106
4.87534372527
3.80102031791
4.93358739006
5.64554765649
3.31955627596
1.68825077602
1.63974572511
6.67956429179
5.33154133295
6.04911428723
4.18556670058
7.18233883472
4.99167431815
7.44912865095
5.75331150676
3.01208798047
5.68722430475
3.1626547326
3.02621926388
6.01861572375
3.83215351008
5.99759884649
5.33051210172
2.39260633625
6.60554650626
6.4646881812
4.40176442758
7.0896167846
3.14433707945
6.47261174605
5.26497651674
5.60876005112
3.71066947865
4.73590769526
4.6706287878
2.79896455731
5.49337198511
4.39520038035
5.51021001589
6.41739364642
8.19599832815
7.77062119219
8.85595293294
3.95353738582
6.27690785795
2.42769568956
4.2415087402
6.25116288135
4.98773319213
4.81058319356
4.62638291593
7.77186056484
5.15665341611
1.26996935556
6.5752212214
7.69288896156
4.60644879682
3.56468919743
4.25104962382
5.59466677314
3.67560240238
5.19055557955
2.48226935128
4.42362243675
6.1733966119
0.274417668852
5.10818237772
4.26795802101
6.05699658931
3.13434898309
4.58152089279
8.66989885828
3.34635219609
5.88763539036
3.43616564372
5.37184996458
6.12501914675
2.1160663677
4.53749958379
1.98203050127
1.59431477213
5.83687740454
6.60920021801
3.24380113205
8.29659052661
3.7706524525
6.64713228355
5.02666222841
3.16273668443
3.51503947931
5.3322431259
2.77079740866
4.39839192004
6.52925703807
6.69036411749
5.38009930717
6.12735030679
1.65436615333
6.67183306858
7.60301703205
