9.9691213475
7.5599536381
6.00046822311
4.08251749484
5.11318913892
5.12828948001
5.25974875866
5.35410678159
4.90576910259
4.22214448608
4.71808719809
5.26763767543
2.58219067859
5.63724339027
4.8158838057
7.104928316
5.36373071003
7.26283866905
0.684767028006
5.58937906498
4.04250320132
2.08370103136
4.60118210074
3.9426392495
3.43988300374
8.30670327179
6.73529466866
4.78421328216
4.06253143719
6.03297058624
5.02777290389
4.71607887448
3.31929602763
5.25250303818
5.28489351547
8.48458170091
3.66336565301
3.69550429611
6.50063778737
4.40671415917
1.49944143212
6.31285906339
4.80986556421
3.96504297619
5.91580074854
5.82352041498
7.17276560208
4.35758679522
4.16655037083
9.64682524792
3.60550439543
6.09422219783
5.8754678603
2.33031302407
6.01323794981
5.24277877896
3.74549380781
6.79633190755
4.17503195903
5.21703824743
2.76484194354
3.35784044138
2.82607283671
3.1360924769
5.85919474238
3.27694441512
3.705047782
3.21770752762
1.96655429855
4.73460066019
8.87523250225
4.54293082573
3.68678896719
8.43113409785
3.05251050028
1.68784026578
3.56037481658
5.83694549252
4.96435316092
5.16785876271
7.85388886368
5.91257317015
4.60612021104
6.95440940808
8.71666649889
8.10865064748
4.52243364813
6.25559756329
7.23366322875
7.42016273064
6.51020106747
4.89004802208
4.88946225569
8.02811339668
6.68024805616
6.6855136405
0.771112814081
5.391985466
9.24228504068
2.64695447432
6.65372176605
3.82251551507
1.85818816911
7.55791748705
4.77340289713
5.52041164232
4.75290507944
3.485944449
6.67032510911
5.33207530763
4.44856846447
8.04853096884
7.70100431968
4.95388361583
6.08952313197
7.45280472092
6.94522750882
3.81285351296
2.21079829079
6.57550570035
6.53659251701
3.48011816641
1.31741370885
6.24303531127
7.47787301591
1.49154070734
6.80034374122
4.64055500335
4.95270809628
8.31043566057
6.44987906612
3.50804974249
6.26434020979
6.1325582243
9.90729115106
5.00538090089
6.83444481472
4.96189928646
5.42748649458
6.35171645265
4.97534190487
6.12445932477
7.67086779678
2.93910702794
8.491043888
8.6334816685
5.63237849512
4.14491613292
5.48107540941
5.85058050743
3.0272702695
2.14688080365
4.25962635301
7.64685211519
3.65577102259
5.28395476122
3.92685899224
7.08515708827
1.92359837916
0.514642931526
3.94606782527
5.48996289091
5.78787164449
6.55327146838
3.51564894916
5.5890838326
1.11163264172
4.69063114596
3.99405972146
6.0580714375
4.42611853703
3.92152684974
9.74285549373
5.72364729568
6.47429481934
3.67860840707
3.62016257039
3.22159753505
1.79856915885
1.13920354805
5.78737092176
6.93347859432
3.30297406549
2.62089748343
8.78319655497
6.41833624131
3.519139484
4.397703272
3.19505167868
4.44034232837
6.74154977672
6.48711526178
5.54655975379
2.89814675495
10.0992816866
1.55918480744
2.33300068837
6.08575415964
3.74251505573
5.4964746519
0.729828935901
4.53142941669
-0.288282137118
4.66152784274
1.45429780866
4.52909584721
2.97298004493
5.10618811561
6.43049028238
4.42234218335
9.4165742329
3.92846568735
5.16516149379
4.60290706845
5.67876594108
4.296880341
6.50397290869
4.6391522467
1.33668643842
7.95754934223
7.83777238399
7.84421094086
3.81335622063
5.58657662046
6.12059354794
7.01211538093
6.71862057705
6.09709586956
3.1011071621
2.11652942128
4.09170423255
3.8315938384
3.40407482867
1.26861500437
0.548998138593
4.69069579768
3.73525727121
-0.419246142407
5.25466645405
5.78169434777
6.86779988497
2.33330057658
5.76473570617
4.08628205652
4.43930031414
5.32068795021
6.61637507136
4.69065960002
4.30427984194
4.66238513239
0.830777861662
4.9369110759
-0.961550199378
5.02763382014
1.32951811636
4.70197158416
4.5509525085
4.90188037908
1.29475345517
2.02077514452
7.15407984908
5.25591049869
5.07605928526
4.43962413085
8.27616009677
1.80752518843
8.18397524961
6.17454431392
10.0506368265
8.39287658418
5.85147242666
6.30621612094
3.9633390351
8.31064397613
6.92786677982
2.51478768258
6.22456051457
3.63095291744
6.44145626961
8.07927737492
6.85744113356
6.12747702425
3.90882692403
6.49518361825
5.62803447859
6.43971799922
0.679053659272
8.40944359846
7.0095652255
6.61100512253
6.50309861582
3.14994958268
4.0672847743
5.27619493581
4.54081226664
2.04693628552
4.57988105492
7.45087797562
6.06988841197
6.20717319869
3.43747105809
5.39331482092
6.50270635624
7.43709419552
6.70347045402
6.46545394915
3.85567099669
6.72455614235
7.98155677787
8.2032189453
8.06526280492
7.75056244705
8.07659929796
4.1152512409
1.08003842143
4.70589916602
4.45490353465
5.83333505233
3.61667245684
8.36993503785
5.55530042975
2.31057007427
5.53438490118
2.69920754524
5.68742727292
6.25382184269
6.39072419956
3.62689227177
4.40743132022
3.69515183983
3.84948197808
5.7923463172
4.64443804434
1.46751019134
6.7189052367
2.04571459937
1.95342657846
5.03601178302
3.62328220768
3.91964283942
3.67604636025
4.81141510438
6.84378207983
4.79580133078
-0.560101843324
5.86282640316
2.9070500799
9.70230803721
6.02540763379
3.70465122067
3.28307588762
3.65731866513
6.94769768579
6.32549102368
4.41843978235
5.54352548987
3.59943736539
4.48057549736
1.33149970273
0.704703378491
2.04307187082
6.0454661377
3.44132179029
2.67953319722
7.31396103177
1.87496352259
7.21290456082
2.77108690967
8.21636173066
5.1651666752
6.45682243489
3.63825161329
7.25705138505
5.47127590499
3.5609194867
4.76209073354
6.73796304137
9.51909457526
2.11178575181
5.81704985047
2.96502573634
5.16295095268
2.73778705844
5.32007865144
6.90631557702
4.06302651918
5.91831695903
9.58019436594
5.93261689049
5.6970966557
4.35884424371
6.23409109342
3.59326425422
4.63323072803
6.54994399716
7.32090419697
5.62643537136
2.71103723692
8.55108779435
6.85024035458
7.99412622712
3.79983186298
5.0934324177
4.6233885524
4.43200647854
5.75238390685
4.23292866014
4.46449944827
4.16129921104
3.15633357485
5.07480780088
1.97562272759
4.88415608133
5.93174032435
2.77878518199
9.20963192747
8.53226458532
2.61999440411
5.45495843678
4.13166751679
5.9292884861
7.0639210606
6.29522218713
4.99685796261
3.9897955425
3.56855126514
6.80383888719
5.18150863206
6.36849106398
3.9231707179
5.54921195804
5.45014333651
7.82932190395
1.74674818956
4.86527252774
4.63399342361
7.0545385208
2.74286564628
4.42695911184
2.13298279879
5.01232424333
5.5453667259
5.44788037779
3.21668017494
6.58749462631
5.71770727861
6.88369220057
2.18320130926
5.15448819315
7.87275749255
3.43869667708
4.03961875775
1.56632669538
5.2878851047
3.75405869117
4.43807385687
5.45030825836
1.68672110296
2.47204002376
4.09290282036
5.45636174948
5.32699352527
8.1951358344
6.04259822205
6.11249253922
6.93403254376
2.39122615443
5.32208453388
4.72228335372
5.09635286425
4.94102671329
6.3580270332
5.71963505372
3.21015007761
7.74830722182
6.61579429548
7.50004662752
7.61351977903
7.5567068525
2.11913535418
6.26415031591
6.7134077185
6.34692447813
7.15480675878
4.796520764
2.34058727866
6.05819148742
4.28120007036
5.00664549352
1.51712185386
8.83379965603
7.98521112455
3.63812778545
3.37833289976
4.18971771716
2.35962047817
5.70272757408
6.35012751563
5.24212947546
3.91563351985
4.1885950598
6.83578510428
7.33370798061
5.03101416214
2.91228993614
4.65670956072
3.58788694598
6.66943980796
4.21851466814
6.9870471706
5.58811905242
4.54009386999
6.93852062674
4.90022513174
5.19298640339
2.09065114798
6.00279594466
5.96409330578
4.91711090289
3.79812536338
2.23012101903
4.37561422987
8.27831684538
6.65124422163
1.46654019504
9.48444366758
4.90145748293
5.01317285851
3.68545474882
3.73654423031
7.88394322669
5.3686465854
5.45732536532
5.46541465174
7.17250155736
4.05500089743
3.56337495472
6.29732203613
7.15773679423
3.2001726923
4.44523662007
5.02995145409
6.67799231233
9.42029935675
5.42848190757
6.59661507047
4.30234550496
1.76681256401
2.48148476562
8.59454923162
5.30534043816
5.19225230899
5.95502626439
4.79232285632
5.21490139986
1.92044626904
4.54764206738
3.85073200446
6.65361454983
1.05686832504
7.53949264844
6.96519616559
6.19038576203
6.91355153385
5.46574744292
4.22890516772
9.31730234432
4.83285915103
2.65074072449
1.57939563968
3.69063876162
2.71540031842
5.78739615515
6.48037490671
5.28599028815
6.02651605336
4.26433710166
6.25000350719
2.95645372413
6.80319175986
0.745550286402
6.90970780671
6.04238050878
3.81889603659
5.46236053792
5.5124718109
4.87318334184
3.88781655192
3.85694730444
6.21824204405
8.46171336771
6.27596364124
7.82555846432
5.99422417947
4.5545503824
10.0003680396
1.40098425565
2.230039988
9.09402763072
9.89794022665
3.42785144759
3.29586336924
4.74596063283
4.62907510017
3.96957249284
4.58569396529
2.00432704638
5.939825268
1.57769402192
3.73131190155
6.69820924916
7.74328277732
5.7348833129
8.09841191362
4.07806171912
3.81336098448
4.73940931567
4.45142555469
7.48695647092
4.71619373537
3.29944166699
3.29842317658
4.83867769209
3.65509495605
8.01202836634
2.85513055217
5.52174852391
3.2951716409
9.02526315084
2.62576808082
7.73362634603
4.70103081503
3.44196531783
1.91099097135
2.73468240698
8.11890918528
7.01391148623
5.60174930462
7.53379486397
2.85849301173
7.78220339359
4.33591573451
4.80550050238
5.70898017723
6.14550897456
1.36749075881
7.35671399099
3.11715665343
7.50201333396
6.61491975692
9.44000372722
7.83640439404
5.01948634596
4.91503638249
1.66227888734
5.71329060007
5.28900182463
5.86736364598
7.55837859693
1.49821978711
6.16886301277
6.39806042734
4.86928508378
6.39005954062
5.9365322533
0.763201490254
4.38953635664
5.93225025427
7.1641849812
1.49957312946
4.96312699402
3.19062747722
3.85193544113
9.70076529252
6.19300219703
3.17697303184
8.23137892138
7.94984436433
4.57569720748
5.29274688098
6.64166592408
6.54909813827
3.68818926883
5.99472125241
3.28942865434
4.82463789991
6.04735999966
1.41809602521
3.84016140294
5.60285091215
2.79725086054
3.4282937629
6.5290311256
3.30878186362
5.17774333554
6.72178863369
6.04349124359
1.27195698754
3.14299210287
2.56885596761
7.99630416364
1.90851292411
3.67378082487
7.42476053923
0.342440997184
7.45862130404
6.55299369525
3.75807962409
3.80391430477
3.55840505977
7.96212062553
3.50955464224
6.21510289704
6.30913491467
9.27188567718
3.97306054173
3.9096953958
4.18404261979
5.70214346292
1.30330356246
3.60199533912
7.42102075977
10.2787028106
3.06836042238
5.00385687126
7.99855572785
2.71572129471
4.48101992906
5.9708098785
4.42447798983
4.25342963543
3.03079464354
5.32427557408
6.13170174514
7.5009638616
2.12000844009
3.82562013019
4.69690487955
10.8883069556
4.146416947
5.19206492084
3.47771634526
2.32903848351
5.34949145288
1.82334153974
3.40053806986
5.38599580033
3.24142089823
5.13960531536
4.11534167188
6.07856301187
4.50268000474
9.23419406992
4.94724912524
1.59272136534
4.90052607197
8.01143711381
2.9218551395
5.69275536606
3.38679905856
3.73266507671
8.06431950527
3.96420931006
2.37717880639
1.96532430329
1.26313883678
2.50747030569
0.985791451535
7.66436308664
1.75026506196
4.91481624085
1.48994292434
3.63460081262
2.12305713303
8.68545808647
6.66993701463
2.17949607263
3.97589197234
4.95247992901
7.27538712014
6.36707943856
1.7423881676
5.42947697741
10.4074727478
3.59725491376
4.37637542466
6.49387571225
6.62413179154
7.97826695152
5.96347193429
8.26554024719
4.49622231439
2.26889212724
5.04213231209
9.71472985646
4.72723538835
3.62344326854
3.63121984058
4.7395126404
5.24415380326
3.86349368281
7.33038045895
2.13119733534
5.92279122311
3.53120076135
4.89246431827
8.91789684789
5.55714180175
6.46848727572
5.57758531213
5.23994444429
3.99787116833
4.0732608137
8.21038606542
4.26700498122
8.00782145255
1.39352829616
5.53628728138
4.44208386396
3.40575368813
4.38652515787
3.76724928902
8.16675775709
5.78893068617
2.82123105561
3.69458371564
6.82521199247
6.30749261134
3.72000241635
4.27787798851
6.82051497577
6.06387394727
3.25701843315
1.56761862935
4.78288830869
6.34518200138
5.61508531868
2.21164776318
2.88445398775
4.55241856644
8.26687658155
4.46772215371
3.67400999454
5.00810705988
3.08962698888
4.35746765428
3.6743103108
6.38563062519
4.88897197766
6.96396145034
2.9242961592
7.54433058463
9.93256699068
5.66263838171
4.76400363406
7.79529477222
1.97754371552
3.28566621698
8.53112179122
2.26692714817
6.93884398031
5.63175096217
8.57373553606
7.4975571361
5.6683784367
7.72740876891
4.32633590321
-2.04389367977
6.86533868073
8.57518486915
5.18534796447
5.89894071118
4.78510221153
4.21859966039
7.94682989476
4.15602075011
3.96776122651
2.86250269134
5.65319200732
6.82504736316
2.78281403742
5.68034761948
4.01888621019
6.56068236397
7.02296536708
6.43558229088
1.93017997525
2.43818745109
4.1741955994
6.94241055516
3.57037856558
3.06689068422
6.70451861874
8.71150069256
5.57203752694
3.12740856348
2.33272390874
8.01449335167
2.50957050206
5.26351742968
0.685421057986
7.66427028231
0.976091591524
7.36210210392
0.589571001221
2.27629017355
7.30558244521
5.45405765158
3.89939184112
3.4503464943
8.4221328117
8.17128437509
4.38901877729
8.83432342266
7.72601201582
4.83304378883
8.89967063231
6.54335248789
6.84952375204
-1.45356402285
5.95396024767
4.07273990169
5.79336164173
2.21638328819
3.30016128287
6.530748053
3.12191043055
8.17222954829
8.50775708294
7.34485979021
3.9391429729
8.27745805887
5.63529744317
5.90221846608
2.68416896915
5.05914041247
5.96946185968
3.44993690791
3.43443077226
1.90573927777
4.54610338909
10.0835854045
3.9540894454
7.77811510064
7.08831101213
4.70551849154
5.26809535545
5.97652154304
8.1371170792
3.39602334282
2.91518782082
7.20229166461
5.63048133033
7.92210965302
2.84812251477
6.97843820499
1.97224682078
3.20684959043
4.59703390665
6.40575873031
4.60078826483
6.74971404291
3.24503665755
8.14598716176
5.89153346005
5.1824798167
1.39335706405
7.11416975842
3.57895555449
4.38493782575
3.44347644149
6.56131106423
2.6429877079
5.5305490779
1.25668926035
1.91612322396
4.57269149165
5.68530720054
1.38364677991
7.31157727405
3.59282741387
3.38752560146
7.67847976658
7.42874009616
6.54118683193
4.74541066139
10.1811340452
7.0417424236
3.51249874952
-0.465905351246
7.48479319758
7.73249835752
7.41729604853
7.54269822781
10.2877587845
7.31402990798
4.06148524026
1.39605448449
3.18259465224
3.72868623661
