4.14673484498
4.97412390949
2.77234854916
7.81392970408
8.35440762351
6.40054153164
4.88112744987
2.7577832218
5.39081167476
6.95284802151
3.41552871253
5.52318150613
5.35773587658
4.84018132826
8.98728339451
5.62284192192
3.73964295038
6.59713439092
3.98218940825
6.09984033185
3.67734341944
7.51898203352
7.6199121684
0.37147665384
6.55793318968
5.74075176701
7.10232826022
4.67425038862
8.11387525455
2.28187160555
4.16911520063
4.79766270894
8.49364113797
3.3652408378
3.97687513117
6.67362451744
7.29431504175
6.05170656596
5.768626078
5.18806538576
6.95473404061
6.2179251834
5.71705658699
6.22356759565
1.49740923507
7.82614977044
3.19335163929
2.07217857377
6.53804133922
4.53353829506
5.07703422241
4.94893584483
5.34754524339
6.48615947175
1.09861769615
7.32682464203
1.46286846767
5.25640608169
7.10766622046
3.70406164217
5.36774887376
3.91068047102
5.10261454027
2.59715148086
7.48153455755
3.82823438427
2.87039370336
7.41668517062
3.03021212536
2.95008038126
3.61333241157
3.00137381193
2.62023222435
6.11273271481
3.30156967921
3.88266636675
5.56961490179
9.13866929914
3.55578216648
3.29369693339
5.63134099056
3.39806629534
5.31624807075
3.92186134686
3.80398947011
6.53376204597
5.07565133141
5.64699140149
8.35886296502
7.92801338499
5.9285194481
7.36974361179
6.69825949243
3.18447650247
7.39419332255
5.53313443481
5.48769946611
1.05902617015
4.88997382909
6.99005846579
9.55493082838
1.16948267813
8.25343081363
4.43471314445
3.56928301469
4.25515084942
4.21816465402
5.03143477425
7.07414582751
4.24095718541
4.00340940059
5.23117567468
4.92481015947
2.81713952714
1.85694157434
3.09711712217
4.12147796349
3.2760005643
2.90173360564
7.4165207388
6.13715323138
7.31578198596
6.07591497187
7.36600652468
6.1417262308
0.919826885353
3.39732409474
4.64317173583
3.95375833999
3.39812095645
6.65624492114
4.0218413662
5.10218876083
3.92720326893
4.25757292401
7.07872340086
3.26565284764
2.78917499336
4.96626605318
3.85173321075
5.07377909582
8.57224982348
3.41090783896
4.88052110691
4.47542531559
7.04880340764
2.51327468196
4.6916841657
5.89001307511
6.87245446997
5.38564359062
2.60228103473
5.72752330477
2.60777330091
4.2893064027
3.78643837761
4.26244685124
8.17868140024
7.95601161634
0.616086851891
7.19470271855
5.30137619476
6.23540454696
2.39999082144
3.94567008712
6.12962506771
2.63072703168
4.21577791958
6.88550703281
8.25988771771
1.80302717205
5.75040428495
5.80901807434
1.57309234656
2.85338746258
6.4679224354
6.0008107876
3.12884567529
7.90019956165
2.19141187101
5.79219151383
5.61096663082
5.75294941731
5.9982209717
4.39035481734
4.44994741332
3.43016166698
7.91741393718
3.4477672772
6.72630399925
3.27342578909
7.10103039103
2.0892565533
6.05067051124
5.9278670237
5.61351689936
3.91475453956
4.18935923905
5.15105302316
4.05452262738
5.88725513944
3.81241684585
7.55468157907
6.33106598511
7.14777510263
6.15944724405
6.44054789011
7.6687299029
3.11923751035
7.68551310771
2.30170026972
7.61551974031
5.2477290368
6.48790207148
5.18512568294
6.55378873943
3.15289819295
9.37437746511
6.30459297884
2.93608048113
7.41739592532
4.21818206835
4.1664294144
3.99697881701
7.03206564096
4.97615592574
6.07342284107
5.27566158398
5.60465821774
6.18904889131
5.66376796373
5.31281453638
3.41398331211
6.34278304004
7.31894092308
3.28401992687
4.95792415441
4.38620526593
2.9772679602
6.01957960791
4.50029458581
2.76435871778
3.11119047282
2.50317589334
6.92473015859
4.19629981385
5.96874422679
6.87328965062
4.19904332851
7.69806297465
2.15915665919
4.65548283839
2.67289880277
6.59748484746
5.09992807836
1.24891862946
3.18969677811
3.0404031986
5.95056026023
7.89269788148
9.47191629404
8.52668096331
8.00687204585
5.75029328843
8.18749297796
3.70645366329
2.76561296158
3.65985965417
2.87609430432
3.67949559621
4.17284446583
5.57878450192
2.73283681915
3.69316703401
4.91123652465
2.79563181898
3.87480138925
6.12644875281
4.77792937188
5.09296620644
2.72350166111
7.51056814279
4.45393821076
4.06891143701
5.99719416384
4.52015784746
8.32427188766
7.10109748258
4.87415424492
8.21651947097
1.38443115837
6.37004845674
8.16120259253
2.53044376478
5.85225033045
1.8421437048
5.48797627078
3.6524914787
3.21820490268
3.99530052335
6.27251193993
10.9742374145
4.20266205168
6.25756347722
6.02859095262
6.06268622777
3.43824668771
5.26217170936
6.10409870002
6.04939140066
1.66244059571
2.98351895615
6.26495691204
7.13565793775
4.90450295325
6.61038115787
4.12727584561
4.81870027792
5.78962530294
2.89548279013
7.54068323457
4.21506053395
5.16113401611
5.16149527619
3.98787365187
4.02305173592
5.9480932431
5.13157333817
5.60287586931
3.64480166591
3.95038783035
4.91705914017
2.2136687311
3.11414081144
5.24858624639
6.03093462554
5.47434395611
6.15567627727
5.19973253676
6.08979461638
6.72106119997
2.0458377201
3.63405554674
3.95365626609
3.59147758428
6.08041254119
4.88194460369
6.20709926452
8.97244358985
6.9838428177
1.57396414363
4.39268368481
5.9895350235
4.89649069315
5.79631750148
5.20575601062
6.48191990139
0.502309455963
4.47185100554
4.63950997876
6.92357562203
0.86339519493
3.69703370672
4.13541803187
4.94734038857
6.48740336876
3.24804103752
2.33913769751
4.22958362053
9.01032879808
4.80656512562
3.26339738427
4.02311122223
1.9561391317
5.73625427358
4.15002180517
2.09282839209
3.24844009506
2.51044817131
2.38825627331
5.76862885325
2.43271320943
7.56427648463
3.70468070613
3.50794133738
5.30497444201
7.8789910991
5.34269707993
5.32410213635
5.11718023247
3.45709620699
2.13981231941
4.48065159504
5.52394887601
10.7050163897
6.18532632818
3.80052202074
4.62356578246
7.01557115886
5.64964425973
4.23007860206
5.03067906667
4.62398687864
5.19011489799
4.17726147731
3.59020025666
5.30996956502
5.04895393762
6.90262606571
4.14199741461
6.59895247787
1.09626625027
5.15524380404
2.03983483891
2.01392480713
2.5226624699
6.92709862965
6.48724478883
7.13144908524
4.90568789763
1.05093950002
3.43384639974
3.45698870038
5.61912686327
7.64410657996
4.2759159227
5.16504918938
3.66891124848
4.90184328992
4.3054649479
4.70743474762
5.96217756201
6.63674084625
2.8505207072
5.63953919599
0.668402396464
0.421921475727
5.68080465195
2.68216184099
7.3248952766
2.17795608804
5.89180622574
5.21156577709
5.20476150376
4.9050405201
2.15568855263
6.67419963876
5.33343610919
4.85904365684
6.51056366188
5.33205298346
4.6234166613
4.89157838715
4.08379287129
4.7515795642
2.95322500764
3.82594096023
6.4066747524
6.27384949412
6.48125471676
9.74622303853
3.19112631583
4.97820228593
4.46903032989
4.1374219795
4.45498878489
3.91645092344
6.9044419826
4.39704260418
5.83320295629
4.48347313375
4.65587161639
4.6850461817
6.16648263071
4.57922789455
6.1534125469
8.21271863832
4.84030683103
8.43209466274
5.27946376777
4.67416891033
3.75826436826
7.24589723566
5.05386063411
4.12625022093
7.62804835102
3.37763807537
2.76753937709
3.13689063651
4.24097331427
7.32596241134
4.67479901666
6.41577759709
1.88661391743
2.91022575448
9.81035083074
0.148144129582
5.49898747626
5.95744612914
2.27786809843
3.91595258364
7.27647093843
7.68168006823
7.53620294275
1.0671753504
6.91286320854
2.83476840649
2.75893242848
9.62340582144
7.40245799235
7.71592000148
9.99397620895
8.89405408332
5.45146815822
5.08037570565
6.28174860479
6.69884397315
5.52094621418
4.34405839748
3.76701191729
3.68227356684
2.90371893577
4.46149171673
5.44384816147
6.67153385541
3.20634263117
4.52988885609
1.12740494988
0.781361150886
6.20189507737
5.53408113731
6.51952334266
7.54073939915
4.36335249121
4.44023404029
6.11844724671
3.47060645416
5.75336432361
5.33874846565
1.86002872634
4.07813575967
6.01341158951
8.19456927096
5.54560172987
2.34939231604
7.5657233433
6.92769739839
5.69744901324
7.0619990357
5.9580705175
1.95623636176
3.43008860964
4.59764085222
6.88051637343
4.41303316232
8.61031925716
3.80112103671
2.79059029678
7.18576631904
4.41936512411
4.45751894237
3.15098828498
6.90143636217
4.48095577528
3.51664181036
6.44821032307
2.52622065337
4.77555360596
4.78202349556
3.29580681343
4.90693519754
-0.0790027760655
6.39321969407
4.83335440172
5.07285931338
2.15650549669
0.839568135713
3.96468249933
7.45268952958
0.881452431218
6.68064664341
4.80672637227
9.10234022955
5.38874539488
5.73759150269
5.11363557881
5.01997538274
6.42652210595
5.65018361019
6.00823737955
5.71691814289
6.58653515192
1.97396103261
7.92565320611
6.19349831442
2.76417280561
1.31772080132
7.6405887873
4.30046513659
6.59920201684
4.93307480365
5.52077580049
6.42568396741
5.26175213593
6.59007725644
5.09520855538
5.98294404302
4.88934079954
1.99962102269
4.32665130082
3.4233333357
7.23124195732
5.38731101479
4.81027163087
3.84334746972
4.39961488533
2.0506310355
6.33201946318
5.02227623031
3.87349552356
4.77878488725
3.48207038412
3.35594238471
4.95769303829
4.68445681745
6.80897537905
6.30583211869
3.684547074
6.64284918496
6.04784437919
5.42551780896
3.03242163331
0.970596046648
5.12933882988
7.97459431107
5.306346952
6.50960230921
5.80602232627
4.35757423652
5.85358413943
6.62280002082
6.30087935038
6.64335157698
3.95941397227
8.9580306482
4.73838888229
6.65761628706
4.34771520232
3.23249262534
7.98418052646
5.80662035098
5.01438762391
5.21336676706
0.234298115005
4.90193058276
2.82874490483
6.05108238045
3.69190328739
5.11576768899
4.47369341201
5.1282727025
4.41459142238
5.04636963383
4.92398440171
4.78271835119
8.46475892763
5.67279108175
7.55574275278
5.17352988976
6.21311535223
0.380389254528
6.57722818458
4.72535374913
7.43368347245
6.52011983237
3.85537586343
6.78645457683
4.26303385052
5.4553393226
6.07253431115
6.60410896117
1.35703355504
2.56188894563
0.631674915088
9.09908047147
4.38974614572
4.17620217336
7.27953025481
7.70863599937
4.61736932543
4.48132926442
4.07951585294
4.08357609455
2.80218406389
3.76604385764
3.362617917
6.07784721374
3.28788189878
3.31844574094
6.48852199879
3.93200093745
6.41778199333
6.55865627649
3.33395993937
6.19697005535
3.1311987792
3.61133939528
3.13718076273
2.85921108571
7.77947918294
0.848754729635
6.86606875292
6.51947767378
4.21009838257
3.94546194921
3.38218996262
8.13314537245
6.18614809871
7.62641718981
3.88212420688
2.45432585583
3.79303817236
5.69345622789
4.12291880179
5.75330708468
4.263248912
8.99184027157
8.58646191955
4.07875534118
5.08004812911
5.54608406983
3.97407464594
2.65546857135
7.68024553908
5.51661678892
2.87426397562
6.71674934385
5.74951899644
6.10026592912
5.32379598697
6.26395113526
4.51896005216
3.95595044393
5.1842683318
3.64177115402
10.242650338
5.59271745774
4.02599619268
5.61534266847
6.61483201797
2.50235487443
3.60387071838
9.05867578643
2.3616301602
2.86273581624
6.44130878741
8.20448500063
6.41963586863
2.95568639681
6.90471651141
8.03330358654
2.80749513848
8.24475496424
6.77387600793
3.47669145127
6.35068326352
5.902819664
5.06599797069
7.52098181141
4.12285212805
2.33370009427
5.90311001366
8.62245611139
3.82585694788
6.27099055401
6.24857666777
3.11442701921
3.06318150494
5.70494618683
5.36800558405
6.0577943169
6.10425751504
3.18896118749
4.02366402121
2.90629400861
8.45662428388
5.64801638996
4.71539990206
6.14756579546
2.43919018745
5.26496069471
5.59622609718
5.06216422284
7.13606972598
7.13520749272
5.31305073035
0.591194620609
6.52967379671
6.64927594343
7.33529006252
6.16842389304
4.28103598726
3.07298625843
2.55182280498
10.1580509752
6.19649664039
5.07009031313
5.50801570218
5.99659144721
6.29099475763
5.13031811315
5.52568976815
6.92777884057
1.33647883556
6.75815961996
5.72531561954
7.60848610571
4.64831444778
3.28580271087
7.8190122512
5.4911910883
1.0542396171
7.24487401734
5.79054464396
7.04724986138
2.48816117449
4.62466813319
1.86946130866
4.57264473903
3.09864630678
3.90445228738
6.04771573026
4.44014277619
4.73476763958
7.22469853025
3.09354138949
1.54810361594
0.720268854791
7.02640244741
4.66450547483
0.0222022908593
7.95810437502
6.5171676148
5.40163198183
4.98046815154
2.26230465286
1.91389822716
5.66587871956
7.5656007566
3.29377861689
7.35704384488
7.14966657385
2.31856107385
2.78670931047
6.89454489505
7.41351275841
5.04662435652
7.04576017768
4.19998147453
3.51904890582
6.66739965637
3.57655164477
6.67731763266
3.97130265357
8.01713441078
0.748918998972
5.22191094654
6.35347375843
3.79746729673
6.76948840816
4.03167803733
4.08846057119
6.9198248376
2.53623936988
6.38488868807
5.82877928069
4.820633595
2.83178593231
6.89682385666
5.29843171762
4.17607639164
3.48856228414
4.00158056106
8.79021739183
2.34061907095
4.94579699504
3.90151021747
8.05704332019
5.83467642979
5.82481038347
3.18072828066
0.697611543614
3.8981509495
5.65304674082
7.83340116281
4.84597967689
3.92980662183
9.3602946435
5.01993010418
4.12676934367
5.04082358372
1.60437715693
6.14776888003
1.14266611602
7.5140976586
4.57215187555
2.75608083174
5.66469690469
4.62350156276
4.53037587496
2.8401892421
2.92971711437
7.9102197462
4.41812498264
1.22293587469
2.25583032805
8.57648636863
4.28758122525
6.48356619368
7.77231225214
3.53179810726
7.85744426198
3.31504817695
3.59862334402
5.28652575747
3.82457498161
4.43831361668
5.46509493047
5.53904897674
4.67338436
6.47993502889
4.12180490267
5.41474044492
7.35268706927
3.72512355223
3.20665414022
4.3966386279
7.23204421555
3.25152471716
4.6345622063
2.79473244641
3.92913750938
6.2759473108
2.39145744032
4.94925033826
5.10649678445
5.72698804559
6.55230704412
4.26899039713
3.75681048684
3.12192418999
4.87738647477
8.30641954966
8.43412078738
6.33729822181
5.02304243313
2.65021620831
2.45526885144
4.41255253326
7.53397925728
4.51946750697
3.70168281966
6.3460741658
3.46986587648
5.35090631587
4.08072752039
4.96602724994
3.38291874188
8.05356208696
-0.299603970118
6.8034429817
8.69059858513
5.55847079644
5.77929211006
7.06636438547
4.165405231
5.20146857842
4.19774197506
5.37083813201
7.95957385813
3.82053634369
6.12712946238
7.16950215499
7.01922202111
6.63880324927
6.34623417919
0.539699689728
8.15485461899
3.90199098359
6.53813697642
3.70487871001
3.03032581443
4.03033390863
3.6372850531
6.62109090215
2.29327693382
0.826531792085
6.2095048509
7.14770905616
2.79726488881
