6.9308965622
7.40227385552
7.91139479115
7.83414461971
4.25335881371
5.17321095145
5.30203002629
4.31757416717
4.30650205942
3.10791007917
3.79105396628
6.56321568048
3.79555997446
4.72174214207
6.58652659312
8.09813771956
4.63177026646
5.4040047083
5.26447468123
5.17436001578
5.05971017452
3.80472985324
2.06168555925
6.46732841668
3.39546758248
7.38983105172
8.2972740354
6.97513681314
1.43436851949
8.60517756973
6.78490851683
4.02756632167
3.75621746665
2.38818408025
8.33397776516
3.95211144837
3.8192163191
1.60735915317
3.03976696541
8.84722078863
2.85383853868
3.73709661998
5.22991198716
4.8829225952
6.8143145332
7.47801221329
4.94882848247
4.34293580362
1.39307845946
6.01929879929
4.6568337675
5.45348191691
7.12824760073
5.04658641835
2.7106561845
3.11530469409
5.05542092502
2.776322589
5.55220434791
-0.245286974575
5.61907609351
6.93617000549
6.8770032269
8.74120236402
5.47589318517
6.28831776001
2.75455990383
9.44946450255
4.76263139217
4.25391993327
3.68947455745
2.85683797469
3.72163210548
5.97022508663
6.56863081629
6.39249261671
4.89930388561
2.42178307204
4.51517613773
7.01542549503
4.4965315109
5.50227491923
5.87722993434
5.91438500095
6.07033248443
5.24643441319
2.2061842252
6.73575294215
6.86049650192
3.45335306233
5.8451232971
2.00894938568
2.15250351919
1.45419722896
3.60167652259
5.15666948402
0.643658467981
1.76924425563
4.46093321842
3.63694194133
3.27217192695
4.25466129307
3.77182868502
4.72129209611
2.24034017784
4.14573004533
3.84948324371
5.40370380305
5.49786592641
6.63537917977
2.42787618027
4.75691439929
2.73191869489
0.0340098351692
8.36147474016
5.47772062505
3.19748553181
4.66177664236
4.22621712508
2.35229197031
7.3870402476
4.20067135631
4.9166894327
3.17780398925
3.32519987061
6.70245183977
10.3693141015
6.09688249791
5.48771801314
5.91255742894
7.79961197898
3.7497948549
5.80262219907
7.25277956759
5.26215639635
5.15004094682
6.32973569248
5.99293795529
4.03478177479
0.754713921732
2.13977710207
4.80815335821
8.29337190462
2.52768391517
5.0972073698
4.17007750368
7.69755565263
3.85097135016
7.50847806834
5.16771535792
4.96181701639
5.97689320268
7.53089395473
7.10897471501
7.10871528349
3.93646513955
3.788858499
3.11978021464
2.77636972628
2.08135461527
4.58788863151
3.85683117338
3.8940294365
7.33901066229
1.25801059085
7.17199271306
7.5222705419
5.24509712054
6.68338384278
4.04403433202
2.84730362142
7.4048262368
5.70982238501
7.25336801674
5.34208387863
1.88865158154
5.70190524801
2.67926719962
8.88079385144
5.88016937212
5.70945822471
3.88588475331
7.88281770245
2.43012346889
3.33254038278
5.54867621863
6.52047286926
7.17423974824
5.32535645685
7.08923460358
4.80438859394
5.74146551235
5.07057009787
6.68674469245
7.05462555896
6.37268101527
5.78723547384
4.16488770747
6.84573766597
4.91383293068
2.7131448571
6.3742774676
6.1052935285
6.45995598005
8.67644318945
4.8362885305
5.27041735469
5.74033192048
7.33131647584
3.30754614631
5.0073145911
5.3874968623
4.33070688306
7.76356415001
9.19110560763
5.37691325027
7.01562009551
3.02019647083
5.26560321976
5.92663602113
3.83704384669
4.58862998628
6.57748098691
5.47734869955
5.50973376842
5.60115669841
7.13594356326
3.86154086475
3.66433520046
3.06312747393
4.64689228199
5.62242119427
5.94687612956
6.75470920071
5.14734657219
1.63633622677
6.45714789781
8.17575883667
4.85728136321
5.60661746244
2.04398344148
5.51204260793
2.35407971917
7.30466266967
6.13153367636
3.76615997789
8.26782897163
4.53980509009
4.04256404075
7.79126329709
5.24852854516
8.60296671487
7.27479979809
7.36086348862
6.49968602255
5.13771175907
7.57093816711
7.4707654428
1.52931147387
5.88499095095
1.02726956361
5.86867350119
8.30884158223
2.14979076964
-0.0663998628593
7.41018920979
6.34031203698
2.9713565639
11.1102106507
5.7650586337
6.52943877358
3.80632853083
7.30285059826
3.4681052711
1.17172643891
8.61501876968
1.89519826913
4.99589996891
5.5896752607
3.08062523816
4.70824480117
5.85102186651
5.40158042282
5.22618659666
7.55287354268
8.77209018643
1.70482807591
1.45357532609
7.39294479403
6.01260171579
7.51418314571
4.94329030744
2.96592817394
0.793465198154
6.35881731627
3.96424333926
2.43319231461
2.78767179233
6.45153187914
2.81316281976
7.14249566277
4.43316899961
3.76375543593
8.21468682629
5.09402012139
1.00647637086
4.70957838273
3.8495043216
6.31621325346
5.06777576957
8.32492160103
0.751630943021
3.67554158195
6.7307134893
1.03559942794
0.91845075042
3.20006577543
5.4364602521
10.2616896986
3.81744551514
3.05162310195
4.74644199994
2.60623356173
7.65421699836
9.05832975387
8.00775235329
3.75562618827
7.80709230258
0.434022541754
3.94973994464
4.9055189067
3.37300431892
6.62438732848
6.67995296198
6.7572844637
2.71003313151
0.933840544043
2.24593650667
5.55539851683
7.90222058727
2.60317285848
5.98023761764
4.80483170716
7.56747330651
1.36777833735
4.71307172472
2.89983871521
5.95749782707
4.25976156861
4.772077791
3.98610415583
5.24889518313
6.99297592977
6.08227165759
5.56321761485
3.89110460431
4.39691164184
7.42311947993
3.36167848181
6.18707514022
2.6965293825
5.06128664755
4.715846571
7.59722875182
3.17860922319
6.3175588281
1.55860029155
5.88356480773
6.92586510251
1.17601479796
6.02821203541
6.45572408233
5.33774550412
5.58081772122
4.9958854061
5.01308518955
2.89988859578
5.9906720132
2.28307791043
6.87299580032
5.83741389497
5.59102985637
2.71010062829
5.8991379985
3.3520956132
6.19388589718
5.78502890295
2.44130807588
6.01676782771
6.54920849651
6.79756901937
5.78296399
3.22110463882
6.92987008295
4.7171234197
4.56783811837
1.35120829129
6.16686920738
5.6089079739
2.64568175999
5.29649300236
5.23237053329
4.50972026818
5.97657147494
4.61640273504
3.11666286511
3.50380714168
6.55769113012
0.497360557076
6.39431173781
3.625370446
3.69864059888
8.47258624249
0.455396843594
5.85893454406
4.7450087246
5.41947790662
9.05112134198
1.23540646068
3.85507231119
1.17352401305
3.65473379652
4.08837664269
6.49332639073
8.24810534042
4.72956349906
4.12932381966
7.45345049125
6.71056161829
6.80958363203
8.52129185248
4.34235331709
6.99586267904
5.8240461889
1.73928463439
4.81452708601
2.88357933166
1.15629663738
6.99171805912
4.01038736965
4.86152506168
9.61996992425
6.74469064727
8.59146956868
3.44301074964
7.69816479647
4.76222553919
5.25211614479
6.95956839959
3.61503704457
6.64611875928
6.61350250443
2.64033347202
1.53864512507
6.22293503106
5.66104629735
5.35504694415
4.60740252726
8.0312093813
4.27055527238
6.66894419968
5.33256912003
3.99612374086
7.32856614089
3.2883948567
6.61093785522
6.28950229505
3.58740914167
4.27881160801
3.5296069247
2.02876831371
6.13739697455
0.925333042719
3.94308711994
4.78454560189
6.40478358339
4.51396770287
5.42622127701
7.97219693669
9.22376097168
5.73563927224
5.5855596539
5.70163066175
5.60095115068
5.5678549329
2.45278948251
6.61665330072
5.36906167916
2.23424984233
11.253023588
5.33446420017
5.63451233512
5.74217555153
4.31496725112
2.14839863263
4.8956690584
6.00136742083
3.19604491694
4.78511630121
7.93713846383
7.91122426374
9.93285827799
4.64572105924
5.08255264678
5.43836978906
4.58184630401
2.07326933315
2.24474598712
5.45676153532
2.94591366722
5.97318258783
4.58908239191
4.35641787278
6.7452472184
2.23575653931
3.47697959696
4.0545292811
7.68792520799
6.22388422837
4.9329295006
3.95159293627
3.70156200034
4.75561922701
5.67837034958
3.3231609347
4.77498658203
4.67206322181
3.32031610373
4.42951214945
3.39966926755
1.7039830572
1.24087803036
6.46903983275
8.44630002628
2.15185080444
5.39293361558
6.35357221817
6.74041619726
4.85474319576
6.14146025728
4.50215719146
5.03500573057
3.59868572823
8.05518902637
2.21925521732
3.0553366174
1.77273900838
7.13205270039
5.03499993414
7.07026138442
2.6841457831
4.5139194512
1.9368923242
4.59545353637
4.56932142467
5.71874327428
7.89228738131
4.61556528886
7.83453874896
8.70777848319
8.40904988446
6.15122793299
5.18944016917
6.9735590053
5.09959668884
5.00114461737
5.97188551255
2.13362949698
9.85031893066
3.35615142493
8.88712966625
2.8559348688
5.95273294613
4.14836144194
4.29584346513
7.01133679124
1.10649835079
6.43619830274
7.13523550049
4.01527979239
1.93650393009
5.62481497164
7.48095732081
4.96213376443
7.01350736598
4.58447597234
6.23543522905
3.5916574093
5.5697996753
4.14623391889
4.933662432
3.39667585537
6.87110444262
5.91314275105
1.42682465071
5.32927119868
9.39567123445
5.56156752393
2.097427923
4.43837533746
8.1636186906
5.61588660279
5.17814747014
4.93399592917
4.88550197006
6.43547076449
8.22928116127
5.2968281055
8.6251433675
4.40647144374
0.16886143347
3.88769562408
5.66608567634
3.88269026232
7.51305314519
3.91366200991
4.33488152863
3.48522544477
4.37115107461
6.36566714787
1.28184722418
4.59830408664
4.69989468287
5.22975091916
4.91780682908
2.56128035378
4.96665172751
7.07230690249
6.15326063781
9.77425547365
4.95709270864
5.36004985143
6.96088801439
3.71845778967
8.05651281432
6.01924686367
3.3673352452
3.95211764746
3.79500324365
3.25023403451
3.375602682
5.09491078209
5.43036469693
4.34871973011
7.74534400925
3.59361654662
3.37436159697
4.66660359413
5.64235002827
5.88486286708
4.07238393451
3.02759771298
6.67253420486
3.32872557079
4.77983855384
1.46337374173
8.07353574557
5.6701856294
4.43805225185
1.01176781559
5.87298598583
8.92928548289
8.33479293236
5.87062378204
4.96163104757
3.25905296622
4.59232195621
-0.28300430283
1.3918929777
5.80695292162
3.45334867729
5.68713392502
7.4934821786
6.72781934672
0.861929054429
6.41857327759
1.84992301929
4.86322875748
4.55694014065
1.73698095164
2.73170224788
4.58678753374
4.50358975336
5.17912927925
4.92191164685
5.1034523312
6.21201783093
1.94147383237
5.34889229834
3.353982166
7.1913607989
7.97721633838
4.48076478251
4.89435152735
3.85812309822
5.13565798334
3.25361301179
5.11942522021
7.86407376186
1.40197211974
6.47848866834
4.38905602205
3.44304890161
9.76619737706
6.14528960261
5.72988046028
2.97976886216
6.08693128376
7.79737277942
4.71440770614
6.57081009383
5.58602303649
2.59304144457
4.163620743
3.2858953873
8.60328719121
6.93300383886
5.44594635099
2.06811139071
8.24253907503
6.02568721868
4.45502182283
3.7387665131
5.00642920838
4.96116719191
7.08816083117
6.28030567718
3.64453496624
6.86419109859
2.70060391082
5.16564924063
4.1077303264
7.37027662005
4.78733675269
6.42851683337
4.59789639483
1.91259991029
8.36232310703
5.65540984376
5.96324818106
4.46022475869
6.35328167606
7.17051689096
5.91456789988
4.01611973366
5.0612838166
6.36284346209
5.40567715032
3.88619681191
4.38548964571
5.99183177673
2.14438145232
5.3771404388
3.40955958444
4.83473234441
4.67263555848
4.54426478779
6.87195789408
3.68123484608
0.297747683964
7.67726687392
8.69959635437
6.25787922082
6.68813302367
4.30460172992
5.5197727531
6.7678085531
0.58079939129
3.92995494877
1.74119332649
2.22837548917
6.63041273926
7.64135341499
2.10853620703
5.8111927178
1.78451102214
4.21623606068
6.04917042889
3.88990044357
3.69241466329
2.69597295466
8.40027093599
9.11180438742
6.02701868755
6.54275383494
6.56329210942
1.7245304233
6.31771172211
4.30938767623
1.83938811199
6.70326482126
1.88630912407
2.02189309812
10.5310351784
5.8851932957
8.01720715342
3.50178257071
5.41678279221
4.68609729332
6.96907732311
1.75397462186
3.9612650786
4.95262118915
8.1411902566
5.75053586788
2.32722368344
3.04248665032
3.67735230712
7.62543430234
5.7905969486
5.50892912435
8.47249819312
5.20944705036
5.55285845806
6.3173380061
4.63592753694
4.68929786813
5.112919282
6.91812321256
6.41878537998
7.64960651777
4.99014745053
2.01608039073
5.60917339036
5.74006951412
2.13983486438
5.09928492305
4.68537962178
2.21351896114
4.5804699969
5.80360981005
7.85976359224
5.90601416625
7.55754886105
0.932921450465
3.45858413874
4.7007789807
7.21825707665
0.142468094569
2.28971544858
1.68687519001
6.10424824294
6.62516281143
3.50492938864
6.85831474078
5.26687595193
4.12105024481
8.58928201358
4.63188950396
3.56274982294
5.0051790934
7.76992782165
3.89672620497
4.52576471652
6.46714683312
5.63561740624
4.27165988115
2.71590878868
4.11201450922
6.18686508374
3.98631059672
3.92068463588
1.29226628867
1.60044895205
2.67824259697
3.54311386383
3.26083525739
6.31505707577
3.42768287223
3.93207783947
5.14626090624
8.17909144154
3.53092946197
2.78219796961
6.54860022221
7.42919631867
6.02051755331
5.86157284922
3.14261607648
2.08655220833
5.56834277085
2.70334812143
4.51712314362
2.55948769842
0.815649840489
5.33629840291
6.16877666466
4.74017101951
6.5626309251
2.16280480238
5.65914723047
5.57087853936
4.91769263951
2.64134735143
7.4464845426
4.19469220442
2.91600084157
5.94622750241
1.40516680252
2.30630139848
6.3764418785
4.68148937449
4.38673112393
3.02855372787
7.79655373255
7.60285361417
4.27644148603
5.72045375398
0.76383614853
2.57091042565
3.23331788042
4.44850449883
6.52621468439
2.21532028821
4.71775518876
8.49767270115
-0.699355173761
2.17288331117
3.82005211459
8.84560164774
5.58812198022
4.37995459095
7.93294289318
5.27171636444
7.0427906901
5.80434218159
1.16768267257
6.35603054701
4.66604123862
5.18571013878
5.64438607443
4.20487259222
4.23291861481
3.0322408048
3.81749574839
5.48229558054
7.37317621697
2.988563186
4.12725467987
8.98962671827
5.15714942307
5.11581324426
3.69863908955
8.49858019143
5.65707064109
6.3244112511
7.64779670461
3.60414665289
5.27850891726
3.00095012325
5.94007099085
4.09652394192
5.35341322081
4.48232520663
6.633697501
6.7786685508
6.33375673324
3.51949139675
3.86727280668
3.19811319612
7.50540751619
9.80624518659
7.81865336821
1.64607236889
1.12742847465
8.09182631367
6.45970329248
1.35138032963
6.33179933282
3.48514387502
5.76440427742
3.50775115109
5.48913568757
5.99863817755
4.99073413192
4.89214698888
5.64940727976
2.81898035219
5.60094956014
4.92343603006
4.05086235589
1.72749382371
6.89826436635
2.39440122999
3.88959845652
7.21146645292
3.0560896164
8.45543715933
5.46978824863
1.21076548057
4.94300483752
6.09684008989
3.27928554264
6.30403368947
3.69119014239
6.54536759019
6.09374457002
7.04366772044
4.62714342156
8.17300463457
