4.65832098839
3.0315921825
4.65688757146
3.59415359573
2.72856889993
8.58233264408
3.29496323027
5.62287318604
3.76085101175
4.06737563839
7.98852423081
5.89338962375
8.35104353744
5.0733784092
1.67590051649
1.3526681667
2.33574093385
2.12141225812
5.40002039903
4.71444577566
8.0013482893
5.76187625403
5.04751640151
3.97196484669
5.2221975001
4.8705601845
7.28746345483
5.13236782272
2.1865625695
4.19514925054
6.94488593057
2.85700171698
9.85413941697
1.34676819856
1.87749560746
3.36337903669
5.31314902542
4.23343920989
8.52303117801
5.50721895985
8.75909247058
5.70322562374
8.48594453214
5.4384837778
3.66918848352
2.94792115185
4.68146188062
2.74527168572
3.49692702852
5.48176273141
3.95200911759
4.78712653609
4.99102347684
4.66965682085
6.50982786496
5.98126476517
5.61327205385
4.38986621936
3.38670988301
4.91082542624
1.84213042748
4.83916228262
3.41614807386
4.95623533471
4.51096400795
5.26569651858
1.80995860317
7.66970281939
1.61190265454
8.55093786637
3.17792660289
4.46585166689
4.56138381983
4.55034187998
5.15006256287
1.88976728567
5.0736666787
4.61633019996
6.46237557199
8.43491698152
4.95289283913
7.29654006798
5.16676955253
4.98560095695
3.06433316663
3.50972031806
5.16042346157
1.69428506046
5.82911429715
4.42206811277
4.14070036123
-0.534350476788
7.82114326219
5.7557845953
4.14876593823
7.05643394494
4.22941465812
6.29203295436
4.75328372683
4.91564548933
5.86393249122
5.62217036146
5.74932019107
3.25990437273
7.80370583671
4.96039458744
2.57338642912
1.64552470144
10.3995459377
3.61351724573
1.33532933862
3.37078709322
2.84044222764
-0.369546267266
5.206535364
5.11456203102
6.04665838618
3.59887619786
5.74273383039
5.38055494869
8.01371702554
4.11066886022
1.46329724195
3.17644215994
7.83075891707
3.99091102727
3.71752389828
7.51148044722
7.0029988404
4.32147801339
7.32367424566
8.03082081805
4.9930127982
2.85176985078
5.51720829642
5.68914252098
7.30115766723
4.92477923289
5.04496569617
5.41223844984
6.9709819334
4.22399554042
5.16798861031
5.63750634155
4.81392560146
4.335262115
2.82157774089
5.26937566558
7.29870320275
7.68370025547
6.00444732846
7.20688417371
5.64971670983
6.30938061671
4.79497311759
6.02286261729
4.87898433885
5.99150084717
5.87073325446
10.6641722852
3.92985324176
6.08013016978
4.52907482293
2.46679680569
2.68944543348
5.6329173503
6.60172463994
5.09897715571
3.73900139495
6.98187738974
2.27550864429
6.79405108952
5.0880966442
6.30162200834
8.67579401008
2.24775756947
4.1693771137
3.08795145363
6.70232358764
6.12850697064
5.51621314495
5.63231209791
3.86938389721
3.54500561065
6.40399585584
6.38108361933
3.90010619811
6.95918738988
9.93477600795
7.05381739114
4.29059021809
1.00356180921
4.75577813137
4.13562960205
3.46543754275
8.32829083654
6.61117815219
5.61125472501
7.1359055613
2.57867083822
7.04587882964
3.50962179788
4.40173503991
10.6073884098
5.6174948471
1.98714606548
2.77990728685
5.64345922967
3.37798112055
6.60781296519
3.68835520864
7.96919933951
4.25677227479
7.08937918647
5.34334531781
3.09399655381
4.96710373875
10.2450943112
3.15178593591
6.02942474409
7.42169904882
6.6285650286
5.37451764861
5.61582850651
6.40978286752
5.41295453792
2.3483840187
6.37790363383
4.55500301338
2.53573557806
5.94263934544
8.38255948014
2.79272183144
7.22677629538
1.15557696136
3.30336075111
2.24712800334
5.96265335528
5.74555525441
5.40156301425
4.46879099493
3.24170268926
7.18203034517
7.52177354606
6.77206801597
3.12624719436
6.32122405298
6.37573663412
8.68382610664
4.38269886845
5.31171695497
5.39944652756
-1.12881034902
6.90789843324
7.00989185167
3.29869920204
8.20130501534
2.25402224483
5.44627564768
7.00757901201
6.12101777342
8.29176683855
3.88450466104
6.52400627059
4.54820952351
7.71835044941
1.61086950951
7.05372164797
6.64148614425
9.2704699763
2.68868833138
5.47899684863
5.92851210163
6.55824520747
4.12012137325
4.07995611757
6.41393550865
3.75331820669
4.15452702568
3.62660498031
6.82957262567
9.88655598857
5.04211689069
5.78834290341
4.8916258958
3.7023065385
5.76600177244
7.18009776107
5.45751213838
4.24277388963
6.48857314563
8.39678857951
5.6204876411
3.97369921192
4.11196447607
4.88221547766
3.64372931306
7.20073368406
6.82803309093
4.32758303226
2.68045803635
3.63364637338
2.43499728404
6.2591233689
3.28932398685
3.78788440087
5.34747949647
6.19833028905
5.65295415538
1.84997290547
2.8386823333
3.10364967143
3.42919802714
4.62575738009
3.80116760694
6.88580572928
5.79267403476
4.67400996886
5.66397318058
6.78794648709
3.89662317202
2.760440951
2.92585809876
0.263712633785
7.68182953978
5.57047329068
6.90140050006
6.90126345465
7.3649393922
6.01049295828
7.75769367124
6.18052346324
5.70143142012
5.08641041737
6.00498369077
8.47415471644
6.14329516481
7.54291515387
4.67514089021
5.31558302075
7.11299487559
5.64964350974
5.24444167721
6.55928958597
3.19879497501
4.94707811403
1.28533960912
5.99987142014
6.41570575308
1.76714793285
6.41591786878
1.05978141622
6.31757195469
2.54496090347
4.10312300589
8.07618934324
4.20610655654
4.81635715819
7.28340476154
4.92600994707
4.20134470163
1.12966181561
2.90891955313
6.28842786612
2.96085802999
4.22172552806
1.9031218874
5.93826496948
3.98533663266
1.94445023574
4.35646843948
-0.240115580167
1.96797662311
5.83935296808
3.68818331127
5.95904935182
6.38657118797
5.53979713152
3.85928137249
6.51318812926
5.42526498195
6.17762835776
7.03370388489
2.36646359752
7.8265140543
8.34425797267
6.06123395982
2.86244891592
5.50770501342
4.91290169583
5.42413820914
1.46274134179
1.43160111216
2.0340224618
4.83983691733
5.9430735262
6.09581078877
2.30991946817
3.017770436
3.62960832765
5.14803059092
4.20906149221
6.41133715041
7.00663773174
5.08077891063
6.65630468053
1.64557562169
6.30869210064
6.13388738759
7.34561988889
7.18664827061
2.09828873715
5.29053459705
2.3835405315
5.32951483832
5.51708333565
8.60569846182
4.74861162096
4.07711603883
4.01469926876
3.42924493055
7.01011856954
2.96816690545
6.18318168432
2.63781689026
3.9931126631
5.46163299047
1.04219469263
2.69739036102
4.87502904535
3.86278479876
6.5248982883
0.888526744873
5.04147277511
7.94757677084
8.25821189802
7.14471279098
2.45274580346
5.26333080936
5.93878929879
5.91650543103
8.76284136398
3.22877504747
6.30998507441
4.50920632134
4.95362270606
7.53435356689
7.01362935441
5.16484600622
2.8983176076
7.15290678783
3.55993514703
3.66519314744
5.08423061577
6.44302769249
5.82170427231
8.15806787173
8.65494138126
3.14407239025
7.81627453932
7.60375506978
2.49618270069
3.08380817102
3.23523855567
4.20524512134
3.59877022513
6.21200030495
2.67818674916
6.70139832552
5.28021400097
6.24497555738
7.17323748678
5.98905957809
0.409628376835
4.66514369761
8.68805224584
0.529447764504
10.2888323392
7.07325294956
3.75590469125
6.69180278977
6.05171044519
5.15967643038
9.89019486079
1.30350949958
5.97723055505
3.78782856459
4.82721461672
6.07815546031
2.57955040307
8.06179744743
5.60805215183
5.83546311461
2.59472129832
9.04829575617
4.34454874702
6.42692602437
7.7886823915
8.25863666084
7.43817884637
4.8737724653
4.95371784534
4.72412781143
5.7783121563
5.02744533815
3.2670346327
8.02033550413
4.38348783511
3.30677223793
5.86874329984
4.61293402217
4.96213888905
6.53480934471
4.2301481815
8.12484666988
6.49484326262
5.92427037602
2.77053467158
4.71753536455
3.93508989009
5.31310526166
4.84112921171
5.42246957301
2.50608186568
3.67155353356
4.02648223473
6.53803308746
1.63299989612
5.93666116543
5.2216247643
4.53553647209
4.04435547331
2.16378528587
3.88745599229
7.7180933852
5.18737109381
7.44553802548
5.93777948392
5.41356373727
4.72620721368
5.1272329324
7.24544861431
6.42219976935
4.15233195324
7.29482050976
7.56284311189
4.5865671157
4.97893519403
8.85789467217
3.53854644696
3.18448345033
8.90113403182
4.54580353616
8.08220048917
7.39338493694
5.70999937504
4.5135644582
3.914772722
6.52625684166
5.2709296154
1.45464584651
9.40865350613
9.42069204007
4.20182969722
6.19919526749
7.95375626704
4.54459351477
8.20758746843
6.3205199329
6.97114676925
5.66057578987
2.2870485877
5.73504201884
2.10039860625
8.27114509112
4.60221839824
5.6775241726
3.56412647245
5.82624073061
2.58114888911
2.7187212899
4.7027036613
5.49762757654
5.90786248094
5.89175339303
7.25588973687
9.5442527107
6.64769906821
3.92888054249
7.28682410789
6.85145411046
4.05196210157
6.14521945674
6.17384490872
4.61885092766
0.0935427426113
5.49035732903
6.05658501704
5.3402389208
0.775899893098
5.49318383818
3.75857748033
2.22919853152
10.1057467526
4.13315807979
3.44625996401
7.27795317901
6.0992117234
2.64604882438
3.42209569153
4.93310491037
4.1819194627
5.84097788437
5.19511574132
4.52003473543
5.29169794348
7.00757701195
5.00970464987
5.77755896771
6.78884195141
1.92544054865
5.38022340061
4.45286491864
7.52548843913
7.99039333087
7.06165012593
4.19144765944
3.15282711877
4.01089529514
3.55591108682
5.31671487637
7.74383806549
3.59789582026
4.0931927805
4.48035647991
1.04763145962
7.93043228876
2.87773966184
7.45324372698
3.95731918122
2.82793719729
7.69460765264
7.05482288734
5.94744092538
4.30168234232
5.30509747737
5.9612423794
8.62734996397
0.816324933445
4.26609658124
7.49895359186
4.61765488003
4.02114437939
7.28639068126
7.42769148329
4.14470470262
7.49031991045
2.23698677256
7.23981211699
3.02475897838
3.28101524927
3.80358857329
2.1891025194
7.32407143399
3.47734338644
3.35690655745
1.52822217669
4.9226244289
3.73051285006
7.98740788661
5.8116875296
5.76226451947
8.36084700478
8.31045735718
4.02703192723
2.82958565975
5.36930659341
3.95665352932
7.62166713797
4.2399600399
6.41253688984
6.90560992539
4.5853851903
1.27889921028
2.48755394503
2.94019120535
8.13624672421
7.28238709855
3.82146324158
8.86324739294
1.69639248781
6.04572155472
5.70443605678
4.87674711366
1.86365266854
4.14353561924
7.57031258188
2.3038400953
6.84746610958
7.02681411353
6.51223979059
2.69700417707
5.53668392411
1.24975178215
3.97374182197
8.15559485985
5.5527900207
4.56318064064
4.47652781949
1.65258294352
3.50537839128
4.50081254471
5.38035274685
2.94324983474
4.0884399687
4.50534390366
1.96317370573
5.05523740293
3.03944823906
4.956761785
3.96485943182
5.28970427509
2.24858671709
6.43420769827
2.98300491575
4.94428226182
4.80804686284
4.1114299766
5.76581940487
8.96625529897
8.16139543907
5.40805935926
1.24607813792
3.95360791418
5.12460120411
5.05109384802
5.11359089101
6.92375466108
1.95663535844
5.50027454702
0.724280194221
5.65994097318
1.82219663594
5.67620045167
2.30761108239
3.598444541
-0.270158798762
3.56283130846
4.49790479268
8.39570943856
6.87362862996
2.53797598436
6.66983061597
7.5055051661
3.61575258755
5.59844308127
6.41096887641
5.29062341784
9.26315857684
0.539417556969
1.91731029255
8.94644476612
3.61083094925
3.85327568726
4.6124678921
6.40405381173
4.73426132263
2.16432265737
5.88590704455
3.8818280357
4.01988550037
9.57542496312
4.00993407469
0.325954756318
1.19768347878
6.14710782066
1.5699705232
3.37952970264
3.17854263716
3.35326042398
3.24214279557
6.50788044131
6.60993668308
6.11110539421
4.59311513506
3.36435103239
4.49440103585
4.85204749054
7.02607177049
2.0824084762
5.83480823217
2.90650355762
6.89825231641
6.98213830771
5.52465002525
4.56874778348
4.00175454098
7.93582824461
4.16093399202
5.59712005973
1.67856862552
2.50695838247
4.8227363807
5.47418605718
5.54354859521
6.4394709313
6.65514943332
5.26878729171
9.18881892599
7.31138659355
2.9564424604
6.18971868764
7.3563537793
3.83029947415
9.81331567656
4.1578912831
4.95974734305
5.89228751252
6.23838465854
6.9883305352
7.84126687032
1.15358330827
4.26897222145
4.05708513928
3.74973346448
5.95783676885
2.07188890338
5.35400738181
7.83913168208
3.42034931688
5.45719515972
1.9532563771
4.28520437455
7.32819137155
1.91364918783
2.65326746691
7.70473938674
2.26050220236
1.87300972224
7.09540452601
3.69730540799
5.80434259677
3.22848794284
2.55473024689
6.44571068998
4.74523647054
3.77436502836
8.07635934996
2.53243685842
4.64593647342
6.81846137714
5.07887988258
4.3226701604
4.83234498015
2.82075722509
5.6989506158
3.30180188959
2.2618770034
6.33275469365
5.1125402586
6.78096468481
4.6716630621
4.30339085023
7.77613942725
6.68513007033
5.40794826965
6.19937899903
4.54437355762
1.51545280515
9.34274103838
4.44082271455
6.85379476309
6.30009263227
3.93184729658
3.61413522675
3.22728876797
4.7006847845
2.3846054524
4.31928730261
4.50141050354
4.70373628021
7.49737593776
6.26538732414
4.89201224088
6.68748136135
4.98959307704
3.92170073537
5.99767610535
5.28764950076
4.66098556217
4.99444862936
4.37896256286
4.35445636243
2.92434629778
7.05803591545
5.58663534369
5.14473110478
5.77479977516
5.94667620882
4.05335056996
7.13632062783
4.5090927589
8.9240914839
6.36562559289
5.39197786422
1.10430567831
6.69883158055
4.43001818142
5.56865869373
6.98266034133
5.7647322046
3.07314248527
5.40773640248
1.56317177364
4.56061883925
5.06923830527
7.00162837746
6.67732699538
5.26110266741
10.349395229
7.34276175037
4.94669224102
2.88057599841
1.18068168604
5.21060751483
8.88957409145
9.4359569352
2.76721637389
7.20851713347
3.90349964101
7.13070637837
3.30445123978
8.91900761974
4.00240613444
1.579519998
3.83851343927
2.0154774026
9.05420851685
7.31257076085
5.14224273474
3.74632510036
7.45742423616
5.94479707326
4.62543940741
5.26999613392
1.91607039025
6.31480614645
3.14674051982
3.07256633626
4.58478743825
6.48873946747
5.88296726263
2.49070234423
6.67343036212
3.25086762764
4.74954902215
3.86832627953
7.70044298105
4.31862091184
5.7036671485
2.09930310419
4.4376039157
8.69128101457
2.17239708128
5.3054589132
5.68190145001
2.15934714199
5.41002892016
5.50277945135
8.21394419426
6.07384829011
2.7524087461
6.19645692497
4.67679214143
3.48897094799
5.2743758392
5.51483219298
7.7838762021
2.65645935748
4.79020256301
4.02372687428
3.4172350912
6.36445651066
2.63637453417
4.47921785704
5.72499790383
9.22643917572
7.26171518285
9.21394711569
5.08392109961
4.51360823771
3.78787816979
9.09949929575
4.08110651712
4.16943989779
4.20994098544
4.57933017565
7.2898918371
6.38136469036
2.67880286884
