4.39211543946
7.19478947271
3.57231859635
8.88003672512
7.91949316891
5.04182594381
6.50170821592
3.02477944461
6.7897702977
8.74789291623
6.14122122739
3.36070804068
2.55904051485
2.89662185341
4.50614135122
6.84774061802
7.60068648672
4.25880924473
6.66662216862
1.57716680129
5.5818010884
3.03235540994
3.67968316046
-0.121691798742
1.94736745774
5.89328067113
8.05205475363
8.32446834111
1.33014222195
5.21203164955
4.20951261844
5.72722774192
8.25917443879
6.7115105863
6.29165097319
1.04441427508
2.72825870061
2.73973650392
6.14159411032
3.63375371386
0.795498069805
4.44885822877
4.05821719996
5.46943191989
3.62162554518
8.5762014041
2.78281043475
6.08606673961
6.46922952574
6.78918983459
5.69053839167
2.23334044616
5.61291879645
1.2823364053
6.81138251532
5.58731917423
6.62842312933
5.71784284897
3.24196861883
6.60661703282
1.69696546238
5.20992562883
6.46380010381
8.86899209054
3.99479342636
7.40043333811
2.33051584408
7.32075791246
4.06497881994
4.39403242552
7.70068124654
5.46384422771
2.78789881794
3.18001099351
3.3656855924
4.32503669667
7.24695852884
3.40745701229
1.42783194461
5.41851052097
4.58239641733
4.07420239853
3.40512131726
5.18429556564
0.495777906459
2.9760800375
4.1909055434
6.83123832579
6.44141303976
4.51722317035
6.09845679799
4.61241816668
2.90853795429
2.73340448049
5.85695749717
3.4980965101
5.75675760932
4.9655092872
6.15657927128
5.62999983993
6.06094190662
3.46235899434
6.39915592632
3.1524694825
4.46360165969
3.28142839303
5.81557330486
3.51749404443
3.24426662353
6.92381684002
7.11015692254
4.01621073394
5.30126509614
3.00436446311
5.29565899485
1.32929505557
0.164316803443
5.79754431256
1.61908271209
7.20767000764
4.21900443856
5.07137376588
11.936996157
5.28972346895
2.32695279095
6.58833392242
7.73775563957
1.9809498076
3.35995587033
3.91680239615
3.05540743161
6.05850525987
6.61130033357
8.3385479249
3.99903871459
6.79495397139
3.75043720557
5.06938596969
3.67061020945
6.79705833974
6.85259627252
7.19101734194
3.33209096781
2.6726384563
1.47906946239
3.3719200319
4.94503440065
5.60359525656
7.0501141647
6.82973221563
6.38658007597
6.52641914932
2.74595193228
6.35765268696
5.82024863462
6.21754647009
6.8370531828
2.78376154401
1.79396992298
5.00359521224
4.84412358433
4.00222731596
2.43856765279
7.12501334172
8.11246038064
4.09990193232
2.05750530807
-0.523856508904
3.44825627392
5.95814465407
3.57969313456
5.17296940391
3.80922414302
3.84343196062
3.65193436428
5.91371078654
3.90356801574
5.40818315444
3.65383559136
5.9293371153
6.52230868508
-0.405273558738
5.35152700991
3.05700469437
2.32591526864
6.34792715912
2.46474086848
3.77149326321
5.81264475749
6.02127834904
7.55749021444
3.42770959841
2.97098206112
5.69919480306
4.2909581634
3.22076903256
4.16548400134
2.46837572296
4.66346514806
3.53066413264
5.99842692041
1.76158285573
1.12720356197
4.18971506172
4.59705718635
5.31360291701
4.83174801755
6.72876668454
3.89454589868
2.30888554896
2.69628742368
5.94437620697
2.96143984225
1.99921494238
7.50366039647
5.61701066122
7.34141346224
1.10946510339
7.6352723174
5.92004014088
3.39546370635
5.47271413169
1.7325601742
1.69450106038
2.609888135
9.86628133266
4.80779043379
1.83878958741
6.94111549423
5.33870367164
8.51708374987
3.83255913897
3.58987294051
9.57863505974
3.58249098494
8.70558079443
6.10129591297
5.05393089329
3.20183686833
4.31668625104
5.34431338134
5.92884444173
2.32349038437
3.20643538361
5.57081544259
5.77861493557
6.54753278661
7.99004475499
6.0192854076
6.88851826552
9.4128177165
5.61152366173
8.59082220524
5.11133084158
2.9890580698
7.63425503049
3.55089797888
7.818707884
4.18576612448
5.64218011722
8.00298293118
6.11443169139
8.33320880434
6.56021095091
4.52814014585
7.40725677593
4.89277100399
4.18347716764
6.23542809287
5.55542367579
5.57401618038
4.12766098457
5.11507592727
3.9684394114
3.4943210448
4.49034726907
5.8366345965
5.82001739995
1.26482964793
5.36260056506
4.20563329001
5.11576292344
2.91609022237
5.38626887225
7.50691125841
4.52792735931
3.44392086471
8.39942567314
1.63924048706
5.04112578423
1.60309492774
2.82767536097
6.64034366229
2.70375187144
4.61821171819
3.56366243243
2.5072309081
6.18126654119
3.69254727081
3.62017291723
3.9269364553
4.67020216656
5.14267467656
5.94308684151
4.45300261709
3.486194073
3.30871421325
3.76795799264
5.6191036704
1.75434929059
8.50572786448
5.15855797669
5.81833353054
7.36142132883
4.6664385905
5.96486064478
5.45811283083
4.00054119333
1.52576478011
6.10641744684
5.17598449358
2.16429519157
6.43467341862
4.73361621705
6.03081238639
7.44303084062
4.80991937571
6.93585022737
3.45185958886
1.82087773002
7.36403526873
3.31968569067
5.46426234693
3.07547334294
5.22901369407
6.62535049148
6.24411994208
6.26976150883
3.08258109924
7.72563545574
7.01829380295
3.14384677227
1.29777555236
3.76346294603
6.24801826428
6.98505435712
5.30428748479
2.86854575987
4.72884706256
3.3422767157
2.85777698991
5.57896230917
7.05899814513
2.66959864915
3.37173711949
5.40371973319
4.08692110961
4.93768228445
4.20956101555
6.2043344132
5.1221021606
2.61016511187
3.24166872123
5.53974716232
3.26359502687
7.23194006725
4.90058131002
5.49440189969
4.17571804425
2.55126264251
7.37829218004
3.93858634437
5.43675600883
6.77660034666
5.14216349389
3.14921167782
3.99334654321
6.34308539627
4.03037007884
5.540992178
6.98810137837
2.4789286507
6.58208278145
4.2158956318
3.32160088145
3.62958463888
6.22724614644
3.97283653527
5.2833616953
3.37521113734
7.18590069993
-0.70241113032
6.13641015487
4.2802578715
6.442313473
7.53435321633
3.04278656056
6.37539463839
2.74014946825
3.41067153437
7.16754634755
1.01772442522
4.33641713105
7.25531810551
6.28711019227
5.32500440312
4.70456637806
8.20252764038
5.7806208328
4.74173492601
6.84843916498
4.48695489662
3.50445053526
4.31665176052
11.7753853647
6.8678561317
8.11605612208
2.36623090126
3.15304567173
3.12197994666
7.0810372615
4.44500426942
4.20211862196
3.06283374694
2.58544309482
4.32368470415
5.0273332381
4.10492928689
3.10345428415
7.40105886287
6.49276548687
4.83994830271
6.6246399559
8.31913914311
6.17935636851
5.96229928152
10.1008655349
2.8662157669
4.52802831976
2.71996368258
6.9053573527
3.94477927547
4.38222712131
2.76984603487
2.93813165461
7.10154973887
4.83257085173
4.1361132594
3.84464726924
8.94612090887
5.52154220829
1.20099594002
5.18998034252
3.52447491869
3.69766021699
6.56406169593
6.99152178851
5.52989830274
6.50251615341
0.486238007895
3.11060913661
4.81925094111
4.31278258836
5.04879678801
3.82261638836
8.08470356934
2.64796158638
1.60230596581
5.84454527393
4.96189866462
5.36801787389
5.26162664951
3.45297306983
7.52433645215
5.81757806853
5.94687653541
6.64074360308
6.34748044175
8.51344891302
6.73834696228
6.52923910794
4.81238511448
3.98286796047
9.81595190077
3.50495592619
5.00976393902
7.0868726892
7.38287972048
6.83098854979
8.21608478691
1.38306365047
2.98022462803
6.53391066547
4.05393435211
6.3673058456
6.57228372218
7.16572402732
4.04703281012
11.6412562214
5.46012694116
7.78747667027
5.66878389889
2.39351519661
5.44913414884
4.34041765839
3.66302225868
6.55270860566
0.6759455812
6.29077203302
4.87388605315
5.78410994704
3.70814066531
4.62308147009
7.05560117216
1.70936474038
6.67188943948
4.90664605752
6.79174026976
7.88021713119
4.34470649819
4.6246620283
3.56217469619
6.81070719397
6.02920487241
5.13092080572
6.40529454935
0.436919091127
3.09881806696
5.13809260107
5.77479132053
6.73291916703
2.21809745991
4.64555539107
6.71588087301
5.1155150877
0.283466538202
5.55204074386
5.10608744906
5.79465468134
4.78234429285
4.41253043404
6.78626719802
2.5442943557
7.60771375979
4.40364864778
7.33355189748
4.14047979774
6.91532494944
5.57226379111
3.40104741464
6.53384871553
6.62298997786
6.80813056827
5.93584443278
0.902985399778
2.33822766223
5.98441414206
6.21442135787
4.84549534971
1.61294851738
6.31636957602
9.36369128008
0.126501697015
4.11511266242
4.41664945335
5.45634273769
4.17762940201
5.45831122415
6.46995485736
7.73355490513
4.30321466492
5.1953126391
3.68122494049
5.83732918534
6.19529162477
3.47371139518
7.35466542777
4.02826472695
4.02248032302
6.66189779369
3.54288779055
5.44829229413
2.43062865178
5.83417337379
5.59184035515
6.02668397114
5.80228653814
3.92709777269
7.24361157586
4.97915378666
3.2399104303
6.81724457982
4.87857207941
4.71490308373
3.94823803571
6.38144000963
4.69925388934
8.03737074846
1.8098291518
5.76060936295
3.46015506016
4.56746603707
5.90801305407
4.52783713026
7.4391837725
4.83471636131
5.4272302619
4.55002903335
5.11072609127
4.69610621792
5.56718406766
4.25761967761
3.11863287904
1.75262651873
6.94416034672
4.15285460729
3.70831983489
3.77466042827
3.85200332603
4.14351316703
6.35443968935
6.53640950597
4.7321580183
6.36882451071
3.34872554252
9.09108295167
9.14594292371
3.88355977352
4.21697185426
5.4797993253
8.06255797192
7.79691253035
2.40328308322
8.09367178151
1.85123744674
2.92369081744
5.98464348655
5.21337522152
6.06829860245
6.85452290883
4.55453679562
3.30621805748
2.91183447169
5.73683370626
6.780705263
7.1952911662
3.45729706488
6.19701303071
6.27510584471
5.48443517021
7.14819348492
4.16041450769
6.14029900441
7.1608139246
4.04712264231
3.76616107799
6.90831309411
5.64662738353
2.64518539286
3.72665644623
1.1229630451
5.58285729949
5.12164677901
2.92706121886
6.08527395757
7.80293395698
4.5787172831
5.13149184363
8.02929211704
4.45548644377
7.04106236996
6.25836599912
4.73159478179
2.81583585048
6.60252648252
6.60975018776
7.92466992688
3.61656980994
3.65981814969
7.44624592671
6.14672359996
8.06475715517
5.27682610545
5.39897431698
3.65533857791
6.52024007842
3.78689485761
4.94321513494
6.10041885976
5.62571373235
2.76638871113
7.24611177287
6.46804580423
6.74582355496
2.01746935302
4.6170522998
6.46318033767
7.18390805904
4.51402771964
2.41101330954
6.51282791668
8.27700755033
7.46434775845
6.21075629162
6.24879402145
4.54381477688
5.32271841345
4.17945479492
5.57255071266
5.09041641381
6.03735089919
0.887231823632
3.47976217457
9.43491581457
6.07152843787
5.94511626917
4.20552820381
4.81410588127
5.28158574322
6.73011169853
5.29851416407
7.16387357528
5.85006865616
5.57471190613
7.51993571551
2.70045234967
1.45725473
1.47594370218
6.24435607734
6.396757378
6.66676739025
4.57737491168
2.95180474764
6.89214734855
2.37287617707
5.4021748262
8.75833577915
7.96200253981
6.79322226669
5.55228799151
7.20747302181
7.96138469378
1.2608903568
7.38654001588
4.56145359253
4.71156341516
3.22047989052
5.16362612435
4.70311523802
4.08138730855
2.61071832833
8.33656691173
7.14979057925
6.86156043565
2.2176724429
1.34701468691
6.38650814758
5.48206534485
7.49326049905
3.69567272487
7.96922222649
2.09389566885
5.63298954187
6.40096144778
2.91220304542
6.61657613745
4.88505338421
4.4949627073
1.42532815366
8.36378167665
2.32477122984
7.13060841383
6.46168481645
5.20786022794
5.8567736607
3.17937632626
7.55814002084
3.15015886711
5.30095819097
6.62415323745
4.67543419738
6.03207834009
2.67624777018
4.24076989375
4.73282134063
7.08325274613
6.47343531196
4.40419475263
4.13221818078
5.25587156322
3.05556394583
2.36706244944
5.99186219416
4.13229643529
3.87201741142
5.13040781506
6.13890837997
4.13038518782
3.55207572223
6.12206839136
3.97853540634
5.37459004005
4.68841626678
5.86595824347
7.58500063586
3.87332423923
1.9013037252
7.8670672134
0.568647365533
4.90624313046
7.39535222604
6.53154249791
2.92049375835
3.58501830207
4.94888886229
3.66075072854
8.80285963307
5.84800199492
4.24565043819
3.4277731421
7.8665988557
5.47476114575
6.0181003115
3.16494851184
4.7033289409
3.24422467611
2.82200467283
6.6933360345
7.39042521593
7.608909178
6.08960854018
7.74521877757
3.53721991905
6.3071349669
6.90967908295
7.78449104599
4.89404545352
2.1250445078
4.94322346639
1.50603277661
7.85452273805
6.56362014972
2.79671992106
4.29042725636
5.5596793361
4.25047479212
4.56124401252
3.91550587855
0.731057762382
7.41797627382
7.31090153132
3.6404572741
2.52884518077
3.87390229513
2.58814355604
6.15083023781
2.21014651853
7.22948951244
9.12541317326
4.26032690785
5.31256278968
4.75193206728
8.81688482752
9.33283714346
7.12153168467
4.49952892325
5.81857927226
3.59048479806
0.84656284539
8.16736207464
4.29752039002
4.08710973034
5.4842805139
2.52723730351
8.43247396886
7.44958322773
6.34285878198
4.309232203
4.19770749062
7.70366731395
6.93550166788
7.09462709146
7.0588160815
1.14441317952
1.82127326325
5.1084523879
-0.23000033199
0.252227010436
6.56427121692
6.79733900005
6.55779051138
3.23876421242
8.42379053631
4.38747582904
3.83924854954
6.00115213469
2.01459188132
3.15823319614
2.82027433057
4.01637903169
4.86976443519
3.01464949005
4.12976081161
5.23541383981
6.21171654895
2.00512538743
2.8151997401
6.79574778561
4.88393440941
5.21785081636
5.51176055509
7.69950617321
6.2692124191
4.2779942186
7.54710177275
8.83283497837
6.27482214475
5.30344585824
9.44258505115
5.21220429754
3.40781547801
7.19358968484
8.16455420195
6.37376179905
7.02704033219
6.16553645538
5.62302743036
6.24278648406
5.47076862094
5.00518440223
5.28603771092
7.73878827087
6.22616472737
5.66740417876
5.50473145791
3.82555110289
5.47384003157
7.02892549973
4.60447388368
5.24087248777
3.95432361416
4.48652131238
4.87456430833
0.828733157343
8.01043207317
6.09025156043
2.8462789255
9.93398817113
3.04869515918
2.9589299421
7.39509898469
5.21755459851
4.26699847416
6.14295004561
5.62212089981
4.16375862186
4.13733352644
5.10465044992
3.38289498757
2.58827482673
7.49913347923
2.29088212774
4.85596638448
10.625199537
5.09276818107
5.28860290545
7.49234762006
3.74216239375
8.35103074543
4.74526131662
5.8966142219
8.13122207789
3.67785563855
2.59474538805
4.6181899968
9.08162098992
4.87487174407
5.12911387924
4.7762186357
5.39382802618
3.42694276503
5.15574117646
2.6556698976
7.55655501703
6.19816447376
8.69739477758
7.69118087916
7.07709517874
0.81245389
3.31148822634
6.19198062222
8.05482948423
4.58166349585
7.25442939491
4.86872692617
6.01448323709
5.20250255246
2.01594746492
6.52735289723
5.49667576745
