2.80858840509
7.10926948493
7.78063711741
3.18424092763
7.5746000012
3.91354962432
6.01751566063
2.98074081185
3.23302671931
5.68389976494
5.76534596804
3.04413352947
4.20238916973
3.82791027576
4.05134062343
3.84185517417
4.75934113579
5.72980595099
5.6500299952
5.52151450526
7.20722756703
4.84912702251
9.53821485271
3.05891783062
7.13334081404
4.96964046264
8.62456163793
5.63743935636
8.30659919161
5.55890292594
6.44476432895
4.30525463979
3.56661989894
6.3153108281
3.24500207293
3.70927002564
7.08277597438
8.898956182
8.32828965518
3.16420504221
5.15057975898
2.01293310702
8.26570053588
2.0372778049
3.08496974675
2.66242236355
5.70177284836
4.99240409681
5.33280445904
4.78791835144
10.5246877104
5.08565308332
4.05035127616
5.07166986587
4.72255602823
4.61792219456
6.5449598451
9.43559076273
6.45734776807
5.83938963845
1.30592044218
7.19290906122
4.81650534576
3.0452853328
7.08708104343
3.5412614734
6.84372907582
4.31055211549
4.67517647343
8.08566036529
5.15638305129
4.39049513629
9.23851556069
6.8883385629
5.97538389542
5.66282833391
9.70580451088
6.70501612378
4.35211163763
4.75886157377
5.05316317576
5.19047261734
5.92201361628
2.91248938685
8.34915421781
7.53219129978
7.96544861158
3.78618068737
2.49348311656
7.97886632502
3.59363470857
8.61657114097
8.37395803901
4.55406115771
6.7357273661
6.0739583415
5.89761203609
6.22148087534
4.11538179081
4.69065208873
5.20745668886
1.71298973955
3.20488367718
2.35059374582
5.36668291992
2.13359324606
7.1488195057
2.74785004167
6.54800481443
4.93157583761
4.07711683995
7.54505034602
7.58033333564
6.12545882816
5.97581538949
3.23040855371
4.39555235548
1.96437067156
9.37910332639
3.4333015952
3.69634042015
5.80653156637
6.12385490417
4.09741758119
2.20345530747
6.56340208548
4.72838411854
7.76511682904
7.22900524583
3.02637600581
4.02476553889
4.91580532726
6.85630240795
8.97950569085
4.91465298705
3.34433277495
5.51144698942
3.09170859421
5.59624997521
1.98573876446
6.48777332032
6.22671229593
7.41640375079
5.55408179245
6.90797192585
2.81635606003
4.19241227153
3.05413786295
2.47269341383
4.19889831476
6.17957003169
7.14194761818
2.22648761791
4.5240326632
1.87200869992
4.947793858
4.23768734796
8.32212026545
2.97780579587
4.92754075702
5.31185414181
2.03389782879
2.56196135823
7.96605121548
5.8492001132
3.43474238094
2.53751264348
4.43127650424
4.94424240851
6.30688118196
5.89565328662
4.8801976071
6.92825161338
1.29744618197
5.75359352269
5.91057911804
6.08443565107
5.22396497669
3.12970850569
2.32186035136
8.53815908696
4.74472301985
6.77162719371
7.58431295352
3.72934556357
3.6659573466
1.96995464556
4.21194099801
6.39253179113
3.64179470136
7.63925504347
6.16343809763
8.50215260524
6.00955838571
3.63636372293
1.08890591108
6.62888512062
4.2764225453
5.79081624543
5.165911306
6.48582699855
2.16321085465
2.62962845451
5.35393091856
5.45872838663
3.86459320709
-0.395915785074
3.28001782046
4.87103424332
2.33155874626
1.60907613953
3.60295155738
4.56950648713
6.97916071371
1.74337764417
3.46455620552
3.63164152523
4.92244170622
6.53341765362
5.89356663926
0.678780613252
5.42508429958
8.15472614381
6.74142952037
4.3430545237
7.95349264375
7.9416830965
7.1381949981
3.93933096495
7.23503636301
8.18217543524
4.12717292464
9.31218526977
2.1459960464
4.48640254776
6.78913961801
3.38776742629
4.78867162031
5.05993029438
6.04660257373
7.79537691565
1.83179080566
2.85801058154
6.62666032813
8.629681892
4.29914854526
5.54696655175
4.52950637677
5.55730435158
4.85507566098
3.27370157884
2.84790223097
3.78237164327
4.38995129857
4.23788824481
4.135999573
5.56250853474
5.77194040963
6.72969176988
4.69296533155
4.97195544258
4.57293490046
4.99069151306
2.3850859857
4.23889247781
6.85159231103
5.60342499705
4.62260890413
4.34676238049
5.30141073393
5.94836366686
3.72016724544
6.84677866958
2.46222483618
3.6465540017
3.48043013064
1.01170963482
4.16856740926
3.80809514381
2.39965622115
6.13782337043
1.89827867128
7.39191802505
2.92797690459
5.26122473617
6.70231783367
2.8250353603
3.05078750898
5.62685331444
6.26613935064
6.18815586641
5.18654218236
5.94392005286
4.54004336079
5.86793068349
2.31803275852
2.62554497891
5.69070287302
2.90899370943
6.05532603244
7.17946995407
6.12351342039
6.63374457926
8.13782823614
1.76590867794
8.0395522753
5.01911643793
6.41971694533
3.46221234021
2.35043264906
6.60031806694
0.410429533908
4.44992109301
1.89073455627
3.69382156941
7.59746107598
7.36564704668
3.83517870928
1.81828040216
6.78627341742
5.55461643464
1.45617822741
4.99880961588
5.6057779719
8.8857377633
5.4048878991
4.35653742677
4.07641975407
1.56403921418
5.97334785877
7.88903368446
6.96687101528
7.43887731107
6.71390255184
4.71111985988
1.73361228921
2.85155357508
6.18281309996
3.19717796451
1.0191483271
3.39854046303
5.23112064121
7.70109192345
2.60557927125
9.68970352505
7.17761305039
6.48937411391
4.43356051606
3.51081298318
2.9561002244
11.0320627768
3.39098683154
3.50713020477
0.982905805389
6.56211081889
5.65390298245
6.34113266277
5.97382735617
10.4077589834
6.76507737978
0.857900099876
7.41316893748
2.06498790188
4.00956761087
7.29083735084
8.96573250799
6.4233315409
3.90629494439
7.85895665854
3.81296616723
4.61595759822
6.76179272873
4.83217277778
5.79231917853
3.7039699633
6.56990095018
2.23562422685
5.37667145806
6.84290332356
4.62098007222
9.08362467071
4.22496150826
10.0678581692
5.97576278762
3.41407577255
6.03838157059
6.85914761852
1.05837005801
7.51597475204
1.5053639357
7.23794950634
2.81261978448
6.35814553188
2.25761167299
10.0151530864
5.36600054227
4.50700493513
7.92004435164
9.00945038188
2.1138101888
5.11175439792
5.90645551396
2.66534315223
3.38045964601
3.84053750154
4.15464975436
5.3285443829
2.65620030708
1.23043900872
4.52974172974
6.19312959625
7.79174663146
1.87965887218
5.4150831049
6.83056595824
5.40764573932
9.49715135305
6.18441042392
2.73454968499
5.84417821984
3.33015180588
6.56589327038
3.12116576898
7.24537199869
7.53451139755
4.21784957803
8.17567685031
6.04594061655
2.87295247143
4.32077491963
5.55229076705
5.175375232
4.23449009534
4.35439224089
2.60187402625
6.62103295009
7.64319304293
4.16723333554
7.66811066441
3.88094286932
9.19983537561
3.54004833641
6.74386369202
6.33507455516
3.29389843115
2.00710201496
8.06990432962
5.07570992534
9.77064481273
9.07471065622
3.5292231006
0.0700514766522
3.7631646108
5.76894570626
5.39854605927
4.36556281813
5.50138117193
6.60911450901
7.84349305967
5.06479864191
7.95119128114
5.42307225017
2.74085677436
5.83830274158
6.70959267805
6.80448310091
4.17571844552
5.25423436
4.8568138374
6.07334174107
2.78557967773
6.83609402557
4.14930159038
5.93801056057
3.64335144802
8.91586143262
7.63597813423
3.40338905969
3.74734019046
4.73966692086
1.57720838657
7.23974881744
2.38920904541
3.4782391416
2.50193400204
7.54079314153
6.00537345285
5.5788797276
4.05427696275
9.03379744283
3.62296759785
3.15716771232
8.46126549627
4.93433933728
3.97344432712
4.2253097821
3.1692352686
3.61146805578
4.99391670777
4.13660007445
7.3887046817
3.12249094642
5.58904666712
4.97502589185
4.04611674908
0.634286738141
9.29079367008
3.37832156731
4.40084721114
4.3296325381
5.06194435524
5.47958555789
0.732789469885
5.62931704918
6.53006933991
5.14281299324
4.98199512242
6.92616904863
2.59680540766
-0.981846923646
5.72333668748
7.83388541322
8.65280237935
2.27056529069
3.24833093985
4.21829293577
3.76255024208
5.51453904674
5.04688516813
4.71695172198
7.01654050429
6.2434279234
5.54916043365
9.20268397781
6.22544603013
6.18957725822
0.563757997963
0.39642537569
6.63750494836
2.58725351265
4.89075617939
7.4985503313
8.61047924099
6.94817000846
3.87744209615
5.78608501445
2.26127150562
5.42150814063
4.27178110855
4.73888993521
9.15068892297
3.28937792941
4.91691787693
3.38505434176
3.0474052588
7.57224021349
3.96421178752
7.85706352265
6.80018621224
4.98926337701
2.50969444775
3.91248658628
2.32433640756
3.07670271833
4.94417296663
8.57146272737
5.37782395775
5.23477579884
2.05760647265
5.45635112008
5.21986325435
2.17101825712
6.00413768968
6.83051465888
5.29374993529
3.48956765792
1.01837603428
5.51480882713
5.01631721771
5.0101796896
2.27498267244
-0.0603189396815
4.67928886984
2.57802158184
4.32352125786
6.61397134854
5.79382813322
5.37650770771
5.07930047469
8.30737277238
5.49191632299
5.04849729929
1.74497235228
0.369582185764
4.96664124968
5.98313889941
5.83326126461
4.88558100117
6.66003457014
4.04512816754
8.36550224804
5.75733657003
7.7969715453
5.29630506562
4.28559405972
5.05587297705
5.32636909593
2.35013136769
1.02709456957
3.58621891225
4.52595966752
3.54931566682
9.5541099871
3.31888461877
2.22499754462
2.25301086803
3.01929273446
5.58736626141
7.07888768792
5.77295107851
6.37675782703
3.41262713308
1.2997265324
3.34521047266
7.2457588821
8.12349171789
5.47164325286
8.05002376451
3.91645994564
3.55480803011
3.14994290762
4.88490440757
5.45619759991
5.08034621316
5.27585432078
2.82150761038
4.60696137738
2.19428532908
3.87384072408
4.09132450915
6.16901042045
5.01585271029
3.58564912112
4.68299997221
6.56830456507
6.17460847521
3.866161192
-0.0627031789701
3.08066379795
5.02077638141
4.63129396331
6.34850472301
1.96656782645
5.18104121948
1.87494812617
3.35812849572
6.75001286591
5.13609556663
6.40606758976
5.29128059016
5.5611600044
6.82994983494
3.40147270537
4.81806163796
3.20026946377
3.00346554594
4.86365587615
2.67588135611
3.04016477604
4.04100911879
5.30852407443
3.23405657322
6.75662552761
3.25307737767
5.45472527871
4.65442555247
3.62217801432
2.78364414466
4.58000944365
4.97821868279
3.95920689962
6.30679016126
6.71959271762
4.1041398317
4.65087339653
6.25408835416
3.23659100047
2.73015327866
1.79839785381
5.58645786363
5.7992222746
7.11482895603
6.52834130125
5.26098717323
2.77087255685
6.68802986554
4.62939802914
10.2529361384
4.36955902293
2.7864672352
5.21166402441
7.57155794833
2.67740942061
7.18171456617
4.40295930577
7.21265181177
2.59747987543
6.73608942274
2.2346389593
5.5749151141
9.05383090287
4.10445421211
3.09451164589
6.35386744257
4.57926545841
4.84686393903
4.13720701045
8.54035047687
2.95310355243
6.02253425675
4.13381560951
6.25074803365
5.36032393199
3.24939851775
3.33729514864
3.07863501291
7.62556534081
5.53598237959
4.90140353872
7.8590678293
4.96031029994
4.28856736377
8.53444412881
6.52520395523
5.67476405659
2.04528435
4.15312740647
3.39944783368
4.86624257693
7.25144213206
2.66761955458
0.626375519911
5.61560618778
4.38504747042
6.51775107987
5.17780882428
5.00452709811
7.94884146202
4.65772279816
7.05649049361
6.67502787836
3.94544970524
5.75336314917
8.50135778933
7.12912376574
4.43849626617
5.54168250935
4.56931977597
4.32233641762
7.29575460061
4.39698541736
7.18671026842
8.938011141
6.77444294837
5.84495676224
6.23565427796
3.17841257394
3.85546520568
3.95988101546
4.81067212147
4.51141658667
4.9770245975
4.90565389967
2.18346201037
5.19079697981
4.86817695747
5.46243146426
2.04244067795
2.79620313036
4.98828820205
3.36454858203
10.7636435506
3.14859243313
2.60250497485
3.59879793303
4.04249139726
2.33675157466
2.55683839093
5.92256262184
6.84990049941
6.57184802042
6.73607997139
2.96812547599
1.25432722011
5.87937046933
3.31915423919
4.5766228059
7.13839673306
4.642958706
6.38835357365
2.24652391017
5.15003554775
1.28419215591
4.0228018298
6.21957493653
3.57242940034
4.76347103971
4.67113902517
8.45005118705
4.38829934341
8.58261436458
7.2944487059
6.93022811425
4.58883692678
6.81894613086
1.44445824523
4.21369828315
3.71732173216
5.82488844528
3.9099481793
1.75813005266
4.11987906851
5.43025779746
3.54004947216
3.50406456049
5.75011002597
5.57217039664
5.23721849582
4.64637929173
5.49253904846
4.29005856731
5.74247105741
8.38416791778
5.92345558443
5.80142594425
4.75813687874
2.95467012988
5.04169542027
4.95558615858
3.52172079406
6.24986135243
4.99391083645
3.48111713145
8.71844767763
2.12532478894
5.59058523392
4.44057216562
4.51058228461
2.7299208629
6.39236355104
8.35377853527
5.29058612577
4.50094472189
6.11231918368
4.27461926571
2.90744413039
3.84978598684
6.31018212961
4.13286888065
3.19583674615
2.41470732836
1.23228523189
4.64064856885
2.04635430548
6.30741420585
5.42336628514
4.37116854335
2.0232139355
2.31534742787
2.22016728295
4.92301907768
8.46145191948
5.4892193843
6.36776055622
6.47120723267
7.04142163605
6.31026571025
5.46316361355
0.0988200186447
6.207323816
5.55388685989
3.36680220038
4.68820123945
5.95602380082
2.27957130549
2.69665957163
5.94140258623
3.5673437278
6.22325888243
9.13686536305
6.38958143484
5.78783310467
5.27655129126
6.61542101268
9.66124098556
1.89867573663
6.66140294951
3.08677155599
6.63215424347
6.34352483673
5.92551956194
3.53710701134
5.7194235917
2.0042690051
3.81168516328
3.46320481479
6.92301848502
4.15190341503
5.46785197126
4.72870237861
4.60540401389
3.83888944294
5.45147516154
3.98619316683
6.28586400176
4.29491941604
4.84125229585
1.6682665802
5.46403365025
2.05148388611
6.29218239263
5.5927787089
3.6729396287
4.94305431232
5.44476094677
2.23862425813
9.13484685976
7.88629369141
7.47207297407
5.64699064409
5.52675090945
4.3184495413
4.09348751616
3.70261897193
4.42780253359
4.53309981622
3.87009933037
2.71995563159
8.60225832746
1.92957306322
4.07722497442
6.77259355921
7.65216031418
7.58371043752
4.67691189536
5.12273472805
7.3966439692
7.71706306531
4.0818674312
5.34850581634
8.47056145688
4.92977530723
4.32069797031
5.92272168371
1.89206232767
5.69532117609
3.98586368467
7.56604962116
5.51803916676
1.00079434424
4.50147951264
1.90986840648
4.102376571
6.03794424919
7.3233424489
7.60868711764
6.46461160274
6.49265015899
4.60120516008
5.51964364829
5.18870306812
4.46021378003
6.54906102067
2.21473823791
3.02292698846
5.67087034548
2.54402591312
3.14255876688
1.16120984526
6.26717683942
2.68485487111
5.71088705409
5.30418111003
7.02891593163
3.69746331297
5.74483105348
4.08320730301
10.1032866254
6.94537920191
4.41718709696
3.82191290756
4.11899442323
0.475213512568
4.10654835891
5.46976319335
5.90217765125
2.2354791571
4.51976034131
3.23260705237
4.44674654747
