3.8800076669
3.74232387913
1.58218421911
7.96848620722
4.21111573831
5.96161971669
3.41273921119
7.46298659561
2.99875604139
9.1056508622
5.67435537871
2.71452538846
4.61141895819
8.65818557207
4.6466822956
6.07846748191
8.70623421241
2.20566549217
3.81797022102
6.12267868187
5.75771301235
5.94346480784
7.92295014343
9.97144963186
4.88013231349
3.55799259398
4.03046794985
4.1667077208
5.10566493711
4.1233465451
7.35191288856
5.97227571525
5.98064033703
3.7798034074
9.20537604108
1.62783965163
3.82192364111
6.24902872177
7.2774455581
4.03744655322
1.86776793648
5.21367424648
3.78284689357
0.592237153899
3.88511013787
7.77880571814
4.26352557465
9.47527902412
8.79482396304
-0.798140913134
2.03327289393
8.11751747169
3.22236241288
4.96651883364
6.98694845148
5.56179616766
2.80053214316
8.85386777318
4.09804271861
3.5898498875
4.37662327227
6.93940685962
1.5381018672
7.57114122305
8.97433913977
5.05751519653
3.56481987416
6.46325447612
2.97794164843
4.83983065765
3.06961977978
7.04641683744
6.26342594202
-1.03774065107
0.986468497464
4.58825385676
5.40386344362
2.50715376649
6.00408003657
5.41398510788
3.66885670594
4.60927238808
5.25939257718
8.77384373638
1.20015887243
4.14629802171
5.97218499605
7.63938150361
4.60410306415
6.00601694647
6.53354930559
6.28976840538
3.94086048814
4.37102653768
2.77340740511
3.22429143385
5.0124183145
7.76960129728
8.45703514662
6.77033493947
4.92568432249
10.3315345842
1.80591553938
3.65903606028
0.844928241666
4.33449056783
4.8766819091
6.296048232
2.43324380617
2.52386708852
7.25725933991
3.6354144493
5.43157472433
3.49189756097
4.73035317126
3.88711244856
5.09500479873
4.81054438023
4.61291043169
8.92518314219
1.85708407676
4.47633825315
3.8275365431
2.58534755258
6.7444517503
5.02189683098
7.04443792435
7.26929167833
5.72582729146
4.63992854451
3.46913627903
5.02471200525
7.29987972727
6.07401195841
4.53012483663
6.7882615422
7.43352847082
5.034896722
3.54078595778
5.19376125244
5.06517097032
3.496258065
4.97909315795
6.11957324793
5.61949293148
6.56225694442
6.80403846765
5.26835670135
4.30630428498
4.74257450051
4.0188940479
3.48352259445
6.66280376549
9.49026250432
4.39845377177
5.953464587
5.99921758113
6.61776202797
4.76170529115
5.47075759803
4.03665189239
4.50790761961
7.60732473439
4.1893423067
4.31081615652
4.45665731765
1.30114002006
8.45540060205
9.06621577558
8.13109293892
3.88498996386
5.30996432471
3.22854286157
4.20075523297
3.96729794831
4.76260008052
5.06080109392
4.41712117555
5.57575590398
4.85932412705
5.50138210873
5.83063759037
4.560046907
2.36487284633
5.66828754095
6.3204579459
7.44506682144
6.11640727525
8.32127924768
5.99804232152
7.17445527628
5.43880111091
4.49126918699
6.58052638329
4.51897592888
4.34815288356
9.09751481182
6.47849733941
7.54155141222
2.50708524123
4.11737745383
2.53270647526
8.18637683376
5.44419772925
5.30057486929
6.14732563591
5.33929994858
5.89323982986
5.44192100795
9.56848977986
6.59541683865
4.83672721537
6.38713619592
5.47654475751
4.80123678
5.86558246801
1.76097448047
8.37012599527
5.24657006429
4.50539153486
3.24489172982
7.61498164548
4.05334678495
9.3532404411
5.68888157928
3.77114912925
5.03613793764
1.53572417976
4.59910886406
3.64872659033
6.54516013237
6.46671801488
2.75624572452
7.75228941982
3.99929970088
7.77873755317
1.57335244935
4.6183738182
1.86599360599
6.89160026136
4.98033179558
2.52190119841
8.11485150941
5.37541863653
5.96802328307
3.81703852075
3.96728838313
3.44909928891
4.23400392482
3.1356420322
4.88891348281
4.62417153387
4.6030108965
6.94415603861
6.71197346566
6.97479771671
6.59861457486
5.69716570209
1.98801565993
6.1286757986
2.43562488322
3.12556952758
5.89023897806
2.31659200981
4.17236910976
7.42223490699
3.19292536802
4.5504342901
5.67778713037
4.84766242036
4.48205519007
3.75015020807
5.90601931438
7.55413677198
2.70214618217
7.1455121973
9.85965453437
5.65709614353
2.90924553555
4.95776964067
6.41256577075
1.57271214808
3.41378958803
4.80744006665
3.98536232542
3.78371239454
2.82772024885
8.01514015522
3.20833614524
7.36802005163
10.0481298857
6.5643202739
0.839575733841
3.57052246616
2.95538513779
4.95030864491
6.25180788259
4.68080851632
5.95860542706
3.04651018025
4.31742946407
0.890462676938
4.50690733919
5.92838712566
3.82803525303
4.39863868308
4.07086626906
1.72778856647
6.66976525591
6.59507913787
1.95464306395
4.48812667578
5.63271766546
3.5087218226
7.69898089679
6.33716930107
3.22083451355
9.44217442212
3.83893909544
7.66238192554
8.06063669143
5.02979521864
3.47887473182
0.803301480671
4.43717926666
6.57153223395
9.25564549372
3.23629912034
5.01221167648
4.58217464847
2.11918520068
5.98730433719
4.97052440779
3.6049305902
6.33972302929
3.34898920301
7.3091881908
4.87073348239
5.24393057432
3.93648963333
3.93720025943
6.24085344622
6.33446391047
9.04759098594
4.12564149961
2.64855553269
6.06656518102
2.91562790033
5.46867238349
6.3192967394
1.69219872142
8.10221137846
6.83838234803
6.01299361992
4.44940369048
6.43493920293
4.59814624682
6.42353099794
3.30212765374
3.36933498293
6.73404816434
4.40123388511
1.70032599704
2.22624794934
5.73237281972
3.40728233907
5.60798884616
4.28817934458
8.38429136157
7.00874601086
4.21386847917
4.4562509548
3.85263337626
4.25997089787
4.60471692548
4.22248573948
4.21488592651
3.20904286566
6.1676559529
7.88090458164
4.81190120498
6.6477223852
3.39036941475
7.23400550316
4.9834421728
5.00276007468
3.8876647786
4.32048029716
4.34234450964
3.04916990661
5.01673469011
6.33215509596
1.54061365953
7.60394041913
6.39101802348
6.717414886
2.93594623139
3.3604300162
4.86062513828
3.67100988292
5.57492679457
2.36439299293
4.38671633406
5.87338869495
2.42087638826
3.06603322186
3.70512027003
8.90274812278
7.65435796174
5.04247022834
4.23482183348
1.93606850308
3.79739867381
4.94415447303
6.78442295976
6.54940576914
4.07402619232
5.33691187617
3.32890024759
6.64199892702
4.39537097548
2.2670703248
1.789328321
8.85342121785
5.77142401359
6.27334036288
9.22337280831
4.47918321907
2.16448963146
6.17989432365
6.08698827065
7.21730045501
4.4753099557
5.29510931815
4.94994359169
4.95224233427
5.57104150147
1.98114227279
7.80918593259
4.61224671196
5.42961750961
5.64114285874
4.78179049552
6.09667564218
0.80592279603
2.47463286447
2.38520670243
6.90782613798
1.84283185766
6.78710998008
7.94896859863
5.53962432053
6.31811634944
5.58099450983
4.01782485587
7.54726488386
5.89814355441
4.55440387097
7.30692717964
6.54384678754
5.91029239724
4.27173453029
7.88351320979
2.16803262357
2.87091275962
5.76180261485
4.16608054682
5.37697691362
3.65728065659
4.98771241268
5.84534706946
6.12662879296
6.94300764547
4.45568686621
1.92591778202
4.75101495734
0.391512888437
4.39627592745
5.850211298
7.51471430831
4.49616259371
7.42510289281
4.82420668016
3.23319814285
5.25186650978
4.73010486821
3.61113786106
5.51548566168
5.60681071937
5.23855427463
4.88015004227
8.66648734638
3.89767012128
5.49070228688
2.07005180408
6.14793497688
5.14123102353
4.05337031395
2.99060598012
3.03699861635
4.80344498379
5.5941868118
3.21956281681
4.37517345665
4.90281849296
1.51240326387
5.74713721491
5.31827055689
4.25212445795
4.66962358441
8.20808293933
3.38251213116
4.90383229973
5.70540922066
3.31212094109
5.81830527822
5.38410825331
7.27066265233
6.7151798375
4.54827963327
6.60055002096
7.66231553603
4.71977885564
5.50551799814
7.83350836661
2.65408686876
1.69136425652
3.44004690077
6.63646631291
4.80913525094
6.41112245262
8.83675669089
7.23990381212
3.34032619977
4.47519535201
3.51801975609
2.24378933209
6.09452315544
5.05440995216
5.44541222841
4.37443817306
5.05662386829
5.26465478375
4.9551054808
1.69226421612
4.32325010139
5.78842422758
6.28114038415
6.8642474026
8.13753796204
1.54278402286
5.4850374361
6.76165217231
5.45544907602
2.69834214653
0.00583630999931
3.47966417399
2.73960896441
5.83914626216
10.243888514
4.91581918866
4.69021806531
3.30935529405
3.59956246966
4.19058129203
2.65841599088
8.74048290925
4.31851208294
5.2762124606
2.87576103115
6.50845658184
4.09531256473
4.08061886092
5.56507186256
7.33099680731
5.72727353769
4.645005106
3.91389528271
4.27718354809
4.12623768511
4.5194875965
4.91175734491
5.81905025652
4.78312209949
6.10047497084
4.43479876502
4.13638002445
4.86443546679
5.89842206997
4.57836870316
6.82629754503
4.02955132457
2.38282308919
5.22746527292
6.49919161512
4.99189987682
0.0322278446394
5.60835159683
2.39828217977
8.48667668479
9.60019784246
4.24548154153
4.36733116354
3.01644282087
8.94465857301
5.07566170816
5.4908416063
4.61554840469
6.8311612055
4.69936693741
0.523851903042
5.05988723165
5.50795889908
3.62087931789
8.65502170357
0.944852295469
7.45270487988
6.54792782826
5.96100408597
8.25940744709
3.39300487457
7.78254840427
2.74313564199
5.12922518309
2.85059869044
10.5494340056
9.0536461707
5.12067337418
1.62796037793
3.02255001042
5.11156310924
2.04223578149
4.86442332195
5.93231102916
5.85972216609
4.34988479431
8.83023035859
7.49056514598
2.32404124866
6.09041849532
3.3506942118
3.43303678445
6.61646405214
6.15405138357
3.69891309915
5.77419499094
2.55280813688
3.92774933696
6.46484301723
7.55897256453
7.32173684052
9.85113472897
8.48760067624
5.42977875404
3.27582172798
5.06517455106
4.95385414614
1.82361437849
0.353320768442
5.3557916031
5.6235807606
8.14723453148
6.32765482085
9.85205628537
5.62087643874
4.65266553765
8.7037455381
6.96103960833
6.6811619939
4.51146225332
4.05980216078
3.76841174887
4.76066970901
4.53252632399
4.19414964525
5.2741068078
-1.39862377175
5.81318828944
4.7411972233
7.94492027052
4.02386616922
6.95073114888
4.86535576567
4.78759430792
5.25562025213
5.66839049312
3.69007014078
9.01895253836
1.42362389067
5.9603908261
6.21506594695
3.39728058338
4.97792835842
1.20377739791
1.49149578767
4.13258949848
6.62407094383
2.55181156694
5.13632355322
6.19290535314
3.82481803821
6.71750851334
4.62240233941
6.89993023131
6.69769407997
2.48167063409
1.87173280373
2.07661876013
3.7287069931
2.78385442969
1.59435803975
4.65566154676
6.48248923403
8.68423313042
6.52150788826
7.29736521297
4.79779552324
7.02556915478
5.95629150128
4.31719282653
6.28460627888
3.62114400254
5.15264645866
6.71145572321
2.68431368712
3.33254642105
-1.60860456706
7.82158116855
9.4880819262
3.15636429678
2.05325309558
7.2232550663
7.32540454024
5.7193577792
5.17808594046
3.95942706633
0.788715129413
2.68471436061
1.68792379333
6.03035164514
2.38396075115
2.34610540075
4.08471813203
6.57037351594
4.13977234486
3.07444134239
8.17911268683
4.65956871751
3.32351922062
5.34513657698
5.7490476644
1.1049590621
6.29994895165
4.27107468526
5.96346000594
2.35803062789
4.26703836543
7.64747577966
6.28997291032
7.54866660867
6.96531767131
6.03787552681
4.52182978235
7.54194716099
5.47937123437
3.1005474666
2.26067648968
8.09670386849
7.21690726593
2.86329040619
6.00447022308
8.05728363279
5.06822970956
3.88200683439
7.23409307729
9.16019737826
6.92366459133
3.54369294645
4.77822405208
4.86695837263
9.60790529735
5.7125786423
2.31183597568
6.18889626527
4.58013151214
3.57805390407
6.11518737989
4.39063163729
3.50825476783
7.37503773021
3.7561177499
4.68310456559
4.94413365721
6.09202623247
2.15095101216
4.66641376468
4.45582587009
7.22164670262
7.08093683975
1.81273442379
3.44720202465
4.27091707413
6.24112535418
3.50522037744
3.61841796079
6.09392917637
8.89393592379
3.60104737338
4.54309476277
4.44655909799
4.26527618277
6.02413986755
3.52809335183
4.09315522948
4.44614811379
1.24138732625
1.90785023666
4.67687644089
5.29658788586
1.31944665243
6.09977141141
2.33431202306
4.20760222288
8.26895292576
5.81500375352
3.37059828164
2.59661153756
9.3153016297
3.67424430358
4.84586154567
3.61978036891
2.67675036873
7.02517283514
5.85667412404
7.83389943982
6.70165363275
3.62290448032
4.84447115574
5.25282030211
5.22564435278
8.13521612234
6.78216696197
6.47030107208
4.97549471852
6.71616007829
4.71314424473
7.58284024875
5.81090697669
4.27280389639
4.46626784609
6.29503080038
4.75156764153
9.38473850431
4.29406315092
3.25983009108
2.84815620534
6.03617576834
6.0152807143
2.06854007309
4.91174905644
4.88913350219
1.35605448199
3.64445278895
4.7739365571
2.74761638617
6.87917499778
5.36695907433
6.30271000949
4.77772238957
4.8537388139
4.72034599337
5.301709032
4.92220092054
3.26914408105
5.80834725355
5.96564051101
5.97742313967
8.00962409911
5.14983194855
7.68751357886
4.89212658892
5.65398576572
2.78839735989
3.20400135038
8.39231650327
5.87986011371
4.92810741371
7.37089443353
6.00731574112
5.4895625137
-1.74042730674
7.19508181937
2.47056638006
8.09587507823
4.65082639902
4.93912284041
3.31352227577
4.02713179524
7.26925808906
3.97753977171
4.0694239775
2.60199721997
4.27136465708
6.53210897963
3.67642282595
4.5223804769
6.15027330001
7.44129329793
6.05982059083
4.89929806558
6.69655357654
1.81439676442
5.75087206335
2.86744387779
7.7461485896
6.62462256791
12.0293217043
3.37001259548
4.1270293262
5.02395726059
2.40311824503
6.76131302568
4.76431317018
5.93425111929
4.52200713394
4.98693941033
2.37547564377
3.7508698103
4.81661136852
5.94654038171
8.60655989158
3.86903994736
6.76057978413
3.09449756999
3.48914946781
5.34268205751
4.29123922157
5.73201398699
4.90115309586
8.42636102392
5.5298015503
8.88140253305
4.5888193293
5.60883744783
5.58451763779
4.8783832951
4.95558988865
7.31934348241
4.51838718228
2.66790302675
3.296617035
4.79252204534
5.48584144085
4.65376961978
3.8608353939
7.23844237445
5.67948809749
3.47482512642
5.34324805457
6.56408121667
4.36839530326
6.78862544542
4.05512568693
1.65764319694
7.67471236791
5.0329214596
6.61308085791
1.84726127686
4.46387865708
3.38535216753
1.43759051335
3.78743620219
3.75786987393
5.06593524581
3.10684173789
8.22616773132
7.62765938208
5.13170062803
2.92531728991
7.84000379005
6.42626741363
5.25278046686
4.60373370976
7.08949653473
3.81200462236
8.25245625247
4.13317568021
6.17885670014
1.76885504084
4.54225112288
5.72330778577
7.54398329696
7.23491801033
2.94922705327
5.32978473712
5.20650737021
7.29465765407
6.5721880829
5.17091258569
3.36234123334
