4.31803872632
6.51633853786
4.347790556
4.69778563205
3.37700088158
7.17170270549
6.99233268429
4.34183313905
3.80571008183
5.90411514434
4.77861703177
5.70436875
4.50675884536
7.76002243151
2.24764435726
3.78791722076
0.630555181824
3.57409606996
6.30581794636
8.22524216834
5.9257378252
6.40360726003
2.912892812
6.78504288794
5.59692163728
1.24540171527
7.9307290872
6.65143261287
4.92551747644
7.87850500677
2.03943147163
6.82611565366
2.34362338578
7.82429030415
3.20173918809
3.70682350857
2.95781166506
1.13795427806
4.98038050469
3.76232314556
3.77704678643
3.67225554814
5.92446550843
4.83109216387
3.62906052969
2.64012532944
5.65445828249
1.4816423104
5.27796779151
5.12028059528
4.67523622948
7.55462313714
7.70255710163
6.17194752776
4.75267694566
3.19114454963
6.20646917219
2.50829302756
6.3906708874
5.15774251098
1.17238652867
7.12075747757
6.41476281149
4.07928407829
3.71543276354
3.95516474893
4.52930048643
7.99611021259
3.33448704241
1.60414436221
5.29482140781
4.97814804486
4.49235261948
3.12539169006
8.29729630921
5.12204032553
7.85524184964
5.64849183458
6.64927997521
6.38695246361
4.39735021667
5.60248193789
1.96482092927
6.81060815609
8.67934143844
4.31988267738
2.26232047918
6.37120519757
5.03085345994
4.30257390092
6.89686029316
8.82352713794
3.79452274046
6.09958449527
5.08557768306
6.6716231635
5.06775337691
8.33731677214
3.49924141885
6.74856327146
3.39353394776
3.44726819464
2.56638612508
3.83262775058
1.63517205503
3.63256857499
3.43894844952
3.58409606709
4.07972176129
10.2778849004
3.26912498986
3.06258495136
3.50146223812
7.76039078744
1.96675351061
2.87262030102
2.31956236057
4.67334848785
7.80481530136
5.96376555086
4.62478026018
3.97528482284
2.24181952284
4.0523141221
7.25803454877
1.53205147419
9.53139826705
7.01359143044
4.86021246501
4.9820440288
4.96846046358
1.47876884934
1.43706294268
8.33638758969
-0.493259090828
5.59558756356
3.86248941827
4.05229899818
4.54241627819
8.17485604362
3.70314145742
5.98605979389
5.86329679137
4.99986540432
4.99490112631
2.97432189084
7.57014899287
3.36382390316
2.44578181861
4.90075404111
6.44269257619
3.86460690781
6.44071790692
6.25171792937
5.78047912672
5.66142763168
3.87926235242
2.43402305628
4.8058370841
7.41243540719
2.47962252811
5.49621150934
5.12321448373
7.07116710157
5.39733780042
5.94252229937
5.68077117095
2.33044503
4.54239110347
6.95417642454
7.52597282753
3.77888734989
4.66120076418
6.03912859554
5.30792730217
4.6797856085
7.78776493111
7.64241753622
6.84127655552
2.78606063786
4.24914362974
5.6140848862
5.91555116812
6.91024882179
3.45369467502
8.4838050215
5.63627338478
4.56339965249
5.54764983969
5.98236136813
1.91376668669
3.3413111991
4.95224212795
7.004838579
3.41238433906
5.34632362152
3.16266385065
6.84232670879
2.93366537308
5.65740890759
5.36747082024
5.20796878981
6.03250492395
4.23962171521
6.91306008985
8.36623630575
4.41880949863
1.65003844871
7.31963326427
4.47875762734
8.81022746194
8.17534670107
6.79299976008
1.95022865123
3.64113933085
4.65841320698
7.39954590746
5.37667684351
3.92689781066
6.31728416702
7.42575967854
2.58787013032
8.63930037398
4.31882189011
3.25045951788
1.53363793962
3.9241937124
4.46216991428
4.27045204974
3.41009237986
4.11657359986
4.82668221097
5.46924777387
5.45763671812
3.92904532599
5.6793903388
6.3121936454
8.07921812079
7.54524820901
9.27857449578
4.03432300677
4.14896953785
6.77874848567
3.73323867199
7.26060760159
2.919996979
6.27085427675
3.96707155681
6.28344162807
6.63955200086
5.32196203234
3.2639001146
7.98556077005
5.87230235541
6.78733695367
4.62354337404
2.51113634578
4.25230047868
2.31861112533
3.89192034082
8.15279223811
5.06009818056
3.33114461264
6.19499108547
5.05939370324
4.47615936266
6.1121613137
4.37460440532
4.93439465294
5.37473831172
6.38745909549
1.07511359755
4.82224684278
4.26114933533
3.94050845399
3.04917433242
5.09074111916
4.8777681093
5.71439579816
8.52221633332
7.66712237463
7.43033473573
4.86890781033
0.900382258517
4.60098403969
5.77613393386
2.83276046613
3.7907265813
1.43437630789
6.11633223307
6.8397962261
3.10224260439
5.65898200239
3.04159541934
5.82370136842
4.05779731128
6.71676093982
2.24275625148
7.76279494473
7.56275056861
3.52883436058
6.16929284876
0.710126167913
5.59074295431
5.02675221196
5.79072579028
2.7616418374
5.35645915817
4.12968783198
1.55749996383
6.88161186531
2.60110481114
5.56892059518
3.50515509327
5.74364792658
3.92961390576
4.38865124302
6.87990785975
5.64927743974
2.83796513467
4.09302239612
4.82448591338
5.72473529139
5.52822664305
4.01788761265
1.67135894052
5.2318018354
5.85140613997
6.45083235765
3.70264863533
4.18193509703
3.72051837121
2.15867871057
2.09184741474
2.63975274785
3.3153251794
5.27379187071
6.36526165071
6.88349868661
4.91693954057
7.52110694883
8.61246069898
7.19714862313
5.16158920032
1.86663447041
2.48157004804
8.42846003974
4.54770239981
4.37348303787
5.93035024276
4.93910807614
2.83827885624
4.74779423533
6.12352214385
5.72341203697
1.47062358777
0.967260609546
5.02310398832
2.1542995685
5.32539761537
4.65220246113
7.52240411028
4.19887509464
7.63871205666
4.94206090306
3.01574416366
4.87516733343
8.31205082811
7.46877626151
7.38188046731
3.57057326043
3.56534859607
6.39627723775
4.44423657328
5.20064511385
2.97933558485
6.02196391976
3.41613974002
4.79285720179
4.17813363682
8.31759693954
1.07154308748
6.98082137763
4.21322340151
7.25891233784
4.27546132124
6.58343728878
6.53676035364
6.35246015247
-0.151206236593
6.73970621387
5.484298436
4.08128735454
4.68935751503
5.24983619748
4.82331387881
3.10810936533
6.66122407846
6.89897602191
5.81766568163
8.94155263343
3.60892523753
7.63265828576
6.61758997816
5.45033649306
2.28617920672
6.62353181092
5.44035985888
2.94285339339
7.63063245102
4.78540176577
4.04042861292
4.3542407402
5.74398777936
3.80929458696
2.37086679872
4.28359504376
4.94593651205
3.40918037287
5.28680026073
3.79087634329
3.63629247926
3.97726221658
3.45338571803
3.56728387256
6.23171141518
6.00726448827
5.34862553195
3.40617111127
3.03972710186
7.22445695578
4.7850724703
3.95530015517
6.10966289051
7.51145243802
2.02882603757
1.50781969012
6.45974769547
6.37591678675
7.21412856106
0.77617663823
1.9022126958
6.49354398591
5.41075786966
6.41874452568
3.72382867566
8.278138587
5.88396000906
3.32832235592
6.51578582959
3.97665472866
6.52809761397
7.66240595765
6.28678504599
4.01365824487
6.8127676054
6.75752216603
5.61180482155
5.37678618136
3.89437224964
8.27049585712
3.66354021241
5.82706345264
7.95013665173
8.33315243319
6.30817022544
6.97635248439
1.64700114519
6.04934767837
4.38302902619
3.8441836312
3.38874260167
5.3689493955
5.59026633479
2.26852423095
10.8225586382
5.44311427367
7.09321838658
6.65984618793
6.10203265681
2.07912462608
4.54078888546
4.88691727657
0.989486372832
6.05187802555
7.98422649032
2.65700889288
0.0797962244806
4.82585600634
1.99043933178
4.07246449995
5.3133186048
7.7056026605
2.81969509643
5.3603478142
7.53014560226
8.46106815505
4.88517836489
9.97955897213
3.01148118787
6.9651433133
3.03553446947
2.48807727374
4.42157232147
4.07479181998
3.2770029947
1.66196913857
2.42371856448
-0.265496870473
8.5309488099
4.21734233221
5.46926920753
7.90760512768
4.60999845112
6.95189875904
5.78701354406
3.43054406328
5.95529342892
0.232745980612
6.84297378
4.96767966756
4.48624968671
2.11084450421
5.41873395596
6.54014441065
4.82479886737
5.94282588968
7.73608268154
4.50142863766
4.67754422047
5.08477436185
2.39060172132
7.96262952197
3.15869844516
3.8706077974
5.92634102857
6.87090739536
6.0246423212
6.61269023031
8.57647321358
6.58173625081
1.65320160627
2.34537920134
3.61534325166
0.793691800144
4.87396356077
5.27572162525
1.90924458693
6.84888459683
4.74523887278
4.40219207144
6.78970860345
4.11119896045
4.87925138447
4.48076126508
6.1231164522
4.0068846041
3.6710009351
7.22881210198
6.96878529011
6.4147868354
6.77010501954
7.31560244231
7.23916801043
3.96533547538
5.55647417983
9.45449117048
4.58440204888
6.969606381
3.40453706321
0.56713322578
2.81791193533
5.8724769653
6.45268874201
4.92541929873
4.19818210319
5.70963257816
5.1538642252
2.38840241313
4.59254345683
7.41659217651
5.20110655871
7.04514249226
6.11199416443
8.99019059862
4.99101630482
6.09701244705
5.70766267711
7.86821287603
5.45522044602
7.81197505908
5.01160685767
4.36474568066
5.30259041067
3.67610049641
4.78180924038
5.71825128584
6.99082051762
6.2764628456
3.3050753423
5.86815972244
5.86884325096
5.50906967697
5.12351143928
5.51518508371
6.34474573806
6.66716774971
5.29936672299
5.35346081973
4.41244316108
5.63445998541
3.52677887278
9.82854415135
6.44671385311
2.42318182163
8.64186521068
4.15962620663
7.12325952053
8.21425955245
7.9682784432
4.84839238735
3.44177054668
3.52484951115
5.9712774263
3.79001712268
8.13449699857
6.68208704915
-0.834127565913
5.62150422938
7.57342522853
5.44636346442
5.7162260997
6.13754244497
1.26075152199
4.11413192644
4.53236171526
4.43245182797
6.7469313669
7.16738930841
0.84949508578
8.17606564189
1.6630670373
7.31440154895
4.41310117633
4.94292061973
2.59986879519
2.99825048906
6.30342161021
6.91385264725
8.90904513425
5.13286775962
5.51079070249
2.52143849095
5.4538853253
2.08257033288
6.36891122541
4.42255060731
2.92245071864
5.07821995699
3.65012028085
3.9156990737
4.89832822878
3.75155420589
6.53927437471
6.93950000229
3.02640195801
7.35291995282
9.21275801106
4.48788806095
8.04053648696
6.5375977817
4.41012847256
7.06074931277
4.42875247889
7.52709429872
6.18669838939
0.410282735074
6.99200309527
3.97013881959
6.04180519396
3.8712920039
3.68854435909
3.86534528403
7.8031764551
4.05632369495
7.80400383698
1.11918154008
6.7403765844
1.63373371065
4.26203842301
8.28716349622
5.98804330866
4.18277405164
8.25742090588
6.07324146398
7.23993790945
5.38252635656
6.87790868409
5.41555162415
2.21495888927
7.53816462937
5.91977845895
3.93623658023
5.36385309816
3.5093773807
4.61951843334
4.37476704052
6.85626901361
5.23661398412
2.74863373505
5.03597448657
4.63791861675
3.83996548175
2.67809185825
2.75980650811
5.22017232976
3.67458865414
6.81108650028
4.22899909412
1.79924178981
1.82054990278
6.17959089424
4.26884023345
6.37974582084
7.64531259984
4.46701020499
6.70641590799
7.54528380385
6.98945787081
6.10112062752
7.94224784113
7.54253300398
6.04131750055
0.158080849906
5.52982266153
6.02402109674
3.88763875551
1.74633998861
4.60001023144
2.8961956867
7.33787549663
4.22818350981
5.97932861889
2.90725147559
5.23724728789
0.849398842547
4.3241384764
7.1092139246
4.58777394584
5.21096655822
4.37934828393
4.59721718565
5.67354028955
4.44504493968
4.22030615416
3.06626463868
3.46268363667
3.6320721008
6.13327813258
3.97581804433
7.37933876925
3.75283608311
3.79871121759
2.44651073184
2.40702476732
5.22923737465
1.53212511081
1.84857432627
0.731015831547
5.46343706914
5.81052971179
5.71508174944
4.84072099629
5.23971866935
2.71226519569
3.59334707197
6.96394507086
5.96532056408
1.42883606382
2.74197923456
5.72122629985
4.76436442494
6.26407882364
6.90570874425
4.52402046986
8.32859094202
6.6167169358
7.12145365441
4.53859268158
6.30488698455
5.78884421115
6.30328361576
7.3007566567
7.99580763017
6.82231295566
3.40085592226
5.57857538409
3.96553684523
5.3518419835
2.52005427394
4.74308582441
5.22328982106
6.28523839744
2.39886292361
4.67292173735
7.51743896971
6.32866967778
4.93647757774
3.54049892046
5.33936316585
5.02497455281
3.08770479679
6.56969834424
5.43446706499
5.94567148175
8.94024810273
5.24196971379
4.93977376932
3.97562333716
6.25112986091
5.06320580088
7.2887834828
4.62141172899
1.84361210005
5.01116671067
5.81683170013
5.04390534709
5.24274886689
3.24621783275
2.33749109433
4.73111058371
6.51433351883
6.67295619392
6.29084526271
4.36349823668
6.1265999277
7.15202626288
3.91585204464
4.35549887268
4.53789485705
2.05850454737
7.09842269739
5.27874112814
4.17305648478
4.76822461817
5.65278296299
0.915212748858
4.15747127503
3.37865359318
3.30865570688
4.44124720079
3.66112743047
5.68630531867
0.95878909223
2.60400450126
5.94956822999
2.46094199447
5.39405895419
4.0803613875
3.33859604094
8.41948807014
5.0105825917
5.61774857063
4.55387012243
5.29418345076
4.48659572086
4.58100315221
4.88626046104
3.52740202634
4.84489538079
3.02758925186
6.99566752263
8.17980299417
1.35534009276
7.14806431328
6.96896129998
5.79265715852
4.13452926187
4.61223433329
1.54742832115
6.87793239195
2.18072112297
3.91399819052
8.84195516127
3.07057596224
4.34997281376
4.75909959678
6.85145438145
3.08650769179
5.04945893295
5.77344163522
4.32424339411
4.89907130157
2.52792561086
10.5536733233
7.25426070902
5.18501111452
7.68229002838
4.72785944503
1.33905860469
2.84421995209
7.4087934023
3.57581702524
3.76502784144
4.94258362595
2.66401888705
3.05748272296
5.3582631973
3.46513582547
6.17784355164
5.52694001208
4.38860956543
7.71670064874
3.1435789439
2.86859656744
5.91608286638
7.03930708702
3.45832881801
7.09415609225
5.61833894335
3.39247535412
6.53116037745
7.08515004137
3.00436244295
0.161243722974
3.52157070493
3.73677945033
5.73069357427
5.64553051735
2.40404779461
3.90353371177
4.25602053852
3.99813980633
4.24719971567
5.91425076014
7.17789251405
7.74103683184
5.15472840101
6.71948695342
2.62319524349
7.67692361757
7.86596285333
6.58114001813
5.82362187124
4.41654615234
4.15138302977
8.18016656061
4.65220035988
5.38630621001
5.25662301386
4.0472265103
8.74063372681
2.38225672083
5.5700660621
3.47688954183
8.18063204708
4.13517587985
5.02382824899
4.2153355769
3.8680882703
2.82280203784
5.10061061852
6.02428384578
5.09283944874
5.50358860802
6.69360494341
10.2518824291
5.45078589721
5.33492027534
6.07096203209
4.45974221648
5.17124147989
2.02774840346
4.83623123484
4.01190507933
7.45749662256
8.07272547279
8.32595183449
2.62858378154
5.11087142433
3.8079843431
6.60442694354
8.67308816604
3.98577012378
3.7013125527
5.92285985324
4.43953010285
3.82148437708
4.01564454681
7.63219913304
7.71200165207
5.57283095231
2.29934746742
5.63023054725
7.16766013793
5.53167125994
6.31280243827
6.43845750066
4.68943990782
8.24793829908
