4.79801606403
5.33828844684
3.50029817085
9.92418252482
4.12661555411
7.94547399859
3.35100018844
2.64593006034
5.42974420736
3.57220966909
3.59565553357
6.70337920127
9.93748544994
4.88230397592
6.17126258004
6.29496361811
6.70654341048
6.47668633354
5.89487836967
11.7923059717
1.10354423363
5.55132302546
8.77390232359
2.1495908741
7.50801723016
5.86125023118
5.38843656872
6.23077109369
7.04075397527
4.39788658971
7.96225566859
5.1890412184
3.82169752432
5.55349593171
6.00639174414
3.01856340345
7.93142991725
7.134739745
4.14904154773
4.38598714198
1.44364083749
5.82613774615
3.24126802311
4.96734012566
4.37352672038
7.34481030404
2.90001350181
4.63223349934
6.68022482847
4.09333936131
3.27501715362
3.1147228168
3.84114106733
5.37335269599
5.63706851087
5.2477665611
9.97600536916
6.7495743873
5.02904348622
4.66656525839
6.26254457856
7.86557325572
2.47004824391
6.83414713616
2.4389468586
2.86423773544
4.76233452476
2.94492976536
7.47030905082
5.08291023533
3.06778536412
4.45640731143
6.7445466291
4.90473858979
2.54289355667
4.54992992436
4.57144162301
6.81893328778
2.70045025172
6.89722850972
3.82251733601
3.1844622731
4.2618823064
5.26253599407
1.58900980192
4.55012704098
4.93124333871
6.96069214998
6.70049179101
4.35018845993
2.39248667584
1.30335181367
3.73491351776
3.70521314266
6.56630921372
4.84734322228
4.61230353735
5.03505662873
4.84999565729
7.10026847398
3.56837124636
2.1444059578
5.38722063278
4.81420671324
5.25953334181
7.98549397706
3.85727274299
4.81126249113
3.84432340756
4.16603814868
5.99659396292
5.52536973999
5.38474342705
5.65311759913
3.96643485397
7.70869810357
5.61904563245
8.12567971226
4.91761009059
1.41322215606
8.52223564432
7.60630659691
2.26049190335
7.13617236469
4.45970497349
6.07232010805
2.63588555989
5.21151226472
5.13593780031
5.57533843823
4.19753985465
4.66304068881
6.64313060994
4.09531325664
6.07801702995
5.70326148203
1.54817015324
4.31039349275
2.46830114816
3.07591977734
4.59987041451
5.07775148021
2.15293497557
5.48090920483
4.01764212333
5.70466704349
3.05082114047
-0.0649843173922
2.0099014658
6.88125412689
3.65181969824
4.6439826982
4.70623323418
3.51756403503
7.64593738887
3.73019876222
3.05970785212
2.73268931994
5.94575685421
3.15508497976
3.92201236422
3.27703664536
5.15223836713
3.73682572456
7.15963711176
8.7867707144
2.03801543964
4.03286869986
4.81692425627
6.0040683787
4.81192621287
4.75015447288
5.58700173794
6.13583882054
5.20731365947
8.55878866727
3.78900550382
2.08878218735
2.97394915364
3.19757662865
4.51611212403
7.65082464748
4.40083904382
5.58911037977
8.08376269497
3.55181947658
1.49168955171
6.75639388228
6.76547056299
3.94475674518
9.09203869021
3.32982977085
8.14850697223
5.23201287966
4.34450412971
3.06947083962
7.1273889614
0.845005352491
3.59807100305
7.18190964367
7.30629283964
7.07622705417
7.58109818903
6.44988622167
4.32371420271
6.74399763836
3.60617381008
4.83720747882
4.0089948403
4.40542271035
7.39292171898
6.69591533922
7.14661982627
6.95991900417
1.86371174487
6.60999029193
2.81784747243
6.2871771124
2.42272939733
3.2912846216
5.70576549041
6.25808003149
6.14023547218
2.73216603279
3.12140110199
5.1954652056
6.79461025513
6.23660616369
2.07457305365
6.6793928754
4.02803990685
6.02373217912
1.88223652192
3.22805819278
4.46781649238
4.31699427453
6.32239018449
3.64245659271
1.82402396573
3.36369418402
5.08983086001
2.77437855489
2.53818997333
7.13162036976
2.4245567805
0.872222409728
7.41051417389
3.10803629464
5.01555694799
4.27932713469
4.50614045288
4.21103761939
8.20022297958
7.36012392088
7.11964133687
4.61663491296
4.86559945599
4.20890613178
4.62199711759
3.28763496367
5.5098187785
3.21387889776
8.96598008704
5.32010152762
3.15968744411
3.91151521585
3.63572824263
2.47891332688
1.68222331742
2.19677967493
3.04642654514
5.67681327499
2.9167408656
5.78204592574
4.14345925178
3.08305239034
5.14254440007
5.26698731128
8.84425212422
5.46555404661
3.09036011956
3.51802471037
5.72528211014
4.6954975268
8.60354466047
7.75133986905
7.300636119
4.77250045843
3.86552775987
3.69329104715
4.51372058847
5.47037322533
1.84480862116
3.43796269803
5.63679912091
7.9871260405
5.34651276392
2.71300579349
5.81094115953
2.42606199436
6.19340566064
6.32696103376
4.09386620944
1.00189703989
1.0452999386
5.41271180021
6.36163010319
1.32946972222
4.17191444972
5.73108144387
3.72545362505
8.12723514513
5.58570492836
8.50155242038
3.31280939344
1.84460632276
4.034773739
5.42934288332
5.10544853339
5.92288659028
6.37735069287
5.70114957664
3.86969336105
4.6627121321
6.49305840673
7.29934888277
4.9295575506
8.29851256616
5.1032187404
5.40107268721
5.34465303668
3.1339798571
4.08621606038
1.76488239513
6.44246901299
3.32629795038
5.42196072005
3.03316450422
5.1852776118
7.29795077543
5.39018957306
6.38700978751
3.98523189461
6.42916238333
6.35594448096
4.12936277681
4.88308982778
7.00341212008
5.30859538488
4.3331756517
2.86782924435
8.83168694515
7.36049074311
4.6522501724
3.51730523821
7.069982955
4.07966938288
2.36093648734
6.42605847891
8.10735711895
2.80410267988
6.18959705916
3.14234351493
3.85439980576
5.09931179646
4.57709634592
4.60244399475
4.03143632673
5.8023931756
6.21434700761
7.00044436841
6.33156060246
7.3043939593
9.7701741814
4.61708338968
5.0993097355
6.00905077792
5.93352140468
1.49963548018
4.26356583881
7.50917840904
4.89975743531
7.03348408401
6.95769854362
3.59686187545
6.9269535191
4.55309862854
3.34752224382
5.76238296725
4.54331649554
8.1419502176
6.97308245525
5.94267354696
4.01791712899
7.10799990514
6.71181100925
3.35661532556
3.44394217929
6.21069593003
3.3417929449
5.82305115734
5.15719969235
4.25734334208
5.37128058333
6.14102060417
7.7169252371
4.62975624244
3.56897086204
5.47961987696
5.4658064079
2.32719399172
2.69808673862
0.966720147099
4.96813049064
5.24656199257
3.35817152752
2.78244369111
6.69672205083
5.53211908494
3.29511349643
7.04404024023
3.54086767641
4.27627311651
4.04533626813
4.95375502369
3.78428196018
5.60095716678
1.78405560185
3.63533386279
2.17258209884
7.71725942577
3.72617348504
3.26779148793
5.935612078
6.96696540443
5.08824545476
7.55995208665
3.27402080048
7.00156973695
4.95479338687
1.8071207809
3.68378650273
5.59991068689
4.11703194281
4.11170046057
4.66973826907
4.12963928313
2.21343244446
6.58181134328
4.90575046044
2.99621464516
6.88760142095
7.80699985313
4.76537407404
9.52824233892
1.49567136145
6.55893901203
4.35163659861
4.02268151457
4.86364350634
3.43348143805
8.81811061899
3.37765905208
6.56401970062
7.29695448157
2.91960144087
1.27715070242
5.09982836915
4.46518352898
4.02718326351
3.08260568467
7.49528575582
6.66524708622
2.35766937393
4.04145196299
7.16910063042
5.84717874344
6.86458467644
5.0123861753
2.25131264311
8.0505573965
7.27519219031
7.71605572474
5.96347802006
3.7426611499
4.81789173677
5.34760899307
3.38806598508
3.36103044329
8.09352275926
5.27353817478
3.04718330127
9.27266732607
4.55523874813
8.81596987646
3.85679904654
7.89869584949
5.22291698158
5.13218825518
3.53451069789
4.54428366303
6.76321823696
2.2772316985
6.31257965699
3.32337429713
1.5414787738
7.89273403056
6.12433321681
4.0757438511
3.93264325737
9.14287432555
5.83055243635
5.08169817089
5.35558823894
3.78141019556
6.19545639364
5.84885167745
2.95292783388
7.84910143538
4.21984098196
5.81079234584
9.09683682149
4.34918269473
4.8544372441
7.2477861784
4.96354549908
6.6271043773
8.03890478075
3.23283711517
4.97872537964
6.6251779925
7.81752605544
2.1417964335
4.06705640735
8.89651712837
0.658889029532
4.63046112725
6.5864377378
3.37374103601
1.92153793576
4.13174734544
5.82320871583
3.42602840352
9.35770988435
6.1017679514
3.98070164122
6.4469494028
7.21863377971
4.72265940025
4.48092858955
6.05632312717
5.23768146734
3.65171228204
4.35504026148
3.85143820951
2.05213523083
4.48943365643
4.98858492776
2.0247140743
3.59234944267
4.97260305887
2.53408811018
4.24347405039
6.13438605665
3.82038817593
5.42151514021
8.31970508245
3.56686315646
5.48425602421
6.36526571912
7.15831847991
1.63725953108
3.63889214168
5.83739518586
1.95426353921
2.90993765072
7.30264924009
1.56232286469
5.69208167277
4.91100402588
5.83629138478
5.09835682391
4.46773918537
3.83908051777
8.27123843543
6.6227242104
5.76277847313
3.67917466898
7.12135593847
5.32357309643
4.93137208355
4.17915716951
3.09928650614
6.42770891537
7.02087086712
3.3268031085
4.98460427621
6.2787965334
8.78147140555
9.51020959691
1.81156106654
4.59631940892
3.20946642671
3.40857551165
4.45015207675
5.09656320879
2.64191438131
5.85953464456
3.49865576012
3.40059137327
7.67451134618
5.13924711615
5.00891916226
6.44650482409
5.1664866548
5.53920762493
1.30958963125
3.38688023031
5.65427110525
3.01661730094
4.06240731747
7.52242443707
7.51566316273
0.996207291477
6.84323823119
8.45405020319
4.47223700596
3.81692255829
1.63259305534
7.52758994714
2.8216219825
2.21464037763
6.62605190995
4.55311227765
5.62975143495
5.43826356699
4.13420467716
4.32545328556
2.94901231322
8.21841890678
6.38946895706
7.04628347105
4.79639269056
1.86676235539
4.79156214649
5.74713245268
4.20650482869
6.084392077
6.9737988379
5.60520301896
5.05204651034
1.7711212572
4.60953190038
5.02403448515
6.23200287484
5.93188574686
5.30796124358
4.19425638835
6.27740201463
2.32060410742
5.3191118257
4.2309043632
6.98703009363
5.48053816224
3.72179834932
1.96078286909
5.91955742166
4.44163707605
4.78716163647
3.38586053284
6.27162770342
3.78643322301
6.90611903664
5.43941599241
4.99753917636
5.0011993062
3.06342498357
5.33053090793
3.34769152011
5.53215476402
5.82608457161
7.86432999456
0.11453002709
5.35052953317
6.18099783117
5.0519744462
5.95369843944
7.46922806474
5.33328340076
3.24135607017
5.79851565679
4.38778377734
2.09818795796
8.44731662357
5.23056815243
5.18432766942
2.00028854716
6.53941016317
5.68476066324
6.69010112882
4.90313805406
4.75939642109
3.70298720784
9.58225434778
5.40786387239
5.43410079929
1.88581861508
3.64218497839
7.88630077575
3.81635264325
4.47817586876
7.05424012419
4.09995756336
6.6890178506
7.02389706486
3.36194189658
4.6651794323
5.99278440769
2.90048008376
4.58879920508
6.01609068645
5.92814403351
3.45652552391
7.26690205802
7.93213770369
5.37560170473
4.3025356308
2.01401202461
5.76845476345
6.70796043995
6.94571004722
6.18038361804
7.92101580822
5.71319488633
6.51299365007
4.4262376471
2.89490110461
5.84891466761
3.79592236893
7.78553675339
5.83197921814
4.82631360712
4.38167266493
4.39301092464
5.5829792001
4.44565915418
5.44528918889
5.47442971192
7.60864320447
1.23326790934
5.60778996752
3.22661685105
5.48630597154
1.76925294085
5.33907017479
6.64236740647
4.90333004351
5.11856325711
5.79397610363
5.95406957121
7.12891049885
4.53954487913
1.42146418278
8.15693259502
6.11016151111
5.00351937397
6.92209110442
4.6293257958
4.05328294053
1.4041834135
3.54659178298
6.10634178031
6.61956907939
4.15119533682
1.52068611229
7.95466962222
3.73907728631
5.04919549518
5.10171968305
5.50105975665
4.40489246454
6.4856098043
5.27390744481
2.62564206961
3.22880355706
6.56074524671
1.76362822778
4.89793692369
7.0598526315
4.54501035063
7.03940972444
9.04302800126
5.0091619832
5.50061518936
6.86725384067
1.21063230854
5.0857877559
5.25818731787
6.86053907435
2.77063694052
7.30468562459
3.51388721811
-0.306641501263
1.94467526273
0.132677001964
2.1119442941
4.98063043197
9.61706919046
6.66414337789
5.91153476657
5.18192601421
6.58474757126
7.37011572689
4.05842257645
4.52796477718
4.81396097967
6.82949935183
5.30857749976
4.19838004976
3.47420098553
4.94316744564
4.61357618762
-0.824349608756
3.93385730774
5.45043578804
7.09219235951
3.82213916587
6.24013382656
4.05594861719
5.15815392589
3.84141692871
4.54668784095
6.26904935552
6.09505635088
4.86155939494
6.28224882429
8.82997810637
4.34810603972
3.65136384059
4.05687216722
4.94843183489
6.26819306519
7.5045797247
6.5321611911
4.50043767327
6.29269100643
6.59642344011
5.47448722739
5.89499956907
2.89110849128
2.98845184115
7.856556277
3.963264396
2.54334764653
5.49052493783
3.48843306658
3.23684593446
2.6751345299
6.31419980158
3.05646973477
5.27670988274
-0.552917474137
4.61383144999
0.934309976431
5.07947183911
4.57598665669
4.23207985863
8.32658768775
4.99430065371
6.77910200496
9.34494469699
5.3377735152
5.27730398101
4.88690745458
2.03465320933
1.82341508094
9.81169047254
3.44851551286
8.17459032405
5.0339067189
2.6710130858
5.97935363808
3.32699242158
5.95052400846
5.74016014132
5.5060267776
5.4370986262
3.1950508306
8.61258878174
7.44715865572
7.58686275901
1.31620736471
5.42640537284
6.71872424159
4.20122316282
6.67055432504
4.31698877765
7.30127276044
2.18202932055
6.67917124513
5.49574414308
6.19338411633
4.02642177422
5.41755228968
3.76077965676
6.75537847656
7.6667954342
3.19585089668
4.93770580503
5.33457934408
5.08016357145
0.248914667585
4.19065708922
5.03640438564
4.22223024594
7.82871731165
5.14497541055
3.65510891268
4.09911803689
4.9183616333
4.30133492851
8.07553768433
6.64105973499
7.1541249676
5.0782571569
4.70262932611
9.58263428707
3.71256995614
9.24743468407
5.54119201103
7.11805294391
7.06367998997
5.59730486166
4.62795068036
4.99857715306
4.31123522874
4.95194307888
2.97543696578
6.73601508154
4.99983008775
6.19534135999
4.67880416005
5.37622164732
1.20614500294
6.71814627198
3.78157264209
7.79232087252
3.89976890745
6.51425851906
6.74991183091
3.05468315269
9.12651809432
5.6113547338
2.72902501059
6.385015111
2.29568737825
2.19901376485
6.53265227444
5.44266466369
4.70697021447
8.97961002876
7.96976173829
3.30170008761
3.29864302386
5.92982752038
0.774620104268
2.2597312825
-0.234793200905
5.00717369481
5.56550808668
8.01282427531
5.11934294327
5.29652985126
4.70118107812
3.21659847962
4.50478193406
4.84262446585
6.99400263862
3.40216941158
4.81563815959
5.85870904311
5.89612100052
3.85428324998
9.22252847648
5.61417481287
7.74495905612
5.56378627941
2.75450129755
7.18974965522
4.56201204042
7.64642843614
4.81105694257
5.86516466051
3.85982448568
7.58103484411
5.7458618979
6.61147882065
1.79540143687
7.90097763015
6.54019399243
