2.13422716549
6.00142568774
7.89516565837
7.10760302388
8.49119003938
3.09229382695
4.78251930159
4.50060819295
3.1047095601
5.71383642487
3.56770074776
3.64495991415
4.78615643247
3.25875086554
3.75070800198
7.12292006508
2.57878018946
7.30120695716
2.21668205028
2.56347703659
3.08957147295
9.03341310267
1.3153220447
5.5886592062
7.00617692569
3.93586509342
6.9247227037
6.36819831694
3.82971831682
7.94346296558
9.31263147491
4.00820664366
4.01975133704
4.92879283396
3.60919623069
4.60651516202
3.52724597291
3.82691952446
5.10292653354
5.70455685804
4.24459011823
4.12243626617
4.03732971547
6.01754467126
5.45099795668
3.0149877187
6.6291958311
7.77834083965
0.221430330459
5.04172126883
6.0090033387
3.73797933386
3.37770794786
7.37290604795
4.03043393366
7.21749944088
4.48614562983
7.04199590047
4.25814668679
2.69907724198
6.14161945072
5.90626964095
6.41784964796
3.40152690261
4.29488416046
4.47794826282
5.03992820654
2.49945452204
4.4453605567
4.83203242296
5.4301247683
4.0573055068
6.46383253154
1.86592440242
1.49752877435
7.11794922332
6.98122906447
7.44789450762
4.22170460711
9.95628168878
3.5013624306
4.4557092146
6.021043814
3.24286612524
3.87059367347
6.45613998106
6.10380223163
8.01241995803
3.49487147562
4.90418270007
2.23845763187
4.65246755773
5.72195333533
6.54417554641
2.52204973952
4.41734622137
6.69904286825
3.76821508622
3.96689398104
8.04428234622
5.22441318066
8.47300668788
7.79946405614
6.54567509371
9.18369734868
2.17608017505
6.71503640573
6.69174746452
7.86088986268
4.71467673188
6.03490073311
6.36012697451
6.11970228087
8.15400716054
5.2438163313
7.75769481537
4.19039622645
4.92090684596
2.81674754817
5.06879248811
7.04660865308
4.39523995397
7.82729973059
5.15344194197
7.23417549422
2.73069115
7.86008462707
5.03188807317
6.19033710058
7.77143487881
6.71853623607
9.64000920828
1.35914456508
4.1104864043
4.54381530787
3.24791693367
2.71969531206
7.52187807382
5.54982741359
0.905793656509
6.9236094844
4.23416127329
2.42775250423
0.836436664459
0.815157608499
6.33076099065
3.33182894182
6.93281710041
5.80822531802
3.08273123114
5.21594761573
6.31981949144
5.90061029133
5.85855841123
6.61530195206
2.9642972962
2.07744662412
6.61264912659
5.44485277967
6.05560845034
6.17822179764
4.3102846636
4.30282565076
5.79557423334
9.86686338994
4.98447629032
1.19256195947
7.72449929481
6.44684262618
5.60139632465
2.48600681134
7.20896182635
3.2232943051
6.96668250176
8.68102329049
8.18779088123
3.09493242203
7.41625538509
5.3825628993
3.52845309074
4.85585249434
6.91961721325
6.01474294833
5.09039553335
5.29450338327
5.97137022824
6.88836312735
4.15721691266
9.31858278721
7.80444678064
3.83501944401
7.67411071046
7.08628508559
4.80905010232
5.56580491507
6.73648717901
3.87157469928
0.924038594649
5.8624865848
5.14144330063
4.10888933276
6.79145396197
7.74242498443
2.40330749768
0.452545251187
2.79208168792
5.10188164856
8.96127569803
6.70876789049
6.52125824594
5.29877146303
7.00221457195
7.33791699751
5.73237223867
6.06731260384
3.98958258362
3.96553424206
3.3252154576
3.95266683304
6.67638576929
5.97969583876
7.94297296265
6.12152837783
5.88519687701
7.92561733601
7.90888485621
1.70102851296
3.13138636509
3.45960074306
5.61958239984
7.59820556173
6.45637261143
4.90300660212
5.58925165287
3.51312655203
1.77462997004
5.23849716777
3.79443935026
6.00431312532
3.29574101847
6.67484745444
6.58972847716
4.16449940601
8.4207860297
4.74121637092
6.13799579286
2.40831358046
5.63602944953
8.87521789892
1.30449074151
1.39743889344
0.454245848851
5.20107727152
5.29712440203
6.24278563446
0.263740251549
4.13447644361
2.6684892392
3.1126634788
3.48575379056
5.01011499013
8.48217720281
2.36342962505
8.98742966151
6.52459810661
6.60409965089
1.69318099047
0.24482283523
4.9714358204
2.3552379924
5.48114742657
1.35371629239
5.84488240054
3.07536174166
3.9303624902
3.85085174283
9.63040873778
9.22573060619
4.58878519054
9.43225358795
10.6962245124
5.57555927376
2.48229550907
5.98410552536
1.32589047479
5.38995682077
4.13157823584
4.36352580774
6.18206760737
7.20704434874
0.358235256026
6.31019000212
3.73276094747
5.91968670819
8.6041598947
4.90244834791
9.04745079659
3.70943505108
0.655819678099
8.08030582203
4.27085773884
6.47943992367
6.26906262263
1.92385589972
1.82218432132
2.00697410043
8.3388173807
8.40788390852
4.10311510213
5.8969087185
4.97448016038
4.66849200658
2.60316444311
5.85604046197
5.22301535326
4.70319587095
4.94420918287
6.05742050479
5.13809347918
5.96740103306
2.63720113358
2.11307505485
4.22883387626
3.22908861113
8.16373196808
4.87836163806
4.97153967105
6.13631620445
7.99995958922
3.08134221176
5.79331727389
10.4812721557
4.60532400229
5.60417671772
5.11159472112
5.42755430472
6.75186224352
6.25174350841
3.65036519358
4.17499401829
2.01427346088
4.12711901336
4.20564979064
5.27003290417
2.02943623079
4.56491229223
6.05712957582
5.03391293266
9.11102673515
0.429629471156
5.1273697965
5.61558364201
5.25138367065
4.80940086668
5.57395812022
2.72075784925
6.04400763561
5.93950685334
4.99378156745
8.20226399495
4.30478125179
6.66442946084
2.08673101107
1.47464365687
7.24498866245
6.53950817014
0.402944795247
3.94266671984
4.80004233033
7.20499375846
4.43135053411
3.03126705014
3.91790492614
4.63797997231
4.25472406377
9.39233709963
1.58574057308
8.00806909211
2.5273007087
3.3481678327
5.13020336049
6.75119446335
7.49918314455
7.0968422397
6.14036243418
5.37981120308
4.30249113919
2.0284030754
4.9818830037
3.51757344768
5.99744448655
6.23648675105
3.41073262929
5.17309148296
6.84337251564
1.74310051862
7.54852057583
7.03235569399
7.04061419683
5.00404013147
5.05187015434
4.36839474399
4.97376498493
1.09833397189
9.16623776871
2.75424780031
1.94732826824
2.41480965095
4.85594128405
2.84795711134
6.96391667143
4.20074455663
4.18234099839
4.71123492015
2.01976502365
4.03602741255
5.42740818093
1.81965110772
6.44849390949
7.14973269612
5.40866278565
3.66398387128
5.73309646006
3.57494694486
7.16418115256
3.4327757513
4.38926730483
2.27134068893
3.39798422579
3.73411351597
2.08966167004
4.66146650302
8.34539606422
6.08871922417
2.60452019246
1.60422922082
5.61600614773
1.47738026531
8.31439487138
5.28912673984
6.01540827623
3.15549906514
3.75304944715
3.5256512941
4.01505000684
5.21578530918
5.4312580034
5.40428647534
4.44005982117
4.23367016836
4.20428853928
2.79116246674
3.90818617345
1.98624698871
8.19256861732
8.2757055413
4.04772903664
8.580578901
6.18000472463
5.16207506583
6.73041721589
5.19064247623
6.60674648446
2.17518796666
6.93899300001
4.412486551
4.94846639807
5.42706809609
8.49497578098
3.37897010995
8.92601059714
3.56187110979
9.21970892207
8.74074062438
6.69414062426
3.85185451171
3.93652949284
1.95908164001
3.5284198081
4.3626924494
5.30051140189
2.54962249242
5.22668529141
5.37137487691
6.70448388329
6.48375759303
6.65777195478
5.34359909289
4.63403633534
7.22181734497
7.85278023319
5.08909502574
6.70680087243
6.88572199601
7.65410683425
2.6587469552
4.64201789705
5.4923020442
2.43853534479
7.21509338788
4.94440273472
4.81105211071
5.77474114498
9.41992034391
2.98006494599
3.01504965302
5.4794451214
6.06223404888
2.96581964901
9.24285942347
7.00596596688
7.4176153908
6.35063727183
4.73234980846
5.51932105961
4.38119712955
5.66413889073
3.07283501413
7.10706885184
5.4586237665
5.8893796229
3.24829591956
2.98170610187
3.72894666384
4.33005814882
5.53934928949
6.75117622867
4.81299591615
3.63510215948
7.25104602202
4.99471306906
6.8231480034
4.77684917746
9.9244393724
6.64511197733
4.16066238261
3.91345050163
2.14856732158
6.70083150453
3.67603777765
5.22532189111
6.42693756417
5.54864578137
4.41756931584
5.2188098448
5.41180445855
4.53279079087
7.14265947908
4.20177121037
4.77712555048
4.3546755819
5.45162351063
7.85172990147
3.86510645676
7.78993699895
4.25406951658
3.98379540722
10.0939407971
2.2289479021
6.82143671713
4.03513092277
1.01197958708
7.49764436485
3.7301533946
3.61699215268
6.41521471101
3.39642397391
6.90472012368
5.32619621943
1.96300938165
8.02944590823
4.65487095548
3.69347855833
3.16475734862
6.896426217
2.74547471521
4.72209319129
5.89277953627
0.707978069483
7.35423078037
6.11362302034
3.20578673131
6.25988251435
3.03568303167
3.70190701755
7.56130829388
3.2656826077
3.74046879901
5.88398868958
3.43206920216
3.7728739856
4.81785997051
4.37789412578
4.61008338936
5.37231673744
8.44542780428
6.96733311521
5.54350687645
7.04447594759
5.09407271167
1.73982218497
5.12803095331
8.21258684523
5.38999514913
5.10640738166
3.12847600117
2.61312849203
4.19031727155
9.14026340659
4.4409948979
1.06434110487
5.74318884533
6.98567388571
3.18701566428
5.31297752277
6.05288688476
4.97709928637
4.13374433879
9.35900906122
2.53909945536
5.9142120021
5.37320249477
4.4937962237
0.799219549028
5.51094160571
3.06780336529
4.62920981078
4.37784556912
2.91289461812
2.61063563297
3.06173758062
6.23068496643
1.80972890178
4.42589890897
4.77144004444
6.98649152898
7.55393916701
6.40333456406
4.03130414097
3.61803363244
4.4270301702
9.24563176425
7.52488084949
3.34061233526
11.6442709483
2.43518242929
2.82306353387
3.10802601607
4.93890224116
2.05400368722
4.86981337522
4.06204258108
7.2250591698
4.36905733549
5.37157274633
2.21173180671
4.32897966622
4.28477764312
4.20058620107
3.97250114246
7.36603491078
0.799681780172
7.41582985167
5.51349759389
6.86733938881
6.28619851276
4.14342085265
5.75343619955
6.25695876325
3.36287661148
3.16201636752
7.45994545288
6.2220129836
2.20937101618
2.40560917254
8.71471409313
4.17431216122
2.63014829064
3.7259458629
1.41410540363
7.08758807481
4.29194883118
3.27771833888
5.22635390714
1.82291493165
6.40404384183
6.23624942064
4.54349276682
5.69782394713
4.03216254223
4.37203835676
1.7223847667
6.99713340126
8.18331432907
6.42030553369
6.44212394642
6.00967655982
5.18786449383
4.72012854873
6.99590072656
2.8988297565
7.75450533982
4.79878670689
7.17125502272
4.06441790374
5.19210875718
4.63987350464
6.01111641101
3.31352808212
4.05253450117
4.12990283094
7.28218644781
4.52370610669
3.97372050346
2.73926821838
4.3456110437
7.52729619245
4.56255241909
7.78887599943
9.25745879281
5.8257714685
7.52118179127
5.50476230215
6.38631610886
8.01878709577
3.45109414337
5.97731871226
4.37666156695
10.540109922
3.31035974585
3.6584144299
6.37350395139
6.76748776888
3.81356690046
5.10242030365
3.75671183765
6.50929716185
4.63603854206
2.85245630659
5.5772529985
6.62565287402
3.79653317418
5.20977263677
6.51641921965
2.7588853811
2.5352240305
6.30053187785
6.02453143037
7.08416757516
3.29317592333
5.10238379567
5.99328622665
2.82820723984
8.13098834335
9.94343011714
5.91205355457
6.84217123811
2.37846018348
3.39633177072
5.70960371541
5.04037720905
5.06444459973
4.43708043821
5.62296279257
0.8207055496
2.81279185298
3.44483321667
6.47970061832
1.39310371627
6.03614471181
6.92203560509
3.35743814002
2.08807790461
5.84520146012
4.5672677056
2.65950935465
2.07177176773
1.91914145076
3.93821048051
1.67333770573
5.37603004493
4.01795443962
5.9233035929
6.9589535081
3.32659830091
5.91907922235
7.21375357554
4.56711232052
3.80572104114
5.0586767343
6.66640805457
3.13562724796
6.68256968227
2.63198167636
0.00053924296653
2.91933996928
2.66262603278
3.51892376807
5.2344961114
5.93083065574
5.77333278866
5.48464034538
2.44726907068
1.92220591138
3.70965064824
5.68301323349
7.85492116245
8.94596085951
8.10436157338
5.37211454492
7.81275700434
3.40084551613
6.52726502014
3.84425996736
5.8624825245
6.3339927047
4.43841447615
4.55335540294
3.93064351958
2.25201508768
6.05065810665
5.29831536575
1.79437243664
4.0175872572
4.829456323
5.10827762337
3.49278568827
2.88181167655
3.45849159978
9.4219239466
4.43116037223
4.90931928376
5.76594078005
2.34969091042
4.78522623379
3.94975622712
7.28402053918
5.49062374534
7.49480842057
7.95615117117
7.60422280333
7.4833860213
6.34999601995
7.92290264463
5.73917110683
7.15671594983
5.67042941449
5.00956697951
7.08106804139
8.24314864123
5.34022010076
4.40460249521
7.33075579433
6.04265800235
2.98543833256
5.17881882972
8.16344572666
3.7324405238
6.43828052769
2.84613582692
5.46183536231
5.24104490569
4.11806763747
2.84818835145
4.23250355732
9.56639751058
6.19901421775
6.35945264493
5.90727001417
6.70202961912
4.3383120942
1.1143111865
3.83895172212
6.48524809155
4.02003633485
5.57151966197
4.62420863032
5.59998931014
2.93043113879
3.10637446207
5.13237739384
2.89050631656
3.07888176037
6.137290303
3.99786986047
7.01386820292
5.52685242885
3.29551919195
6.99592330938
7.5755642498
6.68228637738
3.81239401662
4.36721680826
4.99758319158
3.59074202187
3.53680237629
3.33841718945
7.91530887902
2.54612673546
4.88112639447
3.30476363079
3.92247022081
4.5753128595
1.75068342154
2.74672254299
3.95688519588
6.95600033757
4.14357919406
2.96959888137
2.01626126494
9.80699093143
5.28322410417
5.44052137223
4.44805664362
-1.62297357776
8.03438183947
3.55022445845
6.1735002923
2.74659605442
3.12950513583
5.42704546564
6.93268702311
4.80405505594
6.32419206933
6.54298648453
0.23656893944
7.48655272042
6.12558431513
5.58259978568
6.67301203686
1.04233372197
6.68807513974
6.55711920233
3.10977795895
1.50204294753
2.66841523427
5.5567361831
7.29670260998
8.05754778657
2.6616501234
1.95943574661
2.00797536857
5.41424516603
2.87771469314
5.92219102673
0.555971639906
3.83115097573
4.44934338758
6.98479729047
6.74276543552
7.91237002372
3.48647528749
7.69320027849
5.10681057256
8.58146890701
4.17103524097
1.98100847574
1.99786173189
7.14556159049
5.70573609311
4.42956952805
1.68276737944
6.47558789
3.77021090366
6.52497243367
8.76127103215
5.14184507238
3.73487739398
2.6222909341
6.26398341524
4.55668975292
7.05663342014
5.00302901435
6.9839789255
5.07917875925
3.34106425997
6.84320582791
4.45115582972
9.22047271533
4.08547888415
5.26851781298
1.12911744303
3.60731977825
4.63639627727
6.37790084159
2.82589367822
3.49268525862
2.8893070405
4.94953511524
1.13749593248
4.43005125927
7.30032978685
5.48424112688
7.56408653404
1.32982498475
2.58811475534
6.490382433
5.12942614632
6.74301320884
7.09375370968
