7.71680956405
4.56419364517
6.54966649475
5.02842279849
3.75911860917
4.77674315556
3.65836657138
1.71274438703
4.74143229768
3.77172013571
7.25795217144
7.17260949295
5.7528404068
4.50257149132
4.73332266234
5.33449380967
5.74315665321
3.940666791
6.13226780004
4.04844999137
7.4185111767
4.69773327077
6.52381630139
5.23753012882
5.26145036111
3.98905006123
2.23430082719
3.74315675408
7.77784189303
6.58778282885
7.28783713481
8.46288145303
9.02404085882
4.45014362927
4.56509358434
7.91796000757
5.80049843346
7.06633162738
7.48290486971
4.01273310032
6.77649493779
3.52307170519
5.01409408993
6.43216715909
1.98507774808
6.12907377023
7.65497673445
4.46879469401
6.46537192618
5.96954325695
5.40821997611
4.59514888597
6.94002205499
3.04359784275
5.06912754748
2.23365178989
5.53359789525
4.34906386103
4.45865921254
6.32438598401
1.16184726628
3.8732233195
5.60147101863
6.14437730408
3.37570688855
5.42297051495
5.7414523345
4.82682916845
2.36189884727
7.37867827292
5.51605985148
4.33039687891
3.68459684674
4.94729883311
1.82731311353
3.00618094233
5.47162067048
6.74731147748
7.15354344403
3.9110263146
5.85546819149
5.76059092397
7.13176465715
4.13163324315
2.2549441087
4.80580661586
5.14402761972
4.36767573475
5.21393758455
7.25867243594
7.7278946984
8.73931301047
4.4154307879
4.80482391942
8.01153991137
2.3949021767
5.41099341947
1.85240117095
7.37827236057
5.6600927619
4.25361004296
6.35982548593
5.49755579683
9.65278377705
7.08068730241
2.28133293744
1.73996863694
6.70388883753
3.93005523005
7.62226065961
1.90197074984
2.56217634693
11.4385381991
4.22462669427
3.03187605187
3.11970766596
5.47733741495
1.71564661758
4.83861490455
9.59345762016
1.90066641938
6.97651845614
3.20284480752
8.16797686417
4.16126428884
3.7194352057
0.679091941671
3.60841126384
6.69367787989
2.65976500621
6.40975785803
7.10244662186
1.69871897135
4.3659980116
1.18541337906
3.9451820726
3.04714370184
2.57589638333
5.38193194874
5.04245893266
7.09760983217
9.16372873604
3.06843550833
5.92760760867
3.81494152503
4.93351413895
3.01271144712
5.82140918414
5.56776116011
5.36014879975
7.72154249744
2.03271604305
9.00050507099
6.81790155559
2.69448583605
2.33054490564
7.67647365909
4.90860891131
1.74937738619
4.36489469091
3.86136678251
5.95200006424
5.49005104871
2.49265765972
3.40604674718
4.60605775353
8.3823188885
7.69315136022
4.58829407115
3.96205345241
5.69854127133
6.65980358117
3.62516657728
3.41297454205
6.05321935168
5.1379416007
4.20769658781
0.828632275928
2.632533451
4.70759288831
4.16753794588
5.93258520275
6.75714870323
3.55765454195
3.69381325369
1.84389943812
3.73694158402
1.59385012038
8.6110666429
3.16876194917
2.18280667925
4.40572288726
6.08377737625
3.68803067917
5.33021119059
5.2301847426
6.32117432336
2.21728381363
5.03483936504
3.8363031325
5.54373566329
4.07200201315
7.43471923276
5.12061136713
1.9511011352
8.85819620758
3.27762221592
9.88395748707
3.36276462371
5.83973725985
1.76559021143
5.82065344254
2.91167179134
4.83801403761
1.65740516211
6.78153211468
6.34781728224
5.91139749008
5.89979204614
5.08101790947
3.64289768269
7.19540984854
2.9562542667
4.25687941341
4.43654910936
7.94618667516
5.66966994729
5.04971613249
2.17540209266
5.05628816967
4.03113067952
2.85990874622
7.88579782708
5.33285884844
6.64623623969
8.82318744828
5.38715771842
3.70531095434
1.08453855787
4.8545158736
3.72136666083
5.93739639875
4.18762196577
3.25443416953
2.7462474108
0.594697705867
3.49492667566
3.9842881799
4.04461262174
4.5184605887
4.29234305469
7.54994071667
7.25722454204
2.84305678772
5.83683071008
7.12393255097
1.3545507943
4.0601054052
7.66688426549
2.30442598212
4.86854243821
4.24174365217
2.00478243992
3.8496914178
6.60923745875
5.63131047396
3.55306078886
6.91026666257
1.21748317127
4.87743798724
4.73616806849
2.87621356909
6.43561908957
6.11993749336
6.55575559402
1.77869068212
8.73042659483
5.9372847197
6.49168109931
2.29289191328
4.16344058597
4.61002305712
7.02385632622
3.00665722946
3.95138796036
6.12253058024
8.15312917062
3.55694504389
6.39164923348
5.89172367921
2.68254456065
2.60052830611
5.38123072064
3.00364217676
5.6789151573
3.40786189441
8.43810801124
4.11277182005
3.14233012055
2.05656552708
2.62830651075
6.72399981021
5.47204191982
3.00211582596
7.87597169786
4.05992205152
-0.406979108912
7.38625232163
6.38089168974
5.91299854885
4.05834233359
3.70648216377
4.1143052998
7.41333142992
4.392453873
4.58280440264
7.25960581093
7.32992598173
5.6570831806
4.65690190915
3.1186427947
4.37401096661
8.27860159553
5.31147191209
3.45353002954
4.80242079429
7.60374224961
9.04500296224
6.82821807847
6.51089505721
4.45783708295
7.21398443267
4.80357087457
5.38675814158
4.30848521868
2.68859266704
5.10495707681
6.21239066936
7.17845466919
4.91448222524
9.39839339219
4.82133898544
5.45124191811
2.88850919523
3.86647228329
10.4942373492
3.91120815181
2.20833584986
3.81224227225
4.47025953426
5.01557646128
5.60495910602
5.12082555007
5.83173531535
5.76448382358
3.8044627805
3.11010157601
4.95869772186
2.83892880046
3.14873016526
4.09572450059
5.38423487002
6.71884848095
3.49317573995
3.74417609186
4.99863635858
5.07030483317
3.91150518083
8.54781211296
3.10408702604
6.49840712093
1.31040502765
2.97882673256
3.55205871616
7.28778193162
6.43656785276
7.30353277876
2.11481409477
6.59318766753
2.95528178744
5.90491923359
2.78405453485
5.27023653177
4.26149843011
5.67392135065
7.33034250109
6.75278115798
5.74733525532
3.93977239235
1.38156042581
3.08803896437
3.06629034521
0.620121579069
5.24431730578
4.75870367563
6.04057161003
5.06821475194
5.923038401
5.51342098029
4.6128169995
2.91486349946
3.93072275498
6.49776785626
4.75312768715
8.61618062034
6.85490819235
4.55641207364
4.50687722738
5.35782470626
5.44635431035
5.20646004643
6.29881890858
2.17388786558
6.77980972063
3.96845977585
6.24355886666
3.74361575673
4.70088488811
6.28629765921
3.58473427786
7.84300402505
6.15047798917
4.59535248515
5.08235444462
7.71244575191
6.52629807843
6.52372789399
6.1675715507
5.04269822403
7.57377470835
2.30734324184
2.57358244689
5.99154040353
8.32948587928
2.83235007404
5.5360217354
4.14595523101
1.55397008699
1.91924792195
6.59340564267
3.30804621168
5.50919517997
3.10814767247
3.34401773905
3.45859956098
5.75836083032
4.04883593672
2.18705426289
2.83805375349
2.55498617559
3.52162587257
4.75837225286
3.98819358193
6.58139975093
3.74319407221
1.19424561377
6.09602478597
3.75332551173
4.96016854225
6.15314259578
5.14111818466
8.70740079598
5.92148774888
7.043368874
1.06341341819
6.01074355335
6.72103016192
4.87541478689
1.81492017753
1.42545816813
3.26186598227
3.58581954228
3.65026410873
7.20743227422
5.38408036014
7.33214143512
3.51371596186
0.839110973031
7.15310438923
4.18973936443
3.54364212314
7.28170171983
5.170846904
4.1766137894
7.97901271018
2.78020000494
8.09609723868
1.92840884238
5.77577996878
4.06582461596
6.83706507276
6.16090437244
2.40590107056
7.95480693063
6.81036713008
5.67138080079
3.56207287555
2.53590764609
8.28581072479
4.34011390348
8.75135502261
5.11289708209
7.06029101555
5.86319017323
-0.26411992849
7.1873587742
5.67295571971
5.0445592514
7.74711892787
5.53083370513
5.74893849199
4.57333768452
4.6477785049
2.53312200974
5.16590001
8.17154519324
3.79024765881
3.51191406079
4.86524449166
5.17387241038
5.40867660094
7.96392636077
6.05192061238
4.9528345641
1.7463839957
6.40937969452
5.58043999556
6.18555487078
4.82019185281
5.58710967903
4.58722871297
1.66042453613
7.62084365197
7.25483749872
4.27716197999
4.31857689119
3.35928832802
5.70524071564
3.95107794747
9.59926584563
6.01118677503
5.41801139011
2.75991038754
3.96090343976
4.22140739056
2.5056826349
8.6374194119
2.66901076281
7.05621119836
8.68254248303
5.11480357609
4.21797487219
5.45578010483
4.77899133921
5.59300056442
2.14099201005
7.6585217488
6.42463656284
5.20307576386
3.78678600518
6.6278673763
3.62769923452
7.41067686241
2.66967363721
8.04389088285
5.48195582152
1.98633111062
8.54504167492
2.6981402698
5.97968690693
2.469759163
4.39064378206
5.55433193214
3.33931450017
7.99262007334
6.41593086747
4.78695918824
3.4781503548
5.09798517481
3.46468151938
9.25055700691
5.9398514402
5.4157648131
4.28589083577
8.53042918926
6.41831276871
7.79858876232
5.93632171739
5.77978548904
3.17973728382
3.49734642269
4.6948656379
3.21908080543
7.6306652872
4.5951100001
6.56418701132
3.46457063845
6.70898895229
3.20120987174
2.54682055166
4.54657437434
1.44169401487
1.80975036272
-0.939830283265
5.14189523921
7.80242224797
5.28073441687
5.69958351587
6.51140634244
4.68568684689
8.1270170032
2.11596047947
4.54748812754
6.13980093387
5.3235239723
4.73758289798
3.26750633189
7.93921183162
5.81699684854
6.85588540134
5.84488243013
1.40307603268
9.16754640662
5.94401664717
5.18551531962
8.87962358334
4.7242887404
5.77858761878
7.64068451496
3.19132954556
4.6896337372
1.34510087131
6.35642706732
6.04398913815
4.55835942587
6.27909352374
6.12365707777
3.93972043376
5.71585996252
0.700517355112
1.11710751022
3.28589022666
4.18507477327
5.48323171424
7.16756787421
0.936674611667
2.79778884827
6.68375728558
2.85395806968
-0.166051846045
1.30261264933
2.5286203677
3.17412171353
7.24120236145
4.58671434869
4.63712225759
6.650105749
5.24649590991
7.98150587903
7.18553311825
3.67115819525
7.73549047556
7.5941686046
5.97803751676
4.68610374045
4.55653688654
4.6376381232
1.23895863631
0.736445023766
3.56205611775
5.51412045346
3.71535728417
2.92570676851
3.83419717606
5.86666731787
4.9443239094
8.62306175392
3.04820226907
3.34386644066
7.34635565079
5.5352259945
5.73735747484
6.55835441677
4.20725625358
6.02339877098
4.38896874748
1.73437385613
8.74841413369
6.17230834625
4.41559061097
4.2279496613
4.11429044448
9.24486341076
2.78526548605
2.75571286404
5.63008072946
5.69939561882
5.55789873587
5.52779110076
6.18382053282
4.79555533337
4.24461447215
7.56027474573
-0.618856522806
4.14839419029
4.42453692442
5.50583727506
2.56889812409
4.54647775662
8.60983023829
4.82910112563
6.11407929108
5.03381938787
3.9889766015
4.20840855791
8.43160705205
3.84898309208
2.0898999556
5.80789015593
6.25911785163
3.12246434192
-0.0976090598435
2.61662084097
5.74405711735
5.85871782584
4.24425341798
7.68193275306
3.25135715955
4.91203023267
5.45548528697
6.58770622134
3.46823776011
6.63039532849
3.61686742283
2.68770716365
2.91885767201
5.45625588363
5.92444728587
3.54842523468
5.15642974075
4.40198624984
5.84291927132
8.5198570062
5.56109270473
4.27158086286
5.67544736441
4.47980806304
5.08981203515
4.51865967953
6.65508283112
1.38655887802
0.197462591349
7.23402014671
7.38160140628
3.79308704585
5.03894514724
5.08058529216
6.75082313431
6.1341084974
6.84078496136
7.73025114837
6.91451897158
3.22896048796
6.94654478969
1.97614845313
2.60023898271
4.28578415332
5.9968267895
4.28853266318
3.75609426146
2.58541590806
5.18410219819
2.64169353682
4.73979997859
6.58730643073
4.56356017899
5.38539233942
5.59588500189
1.22394709139
5.82430340231
1.71802952216
1.14899501277
4.77434263018
5.39480626831
4.65758094428
5.33053008781
5.55886993878
4.29236608446
5.84101566615
5.64984826986
2.41564539431
6.59999404704
4.77014421998
4.4180346676
6.14765549562
5.00072642771
-1.13355914524
4.27124646142
6.28707506835
4.67340547389
3.52966801389
4.9746946139
8.99915713447
9.03594822994
3.66563895719
6.55852057781
1.19954176184
5.24077948273
5.55043879196
3.18390704335
5.289896119
4.47796617867
2.89887203628
0.492258187292
5.11864749968
4.00824513512
6.55546858066
2.77349154434
6.46088100002
6.18752080769
1.64518719484
-1.68328959755
4.79740627699
3.0944877748
6.64026344199
1.40815980902
4.95403388101
3.71100731178
0.564198856607
0.427475935499
7.50541427986
0.888991046126
6.90887528177
5.8494279665
7.70624367721
6.43263606161
2.55470286287
3.5361133007
4.43200782818
7.04198559073
3.80861818246
5.11192089233
2.62800898744
8.37146297844
3.0911936494
5.035147927
4.50470628008
6.63049972669
7.5094157963
3.34929019801
4.55234801201
5.29052749681
6.41604586324
5.56970087382
3.9244205652
3.88608106887
3.46710267622
4.84418555293
6.52452791386
5.38274454304
6.08214736167
5.58371749414
4.44666671574
4.40494499138
4.30718608218
8.00549958017
6.18804263144
8.30744015991
6.12939292471
5.12958584637
5.01726343997
3.73175201361
4.82405848998
3.07665023471
7.45075957903
6.16041562818
5.19883754008
2.098140152
9.13153562941
4.76755883434
4.47433448106
7.30730477661
5.486223994
7.69560411179
6.27418327226
6.06359990594
2.74665561835
2.55283042102
7.29091314871
4.8146706603
4.19502823189
3.44535831826
5.73706879275
7.04628687382
4.08952783631
5.60385605605
5.48936923435
6.56844177756
3.46584671612
3.93557750212
5.04979432904
3.90463828429
3.20860001512
6.80698353855
5.10402691391
5.81076836276
4.07762868841
8.05128839579
2.30192270422
4.00071050881
6.01971294942
9.51020346458
7.29437179208
7.00413607604
6.54323167622
5.08034864836
4.74127391826
3.06274284895
5.55265138787
5.33893767402
3.36374937182
6.99064380832
1.65374441821
4.63082833653
3.80619618493
8.17289081308
4.44396194616
5.51161455758
7.88548468366
7.21626108408
7.08430429295
8.84026061775
2.79339306215
3.86600764706
5.10244844782
6.79468433136
7.00954360565
4.07258200695
5.3850952125
4.69053576713
6.46164043697
8.85792877398
3.66823581657
9.14015994228
6.33937289696
6.98792075019
4.7764270073
7.41431491308
5.1407148139
3.80105455433
4.06999691909
5.29978623874
4.90881914368
4.65349453898
3.72000787064
3.94112148078
6.97747389798
5.71758482762
9.35438491694
4.18161575748
5.65320919449
4.35275166931
7.56952189828
6.37545246447
3.27679486244
5.39901613213
8.37248317791
5.02992732887
6.55293007506
3.96227488857
4.3922827059
6.10609396114
4.28193224617
3.4795549468
5.74345754532
3.83528905834
7.39392045292
2.11201097286
4.72638175517
3.45646616981
0.966854143626
3.71002991692
1.64907723983
3.69449017873
6.19253884921
3.1343255197
5.46039265214
5.01243999054
6.32003589874
5.74854320739
5.58641683151
7.4472470727
4.4418264302
1.50129709473
10.1449125421
3.87434487303
10.0398975177
3.1532425954
3.6330881861
6.76236234047
