5.72148069507
5.39780150788
4.63173696335
4.51918917376
5.69048163869
5.96899064155
5.40548570597
2.04681259151
0.723242041585
7.86978949986
8.9173426143
2.03330028863
4.91039782445
5.88280896365
3.23835468618
1.97099707699
4.81186296053
2.85736351356
5.23565268121
6.18083524776
4.9405490132
8.92585821024
6.85035728838
7.94291743459
3.69118622911
5.70342251925
1.00607618992
8.46345140503
1.65215221312
3.04116361496
3.84191264993
5.91708883824
8.32588577078
0.636161300506
4.59400985161
6.28518778335
6.94595324336
9.71432681455
9.58764433057
5.65348474405
6.78511021636
4.12289984582
6.97669435376
4.58783619929
7.20624365415
4.17644180298
4.448335078
4.30981247051
6.46605736709
1.97904469159
-2.23657430825
1.799760655
7.92915569907
6.94518699777
0.780164272935
4.67882075836
4.84752686177
6.48214992238
3.88402500732
2.97845024518
2.7913871265
3.17854216016
2.59711958719
9.21832267491
5.48378685201
4.96047714857
4.65517865256
7.18714769247
4.79505915096
4.13413467277
4.68012859304
4.56365175296
3.26121431031
4.41609080007
2.51070087185
5.91978526095
1.80776035639
3.18895733337
6.8944723124
2.47407991643
7.09662620171
7.9816012448
5.82997804971
7.83258881659
6.39521000324
6.60752950166
3.28152582014
4.7506216554
7.48235944928
5.04005107553
6.52750342344
7.13637913016
3.90637233575
3.03926513495
4.9072348565
5.9573588152
5.716048277
7.17736323677
4.71079723333
7.97654055523
3.83275987866
2.9718362802
4.76337276943
5.22367572683
6.49920847794
4.77348349101
8.99132401434
5.37164897763
4.20343833586
5.66540778529
6.67953854301
3.60319928262
7.57216165268
2.19295252165
3.57353357391
5.39848082751
7.19510447917
4.70222603855
7.9316190681
9.42113007446
5.31043802218
4.90694120236
7.19774040177
4.57848691699
3.54497179422
2.37678513378
5.26051446578
3.96519168508
4.2246236833
8.42304322275
6.88509033802
3.41536675326
6.46441436233
7.83640287722
6.67263546502
7.72262260284
6.7860335304
5.12021029188
6.88837967741
3.84863419837
5.48279711623
5.6271434195
5.42846439
5.8110654532
4.21766015449
5.12458025102
5.71313898525
5.37368952055
5.55147440208
9.17548239305
5.61680561847
6.53574167499
4.75814483302
5.58887909475
3.52997038359
4.52192614288
4.80300137493
8.63623968084
5.96326807817
7.26851970291
4.81390167314
2.14722483966
4.25118747907
6.41709719043
6.63892742072
7.70397110824
6.16530038076
2.5592272514
8.08785662138
3.46686037084
1.51688461066
6.55589647011
4.06171118196
6.55479947936
2.52047560654
4.22424530076
7.10572597095
7.14136116606
2.21727097399
0.804724951369
1.11983600646
5.54647166512
5.94396765725
6.91111371687
7.15848500225
1.3744767306
7.1436614491
8.15780019649
2.46903875345
4.25948671202
6.33529364671
7.0817040723
5.02188042331
7.69635720495
4.96037181396
5.4580661304
2.2875423839
1.59081401883
1.29175252774
4.1900240832
7.47280491957
4.75604614297
4.63748364532
7.3258984199
2.06202442357
6.37935998978
6.64510619321
1.44209892283
3.32259959146
4.87622070834
4.46367383757
6.44424426209
2.7865755501
7.2869388142
2.92372202411
4.39872162282
6.90732960578
9.85147285501
5.59869660897
5.55368684761
4.60311944575
6.80919740196
4.65568387691
2.59668645303
4.43308250861
4.33129863169
8.56197658749
1.65390997117
6.97978796313
6.11957602514
6.45842058159
3.37418377542
3.57644179497
7.17811879223
2.77812532025
6.79295964141
7.6593750596
2.22815045922
2.84804371761
6.41983731767
6.74436643756
7.89074733504
4.10693793235
5.56458869502
4.67751234615
5.4824036416
4.51674507475
0.275460084052
2.28221322055
6.25729675997
0.913309512434
0.780894210342
5.60160214658
6.71093449196
2.85864707771
4.18835639244
4.28299452639
3.73028153975
3.51683505534
3.78125578307
6.21323799869
5.01341949955
3.53315622062
5.74568687701
4.44606540368
3.75431117736
6.04794656796
3.87981405675
4.07334017357
7.2570431685
6.85895184929
3.35322959278
4.14195585663
2.08197131905
4.23558201852
5.45685872252
6.52521876477
4.47243799573
5.84666277762
5.95095797899
2.07922887608
4.88698945403
0.524287453161
1.99626027839
5.8817591717
4.36884730453
3.86752768107
8.28457855827
5.7206331717
5.21228179311
3.1097810939
5.67303955732
6.22896603032
6.00636689818
4.93925334024
6.11486382221
5.45538518002
5.6096049164
6.29972506703
5.68666973685
2.81288753466
6.0420262701
7.15665809262
4.06455479232
6.20884796762
1.27119779399
2.78106237749
3.69731876343
7.31205173673
4.30374364906
6.05142371865
2.08815187512
5.55636139455
6.01415830163
2.50961746232
4.92933239732
6.37168451149
4.12756961986
5.54521011861
7.13537294915
4.28390500461
7.99494674851
7.71416246131
4.39253409474
7.35667005372
5.47954339075
6.88854763155
4.17707330433
2.69800192156
2.32403368955
7.02006220181
5.89026306038
4.0508878731
5.49516579824
6.48061742361
5.08048649858
10.1261499639
5.42980919253
8.53189542522
3.86973185222
5.2610634526
6.2467797946
1.53534642749
2.53076818533
2.52432815032
6.4294616028
6.29538136173
3.45886117679
4.65597684743
5.91967108186
6.24374158647
6.59748008253
4.35618415274
3.33343456746
6.07484329281
4.93691366417
0.797328522083
1.86870229591
3.31261132638
5.25374224104
4.45689375633
5.29259388782
5.98294657741
5.31645440494
4.50936382545
5.12817037678
2.5596372069
7.77333339614
3.97775640663
5.48167836343
5.86298404684
7.38931112898
6.06017808403
6.29603257347
6.8811318922
5.68933760231
5.58495669748
1.65582849852
4.99488887774
7.84939393671
4.39064743707
4.33402592353
4.97357727165
6.27424354053
4.36775688896
6.51672219952
6.85035865354
7.38587916219
4.20898307245
1.81616868869
5.95612521218
7.2683805364
2.29153624723
6.58722299767
4.5273350133
4.43579710003
7.24416065977
3.3712209949
6.96700910544
5.20863106124
3.02735063806
6.99136655379
9.73009582711
3.24177852622
2.83435759743
4.6712062195
3.03415582843
3.87975264082
3.99475406114
6.44315004243
6.13057684866
6.19813204392
6.64032683399
5.51382905505
3.60372603587
5.53473018835
3.57622563443
5.86476176586
5.00149663933
5.20708083733
4.55632023462
5.55219745538
3.33110675102
2.14801700638
7.74963660539
4.47660760216
5.16301216996
2.25641022312
1.94223555154
5.57144871592
2.2478970531
5.78996175625
4.34719086613
3.47887694573
2.76751866329
5.33998781499
2.41711828381
2.33708952956
7.44310278536
2.67109491833
5.27061315004
6.40171985034
2.94482684942
6.53212224086
5.07869322883
6.81448255727
4.40108764362
3.21892187785
4.32659493454
5.99232909221
8.10584564609
3.85125537775
4.41795709193
4.68725770039
5.63308798123
3.7689699877
2.86136137975
8.4424773703
4.87954975871
4.95816550953
3.44917425883
1.95827970912
8.90190559444
3.77405646439
5.95370939776
2.66082012884
3.31891737297
7.81117166212
4.51920888728
7.45682145075
3.8397565778
2.01867455584
4.43516120366
1.27068364318
5.25540724303
2.79212433852
6.35243719485
3.01060526754
5.40681139363
9.49422009707
3.91000376634
4.39443902264
7.77502013735
6.35728756139
4.46219912231
4.9297675834
6.92212706527
3.4152464518
-0.219236911867
7.74659790092
3.3139568691
9.91414357358
4.51707940582
4.94261625388
0.835039170386
7.08402036754
3.68727299304
6.68570729867
5.09058596521
7.9329992374
4.16157493528
7.5446316363
7.52187425479
5.75724640092
2.06113374704
3.59788309831
2.12661710435
2.82636909664
1.89064390503
5.13071249904
3.63014494711
4.57231867051
2.23088995941
1.02089962683
7.88633292677
7.2058103697
3.94332383474
7.72252437601
4.29015307022
-0.0862742887801
-0.368464063858
3.20154030292
3.84874714043
5.76219887155
5.5672034004
6.53583697264
1.24154720202
6.32009812354
3.96094448937
7.11396118877
5.31993975177
3.68511510267
5.94478533776
5.51056123052
2.17314699864
5.14712876109
0.365248068156
4.09036615982
4.15880204645
3.59458447882
9.72255828492
6.40697880952
7.702666169
1.01172950785
3.77589147426
4.64826354447
3.20759884416
2.2772034156
5.40478206776
6.61936103187
8.79078012823
4.42086102582
6.87551776185
5.05890263778
6.69998720006
2.76068874769
5.20683593913
2.63803923325
5.07292743733
7.59502034029
6.79212397604
10.2418992881
6.3829199259
4.71699963085
5.36268802705
7.33104048073
2.66786438929
2.37431763333
4.95865308679
2.68852783711
8.48189991058
2.12964372393
2.81696270544
8.25501935902
6.43679373604
8.13019062054
7.52454595276
6.24138046915
9.04948064333
6.36618253856
7.45453919891
2.83374317433
5.59095023376
3.85182522513
7.28080392505
1.95544833052
7.05342574898
6.07257064151
10.5806982205
4.25827168785
4.11593082562
2.53030754603
5.74896378397
4.75731252005
7.39646052009
1.21886699533
2.44387575071
5.77133409518
6.22510926181
5.67285041211
5.20553905798
4.47554331358
0.892068116145
1.38751375125
2.7880769239
2.98012235966
4.58913722701
2.36379688105
6.27799349793
4.04345497236
4.54001530765
8.85746634077
4.71108174061
5.47754128408
6.84400080458
7.25438087039
3.34206570992
4.8654248638
1.94271420999
9.46806024604
8.58349239371
4.11846913315
5.34107502338
6.66205371357
5.72298279211
4.01183621742
5.9278503803
3.25084068132
1.01376128141
4.2840590732
3.50115281651
7.01294169443
4.62796201035
4.4104767571
5.56510358452
4.038137867
4.05075198358
4.94341890166
0.951731551243
4.62192833558
7.58641228748
5.82190861195
3.0195016521
2.29499849211
3.82930302929
0.623848567389
3.67727758308
5.42370618969
4.56446319678
5.79058806356
1.90236813002
7.00178815329
7.70625627226
3.43205050398
2.13413491776
10.5625939555
7.21248247517
5.17696698748
6.2761079069
4.37307271468
5.66237508509
6.15007060482
1.38716694092
4.52010726279
7.95196812121
5.3211107458
1.64119568768
2.50473190262
4.75643772353
6.0031621662
6.03648196032
5.34501041923
3.53086215526
8.27173010236
0.494570660438
5.10147532608
3.94090361361
5.66883653058
7.48908597637
5.40314617444
6.31354521976
6.80575711322
0.98494356561
5.1005238982
3.67282130607
4.76330649532
5.60588826912
5.70660949699
8.18785493693
4.46825128553
5.1776155377
2.97736960989
4.75844431601
7.1062586148
5.18570563884
8.03326265481
6.39321466066
3.01856997184
6.29070114595
2.5351628566
2.63216839593
4.62625050701
4.91286176625
8.42797193984
4.22730296349
3.44955993499
6.50750836992
6.02030986269
4.05352098536
3.02681864321
2.31587135356
4.08048412045
6.45804029896
4.38444363929
5.64388049126
2.41655876461
8.92374503337
4.37032364119
6.91953347417
5.62105553398
10.8036699199
4.45251104706
4.55372689062
2.85602562863
5.36744937484
4.39576179132
8.41668539101
4.48579562901
3.41739990691
5.60384254774
6.68275949479
7.30277138649
5.69915074986
5.67092450776
5.63535231243
4.72667868691
4.32318700576
3.93137832952
11.0564786586
5.45219771345
7.37812752662
8.45056188843
3.2506146459
5.20002439014
7.24518883202
5.67356708664
6.8585008626
6.77579725409
4.62881759725
5.10839665357
3.66812459654
5.94335265799
3.16003348339
2.72063881351
3.8002708184
3.74168728336
3.08473956853
11.5404793482
4.1209206223
4.57480602006
4.19373811851
7.14204331214
7.01547738655
1.44113795401
5.00893831043
7.62218517946
7.74771923312
4.84809415529
7.88109769957
4.37560147683
4.17152175806
1.85439157524
7.10635968057
2.54145646463
0.882754002509
4.57983883597
8.4268412784
2.00718769379
4.57214682844
4.91808465269
5.48534235219
3.48449589611
5.88943020302
4.58409686476
4.62837305851
2.37591189448
3.90126052924
5.34094900589
1.66056941522
4.70358923297
6.55596550575
5.0494800872
8.40071223112
8.11376989074
6.00509288847
5.18121302981
4.7148889375
4.16503623574
4.17998505474
8.32340996685
6.10129234933
7.77832284403
6.63329447309
5.23083855187
1.85286857611
4.48475994233
5.17012842461
5.57342305657
7.56994281415
6.94637382272
1.52465516352
4.60434358036
7.02356334507
2.89058802674
1.72463185042
2.40080633298
1.8950881882
5.25134624308
1.7824529235
5.4962713626
1.72463971627
3.13490670197
3.12914405544
5.10962683151
2.20325199743
5.25939704008
1.0103473488
6.93575832423
3.70048454362
3.93393137334
7.85230390661
1.95852910774
1.53962315372
5.15770402057
4.89244997651
3.1996579875
6.19842012096
3.98803232136
7.92107488683
5.07803029552
5.63718081227
8.53679760541
6.61359344598
4.57155583821
3.33449437238
4.62419481491
4.52643372722
8.34825954727
7.1770402532
5.42945550016
4.33650495803
4.47712662842
4.4802990817
2.68878157674
8.45114563019
6.88581102846
1.90629377108
5.00241168875
5.85288781172
5.3241487629
7.64842021313
1.75292329886
5.16054677224
7.13835854977
2.53762513947
4.73771276591
2.75494491116
4.14538767773
5.57789455525
7.07656728215
10.215352653
6.8224255453
7.04565394776
5.22445782942
1.31803083164
2.90584935383
9.99452147341
6.33722252751
6.05175969726
1.19746764904
6.32268014444
6.63700483066
5.37629074975
5.15686325445
5.09886377811
2.43575333677
0.636477021431
6.36265725022
4.79611660448
4.88146436253
3.92833750553
7.43536726758
1.74177743525
6.16243504837
6.33743187454
7.47584088194
6.95734811746
2.68131049497
7.64306133507
4.32422774075
4.88404827901
4.09998387142
2.75642603599
5.58838564211
3.29828371154
0.23482691264
4.16458459034
5.65665047925
3.72858966014
5.64440554242
4.34929071471
9.13513331098
4.55199132793
7.17689081617
8.4213129474
6.7960294453
7.50688292601
1.10767753819
4.46191816732
2.35150275436
8.18681001777
9.25072581285
4.36034907867
7.33628810799
6.7055929201
2.34887185096
2.5495287215
7.02739896518
4.4274892455
3.49240350202
3.04592809456
4.91059745767
4.36544010435
3.90955649942
1.36122457779
5.39499016315
5.16650793041
1.98144708677
4.22284925702
4.96554015981
4.86917475186
3.46471069397
2.5996582583
6.63761027647
4.24403509421
4.84565102096
10.7599370695
5.81081469043
3.94740002801
2.85136099004
6.78624610789
2.83528650171
5.70640688198
4.27589785406
9.91348868068
4.22415152458
1.67169951605
6.16351845241
2.59954924228
4.29536409565
6.69976703396
1.41626968409
5.51706126067
4.10376012769
4.76461518885
7.8813799511
5.1524627454
6.51650540236
6.24143955001
5.76250462182
7.53044734516
4.6082064852
5.86762134216
7.18525819619
1.36016694256
3.95949179094
7.19599571729
6.09600006123
8.56910763474
4.70984530737
6.23584389877
4.90961013238
5.51341199788
2.9325074529
4.99586934553
4.91421350483
3.27030409178
4.75536046591
3.46939817328
1.36619195242
8.25520619589
8.22806211988
2.97322175398
4.06758665617
7.65468503594
0.0462021914357
4.1463191361
0.967964310316
5.68096035833
5.23719286023
