5.94509934565
4.0902139978
6.59409307634
6.73771384692
5.47265809142
6.05383500095
3.34585528784
4.72328223411
3.58246525569
7.28141130329
3.21792391337
7.28905708003
3.75990353722
4.26542184095
4.03989704444
5.13214887587
3.60075024986
6.62473889284
6.77339034645
5.51454066772
8.24790717275
1.84146567011
7.36607416188
4.59135138978
4.72959697729
2.63706070335
1.05824711796
3.14869704767
9.52853724512
7.38802523048
3.23281031867
0.862839300946
6.57891275157
4.56622835945
4.75129642506
5.05019437762
4.5278608636
5.17979224069
6.93397449359
2.577533696
7.36444286641
8.73447283252
4.36656411365
6.79814371099
6.10432968086
7.9351292503
5.22535864365
3.45134051296
5.95716651685
3.25517751985
3.63103707397
3.85180041962
3.01309591421
7.1857325617
2.94658525642
8.61827793235
3.01269379294
5.73435239894
2.52824319231
9.30093134221
7.73200831471
6.96522633203
5.47807388461
3.435417426
4.55497624317
2.82608932023
4.79321350361
5.79912658207
3.50839947175
3.49532634584
4.65899326777
4.03919694784
5.26797256869
5.87283029601
7.4275298917
5.10235098366
5.08083107363
7.08000299255
3.27651867543
3.49169796094
4.47659297453
7.85490821747
5.92524312232
7.31266426961
3.50233052153
7.06434357128
7.65826241788
2.8563577599
6.22619920717
5.79829313608
7.71373488065
4.09617874991
4.91097073267
3.98584589726
7.98071722798
0.713390013991
8.80645785113
3.66381793235
3.27414936706
4.45048002648
4.47644447497
4.21905524337
6.26547581062
1.42650482429
7.10837142425
5.80526025878
2.9891126557
4.77448932006
1.73518874017
3.70986056491
4.63369402306
8.54320008808
2.41736152024
4.70426577947
4.98577060559
5.72907384233
5.01462507345
4.35599537203
0.608969364597
7.90951866273
4.26853439838
5.33428189733
6.62808992501
6.6891509198
10.789655301
5.82957868024
4.86579544616
1.65381478177
6.05905528172
3.67661689311
5.89362075636
4.75348550658
6.96630833436
3.47252886903
3.7518542215
6.79969133852
4.58830052922
4.45612201954
8.10673093796
3.28796362144
4.73307643686
5.84945954946
2.89837393488
4.40933225241
5.02313728845
4.02924272941
2.6345037291
5.71371707252
5.3233182722
1.2022653648
9.30141287189
3.47536653382
6.78391102879
4.07349036742
3.77974019122
7.69283460876
5.65641237697
7.95056371494
2.60408673732
4.1418692051
3.35635632243
5.43583225559
5.55380549987
7.53964464599
3.09106886732
5.1011139448
6.05383970815
4.88181117924
3.59926495212
3.59047311951
4.13644349588
6.36274223753
5.02581999039
5.19281647053
5.89661721603
2.75514872784
6.85860252133
8.67757466572
6.60102827564
5.28552791981
8.52399618676
3.28843226883
5.39995304011
3.4513511833
6.20536144804
4.02872012515
3.29216682141
4.94942743103
8.56161003972
5.90417092557
4.29679514718
4.65744626049
5.94957365077
7.08061444254
3.22062800149
2.97913667448
5.43150843458
4.47094701979
7.53430019088
7.5361864433
6.81685125604
4.18213129191
7.28119801051
2.91058642357
5.40350467486
5.65014512557
6.14016370407
5.59278603509
3.78674499342
3.5773724027
6.60519853123
8.56295882182
3.0183619926
8.21498035782
4.29263619936
7.06836977389
4.69147111713
4.32798281397
2.21484645945
0.911149054563
3.07591247964
8.49583095514
4.06677639824
1.26317225962
3.49115566003
2.67072942348
6.1533061373
3.49521907601
4.39422397454
-0.202569334809
3.16491992397
7.11144516406
7.08351064621
2.78292344526
5.03890255015
4.44931913079
5.91871114558
6.3162704324
4.74906621193
3.93026377547
6.03948770579
5.0790636855
2.20199470066
4.76699047355
5.36362554133
5.20786096084
6.67764925038
8.02327718642
3.25555214233
0.570997963974
3.80924332486
4.31259713563
2.32313626797
2.05207266917
3.78098473048
3.70754303248
3.20910237808
4.0419453032
1.20438116418
5.80885274668
6.766400599
5.25067361601
4.51617255239
2.71382527976
3.50945661066
3.09409130086
5.05864000798
4.89339492292
6.6969182177
5.44278263892
9.71042861772
2.87419569333
4.1827348576
2.88129189601
4.47855424797
1.22443248532
5.19847238472
4.16303264936
3.26838704858
1.30833704498
1.24465270709
4.76212592513
5.3274679327
1.21946162038
6.47732420943
4.71584608068
8.21385775551
5.55725976335
3.64455720199
4.20657547663
3.59232116233
6.98689393986
8.06787734932
5.95794674723
5.7568974248
3.45892507411
6.54909462107
6.8208609855
4.65519760676
8.6229831689
6.23768723886
4.59830463062
5.73964300499
5.0542481531
2.71471989451
4.12691928574
6.46471715429
5.63862980893
8.2163951509
3.93402227368
2.62881464685
3.17690817752
6.98311225568
5.04714705745
4.98649306112
1.76552464949
5.23571094722
6.16035413114
6.00076409138
6.56904792561
3.36438317106
7.75095453531
2.45223122425
3.9629294425
7.23998680235
4.81471489452
4.26334880389
5.3680619382
5.42538585204
4.70000114138
5.03287929235
7.81304760269
3.91324737697
2.53808528671
4.91191734102
5.85012128018
2.56054883255
5.92218088921
8.41859220613
5.13102941743
6.83140096846
6.63832222368
5.30071869854
0.589681501919
2.7158726162
5.41199814205
3.50821314874
3.83776564252
6.76319594507
4.60563105767
3.34002474177
4.74201044009
1.47951458078
6.05050283149
4.39244044378
7.52038941283
2.44436635827
3.3371041608
5.35024208986
9.20153732088
6.73960585462
4.27463482867
5.98993010726
5.92863268524
6.94655345804
5.22556871674
2.79384614622
2.48458838817
5.08597664107
6.52450008584
8.52484048405
2.30799024052
5.14814571478
5.45011407079
5.19311657821
3.75025270133
4.95705618301
4.75213917424
2.92229176408
4.65579801042
5.46123449219
5.30793513607
3.46573908441
3.44620809589
6.19885968628
7.332928829
1.00409915524
5.28928466138
5.00321522156
5.72414891247
3.85817135037
3.46956485695
7.99877116542
3.81406538552
4.33657802561
2.88351795018
2.50214062119
6.39969711357
3.3613799989
6.6415296696
3.82542736655
3.75874587146
2.01163442426
5.0678052349
6.6161986065
5.65806193935
5.62877092023
1.7547306787
4.50563255499
4.13783618988
3.40762819073
5.47095479924
3.70907933597
5.64394641374
3.14767108691
7.44815480549
5.22159556077
6.86437568363
9.95297060506
5.49068163872
4.0191492381
5.04525488537
2.10431011429
2.27870535853
6.63846170356
4.14309367803
5.5723546462
6.6023797833
3.34629666466
8.20638393828
5.32901709766
1.7111145909
6.74453049506
0.918095939799
5.10466011353
3.80876486588
5.04527677249
8.16118126927
3.0744442567
4.95617263078
5.69175038278
4.0900848974
2.79376008092
7.61647393117
5.27219856666
0.887392011884
3.06281030214
5.10621677921
2.12540120872
5.74816397584
4.11824003415
6.91670506371
6.03221381525
6.62781227491
4.59790253771
5.28870169299
5.4634211235
6.2807073715
7.77568341772
4.46340383977
5.88076784022
7.67375999962
9.79059845383
6.98799441023
4.46922704323
4.71262279503
4.2732390827
6.02198473103
8.01801248703
2.77197573497
3.48631972382
8.56983629247
3.54521381076
7.29277964045
6.14443263106
2.98275312115
1.99527772564
8.24357801776
2.32550742367
5.65518552256
0.951542479144
4.25070727359
4.8196393475
6.52581084427
5.9832820498
3.37110565949
2.95035018212
8.16616893736
5.87108560357
7.76350816387
2.84419150901
8.55495915241
6.21532530455
1.40492943511
4.50093568478
4.71510978752
6.87731664545
4.27695841914
8.77292268644
5.92451834355
7.22242926161
5.75884380047
2.61078049834
6.62019059768
6.79299233843
6.26014296846
6.45068074332
4.40802784874
1.07552405443
6.41305166025
5.6485929209
5.9603362278
2.07872844729
3.73742876167
0.723974588106
8.44047148388
6.74847183275
4.87119381694
6.10057982937
7.61451888497
5.3436644355
5.78746721441
5.70644820533
3.77888512352
4.28379681319
4.95726294432
2.95479085551
5.135896712
3.79621017064
6.08089222953
3.88368579531
4.92359759505
6.08612747081
5.2736280459
4.13738601002
5.19712261704
5.38562835486
6.74546622074
2.36028617671
3.25165819157
5.02872318768
2.37421804828
6.23976535669
6.13718567604
3.41948990426
6.54271281933
5.11385523259
3.78456185755
6.87325193272
5.22269631987
3.41855363324
4.44173176781
4.92279919167
2.27696755235
3.25640428586
5.43945577435
2.13947774637
6.1220304421
5.46912488285
6.07929279095
2.45238737607
5.57421960875
6.10319567539
5.3608425508
5.34007393584
5.03359648156
-0.363388129215
5.13565878234
1.55731741542
5.92275833501
4.24317984079
3.4236372386
4.51549082521
6.736660964
-0.486220714272
3.32511684164
5.12119408225
5.41214394672
3.4587977519
3.99641521201
6.38562927998
6.4504765767
3.66686826991
2.24134909634
3.02638583891
5.35203859106
5.04155354631
0.901759081825
4.53301375547
3.11167938107
5.46883421339
5.43418661915
3.56182575308
5.05524747689
3.76082126439
6.07694637321
6.8509067773
4.4217760543
4.12644326336
2.29105178363
6.34376693305
8.69192503097
3.2869339594
4.22836025441
5.69911362046
3.01040848686
5.14320599146
5.1576243254
1.54707423295
6.1373802846
4.57841000347
5.96810816442
3.4469831641
4.44102811958
4.32606885121
5.72834930436
2.57998517463
5.98108708013
6.36419992522
5.70837294219
7.14638683695
8.17911582958
3.5789324544
3.92034311771
7.00047219811
4.43339416011
8.03093533508
4.7400717515
6.46738113813
9.70632387985
4.09496282696
3.97150869568
0.400176601002
4.18328999728
5.23013653346
4.15525146814
7.63960995054
2.11998573971
6.03954123676
1.31090411028
6.24358719735
4.47707226212
3.38789965947
4.34215262414
5.96200453723
9.68647090861
7.11908526269
0.312146484029
3.44564799162
3.18096956014
5.94599093666
3.11485492404
4.93818850203
1.38818611019
7.6445229706
8.14715685144
6.37816792822
3.90267749923
1.29899264686
3.74984440737
5.3510732063
5.28746175454
5.37671085871
5.22263073337
4.00076882993
3.90166394927
2.48395576442
1.80880510154
4.77890396457
4.17915922007
3.86603226136
5.50277115002
6.0017084876
6.18223501477
7.08206500274
6.10722738466
4.85708661462
8.1260042192
6.81787926856
8.21557940855
6.60538082368
5.07206319871
5.41649298512
6.05160880362
5.97918201607
5.79876207563
3.98419358641
8.31040574849
3.62299492218
1.33255610807
4.48667260159
3.42422651868
7.45032166905
3.58704888067
6.05661425807
5.18075146278
3.31917256718
2.62329643952
5.61619844393
6.0620619918
4.53715734682
7.22176025056
7.3713890882
4.87392207798
7.626782821
7.13116525256
6.95947719319
5.78499714517
5.90101555538
-0.411469609434
4.10219279772
6.54318143211
6.0450217305
-0.354666101756
2.89573257987
6.09053455451
5.06149290993
5.27598307019
4.86858841843
7.22351926197
4.19882089147
3.74580059273
7.2424422308
7.81581199258
6.64608273588
6.26891987746
2.27846110939
4.50050901034
1.428119229
5.76214835926
7.74307398411
7.30145935294
5.73435207267
3.45695918989
5.45805801103
4.00043725241
4.9367747575
4.26029044243
5.5426344292
7.93014233968
8.90797607446
7.15878976931
5.68611933764
6.32117544904
5.33983995664
5.54290614898
5.17532633219
6.27688933901
4.75705679966
3.76493331217
4.03948044912
2.68406858902
5.95215540139
7.0312443965
3.9446181222
2.14938885967
4.51929283529
5.62300804691
8.27918099566
3.45745990898
6.62932321504
7.64483708248
5.36086921548
4.19388033822
2.23327962247
6.15854427741
9.13279308608
5.44184599497
8.08790265575
4.90032786032
4.41025210463
6.29626986959
7.46644752223
3.12922415717
6.11930412707
5.80374734669
7.76780604229
7.96463983875
5.3972299674
7.6192027924
3.5203878498
7.71379065834
8.65597751705
0.382531237657
3.48967174085
8.25645396062
4.05193305999
4.96964031031
1.25756899922
1.77995103427
5.96598620229
7.65009960493
4.05973077611
4.54448240504
5.79870716653
3.41003401573
6.25246661638
4.07128220657
4.45471417084
7.61438944713
6.56738360635
6.62208540047
6.27017553205
3.18317015664
8.28176783706
7.63751661142
7.01305954052
7.18104321472
6.13355064615
3.36598260535
3.84439608277
5.47611752074
3.11868158766
1.532327813
7.80357025543
7.14372106584
1.10434297137
3.47933359126
4.36357482428
6.63110731416
0.949817240722
3.76885146018
3.17438726691
4.67582408583
5.96587426108
4.45003409568
6.99953372528
5.24649462921
5.68020022019
5.28359012511
5.01405251666
1.30869812807
6.09185577657
4.05530748489
3.57972267472
-0.218726819711
4.74557617934
4.6369629854
3.53675312664
5.73687231954
3.9333727791
4.50759097541
3.44010680762
8.40078568246
5.60732160238
3.29596281319
5.49938796551
7.49064251881
4.09877653118
5.3572295862
7.34726232144
8.01510388665
3.87803741255
5.85186626371
5.28806173819
5.866438158
3.89102798148
4.33412338543
6.00491883338
4.06762596045
5.19299038769
4.57294770791
-1.43299947044
4.86870486331
6.48634355454
3.97251854477
6.03899745113
4.75427394236
5.74398798551
5.70609892866
4.31951146042
5.73604328944
4.83251725443
6.74260214492
4.67339997871
7.06469620476
4.18257185976
6.059884585
4.46892340743
7.76143469609
9.79903014468
5.93120201966
3.86532194863
5.15438458795
1.61760207694
4.26357477046
8.08712765833
3.84474178947
3.77669007
5.26626202386
5.96274314832
7.10274480186
1.67812415518
6.31176993432
6.48124433577
6.48702906706
7.0401294249
4.44406238508
5.66599682301
4.88556502711
5.41891929177
4.10200479097
3.99264191098
3.89566395846
4.96509798157
7.86108312771
4.16181191183
3.45083659126
7.95024540354
5.03239983483
6.9789928504
2.12513485212
2.62079630993
5.10886899316
7.22798685401
6.38549332175
1.55389571258
5.75288286138
1.97480210446
5.99542553872
7.39143363667
6.52667676838
6.76719833471
7.6600882756
4.53910550314
5.53005563252
8.58121689141
8.99380841212
3.07873323377
5.76677789736
3.52230209569
5.90932936907
5.5503976403
6.06465709896
5.20849009155
5.51462953108
3.41695993752
3.82011908479
6.59857827993
3.22139084382
8.52700136248
3.62834354916
4.91406102871
3.32930002864
4.5025737494
5.89189581364
7.37973404851
4.8531903821
3.35457616838
5.19368180473
3.54888544711
5.63625493601
5.0636526921
3.98174701986
2.87331680286
4.42260161177
4.47089154841
8.22313700698
4.08938201011
6.01672136037
3.51983065682
4.09704721631
7.49465276708
2.15194612186
4.81194006183
2.86213867589
4.88345327476
5.04598740842
8.01540616573
5.10597040138
1.45794707169
9.30831087536
3.14464847449
3.82465002472
5.18770657901
3.37526855719
4.4746100081
8.25082062062
7.20641203741
5.98960912267
7.02328523463
5.48862828802
7.78636678002
4.87985550924
4.49633336992
6.61075624667
2.74250738985
4.6425282081
7.32359059274
7.18552949998
7.00732442857
4.52814675264
5.1410061337
5.31408259015
3.30585863392
7.70854079832
3.05288836101
6.65794803784
6.77901235507
7.2514348667
