8.45132738239
6.94149327993
4.80929165739
6.79186598521
7.13010063417
6.3677968273
4.49709372918
7.29870744774
3.18622684683
5.12333007904
3.66143819215
3.85870805308
4.69797187693
5.15878262106
2.07786949784
5.53329533447
6.19656579418
6.62132382418
5.25591260355
6.04945197611
5.98892601878
4.13074696529
0.980837081621
5.25109167841
4.22297595053
8.70277337674
5.77235886926
5.89389190425
4.52460816266
5.37847187804
2.24021518119
5.60383209098
4.04667403615
6.19172959376
5.70749648117
5.49737432666
5.51172280436
5.84901131659
3.92144525864
2.39179134085
4.26933932013
6.25773512509
8.45318589755
7.27120113388
2.21887743737
1.09073436911
2.75326590286
3.96472868151
4.97517002763
4.94199447885
3.52407422157
3.13974421644
5.1896475843
3.76048046278
7.8276924981
4.47363670169
2.50309718316
4.22073135207
4.49232836358
4.29574637932
3.92862285152
5.99504755601
8.66940057179
5.05492999687
0.387981489839
6.70798601665
4.40201300123
5.44536117571
5.00547795814
5.85835308166
4.84939444975
4.40599039954
5.11334928404
9.4430037861
3.7652718645
4.10086544113
5.93056098184
3.78187324482
4.97884152254
6.19888269203
4.72045070435
3.72494216665
3.0120602836
3.96424433006
7.55214164941
6.29560209202
4.34349625049
2.07674451247
6.79332833206
5.86696900686
6.72499991792
6.20640015836
7.4416360696
3.42148228416
2.27474781473
6.84799833845
0.501643206291
7.33240893658
8.20208094049
7.73102850424
4.98340757635
0.520718325162
1.89501300314
5.70558486485
2.75483086615
2.52412235775
6.24724498913
2.71003930411
1.23217255415
6.7846698578
3.65750736109
4.19295224917
5.82723820985
3.2345085067
4.51141222209
6.64983880784
5.14566901902
4.72310933885
6.68003205525
4.07445068868
4.11150075752
2.50980455579
7.2568746848
5.15958343535
4.86439389843
4.05168103736
8.37240986699
8.31999146769
4.1971736664
4.09607779397
2.24453421861
1.45178305878
4.69560105698
5.16925971307
8.54036180592
3.74464581003
5.09125040192
4.17617925753
2.14321780776
4.59718285714
1.03853247142
5.88395742728
9.05997431894
8.21500409292
3.08682169648
4.60905009705
6.84408075429
4.65827266476
7.84452051352
6.31717550734
5.90280784524
2.70041214062
4.70342851051
2.35532775099
5.78652019689
8.10526530747
6.75858426063
6.31109182651
5.99980640707
4.44748190252
2.17801874711
3.2136486897
1.06409101581
7.69150376978
4.14256459684
4.21248277746
4.14964085427
7.41268689906
5.82903015105
5.39137540651
5.57472160646
4.03351816275
3.83960928989
11.4542757623
7.02563630943
5.99606339311
11.3148516483
6.2033300422
6.10439209485
5.85629484278
1.87447078464
1.37219712286
5.75963905891
6.67512421001
4.89793900184
4.66371902549
3.72090808339
2.40365323472
2.37282301285
6.04524137592
6.16472741777
6.70642389223
4.75137807156
5.61055367976
5.05950685194
3.12477347288
9.17392416692
6.51245501773
2.23657600814
7.78696645506
8.38050098695
6.39809716068
3.79913774446
4.66735498196
3.93887847748
4.80929070294
3.45342157288
5.35456569402
2.64192708173
5.06207494887
3.93145042343
5.50788148348
6.50279819545
4.15843747053
3.97169083948
3.75686116047
5.36619964583
5.32317925666
5.58393268919
4.54143046947
6.59261599249
2.62001959913
6.14987451424
6.22245122672
6.14884850802
6.21148504719
2.2014821256
6.79482059437
6.49779550667
5.05378227179
6.12408451976
7.85836014641
3.08998690198
4.34394031782
6.75821319631
6.47277223968
5.44112129265
6.2175071384
7.49355397683
6.63263008444
2.67661045738
5.69359202814
5.24761003753
2.03594480919
4.36989769521
6.74100403875
4.55299638669
3.73367277054
2.1167296362
5.05895637388
3.30170257776
6.09205800938
6.53626172768
6.90349161201
5.64838264646
3.86418918341
5.96400691472
3.96097220889
4.55266266201
3.47077068687
2.47747530365
5.45055051004
9.88935814846
6.10278106375
3.50941248442
2.27953298453
5.18482759324
4.03628554536
6.01389478407
5.09505572028
3.66880169901
6.0643691644
3.34258699279
5.06580043849
3.32434787412
6.80026227838
1.50176549577
4.24115644082
3.49012785974
8.64943925685
1.01444623745
6.20693736208
2.06503247582
6.7907156743
4.43310564379
3.38488168026
3.4992117644
3.35592605572
5.43096937412
7.2916665961
6.87165777132
6.68839991765
2.57171789066
3.45913605781
4.0626787445
1.83617215386
6.26156963931
1.32031590717
6.52623289234
4.24941101398
5.3977638629
4.51950859945
4.21968567448
4.07020843189
9.04606503679
3.5715347449
2.01778032251
3.0289176663
6.27786513694
2.23732485055
2.94220230976
2.52347945502
7.79064169674
5.67960530401
6.94923305416
4.86477601326
4.006312589
6.39350929998
6.7020660737
3.77750163688
8.14308759881
2.93138661344
0.268597300983
5.53263811678
5.38961365997
4.76988366226
4.44925393267
4.28422223669
8.96469731114
2.55027099801
3.86756598227
3.60826237789
5.99912644028
5.78395717331
2.28806204018
5.0580958429
4.87296066622
1.93648580378
3.05238602292
6.73274561423
6.29104771769
5.8113723117
6.41777854976
7.03394558526
6.20378805301
6.86537115795
3.45047571922
6.95917937491
7.12054421823
4.53554138095
2.69492173758
1.42194067896
6.25536201168
4.12038382207
6.06440027656
3.38773652419
4.77005776744
4.98009090392
2.55397902726
5.04581927587
2.14012267231
6.4936787763
2.08307664027
6.10085565222
4.77580932188
6.906998345
-0.0473379767797
3.06491091151
4.15032342503
7.31976562098
4.92460396135
6.92095064492
7.56703750712
8.76303927455
6.36938197747
7.23194061801
3.35072780279
2.73256610054
2.81414221186
7.12736893189
4.03548308519
0.421149355456
6.79884760055
3.0028894708
3.14052319357
9.18156525626
4.83432842956
5.33918321913
6.04989596349
7.72207903081
6.01211252009
3.14894313937
2.33022740727
7.99549970724
5.20906607613
4.40283685148
4.44947937445
4.81487648809
5.03552443703
4.04817325017
6.56228997334
3.23094406088
4.23730843962
5.77897615524
11.1525167176
5.11694891095
7.03689618796
-0.167977611295
8.3976227304
5.73768309921
4.38921212906
3.99940225157
4.92344112383
6.07181897359
6.0617948055
3.61662724165
0.22399648817
6.90889083192
3.34337967755
2.506051138
3.76069133357
4.4185080534
3.20210552332
4.05839759278
5.67815000912
2.13109583087
7.27937091501
4.39013611766
6.88101284613
1.6485176392
5.23441115372
7.2738351918
3.32457765995
3.49103234282
3.41128191778
5.27130024212
8.49568828321
4.3354235066
4.20828537261
5.00308744752
1.76065929584
5.23676248924
3.92805317678
3.80903449546
5.64127282688
2.71682508334
7.8264652113
0.821137953574
5.32001718107
2.16494612434
4.99262775279
4.52567040231
6.62284335139
4.53184438008
4.90763902417
5.11795160653
4.92604647274
6.08892795435
8.51829273331
5.30775807564
7.06098551579
7.86630806466
8.71670805862
4.20021753197
5.07998410905
7.60793422246
8.77304271274
5.83753985794
5.13912515237
7.01570786133
3.28120919682
3.92606988515
4.61679771125
7.16237476516
4.53944412722
4.59469410747
3.87307146905
6.41914774848
6.14606513953
4.55628125389
5.93740803713
4.47952955048
3.7488875213
3.6095177994
2.49856078766
3.93626469354
4.83788242577
4.7818576396
4.31187849912
7.25134847582
2.23588539875
6.53045391674
2.88272471477
5.92522417401
5.78678024259
2.81909021629
2.95790540832
2.67866829118
3.17316317115
5.05596841087
3.21423750389
4.28124371996
3.80759709318
5.07777261645
4.45149149364
5.43987305314
5.55962036687
0.585645443144
6.88743134682
4.89711512646
8.71033510654
5.52161183522
6.98455124045
4.96250343917
1.77367316036
5.59814670166
4.27334480377
4.45126793509
3.20325901858
2.94646879464
4.79240253491
1.41441810765
2.42377276876
4.4565577768
6.45692464552
4.89854214693
4.74711935333
7.79629146714
8.1356364731
7.77387837992
6.5990450782
7.94673450983
3.74586319188
5.12329621616
6.35641285866
2.32582914039
9.28934050715
3.31326831713
5.15716322388
6.09074535661
2.16300356929
6.85861862553
0.922385610625
-0.479332208377
4.50509728231
4.6962794837
7.20132583033
4.09979086446
5.55872372292
5.55026580288
6.30176996244
3.73890448483
8.78762536824
0.712388680929
2.67241778801
4.88231875568
2.5045303276
5.08229152299
2.27017094532
7.03792317548
1.62856188389
5.83799129311
4.52470695879
4.86813598039
7.16817035929
4.97608693285
5.83080687909
1.8531993447
7.25395918585
6.23089727588
5.89882326343
2.88002766257
5.24630213181
5.56615673937
2.34525865353
5.05626506865
2.80392703733
7.7891379693
8.65081610905
6.53885574683
8.12910632894
5.81816555769
3.15410444924
1.7469747681
7.64164445338
5.70757031061
5.26706999488
0.0647659157178
4.41177844548
5.6327248994
5.77038919106
4.3481818688
3.77084873723
0.755614096587
6.16303817215
9.67522689026
7.06560710453
6.5092294064
5.27636776747
6.31942724913
7.12588839911
3.04523429021
3.85766264697
4.89867572927
7.98387427227
3.65245254215
6.62085763696
4.34380696193
6.26044040215
4.44407611061
2.1131639765
3.78480843
5.99819784842
4.81168480211
2.89305014098
9.7372885413
5.09511821714
2.03140436343
4.85442662706
3.72250538807
4.37433414195
5.28286898998
6.39187634015
8.02567314941
4.50221911097
4.86571452909
6.8203249646
6.17828800895
4.72558581631
3.68364739078
5.58481313871
6.30455423697
8.41418762322
6.96473094998
3.80899626439
2.86445471747
6.70729218255
2.69694278644
3.33770407234
5.54982864195
4.64404879019
6.43021602509
4.72638310006
-0.00355016578927
3.77928372992
7.06708057185
6.00884602877
6.64473706097
5.12451722695
5.42851583838
1.08736343059
3.33707105754
5.65722346788
1.83752502449
3.22825627413
2.10729576936
3.05707390967
4.51433424354
6.72912966113
1.36601187269
6.92808980518
3.93294465852
2.69506377175
2.43616413299
3.89902246638
10.1380088867
6.33869609005
2.87513749906
6.25733222584
3.83192407257
6.44245472834
6.75107048001
6.47891302232
3.41216348045
6.82360917425
5.87893754841
5.6917446889
5.2136882614
6.92612372345
2.21141149274
3.80126741309
4.83396750164
3.64369622289
6.11180584678
2.25023921573
5.60322485898
3.83592264669
4.5790340446
6.34426798658
4.85120025773
7.44088915039
5.64192377487
9.31407855623
3.84250643653
5.39742219833
1.90015492222
4.79973315288
6.20336111484
4.91885893279
5.16031888008
7.1607380339
4.76883315137
5.38376961841
7.58751866541
1.23596935577
4.69628020249
5.90591057958
1.12653072427
5.14871459961
5.4335516356
3.00679811163
5.7295385028
6.03392773003
1.47965776212
5.06128569719
8.10728543693
5.56775878351
7.4850681399
8.68989238337
2.51337472505
5.9804308013
3.32114921405
8.00916932203
6.68672814838
5.72492263802
2.61076498395
3.48284257317
8.23370469367
3.65905415734
3.79733494054
7.08806356482
3.59088253234
7.66607659617
5.88978900507
5.59927184626
4.43136514163
6.73371465773
2.95201652644
5.62649231427
8.40737714711
3.50694117332
4.19072890782
6.04860991407
4.38221683085
0.231025264442
3.66735894679
4.4404737386
3.82437281422
2.62786956811
7.73841407322
6.01983918495
4.42025871793
5.04445568011
5.87849707483
8.6533862637
6.12949932323
3.48379924908
9.14847032848
8.01379465592
4.70524463293
8.11522378747
9.07672917061
6.05625461511
6.1080763142
5.72469588916
1.68941206965
3.80009564663
4.41449800889
5.28379769585
5.05220720077
2.57817529077
4.86978785754
4.22474407497
1.07418479933
5.40882288746
0.872899622977
6.55721085777
4.24108140508
3.37526649454
7.337558631
8.0647405526
6.1872435564
7.10103915532
4.63172906381
5.40758928894
2.4067395921
7.92338610537
6.12857579508
4.81325070982
0.94913973339
3.7624952756
1.62100261328
4.58754701754
5.36988419901
8.13715562408
6.15373042544
5.95161535735
5.40615034557
3.55609818067
4.07280508931
4.96376642189
4.13545631022
8.66152770251
5.08664813853
4.0136134441
5.4901010167
4.47918926732
-0.257052144079
4.11592394003
3.44379907415
6.51332729303
8.08117677457
8.45711011273
7.41452604112
4.82201698593
3.07893375477
4.86077118597
7.99830046312
6.30322046912
7.28049618618
5.41373022963
9.32147602642
2.76493780299
8.66534551774
6.39737269674
6.50937093311
6.87851685762
6.58336850546
7.50871430463
4.51741379872
7.58462497304
8.33665213218
4.20543027827
1.6457030218
5.6829438331
4.51710663509
6.17113507927
1.29196366385
4.64440363018
5.51782566604
6.91502319108
5.85314041585
6.47481838701
5.22610292186
8.70312735541
5.43331081653
4.22583427338
1.65019340445
5.37304248324
4.4089867658
2.76013682151
2.38622781589
5.51076274382
6.1054465377
4.38470279912
4.93110932948
3.03601184693
5.29496378883
5.96230599101
3.75133635626
5.75299347545
1.59989391109
5.68526839229
7.90693979412
7.86762460777
4.54755922138
5.60836178307
6.66330288319
9.43304130329
5.12272325028
7.06561040775
5.74001634173
2.17312477929
5.33094524247
1.21329172639
3.93371869418
8.47838800527
4.6318680236
5.45259646348
5.90205548927
4.25459995793
4.28423570266
6.56097333426
5.35247491311
6.54823280431
5.18672374762
10.7384093286
7.65186617221
3.70945156435
4.41626248977
6.37852268192
5.08129705237
5.52204310786
3.72885554605
4.07781098413
3.36682242512
4.58181970263
2.73908916959
3.68947261595
3.35110729374
3.58649845692
5.79107723813
3.47705180617
5.18977663176
3.96008360828
1.81544988538
3.3692723137
3.72183014
4.89370669792
5.1166933997
6.13263869039
4.79239168587
1.59908521735
3.26590155426
2.95900115336
4.03219394965
3.85307255418
2.15435707457
4.32198113755
5.95632725608
7.33189140144
4.67953095873
-0.598710925878
6.09335459742
8.25967671048
3.246667209
6.67445398171
2.49284720652
6.87070042213
-1.70976088315
4.91383490181
5.81441265315
0.189467689333
5.60761783178
6.98516006022
4.13022662304
4.36679126115
5.11355595531
5.22400576132
3.59802817038
4.33543802554
0.997915780937
3.7821900239
4.99491573719
6.42021016109
7.44791375801
4.87323637646
5.72927133104
4.6214100308
6.08555540299
4.10966457688
6.10112057143
7.18567783238
0.62854492069
7.62070381717
3.71113355373
3.44598604553
5.76250891906
5.02416750305
5.78622925017
4.78036702647
3.17335018451
3.78711102376
3.25883015484
10.0862955249
4.41047289461
5.78840651532
2.42831217636
5.35250112281
4.58949227695
6.24882822132
3.9678622722
7.27842688475
3.91350002316
4.62636999236
8.18242180741
4.45068180824
4.21159185734
8.23243032303
3.93219478501
2.15025858795
6.16943620303
4.53706063162
0.00831712744687
3.35838719784
5.81697113173
3.19566001305
3.32904759204
3.67970695451
5.62053042121
5.40985585766
2.67761163782
1.85003519742
4.52169512801
8.58618824558
3.68200964125
4.92922372838
3.2588579967
6.99168799122
5.81914437142
