2.54604195094
6.18331645453
3.81529892905
1.74951622769
0.828029892534
3.62524822539
5.89489102486
1.86343530376
6.70023144505
7.48313068934
7.72670290016
5.93532929902
4.16166279801
3.7363788441
2.71048114949
4.46651156938
5.7348001815
9.32542278153
4.36410553255
4.60673042542
2.57149378461
5.45571163568
2.93357866757
5.23144933648
7.73324573171
7.74141354826
3.7544410896
7.26247294205
2.95899807772
9.0934193031
4.29110727793
6.73842250675
2.96387854427
5.20275608542
1.96886470443
4.9120081642
5.39371818166
6.43034890979
4.23411909119
4.50173931964
6.53577470922
7.3057972394
6.53697814544
3.05295418179
0.971314841227
2.51897248936
4.57393672232
5.72612475517
8.50567219881
1.48009813959
3.97491272869
3.95747026321
2.18479003882
4.67801963912
7.54853121059
5.52299108746
8.76294871655
2.77103122427
4.74693794472
2.70916049307
4.44263252752
3.02204259075
3.40755713053
6.44649279242
7.45164700089
6.46059163704
4.1403743581
5.25453719339
5.52581555316
4.15973022114
5.24726909861
4.62469923401
2.84034126449
7.85675880659
3.28050672881
4.71371510595
3.81028626661
7.1192340705
3.86419938557
4.21606065713
6.06462112365
5.38122653069
6.47398299043
3.77997964784
3.8655005173
2.22811802273
4.81387264851
4.72331505726
2.20540964133
4.4458315485
3.55106665824
6.66053821403
2.97491317667
6.06341365609
7.37085319697
9.05868857045
4.41562365056
5.04948417988
6.23998045163
2.47270316781
4.63621130292
4.03612941095
6.49705120786
4.01493689139
8.34515811087
5.15710610423
1.54158998803
4.46965339001
5.82029452917
2.62115860593
7.00119094566
2.83690621672
6.88648169625
4.72502777222
4.31322143862
4.22296922166
2.06473312407
5.82607385361
3.19337644675
5.98867625406
5.8708513588
2.34756137252
3.33020311812
2.99414477589
2.53090526476
5.40589737512
4.71023766115
5.07348117773
6.77037957752
9.90113850274
6.37152143659
6.2043581252
2.89962106747
5.70296999425
5.55947309207
5.15851132975
8.72757514316
7.13398903588
9.00678719455
5.28483511905
4.64682097209
6.16196071385
5.32247322286
3.7241827598
4.31270237602
4.67110243569
2.0370725534
6.57058810326
4.68949303182
4.63776774266
2.28563386721
7.72666413008
3.11066516343
5.42166983489
5.27183667061
6.28527245128
2.21285658054
4.77479264176
1.89907981877
6.24757437879
4.7537618114
3.99920468312
2.62279562803
7.86376591419
5.11981149922
6.97592342414
7.50776353424
6.9249882425
3.67509983323
2.15996908405
3.13851659939
7.25935862625
3.2929396211
4.93081285881
4.9395651718
0.762368819306
6.84121531246
5.2861373001
-0.519253722015
8.26962775326
3.01872671265
2.48404356029
7.85322848331
2.66335470226
5.12282375769
4.56448497927
5.66785045952
7.36023674611
6.93815944681
3.06894632188
6.83227315394
5.63126135527
5.59147264519
6.68039496777
7.88808750135
5.96576270125
3.76020218106
6.95009486979
5.68507259846
8.2436426831
5.97754257984
6.00707926506
1.82567581256
6.7680665954
5.65968771049
6.07989704033
8.46052952064
7.08728725307
1.74275378387
7.87046224711
5.8503539496
3.33566005815
5.84435372594
8.05139502439
1.97731943426
5.59448550616
5.01336401855
6.72352648603
5.64750337678
2.98200033501
5.8728106331
3.75085362271
7.02898259311
3.84028273856
4.0368844462
2.69762070848
9.37887634428
5.35947438444
5.5856194464
7.40806134461
4.94880802172
5.08045479262
-0.0143970799526
4.17468256021
7.27144919994
5.37011726149
5.31380816312
5.88534642096
5.67754439298
4.15585524601
5.0832609663
4.65090246491
8.28323709238
6.52998872542
3.10951826254
6.02509461594
2.95194405879
6.91908695046
6.88669960207
6.40692292138
7.20757652019
1.60035518542
7.02256560016
3.64353286856
5.40811459281
4.91339065931
6.16723280946
8.03711126163
6.11842590052
2.17847422679
5.84896899477
6.23193064097
6.27286802317
7.07360260907
4.24235646172
2.09909192475
7.81698777598
1.4889570935
4.21144522779
6.28734457278
3.49525619725
7.80494237519
8.20375290924
4.8177206981
4.906402265
7.39766435903
5.06773260099
1.39040704814
3.44399124411
6.99970191544
3.42534394061
7.61896055984
5.36715995256
7.60351147644
6.80080735563
6.04535026965
8.46203559928
8.23754994754
4.23286166837
5.62265416075
4.94838065985
6.33062903888
4.76000656629
6.25103745544
4.59159514613
6.42307468012
4.69816001758
4.86022857332
2.37153659569
2.50595437887
2.03074634207
4.42544641361
7.26481841059
6.14826316516
2.35317216378
6.55924240729
5.35808132454
7.95257897323
4.64655669571
2.32383893492
2.88620856543
6.20959904471
1.92257867044
7.19218572436
6.9749486609
1.38122827045
3.93003685667
3.8100831074
6.06438010516
8.71872144765
4.58865453968
3.06121749277
3.45135138925
3.29990226351
4.82076657839
6.35055402198
7.63418358861
7.49926826828
5.07746664925
5.90829741522
5.95257246939
3.32845433079
5.98243465358
7.11802516821
4.64636516498
2.62657341392
5.90723432242
6.51718326103
4.40097262111
4.61663942894
3.24940174997
5.53906300964
4.31359843391
7.08711695271
4.46290801659
5.95722380015
3.27925368703
7.39123438912
7.87340969024
5.25146988203
5.92968922709
4.27086293956
7.09088246257
5.42596940086
2.96368467448
3.79716632341
6.80429417849
4.0154443971
4.37992155302
1.68556295121
5.89352905972
3.90271008718
4.67063425236
5.04319169585
4.3645962662
5.57713286558
0.210247582031
9.2507070363
6.29586010875
4.458514676
8.89836148392
10.0485678277
8.29007245066
6.14626162116
6.54921442689
3.38609137615
4.69381463823
4.22417850351
6.63220615712
4.7502228808
0.540678456907
8.99745502672
3.5986051229
3.71353644864
3.83103116226
2.84545745916
7.42901078791
4.92055388057
6.94572414383
5.19965938105
3.04758188748
3.93276205095
2.22925396083
4.95181728609
7.47329810034
7.09036706011
3.65238100674
5.38164586497
4.03169560834
4.72341266898
3.94208437869
6.36648302602
1.80498685302
4.20447170671
3.17651551231
7.86422321123
7.47920768873
5.25022409179
5.08373679635
0.431947704132
4.46823121069
6.75339646908
2.92356478715
2.30227696519
2.07713936635
6.74125857517
4.17369721156
7.07408954723
4.12566087358
6.70765545704
4.138574437
2.92133667664
3.76929254887
6.54844325454
8.38979289766
5.05315942191
8.38106972286
6.51811403063
4.30965915149
9.92077564756
2.40871484762
4.43378921876
4.03500990551
4.77155243158
3.17136719175
4.63458770771
4.67613751007
7.36343102204
4.5281479341
5.17176447082
7.0845098078
4.65309678973
4.00222875747
3.87352515259
6.3855743272
3.91364454087
2.52069568715
4.32935932319
5.83591232228
2.97179109745
3.22582104351
4.75966073026
6.14798475881
3.28118957144
3.38064207158
3.49786386662
6.79225511147
3.27595721411
4.61559621569
4.37561898166
6.05686979436
7.35914022074
6.45130947969
7.19642174957
6.33802230446
5.14188427682
5.79340232813
4.9124804755
8.09956996116
5.00632676292
2.35584508642
4.69790862413
3.7864255354
7.221707816
7.22823356908
3.00889550077
5.46793660248
2.61860025597
4.55102778064
4.2374763229
7.05939917327
6.07903457569
3.80006728836
6.07724351177
5.38754719403
7.29060702979
6.41532781261
4.67416806526
7.61191216494
4.12672338197
4.27836057006
8.22691735436
2.93915894465
2.58053205024
2.97353075312
9.59443958414
4.33251623177
4.06479221539
4.86872887171
7.87311905185
3.32893569562
3.06195131278
5.20538886432
4.64611927986
4.20573489307
8.34703063349
5.1936079134
5.80795008304
7.84164555221
3.30981044838
7.17439885336
4.39989185069
4.85599735709
5.72532855357
2.81900045884
2.98949309066
2.34849401054
4.91003137926
2.68850030304
6.82918218142
3.28608964168
1.87902747383
2.08827841523
4.47465557255
6.49969827175
5.94932422378
6.25412121931
3.24608085582
7.56958257547
9.41943905759
7.16893389414
6.27864712696
5.00032088466
5.57074472551
2.85486337197
0.646676229661
5.40369188231
5.70825775182
3.60828448508
3.89475839111
6.90818095535
-0.612434349654
2.96119008302
5.42211486296
7.51707897628
3.70554129427
1.67402226895
2.15724057255
5.00769705357
5.73609971189
7.31488464698
5.81723782908
-0.133399076406
5.10834111226
5.47733869291
5.80141495309
3.43003535569
3.50030950484
5.8198085844
6.67683662979
7.23219125067
3.41283559864
5.90316997993
3.77542238737
7.36160291554
4.35717258054
4.54342455203
4.81298242504
1.78398810372
6.02234666969
5.8936612902
2.63057069999
5.83559672835
4.85691311488
4.10396803819
5.23333316746
8.0092801314
2.98873781675
4.8237732612
6.54047310518
2.33796242712
6.97571356517
3.92804641567
3.76004543182
7.27609190919
4.32867448999
8.30764474528
7.94492715385
5.20541465147
6.63722523031
3.05027393682
9.34437433991
4.15934416032
6.18134044921
4.02144372439
7.57239989177
4.78225778889
5.70187566687
5.3562639681
-1.39280620907
2.97284483521
8.89012244701
0.711428221881
4.13061834834
5.85888351359
3.91563491181
5.65732807561
6.17981119641
3.54310412409
9.07276771106
4.23356067717
7.83922024282
5.45497762634
1.23712768183
5.44451489557
4.51379642609
3.22445213504
5.43241552529
6.79391031183
5.91590359435
6.94957750919
6.98417524629
9.2199017207
5.77560423692
8.92427094914
6.08008566969
7.90024533201
8.51849176761
7.00519033176
7.28908268576
5.7679847176
3.53691676766
3.18210733277
7.26519995287
1.40027507024
7.58058561041
3.64896438414
5.28012400288
1.22886508861
2.59890684148
3.38440426233
6.36414470683
4.12513073398
2.7030670856
4.16695499487
5.14591940129
2.94110886952
2.59886343995
4.01563620093
8.31267169558
6.49116508191
4.5172905442
5.06119372798
4.40640177357
2.96760198321
3.31568413878
4.97811331808
1.66986190392
4.90924806781
6.65816619864
5.43447323798
7.00091215075
7.3128541812
3.85244965074
4.44924801412
5.16166764671
1.7667526752
5.25493156745
5.5941281321
7.89414668133
0.198078717798
7.48401885655
4.16856776435
5.18846320545
3.04062879197
8.2100018808
3.48367219669
2.5824575511
6.29896828994
3.49305496894
4.70916264296
7.74978535412
5.8186743447
3.22518852381
6.74080725779
3.76564479743
2.75998260467
5.54921935414
3.48596886796
6.7262411321
6.97182587913
6.27060282007
5.15891936942
5.00047791632
3.89330146418
4.54766266043
5.76199828799
6.3333505407
2.22245417945
5.5223203733
3.0603832764
5.84328567778
0.469186081575
4.64683413363
5.33344889471
5.94387871823
5.85558422736
4.57903241744
3.20121475024
0.652971862652
9.60292491249
7.40215220699
5.27365519236
1.87381032219
2.7443941997
3.17072607814
3.02497787497
6.77996271022
4.25130580505
2.451047666
5.11533704672
8.4787429924
2.44396056443
7.89463698294
5.25451562594
2.82164952049
0.734020721911
6.25382601143
3.88487575805
5.1130841893
6.10642060952
5.17129124967
7.92449042736
0.63021238833
7.22387203326
3.71165775784
2.39868149667
4.88238849134
3.02369355207
3.97575971002
6.41981142392
4.46934930883
5.7332122191
4.0985056463
5.01394095626
2.69451924217
0.676745992199
6.31177306939
2.97935825439
4.39597957007
3.69419719891
1.47586188236
3.38976524257
7.00780163637
9.18661816527
3.21214495636
6.13024623901
6.50251123526
3.85393051116
4.62969284638
6.55519033869
7.16740680087
6.47868573869
5.41909267379
7.56625350829
8.34034513054
4.96949718397
7.58231090434
3.59600793672
3.79004221882
3.90056704918
6.90407830059
0.533063392446
6.87840715863
5.05676861268
5.12289585503
2.21840719755
6.71169890109
8.71079801256
1.52978779464
0.508640175704
7.19349094337
4.9107173972
1.81067022608
5.17661803337
5.26462303069
5.35435498046
6.25199296179
5.29052288465
4.45801694097
4.57625802748
5.34116922273
4.43679169877
5.91805912616
3.42554116937
4.6828019412
6.86329082895
5.19468324823
5.05392041552
6.89858892543
6.4264874451
3.24624161438
2.64680131624
5.77420564769
5.38049721133
6.40415738527
3.82691151128
2.17817284745
6.39395738483
6.56256088934
5.07894378814
3.99028813894
4.14950941435
6.33296775002
6.95626810725
6.92478798726
3.60966493441
2.89774160644
3.01249015005
6.47363291255
6.61151870949
6.35293605939
5.27957033852
5.16012508057
5.57749318624
4.89404902707
1.54629647263
4.93649169022
3.09975115267
2.15636939241
6.3800475147
2.18741382756
2.19215196321
3.41435815562
7.0637377927
4.32806872108
6.69777058848
3.90597947831
4.77792113689
4.26392765315
4.95798593392
0.80799991931
3.62165452095
6.53868654447
6.43123719144
7.12464554936
3.25902233387
4.8268359948
6.96036550714
3.45603310919
7.12351374674
2.46270095747
4.37625254546
5.86639931546
5.06296883558
4.85854178198
5.06834977077
5.85751281621
3.7618371323
6.16129767687
7.37653630206
1.10843781598
3.03489672632
4.54514589284
4.80259169076
2.71055037375
5.3186559901
4.6845672464
2.28185970391
7.42401137678
3.07572526104
4.20600386535
6.61812432005
6.77184140533
4.89985005109
3.80665283379
3.53611073132
7.10642994296
1.99885887746
4.27889055895
4.00993214704
4.69090370527
6.83762651347
3.55514895601
5.49209317291
2.53875979794
10.8416659372
7.55346754471
2.65218207088
0.964015600188
4.35357491145
7.79249035078
6.55906636581
6.85065972178
4.07352280696
8.9249655892
6.64242120101
5.41985229564
6.51204110779
8.03468812533
6.89291939467
2.71377323369
2.71492784488
4.04739527772
6.24972656643
1.42396896122
5.71551282971
7.51596312261
4.27116655006
7.78062103428
6.52614950932
4.51343557091
6.04080722078
5.01454362081
1.91434385966
4.82794825971
4.32992900788
5.21662745615
8.49454839679
6.18617682844
2.72721523429
7.17087432073
6.12539971893
5.15154996587
7.26918434291
2.71412678718
4.80192430049
5.71404391856
4.64881731959
5.64545134216
7.24129360024
6.89237837114
3.74379633115
4.00002129456
4.97958072167
6.32716647189
1.01855086476
4.22391905898
6.03868987077
8.59461975397
2.64921627579
2.93805110221
4.25231527438
4.05313543304
5.67326947605
4.99262021065
6.37022435507
4.25615352283
2.46278540492
5.68824477859
5.72584048462
5.58493201722
2.6318229447
6.61763398994
6.28235144093
2.19031134976
8.5479333833
6.09849158961
5.4283756656
4.18933538592
4.71166088677
1.33808106276
1.72880653049
6.86709792722
5.17882874829
7.41444566197
4.5624986338
7.27023134811
5.92033570479
5.41112565969
7.20522257709
4.03205230695
6.07722157857
6.03819510305
3.48262017251
4.84131691424
4.71796299824
1.5756050678
5.38685238595
5.65527833738
6.10048610154
2.26283203501
5.18083429762
6.19622970858
5.8249986472
5.30542940459
4.43462463614
2.68926731425
5.99284093004
2.18527635821
5.37207395886
1.81880385097
5.14843909356
5.69953450399
5.22418661787
6.96797797035
2.53982962273
4.94838040892
2.22734027746
2.77662660923
