6.21678748995
2.86735265077
5.5290092689
6.19937684955
4.24762688242
6.07303646211
5.39402146903
7.2864070017
4.13326276097
5.89882075423
6.14642991744
6.21386002297
6.33846824758
3.35051339747
4.30722640553
2.62114855749
8.10458444074
1.85621826638
6.37089233298
5.34817257513
3.97074757264
8.46599659047
5.27129002253
3.78868079779
3.95515319042
4.57782972088
3.95998098848
6.84682888796
6.70903607926
5.69316582208
4.76371800432
4.63089651896
5.37947173585
5.28358064292
2.23977528212
3.85037011111
5.50347142806
4.28867689392
4.13490765546
5.31214391475
7.74728905606
0.850145476725
6.69974932666
0.771020135966
8.11217545011
4.06979847326
4.29684040755
5.42139875312
6.1028429171
6.17025836899
3.50852767396
3.56345753437
5.55549091345
3.7060130665
4.83251738561
4.17496010481
3.69259179005
1.99230870224
7.42115800865
6.74302345112
4.62992925164
6.54118847683
4.01343398843
6.8015739656
3.77562382312
3.80224395714
2.65699533391
6.38610855753
3.90710350742
7.38992039696
6.91888287146
3.33234958128
7.75180250148
5.84400871877
6.05174432481
6.2909000862
5.15274724161
-0.895443452207
2.87523607798
2.99681075827
6.46744572345
6.54848904298
7.42537067693
6.9818869203
3.31417656336
6.409152599
8.72781746582
3.87715880181
8.7564180931
5.83907801447
7.02567601242
6.24478762452
2.11555983373
3.71943953093
5.5452602244
5.06515088738
1.5824193059
5.78315763777
6.67097922942
2.14783188928
7.13040033329
5.55102634248
3.79547582809
2.09529043006
4.76024109411
2.91811552286
3.98336539724
8.15637596181
8.69876053506
4.54934228598
0.690581600754
4.89199753147
6.43865530351
3.86314756353
3.11328841463
5.63695847984
4.92958647083
3.92739219024
4.27062027812
5.80229925476
4.29203281886
5.87722050923
4.98097691707
4.89854927048
5.91131664858
2.58784169979
7.83928912472
4.69670951227
4.94175193078
7.00774413321
4.32647605997
2.17236192544
6.90205560004
4.61640855307
7.9462958555
9.08247991427
3.0148775278
3.48467188047
4.33352491057
1.54224943703
3.22828621381
4.19809268016
5.10016275937
4.30618978904
2.28957327568
5.48386076851
4.82653491307
5.85057894325
3.6397531451
4.66193596804
6.44939027041
4.21816102319
5.77614547398
4.82873215267
3.73595335152
-0.404374789055
7.24730147176
4.75360149876
4.29470796904
4.69216303821
5.20244621858
5.04131053115
3.64758962063
1.83828592959
5.66850600367
5.0965251914
5.19134012935
5.7820522999
6.67792816604
5.32018550899
6.1818487989
6.51048271941
3.0920498822
2.44598129339
1.57137250023
8.00973778904
3.37266932137
6.25261304541
8.14585325743
3.32663456737
0.908297682444
2.8533028962
4.0669130845
6.67293533828
2.98647857215
8.00779003851
9.04485837916
6.84739840975
4.58440422424
3.37044985717
3.29205054887
5.325153282
3.84101850112
4.64474938885
4.00781983878
3.74313032296
9.12935960498
7.77815791427
7.47645584804
5.76078732151
5.15061071924
5.76622177698
4.24143282551
3.45910019478
5.62585004456
4.33651255886
8.34129751642
4.49512205691
6.22751812098
3.22240747856
6.99279618004
3.45436955973
4.03970982262
2.43907378423
2.09579941667
5.7144956434
9.52676468522
3.72412875528
6.53987469608
0.110548421946
1.9828096164
3.63038539353
5.54405188297
4.79277969491
7.25848131533
5.1356925489
3.500202712
4.60140346766
3.90270217819
8.85108512845
4.32549563322
2.97810316767
5.51220567236
4.65591009924
4.73754095673
5.07287914493
2.46007093174
2.39630499982
0.480207583733
6.12025430342
2.77826284634
5.34021434881
3.72159160242
3.404180075
2.7037485372
7.28705472843
4.47458159148
4.56341106974
3.04899326506
7.29784806595
3.5220918876
4.64182067119
5.96800540407
5.36105837762
4.93097412333
5.24951092831
4.02263676543
3.91616867545
4.34802510157
6.37067398704
4.20550675673
5.94019199084
4.68334478978
9.01737481416
6.64727944585
3.48560129963
3.25563155647
3.6660724189
5.16631980428
6.02913588785
6.12133877102
2.66975782491
6.31565571745
7.95704043645
6.27789369296
2.80633011474
4.61364938418
5.6099064629
8.86732904232
9.58882686879
3.32753989878
7.22723412305
4.62799893442
7.76871605501
8.51596438208
4.56656958176
6.28615305683
4.48487725441
5.21644218013
4.42508555536
5.67093053367
5.05851117795
4.27278456126
2.40017422541
5.37941973745
7.13309213956
6.56977889132
4.86929919595
5.4001942346
4.63930057549
3.68303502722
5.73574611742
5.4756497453
9.72119748986
6.06900054169
6.94347310844
4.18915434934
6.34042160944
5.69068572608
8.57904566981
6.04208977337
2.36711692379
5.06783103232
2.55933222957
4.50449222444
3.90417855546
4.20146625063
2.15969973759
2.68811144035
3.22717834256
4.701221901
4.14795460298
6.48634107722
4.68927512851
5.09199862377
4.05782525832
4.13707431202
8.11784895014
3.91798651708
3.15265529219
9.48160278875
7.47209420886
2.59894516265
3.24856691658
5.79031147337
2.25255163432
4.08419227226
4.21545844889
3.50779385914
6.21983044701
4.83103974248
5.38958311223
3.2890763086
0.233428067466
4.87902423336
6.02292317305
2.6090002222
7.92413282411
0.120750278547
3.82444475229
3.04084495557
0.781281641724
5.29042769428
6.86141306393
3.47872792654
5.31776882705
4.36503765514
9.14437492141
3.37719921759
6.25200194773
5.74302881208
5.82338571893
1.69580586306
3.99532765437
4.57286235906
7.86622878049
7.83761965557
6.66611805286
1.71101015216
6.06623339064
4.61928995483
6.27245658739
2.77975892898
4.87944351474
4.88689947345
6.89544271819
5.34779925788
8.50418723587
4.33248966268
5.22513153694
3.03965791257
3.51889361686
3.45798993595
4.40794670576
5.05560423792
6.50626583619
5.33191918308
5.67292487884
2.91244711626
7.65011167538
8.53216438115
7.79552914145
6.16091016349
8.45506787825
3.32924124461
5.52382417785
6.05593405847
7.13396190038
2.08431438078
6.03575977919
2.36897969762
2.76451370099
3.83731313306
6.56251628432
5.02795102704
3.72553478652
5.03081001535
2.4510611842
6.9042977655
3.41455915896
7.07050491524
4.93462361018
2.4096223956
7.50152160111
4.92899717587
7.87088489482
6.84226768978
6.74469901467
8.54802343933
5.11298182201
3.99304193576
5.43679548649
6.75976773026
6.47476925975
7.4747912573
5.52452853495
1.89261578776
4.29022979461
2.97642600747
5.41990315793
4.32397872927
0.466452112546
4.07711639369
5.57184904675
3.6563122201
8.14790841073
6.22184332559
2.63646185744
8.02480296399
3.91922332262
4.40199620825
7.87696577271
8.87595844676
3.85389227969
2.94262831074
3.64985489272
7.77302378046
7.03287985849
6.90760327415
4.88793228073
4.37189865013
4.29658869864
3.16491798717
5.19904487265
5.06346037911
3.85977230313
5.53681972448
4.28143681841
5.63630077365
5.86758874434
2.24144620794
3.69405400922
5.83253641947
3.91085230042
6.08189260673
1.10919009568
2.8272315031
3.56798129032
1.90723253838
5.07567517607
3.46365431137
2.16716190938
6.65233807168
4.66355879496
2.47708726703
2.23964445741
3.52453114724
6.06514311824
2.35073847786
8.04991376082
4.21772841144
7.16805514989
4.16269173379
7.44226447882
6.52474958739
4.8751519709
0.926315216481
3.66976428683
5.50311607365
3.4982714643
5.38598636203
2.21555596405
4.93864474401
3.3055741915
4.18992031338
3.97796638009
7.55463806057
2.27025345848
1.10271754974
6.01052169732
4.7015607827
5.64073580737
6.14202782788
5.8381234761
3.43073100484
8.57014669229
6.30754863245
3.3611284785
2.03821588737
4.48334138587
8.13164892466
5.00085734419
5.98178997927
4.90688227865
6.01942596284
3.97974836323
4.11167554063
2.17185651647
5.47173704322
3.4276840463
7.37176242921
4.88713236141
6.73907888636
5.33883166673
7.59863126202
6.58952095674
6.29210227692
1.859931812
4.18036934908
5.41185333724
2.40453483508
8.29004116402
5.65581320494
2.89428961292
8.961586348
5.75737219659
7.53326834043
6.18469688183
3.84471133458
3.7688994284
5.02261576288
7.9665855187
6.87755445522
6.63502787129
3.92829051344
2.258241454
4.07595608974
5.3285967465
3.80316904941
4.60450643864
7.22483376808
3.91998989758
1.64213737314
6.79170172665
5.28214036929
5.81758498189
6.22151971116
6.31133503657
8.95872519963
6.77485350846
2.91647341827
5.58953268162
7.09866174615
7.82623815502
5.69452402088
5.90831154542
8.01978111902
4.20998231767
5.2067022499
5.41564055793
8.10149090694
4.71755311784
5.20535452322
8.53992064849
3.4383799068
7.10788565199
5.18604257771
2.48862088447
4.29445633176
1.27415080636
4.22051479624
2.15820377038
8.65221451474
4.99467729164
3.62159165479
6.97757611702
7.35290814126
5.73905815392
3.44790551521
2.12415921257
3.92984688331
5.64775002616
1.93600585643
3.58187062488
4.15347216352
5.57977616535
3.1829511809
4.3460561312
4.86012123366
1.12785872855
4.25068486278
8.60759998183
3.67348805869
5.20647876931
5.1731366342
6.06523536299
6.087122214
3.98254467033
3.61391876651
8.36219074414
6.89383893494
10.0184713471
9.67140125465
6.77551856634
1.65077589663
2.55021245181
5.70406608222
1.59328201274
2.09199095133
7.86962156478
2.26243676326
5.30253261672
4.07151803945
8.30649720494
7.90836426912
8.58417299535
0.615633908233
4.10268336574
4.50049407574
4.81564923588
6.73502964358
5.99825332787
9.47620043492
5.81408123289
3.06946126276
4.84526058716
3.69049278128
6.27239272555
5.64322302759
7.36801748573
4.59853090171
4.07868316408
6.61553625954
2.95972216095
6.8543274704
6.79470841045
4.74434947251
6.03624756406
7.87565001677
3.74461301555
1.51983129888
8.77302862459
2.07589865095
3.54811569738
4.78232173052
5.43432792327
4.9729979989
1.27873825939
3.59897967556
0.329558225293
4.50288801294
8.85713479785
2.42588386082
4.34830571513
2.93800643454
5.11659539659
5.8213488823
5.92634201766
8.68676147506
2.29551257548
8.22521089621
2.16324707145
7.06471281054
5.65229684368
1.22789603124
3.81707762799
4.97800128908
6.80063499159
4.57333791518
6.1398345299
5.98377576153
6.49014052685
8.10949053168
4.63955986012
3.85283549
-0.755611518874
1.91426940385
3.83587938927
6.2865769718
3.85187088849
4.63800439662
4.46365489521
3.19918613196
0.542025830591
6.07634564361
3.21713468269
4.67237853587
4.51100285395
5.35914731658
7.98732278912
3.51232899503
3.92494856891
8.05898273243
2.07801011901
3.58999779951
5.37671032943
8.73022475287
4.7509556455
2.95993911511
5.43082872115
2.44545356266
2.80831215572
3.49785484261
4.00036584305
4.48139440851
6.63044324323
4.04541626617
4.67007610745
7.28448200331
3.0872474352
4.35289573226
4.77446690837
4.04236829433
6.4758678043
5.61567954918
3.9230204331
1.83340481477
4.355105273
5.13037639707
1.24883524054
4.3907459397
3.95861278778
1.03518079629
4.26305681133
8.19790008736
7.01291642991
6.52168108806
6.11996634215
11.0527391741
3.51572801333
5.8938001653
3.35496542331
1.81856446845
8.40374110101
9.02249517383
5.99877640334
7.32443900887
8.99477270004
4.72027329529
4.10364525841
3.86442456109
7.6004831986
6.26224515054
2.81983757485
2.50469120794
4.90335816996
3.93676696402
8.71728770479
5.1867684563
4.91253556904
5.78579318276
7.56054576607
3.19355688485
11.1433471604
4.46347760408
4.6618475931
4.95013826385
6.49582621976
3.5475838144
8.64997278584
3.22316926818
2.91710388192
1.89831403878
4.36406732252
7.71831789678
5.88019689341
7.94005399948
2.4001655783
3.39705665478
5.50512706514
4.43874719258
4.01744072869
6.24041876179
6.96304344745
6.64421341156
4.34667141572
6.17502733321
6.56330419002
6.91618211304
5.02737255733
3.75008684632
1.35127576593
2.60102661134
7.08419564479
3.19365721334
4.50349796566
9.26778975352
3.45619893768
5.34268522161
4.03722408906
6.07729169945
7.85931781524
6.54047353182
5.94277887713
8.29334251835
4.16569120625
6.30438591204
7.27871956623
5.91893077372
5.33450063033
5.69218636377
6.26178646247
1.32116572207
1.12393252881
3.40928841297
7.53286054997
1.89935018645
2.22394499976
4.70869588947
6.12830706077
0.695951589408
3.39054071944
6.42025315588
6.67558968204
3.54351048223
1.88271634796
3.28503780317
1.24460976642
4.19019263322
1.87226916413
3.38751324171
5.14962991167
4.40016047325
3.66264838115
7.14788193053
6.03870459561
5.82203702184
2.79149835533
6.8401840825
2.24325734221
6.84769404619
4.17561462892
2.59364842929
5.777520495
6.1921361991
4.30758029155
1.8532210544
4.47700640042
2.48357476491
5.88115118953
5.42768111984
6.54138128903
5.08063939359
7.09031009625
9.63476310637
12.514852712
4.93127674333
7.32266208914
2.83985719587
5.2692190279
3.70799566237
6.80491029966
4.16282014506
5.48372589248
3.25489274924
6.38803468451
4.97330781277
3.73639307976
2.35641221915
2.66432932734
1.22689373446
7.35866324681
7.94661629083
3.86713431013
4.62199139538
3.92046072982
5.91843833229
3.06353900481
4.8394190769
6.05409761033
3.48765467316
0.674893183126
3.65667500006
3.71836350679
4.56913738651
3.72466109195
7.08950912296
4.56241433136
2.47278815374
5.84707197512
7.59843438669
3.72987436772
6.14497878631
6.26978829137
3.21848744069
6.96267469535
5.7957904611
6.4474594594
2.43125896033
5.5050213844
6.36102764099
4.53026399365
5.53516284253
5.73500091228
2.29808094686
7.6886570888
1.53378000192
3.5593468535
4.09281292086
5.381001247
7.64153178144
6.12196024509
9.34617921632
6.36719633812
2.57592845109
4.69601267111
1.47662626429
2.23729580235
2.89088646916
6.46889179956
7.50965114184
7.87261485628
9.26743109913
6.35834569552
3.77718382382
6.57932290278
5.45915589247
2.86705571829
7.37934513855
4.58330754724
5.02993217104
5.07820584296
5.27812860299
3.41700141281
8.50605281737
3.06993639403
6.00354615983
3.66375415223
6.48883725123
7.47408737675
8.48633228151
2.61817607546
6.09547361762
4.8477488781
5.77720862766
4.96907683212
3.12558933364
2.22742145258
3.59916825328
4.95098430087
7.04323249523
5.08657545137
4.15510787444
5.28832724888
3.60783684103
3.08880760582
3.47426998559
2.90309453767
6.35365168214
6.40271672958
5.55102401498
4.37067262043
3.08893762376
4.78463995448
5.49732204864
6.46044406196
6.3646172587
8.44444593221
4.05287466031
8.38342730781
10.0055115116
3.80444631358
4.15054525731
3.91665407486
4.93157137112
5.65853474493
3.84620325727
7.59855530765
7.35551027226
3.66472433786
6.57684133546
4.39189824687
8.54719906793
3.26379822528
3.2620825962
5.61183911306
3.00051333504
8.44034108659
6.49599447735
5.4848049931
0.901405259884
3.29765899079
6.10974693802
7.73360339517
3.01763443023
3.93458512098
5.27719852137
8.16585035667
9.44065554595
5.8496185736
