1.89635404897
7.4059161799
6.43982267558
7.30216586568
6.23624452769
2.40302878418
2.56111944932
5.8437166498
5.02566749903
8.37531750082
5.16514175889
3.44158624696
5.48787148292
1.87733547099
4.75320201489
6.26059140051
4.68801002695
5.59022370235
5.4042509312
2.69818861146
6.11130819182
8.95244038534
5.50341174499
3.68168560715
4.26336976664
6.86868928575
3.97641960077
5.75959845992
2.88590097564
1.87415912322
6.95858751263
5.21909298025
2.42586104452
5.22349682769
4.07870184192
7.03496062341
2.00413090949
5.16898976861
5.94448941456
1.66773339734
5.46756896337
6.71994237872
6.08087620297
3.06368641498
5.81266414928
5.39254694433
7.18525092105
5.45255330956
3.37072403557
7.96206352372
9.72915139245
4.45288900505
5.18347191
4.43544366913
5.29282645126
2.45039613514
5.21525830517
8.67283661174
4.74899546092
4.94440522921
5.26356516414
6.01129327694
2.53890041212
6.86132301254
2.6313121907
3.61253794533
3.35424232743
4.69997253793
2.06188013374
4.23882995153
2.4681022023
5.39089183527
6.37809193212
3.40712929856
5.62463585318
7.63426214507
4.51064602104
3.92443384913
3.3254757632
1.9214708623
6.74268391246
6.64297170021
5.29461546454
4.48484506047
4.27492224029
5.92280716982
5.10461884913
4.09827365855
3.10128734854
8.29697546798
4.79893454797
4.69409286703
7.92598554655
1.49519615934
6.60632004457
8.250757183
6.28782279324
5.08852382301
2.69980770204
3.33538683746
4.95190582734
3.97180448153
4.2654685505
1.0338352122
6.44508108252
3.09556544903
4.58010144451
2.47233369596
1.73283196816
7.81101784901
3.95092091918
3.51745419454
6.71227906535
6.53340955522
5.54097573738
6.31066690067
4.12667153849
3.91442140634
5.72679885954
5.42328705156
4.08019386967
8.16921367135
6.19927426132
5.92291284095
5.27118793658
7.17392654775
1.66112716233
3.28438866731
4.94049009252
5.26292322313
2.86665230342
4.58547897492
0.665061685517
7.22250798803
4.56103940937
1.63300356514
6.45478834543
3.15452203262
7.78005187279
5.1105968373
4.10292112309
6.59327877182
7.77019749522
2.80943734738
3.88205361133
3.16459586004
5.4323258104
5.7718147889
3.09857455665
3.16111101415
1.31440304139
5.68840706414
1.53304203011
6.3008957649
2.29778113849
5.37377101835
5.17066236643
11.4057418097
2.72166017224
6.70803670777
6.73057734637
1.33950140889
3.81953445816
6.42720103974
9.12120700382
4.76646929147
7.42635642256
10.8749437137
3.51342860156
5.80654925056
4.045877753
2.20174219633
3.64168293968
5.57062908681
7.51975406871
3.82253593009
4.18649977515
4.93058646123
3.88220399185
5.47773856927
5.71803150949
5.87624735032
5.79510152818
2.37444226456
4.83256667951
5.245280915
8.79011686911
4.47112378696
7.32086155983
6.15393771659
4.8022507023
4.95919085731
6.64916790117
4.22998320707
5.41010088585
5.99052527192
5.33958116411
2.73142115803
6.74229641639
9.93163306776
7.15335595778
4.78969686166
3.5805677683
7.9481042168
2.68808667533
5.99969438183
5.74048976432
7.89391435764
3.31929383708
4.58777336605
2.78789556805
3.74900345349
7.50987230641
5.035662364
3.17266241281
9.23387432961
5.56746481032
2.36082031578
5.70627190895
4.9513460945
4.65118772958
2.63941189287
6.12034459395
4.16671037755
6.33581578256
5.20190317086
2.63245777206
6.65355579716
6.73803827346
2.85865343647
4.66983333259
6.33089164761
1.91270118977
4.97332671285
1.19648249793
7.22214037047
6.3718175467
7.88778639374
2.89593021345
3.76674577425
3.12292393666
5.512339929
4.24764188967
4.69940961911
5.85247744496
2.13370146904
4.41390199632
5.09818883437
5.03548453079
2.56784566865
5.88243217802
2.38922982409
1.51138572952
5.1405167292
6.61464129012
4.54057293723
4.2144689919
5.58785899741
4.51991023473
6.3215937862
8.2559236815
3.69429466921
6.53451016592
7.79872408083
6.54292264029
6.5924642864
1.86987198334
6.51672105633
10.0118516851
2.65462923567
5.61200534812
4.47385284583
3.69636844307
7.99643131275
7.75867275922
5.91151466256
6.42461342998
2.84238213448
5.17100625916
5.89027826694
6.57250529202
8.23159651078
5.32361915102
9.38832763912
6.79593188807
7.570309807
8.67364319836
7.81363363269
2.13488887277
5.0403756335
2.7322650786
5.55005240836
5.66018608414
4.34968311522
7.84125934557
3.47819439519
4.27417973359
3.91901861918
7.63459690135
5.8006975679
4.99785410847
5.9171413011
9.67976995204
7.11639801295
5.38388575815
5.62788836981
5.76401048533
5.62018428024
4.36199467826
5.88534881923
7.49382082447
1.28154023063
5.02981549989
3.29909084352
3.07134160139
7.38033332797
11.9805335685
7.61377227026
7.44420277407
9.41333074869
6.02421018029
6.66336679388
7.11173658647
3.23526105881
3.61277614395
7.46446343819
3.44944316234
4.45972188282
6.47195826554
5.17945605293
4.43444134605
1.49742343858
5.4859463702
9.28561393982
2.11233944521
7.8456396541
7.47370594208
7.88652559783
2.11265633942
9.02266576077
5.77062321229
3.41140859593
5.92802900788
0.067759342211
4.10128388664
-0.847183029824
6.80983645564
3.46543930125
4.75613164355
3.74362204225
3.63892962789
7.20627227168
5.14075879633
4.53291217144
3.52871563307
5.20951743083
9.50609156253
2.35207580367
5.63315897383
2.00898882031
5.80581787156
4.07571088915
3.04248890679
6.95984110918
3.02898735441
9.42630993858
6.63094887778
6.31846059551
1.0442464655
6.72118274543
5.53964232921
6.7473099941
8.04009722306
3.1233724419
-0.127619329496
3.3087228448
6.22230084754
3.36284766074
8.20509067562
4.04489344639
3.26315671328
7.77901023313
6.3970273519
0.780833462654
6.08178790955
4.68889559329
5.33372358409
1.21685381951
3.74546500861
4.84455910691
6.4617556471
1.99875096284
5.2974277671
9.30708135464
1.70966018322
2.37220823765
4.74678118028
1.48943299671
5.98373544855
5.37919287772
3.46362020538
6.06297080065
5.8231539724
6.46862341045
7.17975461529
8.1914769362
2.23739758994
6.49669647295
5.41162893835
4.74510830722
3.33259807337
5.498841725
4.42891799884
1.6118576891
5.48633757273
4.46832538336
1.49912252829
6.02414350077
7.38397819432
4.35025650366
4.75659693504
6.20954032927
6.10461064761
3.47493028078
6.99127510116
4.46415655359
3.88021637378
3.87461166269
5.40128041579
6.63571588005
1.1771116284
7.48218923721
6.65860240762
1.69090593186
6.6939856071
5.37984636933
5.7979593112
6.15784281661
2.76645389483
4.09218014099
3.14831825955
4.34043141952
6.66255498478
7.34660083631
7.42324647548
8.15787758129
1.55421188076
4.26511390055
2.099470384
7.07025131279
5.10164944566
5.71137489333
3.04580885296
2.94041384502
5.02203194885
3.82121598405
7.49275194655
4.93516297403
6.05841684734
2.65371348291
7.35416047714
7.69691528474
1.4233774672
3.86336833293
6.29260858473
4.05721474173
4.36204237068
9.41052770231
2.42668349693
6.64502763277
6.50901989863
1.49430420134
3.00788060077
4.60208254586
10.5222204278
6.33426464895
7.28956969755
5.14509524623
4.62795325472
4.1958279977
1.82621086673
6.63966042812
6.71155451259
5.9323996253
6.19273809879
4.88438370015
2.86031123223
4.41550216942
4.37381085352
3.86091086762
4.88868817913
4.81157559251
4.05190213037
4.46746761717
4.41366307593
5.18288793011
4.32471015216
7.65069966808
4.38381497312
7.81813076
2.00697755424
6.87319367424
5.22742314576
7.11080953499
4.80593320398
4.02261656186
4.58870100857
8.08612509174
7.11277689321
8.50986981479
4.91922141411
2.05644111739
2.30786486583
6.36218115606
6.14933111749
6.37007621665
4.41341286478
7.31183635052
2.85098843137
3.80271532736
6.02971130913
5.2936121695
4.54279776296
5.42976991127
2.04587941361
7.33827987753
4.07011108364
6.97671522313
4.14451062422
-0.0397290824297
3.88119095984
4.90194868279
4.6748769443
5.82996676095
5.85423809623
4.95428230089
3.02334412303
4.78974842151
4.97554036756
4.94308202512
2.50135863999
7.99867908524
-0.554744200447
5.89313385197
6.14797794694
2.83328335453
5.39169738304
4.57705264701
5.88344690149
6.13824431453
6.40252088509
4.17533379936
3.31362371928
4.62497038858
0.616345977722
3.67415916329
6.26810615361
6.97861390002
3.95652137468
4.63057101944
2.27759531587
4.9694532752
7.56517448745
6.28775124479
2.56498751343
8.00703729513
3.36108829569
7.23826938379
4.3345538888
3.23508740791
3.16921984398
5.80352096879
4.0178606669
6.80136187291
2.54401759993
3.82257764918
4.09023237916
9.93462139221
4.8863808057
2.53984084037
6.00362987069
4.45283215253
5.56147480071
4.6055974551
4.03442905702
7.02031416646
6.63548608216
5.07421720529
6.35547831364
7.48139583074
10.3873762252
5.34383723378
4.76590661844
6.57655084243
6.06514472818
4.42945518738
6.98670026054
5.31702016221
4.99555089057
3.34448398844
6.9944670216
5.87112881419
5.53414022399
6.50082402277
5.48736548114
7.74929604713
5.76452346248
8.62364671276
5.78116809158
3.54362722324
8.15800528554
5.40659356432
4.18771009005
6.57416847732
7.11867155901
5.1864417963
3.26656116066
6.17463751387
0.173205539631
5.8253003189
3.16988590973
0.917481575078
6.79790366165
5.96800527229
6.01276823184
3.97094238293
5.5190602584
4.13544077536
3.69439092984
5.36655086113
7.02614090985
4.55866531101
5.37146136478
3.92062219375
3.76091250384
4.59674838226
9.21917838494
3.83355895765
8.26059294133
4.88467329033
3.51577080445
4.75016937945
5.63672990018
2.84080959492
3.98390302415
1.96327173703
5.86678458601
9.94660082468
6.34326064408
2.91470912593
4.30817657994
3.01735394617
9.40626901078
6.42528413517
6.76903693002
5.12750447971
6.89476031674
5.22852619584
8.52307512124
6.60189772087
2.46798249622
3.51161486423
5.77783490474
4.16520461445
4.62764386334
9.99133758891
5.31527151729
7.89064909007
6.40636573361
3.93817399794
1.44757532389
4.1297213133
6.41208457897
4.62877778731
5.23585016672
2.91100312573
3.77569282699
4.54992041652
6.00594015397
4.83528702686
6.24967715448
4.66068207017
4.42748835808
8.0675730849
5.39686515224
4.22245331305
0.596731590979
2.58216080208
6.62946038908
4.55414741829
5.16337015703
6.21348152002
3.42215434749
3.01440926154
2.66741898521
9.51452596955
4.06848060148
3.62160461818
3.92152468535
6.92186210456
6.95626299365
3.27807095251
3.93090089363
4.02358109583
9.72862555023
3.7566468049
6.74592226082
4.65621617948
4.53669235552
5.78541931321
4.05262165198
4.58850094337
4.84221349646
6.28507978205
6.74572948654
3.84839394754
8.16870268272
6.12297949612
5.51217584987
4.75936607425
5.68953086742
1.79517988898
4.00089595947
6.19137724018
7.29665486947
3.10379850881
5.07564122192
2.61340350895
1.83311069822
6.13821405878
5.7420310096
4.96759890942
7.44691742214
6.6836828542
1.34505273687
6.52499680463
3.91005047553
2.7717175435
6.15482356406
7.6325723644
6.74337395314
4.65668593295
1.16801048098
4.64915515252
8.10533814464
4.18253977607
4.50627033928
5.5769713631
10.6802817141
6.6491515358
8.9145155504
2.62774566285
4.65677902253
4.46415071752
2.25730690617
6.39510933338
6.23576628261
5.15257363287
3.26874944204
5.81282203771
4.75254366621
2.91970953214
5.74758613817
6.50182130614
5.18795307438
3.20847329514
4.42428749217
3.15427416411
7.98440681647
6.44057445812
8.85097307701
6.06075339542
6.98305198443
3.38810414086
5.71964917812
7.31023838524
4.24940707583
7.14548439816
6.65730531967
5.34246918037
5.52110127099
3.68994085867
2.78263250331
6.96047392846
7.41270054111
6.63924265751
7.31977951555
5.63169016232
3.44696678013
4.52493317465
10.2366641324
2.95778888042
5.80311068193
6.11531036893
7.99634870875
5.36627066602
4.96825748098
5.50007877349
6.39193814262
7.06080281139
8.42284803553
3.09997018797
5.67791999954
5.86862754043
6.44460183026
5.66729122135
2.74178888491
2.19196661706
2.65888207063
5.70408586729
7.49904158625
6.12419731163
6.25920113436
4.37408283259
6.57793901546
7.80484246987
4.94166871247
7.43248971958
2.49430994183
3.63723451013
2.5793830803
1.91838791752
6.01869030724
3.02487108982
3.46853031982
4.10715658587
2.55254407016
2.53102547908
1.89564231846
6.3187984336
3.30660831409
2.66863131672
1.48810122702
5.88049640089
1.52236684193
7.1616075534
6.71912053294
3.63348784355
5.99452617416
5.92632106101
6.40808771589
4.99226128569
4.27972551479
4.61960692955
4.85164350532
0.866628697526
5.97480464493
3.46600114198
3.34712024964
6.10070996744
1.80532690855
3.33876999393
3.10689043365
7.04983562922
4.72883206592
5.39200318335
2.01759615369
6.49354247347
6.34624651982
4.96014110615
5.18439818965
7.53856498855
5.00131485306
4.64301465152
3.88141665178
4.63096777604
4.6958104731
4.39386113648
4.26970796544
4.74004971503
7.14242590681
4.76295654289
6.70564238276
6.5775505241
7.46482741023
3.97987949941
5.08469836606
5.63412658511
6.20576612185
0.463272095562
7.90442381573
6.26994463863
3.12735793169
5.42399124711
7.69396592871
4.72890974094
7.96385585591
3.548857814
7.27258004197
6.26559519363
7.85128037192
4.36412844305
5.38330228398
3.73390918598
3.06393785909
4.07622437746
1.00675993151
5.0080224472
4.03704743279
5.99101361362
3.42968785124
2.9803428789
7.00933331489
6.37103945545
4.6437029196
10.3343190038
3.77011221098
8.04052787562
5.65870708947
8.33691707518
3.80710898258
8.05904710713
2.77622214947
4.86025485843
2.35594096296
3.85552186638
5.8629396014
8.01542520072
7.65503003693
8.15170432652
6.13819856558
9.67036595944
6.09446873109
3.01787254589
6.3754072851
3.59622540135
3.7798542842
7.04175465997
1.28551296072
9.15092667352
5.14872820555
5.91725842718
2.16838115672
3.1902320187
2.85961029409
8.07761779243
4.82453052482
6.20663317224
6.3544180321
-0.510040791361
3.47851827318
5.34742089712
2.52472148113
8.00394117987
11.3951448334
2.71422649609
5.19208304782
8.89585810368
5.69723270563
6.56572989539
3.05941357615
4.87274902037
4.72984362905
5.84332641777
7.26456062225
5.92186249027
5.76090942515
5.66634112112
2.63560091801
3.92964303136
7.40192339822
5.57954233803
3.58430774275
3.76265300521
0.971734734677
3.80917403684
3.20674183101
4.90965876504
6.48945880936
5.28242485073
4.30229856075
6.11843309589
3.37747017513
5.26487246646
3.11292685594
4.98192958807
1.78869044094
3.49246703166
3.17401844196
3.5735454609
2.28856149297
6.31839148077
5.77909549705
6.59080408081
5.98175782448
5.16360911118
6.23500774593
3.14066950038
2.93293375431
5.84693914288
7.70496263831
5.19165877455
2.08460641927
8.47425387756
5.39462011679
4.54714890735
6.15919220081
3.29960132251
3.20059267864
1.80379396439
