6.92511113911
5.1888805736
3.47770902276
9.94346991585
3.95503468206
7.29401090004
3.52971477042
1.22539421618
7.83456429802
3.14588298394
4.34393644027
0.136993207121
4.9879144625
5.39367070333
7.33249290605
5.70364985976
3.74656140863
5.26240320985
4.51734056017
-0.532401897423
2.42165100183
4.06399566179
2.98956977374
5.89486587731
2.34808931851
5.48658656623
3.6693903606
6.21878448612
5.84488532444
5.55778222622
1.93002626846
6.41858326151
0.639196646519
3.36303427687
4.04462360727
6.10310012735
5.65594886654
4.02581231674
7.26413211542
6.60152343806
3.68867477658
4.23612040373
6.32123155463
6.87714331177
3.9254548389
3.7366298288
4.52343882029
4.11462341554
2.94033725656
6.59629668969
7.20567301759
3.84456950131
5.70382796249
3.48407446998
1.20804138563
6.37111518281
4.82313522881
8.99439653165
5.69723653126
8.00807285039
5.21365465294
6.95748859245
3.54522770149
6.87948953634
8.89263239721
4.62937910354
4.96276561534
0.504462720288
7.09417177637
2.60959516044
4.47657068174
0.858592397478
2.73820173398
1.73496029443
7.97885145663
4.64246899829
3.16042741773
3.11373575579
0.507560833239
4.56739447605
2.21669725453
2.01645742291
5.59073698761
7.88283328756
3.6947744913
8.19245745579
6.39521376196
6.6610347481
4.86846172617
6.90001593351
3.72353040122
8.07340296512
3.77864304198
2.28548032217
4.59670593728
3.25212291436
0.92579959472
2.68089384757
5.22066951977
5.86634662225
6.95077753464
3.63352047942
4.65267886233
5.19915490386
2.98152915006
4.94695015968
4.03882734247
2.47182433955
5.25759762424
3.75306806171
4.90903713746
6.69091481756
5.20745698861
5.11403584069
5.79049629688
3.74285463406
7.69340900855
4.1734560544
5.61050369865
4.6616520266
2.97202588459
3.86205176517
3.92426172994
2.30061018184
7.25138210412
1.82838558078
8.14696397626
1.50083408873
5.92979271603
7.80586281605
3.49653411434
8.02466099113
2.14746302352
2.49086770234
3.88089857879
6.91423502556
6.36688096845
5.75760846307
6.66684602066
6.34543938473
6.23266531563
4.08775712343
6.27058904644
5.37731301554
8.08175481392
0.00739059120943
6.67937114548
3.23331855585
4.63759812804
5.41132367635
2.10994330508
3.35646216663
5.98880673173
3.27210063581
1.09435579788
5.73604632508
4.92116682261
4.39047002414
1.90892065706
3.64208315142
3.24852289614
2.44877438386
8.64784608445
7.9490716745
5.53128972843
6.55234122494
5.63251575089
5.64489202749
5.8505840522
7.27697451203
1.39230059508
6.87145213746
2.41290992758
0.640819390857
6.51775052222
4.5025928182
0.131103472855
6.67447173051
7.56011580036
3.4463688519
1.93114327818
3.84188362197
5.27770743146
5.89048998579
5.70399828179
1.4401090099
5.4424304702
7.32689795007
5.72358959302
3.3036233653
6.83748868915
7.8946538388
7.39310407177
4.39034810746
7.19774735338
2.82979199793
5.19919567359
10.2604646147
9.07423088
5.61770319963
6.708908284
6.42700505939
4.86042237691
6.31548634746
2.87969509595
1.90857004268
3.60235895852
3.41842079146
4.84070362974
5.63834904509
1.85362620511
6.63959741809
1.98009527097
5.56252697199
4.77369662397
0.323322443963
2.40964250726
6.64691456832
4.33589642659
2.60178866505
7.68710228388
4.13226360455
8.58763161434
2.83423466305
4.90122013519
4.08220596588
8.46435493742
7.21463131278
6.79591205907
6.46897948186
6.98260854959
7.95531004524
5.71927480347
6.27112628031
4.81048507894
1.48124753163
5.33470136728
6.04364751533
2.81112118442
4.10695119472
5.83203704695
7.43687244625
7.22241106163
6.41884398412
5.31919727846
2.36412255935
8.50247598039
5.36624726577
7.38741091505
2.22048832504
9.53764178426
4.93900529305
1.990262675
2.70926747788
5.09436911099
7.89230651688
5.05916846392
6.06271630631
6.17754004621
3.92410196994
6.85065227324
4.42346449714
7.17865471302
4.4826928153
6.6044985453
5.34059104355
3.25454664992
0.562311707058
0.570584387727
4.57001659736
6.17979643344
4.40453009947
4.24446049221
4.81886627488
1.092343525
4.75049569771
9.20515396503
4.45913988291
3.94287932327
4.53935152369
7.5569606802
6.26738657364
4.27275841191
4.16134163428
3.97992797864
5.95328060096
7.537208589
7.16215689308
5.99918167844
5.62161021845
7.18150144393
2.40225233283
9.20238204843
3.43324374717
2.79285341409
6.07175480919
8.79289429177
6.39315363471
2.90870874013
6.95981780107
4.30868112094
8.71434076385
0.421939698021
3.67414798833
3.31875992048
5.76799987704
5.3185636801
4.19904302173
5.43613832645
3.05973808153
7.96813693539
5.93970052183
5.1281973819
5.31460672472
4.28723833954
3.87316556256
0.234401370623
9.64393464327
4.49722035299
4.74789590847
4.64055549693
2.26836536009
3.4670659492
8.04874739564
5.59230513975
4.44017754571
6.45139125936
2.83850251469
1.03368644502
7.08052006748
7.49934956271
6.53500619908
3.65505436717
5.68293099348
4.76316582712
6.02462913429
4.87220513134
7.37145544601
3.52810614333
5.47467552096
5.0389204448
6.61706593047
3.45146132872
5.19866540437
4.73719951645
5.51670347208
4.08256819067
2.69931204594
5.68982082036
8.09628614152
0.81862362139
9.22774374749
7.02922131392
6.18382248885
4.90613423837
6.25738576147
5.26120036505
3.60658963891
4.12469905755
6.78362726407
3.69473001506
5.1083917517
2.81686237374
1.92204256211
3.4310886287
6.53212761449
5.56337088319
8.51229122918
6.10738572218
3.78632339333
3.47910342396
2.26826734698
5.21310744916
2.03847710716
3.38921839313
3.31445683142
5.05799233768
3.84148644274
4.26462854135
5.93569238806
6.6498108417
2.25424613485
3.71607924691
4.85690309149
3.71567102582
6.15099114216
5.85056792301
4.88360243113
3.85017790172
4.7517777627
3.85966836281
1.62145976365
4.46871331878
6.4459670151
5.2603521193
6.6478428722
3.73187724576
7.30076005228
4.23784379789
4.64512134142
6.72181497108
5.79631057838
3.36168644296
5.36350846008
5.89362976243
4.83420654332
9.48243413209
4.80183047982
9.28095423052
5.9576143598
5.21997891946
6.23739728713
2.45113709292
7.16722577931
7.2128747821
7.45669020938
2.83082402259
4.68519669513
4.68186316513
6.23431791324
5.03912563318
5.08617643078
3.93210937617
3.40265334266
6.70121564053
3.45666298388
6.06119577448
3.94257274343
4.16866800826
2.2905777495
2.49618967919
6.53797202582
1.97763585356
9.06116895149
6.30246287438
6.68996721603
3.7520170848
5.496968113
5.39145197611
2.87556583123
4.99107704148
8.14286061436
5.34691781972
4.49886865655
6.22229592599
5.84331417504
7.04468066483
7.23113748511
0.341301183538
3.46831246057
1.9562079349
6.18408513724
6.99152085804
4.74380182136
6.57488248058
5.83443928204
6.74912711463
5.10493258626
4.80223585229
3.88953032145
6.65470912622
4.93975820721
8.15048403573
6.23780261244
7.84923887425
4.07529754955
6.06730387354
6.50641308671
7.00804162751
7.17271003863
5.02535683134
2.46409743883
4.55024075981
8.03193199381
4.14559503156
4.83042351765
6.72680085133
4.57578816177
6.49831490493
4.77568705488
5.25491355945
5.51286104909
3.17464756654
3.11059728735
3.86896096742
5.51541060608
4.46091866964
5.86440197699
-0.157966472971
4.33301347181
4.28674102964
4.19944139366
6.35767098706
5.93938314545
6.38076712693
1.1107484433
6.25072431069
5.05185598327
4.49867898856
6.57786852652
2.9785542163
4.05626782121
7.31691628868
3.04719011467
6.59399413505
8.73100423083
8.10617311113
7.7910798555
7.07084071904
4.77739140063
1.98014923296
2.39574908438
3.73501501529
3.47123146804
4.17028639458
8.43499769823
0.373404384398
5.21580998918
5.69794539947
7.88826965287
4.28027583821
3.30396963857
5.11682768425
3.5828373902
8.0347611254
7.4895556915
2.8022917203
3.90273164558
4.95937344964
6.57322888489
7.07810516878
4.41077240037
6.10409520335
5.51207745839
8.49511468819
4.39194323111
6.01857509473
4.27705297138
6.84266056548
1.63579921814
5.09850947438
5.54657069805
4.594234002
5.09610134207
3.65874819563
5.34656937157
6.29416604989
4.66164340412
9.13752313726
9.83897072316
1.72681489251
6.39147454581
-0.261460859862
1.75564068985
4.90022942751
5.01554691324
8.97265751762
3.85369498459
4.42912965209
6.33494277229
7.54824144269
3.14234830603
7.4691633121
3.54524185381
3.89394287746
7.27303434401
4.29057323497
9.15612109679
0.441376629866
3.59610614341
5.99992482692
5.61595094276
3.58123445696
7.39128215239
3.91881735428
5.32215352657
5.68734762957
2.85292737077
4.65481105928
5.53858469878
5.60706421773
5.60426689316
3.65415987232
6.49337071993
4.52685138087
8.81958886088
2.27552193169
6.05401537967
3.97360163885
5.16016157676
1.24827576964
4.32947435547
3.66430857063
5.18879744894
6.16380523707
5.08493930139
4.310018234
5.41913431274
4.19557416018
4.34026542865
1.70214736187
4.15606320906
3.47175631897
2.61286383172
2.60756439994
6.47448566979
3.36312398866
6.16159167312
7.59022254805
3.80752935403
1.98362029744
7.51940995448
9.74673003903
8.60799042775
5.35981820493
4.95800084009
6.91151617269
4.76349350768
4.50486054974
5.25016374657
7.86817713545
4.69669774259
3.66241995811
5.41156389524
4.93472791276
4.17966665961
5.55744060494
0.421281612337
4.98129484776
5.29365907507
4.8711222268
7.65508431529
4.37193077574
3.96516091002
7.76055364094
4.75559746062
5.84620034051
2.70543181689
3.44695695176
7.08990957715
3.77114104364
3.4741767705
6.18419554798
4.58808423732
10.7767279292
5.42417927962
6.71369072487
5.17830570415
5.4451587001
5.08523101929
6.81166747839
3.93823803358
4.50293933596
0.16351397333
3.23669608918
3.99288768074
8.10719376165
7.07560971958
6.10287586234
3.79766284166
2.10187618384
6.08389116908
7.70950737913
2.93580425582
6.48222411209
6.68040297599
4.622526169
4.74374321381
5.60673746058
1.40616508612
4.12885027645
7.64514464877
1.31913943937
8.63569389536
4.81776965969
5.48098709342
6.72323330424
6.85480908056
6.22642234894
5.37979252848
6.31877854972
5.21039547554
7.53402378863
6.008236506
4.66564486687
5.22627372143
3.89568249838
4.91944652235
4.40158438713
3.02132921085
0.599931829845
7.27689590702
4.08512882437
4.46622690103
5.01368848998
3.60422428867
4.78758069096
7.96356903777
4.73730882525
2.95600625375
11.1986068189
1.84746199889
3.41196087315
2.59728851238
5.69677347805
6.74659067342
3.36608667183
5.67619119711
6.81638348626
6.82268310112
2.83723324625
-3.25545028743
7.53105925854
5.13999005936
4.04773062659
1.33507747492
3.90630725445
5.77040948038
4.82554225097
8.70502515209
6.78109628792
5.06661014691
5.95185094645
3.5224395258
8.18601245039
3.14621176119
2.50013276685
1.08596359996
5.35572861136
1.09031430177
2.30334928691
2.31090503876
1.38769685751
5.45193235225
4.62653734556
4.39420126534
2.22133765499
4.02377106342
6.061713498
3.45902686873
6.21885944387
5.3965990173
7.08755541179
5.62116419497
10.5831016057
6.38519080721
3.64082433574
4.87992824395
0.31112845756
3.24520371041
7.3648785751
2.42736713373
3.64966461222
3.79630740734
5.38638363418
2.79314245478
5.63804961089
7.4496508954
1.99651833158
1.77168448597
4.85522710136
3.40318269477
5.15820003496
6.99708153921
7.68934166996
3.09279246687
4.88453761894
6.18460721588
5.52091798582
5.90438888636
4.06344809113
5.41986370625
7.09114342512
8.43846195384
2.54832223201
6.15398446145
4.62134476007
7.01168738879
1.57539392753
3.32813886385
5.80130101908
3.79453061982
6.73575030613
2.14451914465
8.09425390698
6.64566995544
3.19547041394
3.51389938195
5.27771841054
3.51895824525
4.25644915993
6.47810607723
4.35450711844
4.98361048489
4.7641808403
6.69461735954
7.58341332123
5.71274473624
4.4606288843
9.20982233634
6.1533914776
4.58563077616
4.44348722745
1.0636573629
7.74485980731
4.69390905852
4.17513988662
5.12079557395
5.71120721862
5.05774158942
2.99097467369
3.81498155399
2.43154728183
6.65686046883
6.25813016285
7.81794554153
2.93807695408
4.94689613823
7.7638262951
4.73427920408
7.17375652174
6.19274547155
5.13380879564
6.73923923847
4.90772691433
3.9935384259
5.5542285865
4.79946155607
5.10029280429
0.542971292784
1.67450219849
8.18241048779
5.2134318128
4.91730388237
3.31761339696
4.23948938884
2.22909335694
1.54607474165
5.17416293543
5.95735914143
6.60932535336
7.27823242205
3.70261588558
4.41905307823
3.71986936207
5.2442315076
6.10108086274
1.3905361491
2.96896895725
2.47236469357
3.6238243574
3.15015227158
5.21758759888
4.71593742947
3.00477574424
2.84197017286
4.09860689706
6.62734832607
3.82785541508
4.36455968119
6.60543266848
1.97444838466
4.78628407898
2.08785171919
2.98272713618
4.10735277355
6.09817576729
8.13915926579
3.85035323378
6.08714777315
8.201627093
3.989635604
2.98581329624
4.63647109182
6.05372352915
6.13901033052
3.60499017426
2.52697451496
2.4825845026
4.68056578805
2.9750380936
2.69997398181
3.24162479576
2.55465122966
7.41436437358
3.53843763832
6.24198006893
5.09274889786
8.73726556094
5.71631133547
7.10619020508
6.23072515514
1.44130830666
4.37143750492
4.74375994483
6.14934505232
4.67514845602
4.87711372725
6.19336742493
6.61835516726
6.29488144567
7.02303295417
5.60363461066
4.64554377603
4.6144064012
5.40509283038
3.47903881539
2.74727752627
5.97813828551
-0.00327276509753
6.97672247877
6.92470385119
4.3450942581
4.43056715912
4.22296800966
7.35832129747
4.91467620804
6.03782465394
3.16371140738
7.41281388356
2.58812145888
3.99845737831
3.350886121
4.01296962774
6.50187332129
3.35997021164
4.92598194239
2.23854631326
8.35700362978
3.89594743473
4.33708852664
4.18066829279
6.67784225705
4.56788535974
5.35266896725
3.05022417654
7.15961008572
3.58210758149
4.06685009415
2.83524312228
4.29468683061
8.02717314881
-0.022967910132
4.53095964256
6.58336263261
0.822362617466
4.80971620521
7.05946864087
5.65659956728
3.90139712471
6.90196125952
5.85788380062
6.5266744259
8.42715355556
6.53486068973
0.584924559202
5.58023416507
9.57146761272
5.89324862122
6.9033021188
5.48434493833
3.36253847013
2.79710089028
3.70138012797
5.34158527508
3.21454669632
6.2703824743
2.81955283348
6.17367974198
5.57372313254
0.350219704613
6.17550218281
5.65304409856
4.21367269845
9.11352531041
2.84210247785
6.74815000297
6.81133008135
7.56116887951
4.41793906255
-0.207832368267
5.59071986863
6.50418990629
6.27558497343
5.5461980705
2.25889369959
4.45149918043
5.10804861021
6.40226053309
8.65459039107
8.07884576515
3.58143112684
3.11891264087
6.87624203659
7.11485309144
3.42638894854
4.85471871535
2.59108335047
6.00911208214
6.12056162598
