7.56088269547
1.38586067628
4.9952809168
4.77756651587
5.58437240925
4.27649410928
5.95293226482
1.57883726571
4.63987534489
5.15846134763
5.34619143937
4.49650482626
4.50823543454
7.74245345582
4.62764715885
8.80145775629
0.965503653402
4.60713643252
1.41921511713
4.22474830579
3.76425622912
5.49093990054
5.68077166777
3.71976016984
6.02711006029
5.28432251335
1.76217688054
9.22394889871
8.57652815665
8.36036546788
5.93518966024
4.77867083801
6.56151767358
4.73816449824
5.18328391253
7.51340002012
1.86352872439
1.97219483506
2.20056131167
7.43821446327
4.64079716708
5.25024667017
8.12325756218
5.30467532017
4.98708991715
3.579364061
4.33030759285
6.98063909821
8.54876955487
1.83848339731
4.99969444486
2.75502019088
5.06315630552
3.169266405
5.03381692717
7.09444085778
2.29771587799
7.21671526322
8.67728212036
5.18854811959
4.38944363952
2.54780829267
4.96805444714
4.4522338577
5.91755551386
4.83718535741
7.68358764485
2.6596227548
2.45440053185
3.60137173026
3.5325165534
2.12756878042
6.23252611904
4.44729079846
8.23233349715
3.7355594427
6.08592651591
6.0173682649
5.90762931508
5.78685210105
0.20739889277
1.64618107197
4.15892481908
2.87792450831
5.19766598984
4.97373810792
5.61578326509
5.61172153978
7.19294549595
8.37248861598
4.89453202559
0.221040192738
2.55066291271
2.48364316347
5.04426128972
6.17454388573
6.17601638577
5.84355985815
6.5144334628
4.41068593675
4.40742407385
4.88787986339
5.16913349712
2.91336983951
6.87968713125
6.3543528399
5.55301896103
5.77489646811
4.46095082086
4.56538118989
2.95867798426
4.30422383597
2.67717654697
4.79578995253
7.29884896343
5.82465311898
5.46750784709
6.258690174
2.97964752125
2.15873497192
1.84476759704
3.52447650305
5.97894231633
5.47861691635
7.51160639909
2.87329884912
3.80872087645
9.08492609809
9.66608024753
4.69749198712
6.64108745916
8.82376666468
5.14557676453
5.55134626431
7.7070765038
2.8236639095
3.53815377893
7.63632050684
3.3203623369
4.020158708
3.62724891951
4.46234333525
4.43164805537
7.66787229022
2.68318600884
3.10865957043
7.35051119417
3.4285863556
10.1097155281
1.24512685385
7.08257356483
6.60144913364
2.84223236343
6.01683488877
7.36684850406
6.74499558585
7.70606269175
8.09940303391
8.26270279853
4.38909689978
2.58846452944
2.33460932414
4.85085851044
6.30020138466
5.03640335923
2.47689165369
2.50376751394
1.08180191528
4.96170016968
2.53163484608
2.34181262421
6.40593122518
6.32443604572
3.1597254316
4.32928227676
3.82173526292
4.5290193835
4.41417236861
6.79496898251
6.9720725973
5.50469585299
5.75964693615
6.70159131033
3.79946872892
3.80623497844
4.47198267199
6.23237480808
6.859156064
4.56395652133
3.12831472692
4.25192047115
3.74937199716
5.4791649749
5.27900649336
3.58665292171
3.37143425537
6.0591209453
4.16433848468
4.57111393073
6.38336897614
3.10577381029
4.60640494238
6.40067921153
0.0537557272287
5.94035217859
4.01262046784
4.78622749967
4.05902452649
0.68273670336
5.74485794567
4.44749619179
5.0679553553
5.61210869011
5.1597653969
7.0065346755
3.55367934759
8.02022451086
5.17808808415
5.44514596203
3.35057671345
4.69595718846
1.15441303563
10.0286932577
7.50136324859
6.96607444349
5.08448579873
5.25122558145
7.20992341832
4.98363270923
3.69923755013
6.113174626
3.84766499995
3.91866572166
-0.560504707703
1.78096464545
3.45421038043
4.78213532724
6.87365486907
5.30026051764
3.23504261005
4.71940308623
4.70888247762
2.26205350498
8.44771950682
4.66792670204
4.52820920592
5.25049583016
3.61812394007
8.18550708893
5.15842810285
3.58676639081
3.74413740402
4.68947055201
4.21313486597
5.49073813762
5.69831866311
5.49705183732
9.12915159616
2.77273900723
3.78183859105
1.67980290453
7.38479712769
5.79645894208
2.23374497835
5.72547593891
4.23667819026
7.51302555399
9.10142157708
2.6181208334
8.65604795724
5.88348311041
7.23555813292
7.77358003811
3.86894459173
5.79102058848
9.21811509877
4.716690671
7.31731015089
7.32796407893
7.7491233734
9.91243068282
7.43969570594
6.86121517911
6.10812701777
6.6968039454
6.6357453681
2.46145635538
6.62701373315
5.93408545319
7.99364035295
5.72528446505
5.94641823757
5.45828392338
5.13837118464
4.21311128099
6.26447303696
5.30243612778
3.21590194589
8.37166656003
3.63453206741
6.1673924974
4.30436647901
5.70748128352
3.7459927973
4.5595849715
4.42971553138
3.24820167325
3.99914797541
4.15404235025
3.67750385003
6.58587136161
6.60833700682
8.20675869626
4.41936742276
6.03237245384
6.81262087578
5.25307031473
7.604020071
4.54898555394
2.17688141567
8.17863297589
1.65515789634
5.36383661211
8.28691166121
3.01397986405
2.17297938164
3.25459161785
6.16462544791
3.5227154163
6.95136907745
1.8004193334
3.29923968246
6.18040329015
5.41338383827
2.26243554587
4.77342989427
6.56347454432
4.42918234071
1.36023252909
3.61065053705
5.86388142877
5.52496926983
6.37370807272
4.92093780503
5.39219112004
6.40831961816
6.91134770287
4.44195136221
6.78156800097
5.49348933756
7.24208976855
5.36753350308
4.16430681695
3.26304381576
7.4088736504
6.40033443603
3.49186691833
4.33373023162
7.37182040137
4.82318138921
3.31535271418
5.49226789329
8.19813860751
2.43875691078
5.96277435847
3.68121696829
2.37550283807
6.13082193187
6.69333872146
5.74950833958
3.47004336359
5.94026241422
5.22747785782
7.38209634295
6.20565489912
4.74125882038
3.63877502029
2.71309022013
6.60667767755
10.7485217141
4.86148368647
4.74468011371
3.6216178253
2.6695012375
5.25278988527
7.66347780348
2.85642439367
4.27987495368
5.28969225478
4.3712725167
5.08693313647
2.17230108885
5.8004996347
4.49630374142
2.56345493577
3.8046135782
4.77453871441
4.33974031155
3.19503993509
2.37555307807
4.71705046254
2.45138458402
5.77261478346
3.06937101218
7.87026241974
5.63763087098
7.65547951713
5.89642781807
6.43664188883
5.72582636828
4.09176755089
7.36983888413
0.395288716564
7.65203992037
9.72857479248
9.1388739196
2.21065752284
4.26167311357
6.35378614808
3.31085330583
6.97862697643
3.75637292431
3.39658156335
4.95363406858
4.48111111749
9.65714433768
5.12318414355
9.48074992564
7.21219139349
3.22535879658
1.38908227465
6.34293652338
5.51943165719
4.47783153788
3.88562353361
3.15876103325
4.27785654831
7.50608021628
5.91379989166
3.05533223386
7.18893509996
6.42181581369
9.16685850893
6.28609387444
7.59055680323
3.89269896541
6.19309139961
4.70981319092
6.04789471735
5.42347050819
3.21951835872
4.24995242889
5.40783788728
3.5811709519
3.88057319833
4.7706167466
5.36055843004
6.74061580661
5.32262107121
6.80014072898
8.08692361729
4.44365525567
4.78299897195
5.32602198817
4.86475577019
5.63856162783
8.28885524485
4.53044960365
5.33115033222
7.34470193892
4.8380140552
3.76810023178
6.87384890048
8.56056253732
5.34143782237
8.0832767608
2.19831048598
8.47546999682
4.07425940374
1.78354829754
9.06364670167
7.7840508973
4.71809274206
3.3690244166
1.25948698181
4.20457666123
8.49753419486
7.72188696959
8.62449916802
4.92357030013
4.29715203606
1.2822417434
5.07357884876
1.61772449262
3.43880796986
4.16882500914
6.0005229154
7.27585913254
7.02841514242
3.62882338567
3.77025906579
1.88205890839
4.85794926899
7.83106201644
4.39634633623
4.23061553809
4.06798414908
4.9063207226
4.76203497012
1.09527009664
5.80728635406
2.77685151556
4.19015848094
5.97352926133
1.83465896927
3.88698836482
4.65289949985
3.39072016981
2.89749357588
3.58042606106
7.25264504377
3.34699385702
5.02640496189
4.99568408217
2.35100057975
3.84921404417
2.727857067
0.683837852442
7.20074403446
5.22915989174
6.60453169595
9.13365669549
3.97449092425
-1.86867755016
3.17487013622
3.2285084592
6.44511317964
6.1457551295
6.7198388344
3.04486320472
5.17451134064
1.60080090216
6.03236300881
4.96457012864
6.80501167142
3.40362994928
5.4919218528
5.35751964135
1.83777367724
4.5373277341
5.30729320402
4.15370775742
7.36524291503
5.85119996277
2.76962669553
3.86914061256
3.27432758357
4.63943881457
6.31607993953
6.67952107054
7.07290636843
2.88782657693
3.85272460968
3.64241099816
6.16497679962
1.822423482
2.34781987288
5.65047117951
1.86270413124
7.22831099043
1.11807578765
5.02446889586
0.720757483499
4.15844787894
4.05132054072
4.33721495939
5.34279343907
7.13940348157
5.91144832835
6.07303540202
4.96019532988
3.99793649256
5.8065876731
5.29029795699
2.26981651748
6.30434719261
4.49166353411
5.17177018363
2.85659069356
7.99719196129
7.25630187223
3.71806251572
5.2761500028
4.39619372677
1.97102408329
5.48962459588
4.61261252757
5.06553955105
1.15825461344
6.66207714505
4.84550052996
4.46519184769
4.71613665731
5.50393555353
6.09626920278
7.34865548695
7.43437689275
7.3409219378
5.19485227069
4.81558475656
3.61841810011
6.20361909117
2.53139723194
3.32387666762
3.34657892367
7.97076046497
5.93558416965
5.07890542214
4.05943841748
5.41554378419
2.54245440919
5.48992736483
6.36394795182
5.21143130149
5.80601669696
8.35403821757
8.4207807334
8.79720346317
5.91048156465
6.16903033398
3.87803337115
5.66680322365
8.58552800203
2.9931045123
8.41088196236
5.16271988613
6.98354930951
8.08412070248
8.0101534365
3.60466452283
2.57894099032
5.6130765384
4.60790773437
4.50458257397
5.17151939884
5.50027228933
3.41053020806
2.97029909285
7.70891897362
4.62954791039
5.5477905993
6.57318439937
7.799305727
4.09822142326
7.3217386968
6.09182464366
3.75302956723
5.332488762
4.61575370257
4.00080868043
3.14510819924
4.28512793795
7.75358649207
9.07433452158
5.67051215125
4.42243599213
2.72760286208
1.80602430751
6.65418522905
5.82578878905
7.12319431659
2.28065603818
3.30910483368
6.91563850105
7.57038976969
3.47123220388
4.96972194833
2.85497684072
3.98094100175
4.14492153933
5.76962445144
5.35083098857
3.81725466732
2.17021970908
2.89756926518
3.54884840863
4.16014110422
3.24617543511
3.85500980495
2.75394221129
4.35565561521
5.27913285652
6.62208018443
0.483810365561
5.5872942543
7.71340937971
4.61029085936
4.48309977356
8.22851199445
4.53061665703
3.24805294037
5.12973803914
4.05336437655
3.35341564934
6.15685643904
9.06164474954
6.10925340933
5.04907771921
5.55349198562
5.90256520849
5.26480270766
6.4455408115
5.1336398938
7.35122351469
10.7221142979
5.90212348755
2.46431578751
5.28984448933
1.8568052165
4.52014360065
5.01406522384
6.52921110203
3.42455151606
3.42201188122
7.33269723576
4.78834001972
4.23826340364
1.7814620725
3.96295444638
2.51406892409
8.98490234967
8.03370679186
4.8677821392
9.44567165251
4.43189393844
4.0502259864
3.50725450403
4.70763667925
5.75341078638
1.2163218596
8.68882755389
3.62085125939
3.69348591769
1.8507614948
-0.100361386753
1.31014686895
2.97918115556
7.393114665
2.82224727679
3.15745956755
-1.39599296335
7.3788124765
5.54664270443
6.30807889597
4.83829211043
8.64758134695
6.93423459477
6.46782797053
5.29394556709
6.62656509272
3.2160966206
2.75003244945
7.27658234595
5.34381758262
5.32914008312
5.52070617699
4.28091014147
3.79502624413
3.58965084429
4.12065899571
1.5907695429
6.05179344349
7.86536841904
6.55263579094
9.09451665195
3.81916144071
8.1065771714
5.37069347634
9.74267314509
1.61114793305
6.05985393015
3.04710504406
4.86536468986
4.54223130912
-0.184532489525
6.75345598151
1.55879483853
9.12163494728
7.81318033226
6.83658520634
3.88479176437
4.67494780427
5.83523605576
-1.41440935311
4.46372562489
5.6930137453
7.3953126203
5.82343153568
-0.0993019786711
3.47503321597
7.68086252589
3.96977121869
3.50340927919
0.444893105114
4.70144926046
3.55012935948
5.96602102672
4.30459404588
4.4350809253
6.10497502715
7.50612571003
4.7404834717
6.87158806654
3.89218171505
3.83761915592
3.2660746014
1.20923159344
6.99629216071
7.35638861386
5.16227454349
4.70013390785
4.19643465033
6.01132639175
8.60008655954
4.70080621392
5.52631293164
1.18562986622
3.82989891665
4.94258623055
4.89746579521
5.51208305703
7.21704604515
2.69524336351
1.47715768479
6.95632069526
2.02737627642
3.92030126807
4.86811627358
4.32209724847
3.3807659375
7.75535000191
6.90054458392
4.27060945518
2.07133055573
3.19286418135
3.12509016
3.75330201306
6.57288035068
5.77583343318
5.40610248797
8.17191771579
3.55919493067
2.82938687554
4.17473231808
5.49368528007
5.40910058374
5.63483565456
5.00794049643
6.15123224853
2.12980228762
2.93655347884
3.40205407131
5.60083098119
6.34626193801
3.73902297336
2.87270902535
6.15674414185
3.85963203472
7.06182253259
4.99681699737
6.46591361086
3.85324776552
8.18359829238
7.18196838203
6.67420877058
8.60172270758
6.49037708411
6.04736413464
2.67542276883
4.62943660223
0.268530717015
5.17254723099
6.74664586192
2.72185533933
5.67232979863
5.9845731702
4.89731574353
4.54665587276
1.92735057022
4.68027586096
1.50211064028
6.35728349867
2.74392333219
3.50412244793
5.37029047304
6.33678900687
2.80961372356
8.18873455446
3.47187939177
3.71041505307
2.94810962717
6.86026905192
5.58561198742
6.70367880891
4.87037458282
4.75316239378
3.01202068157
6.20398911487
9.70116455815
4.29006454149
5.13749298929
6.23280269826
7.14339168913
3.79929207129
6.31616357833
2.33458036953
5.18959740041
3.1284292051
5.34316668469
6.2369537142
5.46693600117
2.55440214768
6.72656922865
7.07849779518
4.63769691303
5.25375950627
5.56012754579
3.37722257787
4.05328722179
5.78468029659
2.73140585483
2.67942066824
4.73291652383
9.47777537986
5.35567707494
5.01196792151
4.29096551378
3.02770459594
6.79596450564
3.93109810586
3.8632190438
4.00751881771
4.98141878301
5.14802574117
4.63695869577
1.74270946094
5.79742189077
5.9429441151
4.96534434556
3.29508261762
5.21831185131
3.6887681397
6.97328246009
6.3810775913
8.56074151123
4.55609861198
7.2968245155
4.8118982632
3.60787195224
4.5211825606
4.1228444993
8.31489956268
8.3902367645
4.39477089035
2.48416350603
1.68094469883
6.93023302845
5.56393397257
6.20446070138
3.56298553861
5.00386449561
4.65150488123
2.12481032477
5.96412183712
5.26284014877
4.57032268613
-0.867046890821
7.18671114077
6.35548542204
9.09603657693
3.9887356859
7.05981023386
3.8123690842
6.82415033419
4.10336621186
3.99499104472
6.19209020642
4.8153956407
5.65696410504
5.95844922027
7.49580421408
5.95340216629
3.6301326219
5.27186555421
5.77033246846
4.48946970897
5.02483513712
6.4136371423
5.49752345311
9.17626730771
