5.09260038602
2.57766400658
6.79420662816
4.12699226254
2.81278331486
7.56227642032
7.15960325144
2.92323362271
4.50999125632
4.91780053326
6.65954724055
2.82474349703
6.31874350888
5.6363638832
7.11305089116
3.72738973172
3.6736786946
7.37083472839
4.04210723467
6.30440764789
1.97637123513
5.22503614742
4.69356740867
4.76082100727
5.87944147085
6.49473144549
5.20115710761
8.68387306211
5.32540864132
2.93016462318
-0.895703686688
5.62442118274
0.891619944798
9.40508781165
2.78051735121
4.46606083451
7.83209918238
1.51762054382
0.762539623205
5.04167179756
-0.625756526545
5.29089770296
2.81771478859
0.659800436031
4.91407203901
7.73780073678
4.44397898283
6.16414366219
8.35181918667
3.08655393198
4.76697502646
3.99513192436
6.20023613167
6.11738123796
8.69817766813
8.79484084116
5.43787517751
3.14783066015
6.98526290661
4.88545801609
3.80737217624
8.22229715905
5.12089793967
6.71676998386
7.55185665323
2.89996282326
6.56387446498
2.94029184087
7.31137965413
7.45905917597
5.9361465852
6.839741609
5.29824182199
5.61674645884
5.77053967424
4.95042635843
3.13552734708
4.65352479133
3.44393566778
5.2855672514
5.68827115239
5.97738618423
3.28973318648
3.54431923448
3.68262004739
3.92044313903
4.66129719319
5.0762636236
3.88930257676
5.69281764484
6.49959056091
7.96261178024
5.14243363684
2.18916896487
6.88529252302
2.3460385707
3.12808292784
5.19872579472
5.52974391985
6.31534242803
5.48548183865
6.27808262145
4.99680189883
4.71371840353
4.47440064908
3.98416166104
5.90055510194
5.07248090528
5.04853058159
2.25623193651
2.82675700115
2.64656870975
5.68084581099
7.22269892423
7.04451855332
2.74169748379
8.14884993418
-0.895918050235
5.91967905538
4.11150168195
1.86218430131
5.15001358521
5.98391938666
4.37567642604
6.50457745571
3.98208285563
4.49772557815
5.78805841455
4.49117840199
3.84297131785
6.46618677148
2.48572312642
6.25126085837
4.98367164063
7.14933681091
5.6407861293
1.42921971056
1.56076172178
7.14940432265
3.84390295522
5.04010417966
4.17220982154
3.34335433725
5.89080623012
4.71108784597
4.60827440888
8.02161368012
5.75917063478
6.49766314538
4.45814042483
10.1290634083
2.2289274784
6.2155298185
6.87034006141
4.79313735231
5.46158289365
7.56593269359
6.6554033987
4.89273395807
3.61672133545
4.75542201584
5.77667602169
4.18576052433
4.6182582865
2.93941014378
7.72546216018
8.62302025619
9.7667839764
4.69414631689
3.49734642969
3.42426259216
2.95139369566
4.79621805554
6.74580311142
2.33165350113
0.643767438847
2.65009604119
7.44729392857
5.13163389293
7.52727921043
2.94083725291
3.23458260067
0.751072812929
5.38649048789
7.09364293202
4.94752798432
7.01729724802
8.76016276614
5.3090286654
5.59721578023
5.94658688089
4.94403056368
5.96477221178
6.30686096577
5.71278181084
1.0965971244
4.57370841252
1.88617261544
4.25662769253
3.67088975955
3.67342369724
2.94625588646
6.99410020344
5.16301535963
9.49971305524
5.97874219105
3.14906099617
6.35435212031
3.00428826479
2.94113124615
7.85580775798
5.5084096949
3.77398329361
5.94682110626
3.33603488228
-1.58870055097
6.53830173399
1.87786843309
5.48585917369
3.57045274
5.46227863759
5.81665915046
1.85859632779
6.37872699291
4.16936215171
7.17492321505
3.75485978276
8.36217413516
4.27682708957
7.17327346739
6.80059426083
6.54560314096
2.676287552
6.7628847378
5.44707119712
4.76964077452
3.53362823022
7.30751987136
5.53750442552
6.53364833123
3.37449918977
8.15435113435
2.41953807128
5.33654914565
8.93781221715
3.92301866781
4.78977793504
6.17035464907
6.1141044182
6.45278657774
6.27384225264
3.73342149357
5.46102308889
6.81231634046
7.21413559041
4.24726610857
4.98876166498
3.17416490174
5.4011919321
5.56655912203
6.35259779169
7.14649247686
6.76152790627
3.85322089102
1.68265125311
5.04123592421
8.46578038195
7.65047478932
2.29314336308
4.89338646666
6.04499844492
5.48558955901
6.25288874672
5.54724065862
5.02854279213
3.38799955023
5.12271283751
6.42819765897
4.73193333659
4.874229269
5.84102848158
4.3690959952
4.35248179117
0.399273691821
4.06407832886
6.25703469347
3.98043090568
10.4456591824
8.40924591259
3.31759837684
5.55405633458
5.44550292398
8.30653574452
6.76061385706
7.99313650876
5.70303635921
4.88340358188
5.23928247376
5.50482084622
1.46870897164
5.1689346858
5.88202871671
3.91468412754
6.20385164981
7.86761796879
3.89358313846
6.92102065428
6.40832471124
4.5730486016
5.05583393429
5.82121273324
3.81490187136
5.55133771348
5.65402012349
4.26250771972
4.02738267315
5.31383870034
7.14103351079
7.12169466846
6.30309605915
4.15401949109
4.13181750032
5.18198530145
5.27845111729
3.60176051174
5.02252538823
4.1706958693
8.29984172621
5.75966853334
6.412873881
2.62158199168
4.12806159829
1.38471363392
6.09358316712
5.3973480002
5.83106580724
-0.2178906043
2.58875084985
3.30462778022
4.65445126677
3.00094587635
5.41955661425
6.31966152819
6.4425424453
3.94752562285
9.34035390245
3.83946255673
0.357131200299
6.50164876848
5.13808366291
3.26328228848
5.20949239007
4.87658189849
4.80745195505
6.65346550363
1.81861479054
4.1315340528
2.22959368326
7.12866138503
3.91783359689
4.31272443952
7.96718641656
4.17046749197
5.51114908043
6.16585682465
4.49913183003
4.56714560279
8.28516679291
4.2649193623
3.811358092
4.27483839058
2.28361347283
7.02963604683
5.44563045685
1.53120591744
4.27773283846
6.84856270703
4.83808894072
1.62255936339
6.36317178924
8.41421669007
7.00934144941
6.70395353155
4.89270296431
2.8310841199
5.90173483303
2.93725183952
6.25159885992
1.68540420517
8.41018788333
3.8236495003
4.78458621745
1.98870466376
3.07645862034
3.76164689222
7.38445895103
5.50990106363
7.31208438753
3.68355765305
5.50287609424
8.02083667212
4.31425885216
8.2373579625
5.65645005959
6.42346461799
5.7441692257
0.497431814932
1.93022575276
7.32581441716
7.03085891809
1.81673254042
4.571574369
6.44386684402
5.79045239604
9.12048119889
3.36820685342
7.23124662277
7.86472705354
5.94589150083
5.22049327206
1.94888915896
4.76464335457
3.57300035497
5.1831019359
3.55131613695
7.87251659131
4.92726185938
4.5237450355
5.3067331943
5.25329208138
1.0238137987
9.01219689472
4.29893079064
5.1720516992
5.07677802553
0.875175419905
5.21844997295
5.84254015442
3.55391345178
6.63166627688
5.88956660211
5.74073748418
3.34054868279
5.75641437171
10.1052548046
3.21297667626
6.33705586372
1.55785775679
6.37645382122
5.12579300118
9.91798568332
8.04639284307
2.8041081924
2.50787890917
7.80986757826
3.90715422376
5.22405011976
6.05048408844
0.989652748402
5.1611805524
6.29812463682
6.74012278798
1.67178023002
6.19846783761
8.16543303823
5.51479875808
0.839620389224
0.681988029472
4.21717931201
2.87786608557
3.65661238572
4.56946818166
3.99085613415
4.21985953208
5.48043361581
4.67502354595
7.25984401612
4.78870166272
10.3611788276
9.3556804994
3.91503893091
4.81790012933
8.23874027849
2.6303136042
6.86756134317
2.8319919212
8.1200804405
3.46984223953
3.20207893259
6.63038254775
6.6965653743
5.06467590306
6.28743010272
7.06608187284
6.68838042389
5.41441651471
4.97978368987
6.03967835346
3.46159804803
5.78745257277
3.88429057492
4.59106778833
5.98169270952
2.40063437238
4.19424110196
7.23195301722
4.4906805966
3.95321380064
4.6006889831
3.81372743775
9.96492626568
6.06267193236
3.2847785472
2.66382145987
2.76966901092
4.65105418023
7.12188623299
0.993876488186
-0.0907303024721
3.47567269793
2.21690517672
6.50913627767
3.6745788865
4.80413584816
6.90161108477
4.03018327999
7.17967645072
10.2501857208
9.38879266507
5.27136689874
7.64059268574
7.57934048285
4.88876742031
6.93025151943
5.00488026143
8.28466641963
5.49867774462
8.78599821097
3.01124861935
2.82837030715
9.25268229058
6.94605980958
3.22852590225
6.11121444678
2.36781918394
7.04666864119
6.34366870577
7.02899258603
4.72438261885
2.28023587278
6.89502041594
5.73470037572
3.37564684733
6.07658107688
7.44161590643
7.37106396629
4.21940902845
6.09514012922
7.56942457466
6.49094565816
5.34369228381
4.31890445535
3.88942255774
4.01541326833
4.06412460637
3.7123168916
7.56530351532
6.06127460873
1.45806084594
7.49923637869
3.676356536
5.38247537463
6.28459759352
3.63024985619
6.95003604377
4.63566404187
8.58348528577
3.6234242942
5.62307362107
6.13066197122
8.80738328526
7.45503956393
4.80017258016
2.13350285282
6.89556766413
3.91110853519
5.85578013286
8.1536144713
6.96424635195
2.7357659268
5.18799183255
5.02051127833
3.53174010013
6.57411435449
8.67861112418
3.99984933381
4.14537516817
4.68208805457
6.54400161891
6.26084866296
5.1536623444
4.11115472699
5.11299413091
0.25044325418
3.96915171511
6.46375154153
2.53612154165
5.15749815075
4.49736817009
8.22571556594
2.29869534039
5.01136336583
5.46018109446
2.671659235
1.47248619135
3.82786865826
2.9791638029
4.29009474355
6.71773236629
4.36066151507
-0.435728466898
4.37217373709
3.60676610059
5.45874150801
7.82532651736
0.849410147921
3.38994886751
6.70769417624
4.94731624673
4.44031813225
4.6704798568
5.93810040009
2.32867982812
4.05250486568
3.20649304159
5.96621250995
4.49655255928
4.39159923038
1.70831749975
8.88562968138
4.6307547356
6.45558043245
0.362157491122
4.8102531003
5.37017872719
3.56408809323
8.40149945451
5.90465058054
5.74724786404
6.23300254704
3.50162072377
2.99288813509
4.42888165413
2.44571080128
0.158656384324
4.82794140574
4.63321706462
3.97475757156
6.08072943846
4.93664494829
7.20109262121
8.2626537219
6.5382354476
5.39389765808
5.72730015259
5.37903796516
9.80728099203
4.80626441014
2.39321027199
7.61572881787
0.942203536588
6.77354298674
5.12445639323
5.55037669855
7.65479785696
4.73698491466
5.25721105014
5.66166035519
1.48742343538
4.44218249249
4.27830001211
4.37071920235
6.68830377114
4.2508642631
9.18831804042
2.23163877021
7.85015089158
5.91161854591
7.12663102156
5.98327650231
7.33201022136
4.4751940731
8.45360602541
5.6393004574
5.26180523797
1.97587295656
3.87017353303
6.27494861561
7.63732821075
6.7151395533
4.52924918972
2.14804780053
5.67336824468
2.30016489075
3.83205264125
2.65672973061
3.56262491056
5.02257028862
0.898678177201
5.0058577257
0.211908521376
2.69764354358
5.09563192968
9.70330279677
5.61357709708
7.69872623502
6.13299502998
1.36620399445
4.79151271116
7.94288288168
5.43079161042
2.55896712288
4.62577927646
7.52527739449
5.5890803269
6.51861247649
4.84246256149
8.12976872442
4.92822761411
3.86140650064
1.01783055994
6.1000075639
3.77115570181
5.97643491954
2.70259291645
1.99070496238
9.45501893168
4.51230153963
2.31009094609
7.88349303277
4.82170780816
5.98745348789
6.32352299246
0.97081305689
5.8686218789
6.16358947139
3.43387134512
4.20767704546
7.65413830145
6.04163592475
2.0355640902
5.35005604419
4.93798336085
5.6538542896
4.60692642587
5.90056753493
7.27638462037
4.34281413921
7.05532271559
5.27385808365
7.01284916707
7.99520086109
4.32284073552
9.2496047537
4.85152231917
2.28498465408
5.25767849885
5.58737408576
3.33000101281
4.56384760363
7.3791645556
3.54326554257
3.55398890913
6.95140889139
5.61131632091
4.33343709481
7.07995879047
5.44514046403
5.37915305372
4.35588008433
4.079809542
1.24599754273
5.54664171857
3.3636035926
-0.185379443699
5.42307719759
6.02743913226
5.62088778972
6.75337413764
3.03509559769
2.76546484174
2.06033649714
3.53115527587
7.48060509885
3.05838839463
2.65731724276
4.98080211895
6.13950980542
4.67025343061
3.44794874343
2.6568038409
3.38718582922
2.75976274752
6.36368577562
4.01491497136
6.81196548843
8.7431850122
6.974652299
4.33572774981
6.05108088844
4.57804116356
4.49489425121
3.63154816587
4.02966726811
3.29064280694
3.72930480502
4.5609486371
5.32400626567
4.05515447339
-0.0320036803727
5.34542027568
5.44429991542
6.13626390783
6.13020902186
5.09674190627
3.32640017148
7.45078963559
3.81037851179
4.29271267148
2.13956553666
8.15527653994
0.334527170036
2.60520523703
5.01240922996
7.81179595344
2.01909476549
2.30849319051
2.45268908517
3.28602706908
4.83830748977
3.37444370555
3.31828343199
-0.234416993384
4.72910788644
8.26526372747
3.46883469313
7.73130440235
6.41193462059
3.59043598445
4.09744704413
4.55977165444
8.24714767403
7.81467228519
5.72359539659
5.1818984483
3.44239367549
1.79817310947
4.85001118186
6.4649967403
5.87137183713
4.50122687148
3.40013845237
5.51594785273
5.19971529209
5.33360600549
2.1683084493
2.60507895813
3.62812725993
5.50421899064
5.62330169727
4.15537888336
6.22042899692
3.62710365436
3.55678003869
8.84433093548
5.08375809984
5.28534985435
0.36412823148
5.6978279353
4.54837423838
7.07974483501
4.79719976673
3.63274666515
4.53776907732
4.98038667873
5.05468554269
5.55168219722
9.63555227426
4.10489562891
4.75389048161
3.28119757466
-0.949600445543
4.12757222317
5.40709208559
5.06702129802
3.88251849361
6.9938520499
-0.567084179376
1.64433914472
2.64631585981
4.39547706841
4.05764914797
5.24601309198
5.73537611431
4.76002106064
4.99899124308
6.69458271637
6.89334354115
8.22425005161
3.75077392711
6.78841257616
3.85442675455
7.03267399025
5.21335538313
3.82394601049
6.10622242515
4.38366854971
4.5249209289
7.41111417147
6.07809517858
5.18492006688
3.99038892955
4.50769205236
6.16482230034
2.48128394344
2.22645136331
2.53751189532
3.67136403931
4.91387094842
0.869123065621
4.3546893269
4.25934331732
5.21426685431
5.90552847579
3.68700161465
3.31484400291
3.42477935649
5.75639627399
4.00733819602
4.88994080655
5.34106703154
9.25128578344
7.82772079851
3.37111691359
7.79499863001
4.60743268986
1.6221328539
5.09714772825
6.42982842909
9.44342097262
4.20442788249
7.09223033158
3.54342212364
3.75101388776
6.12322518596
4.54645876614
0.875900197169
6.22824842039
4.40618012418
6.3651477593
2.26781738117
2.56286477117
4.52616727755
3.0017120009
3.54517959071
3.63895506227
2.3848982868
3.53762864239
5.06905668207
5.89853492864
4.82339654591
4.15838622359
4.52998627437
9.51904641627
6.28405822651
5.08517913425
7.42486294389
3.63534745954
5.54654143536
2.54958039449
3.86887394737
5.01349288919
7.79702665222
4.6733822774
7.81649128438
4.67996373436
10.7402259279
2.22827722411
4.18248760405
6.40318184195
1.83712912025
7.39754638651
7.45399536004
1.80168607036
5.98377774437
7.56989649851
5.96646228576
4.63399645682
7.3904940394
6.09020453491
