0.986149647561
2.99510903983
5.7526333906
3.35745922526
3.4148057677
0.137822502623
3.91647844167
5.16419691943
4.1794307253
8.57448387097
4.71104475561
5.61121160332
7.11941707413
7.19052912288
4.12964686799
1.32741113844
2.35892017346
2.00971042956
6.93783712045
1.59121692608
5.77637632195
7.18985993605
3.17030128582
2.48066446199
6.57484960076
10.3487754096
4.94599791955
7.18348131418
2.5622213182
6.47077330516
6.5953305743
2.84923921013
7.79708195563
3.74497769897
2.36143511689
4.08769669953
3.20977229071
6.49226192744
3.16104668235
1.96851487867
10.8154924196
6.38801309382
2.42977303192
2.94838866711
1.81171040427
4.63505292881
3.13341359085
3.36766566706
6.76137643028
5.41396644986
8.51933325771
2.70401486031
3.75108668526
3.11636398233
5.22850675113
5.66362762622
5.26621961592
5.27214443644
6.02257496457
1.50850978105
5.48567535792
7.6254620271
3.2471999521
3.76582434341
7.65854504807
6.2490483947
3.58919531535
2.77860014646
4.77286635691
5.15347942454
4.63877895744
0.69422721633
3.87489510328
4.13024126998
6.40361517041
3.8315989038
-0.552619555812
5.27963309371
3.56202766546
5.47775667106
5.46482445145
8.72874964525
1.65114822517
1.78946657849
1.9557000565
6.1893335369
5.75761281726
8.92434966791
5.28645021268
6.64433075916
6.39679215086
3.63359848897
3.9639070676
8.3812090906
6.53511362731
7.22152886258
8.19489978515
7.10951786765
6.05447348222
3.86373121252
5.05367455558
3.34591920355
4.39419064901
8.86008314752
5.16748226647
4.99149514873
2.50667964361
6.28273730231
4.18457119318
6.2418801204
4.83282899987
2.8563469494
3.67770861576
3.82190029524
5.40532890524
7.39749829381
3.44219442269
4.95039851098
2.57325683183
4.00373442966
4.57458562096
2.59421853784
4.85803795987
5.18593544202
1.99904338346
4.43055591404
8.22013413438
2.11005357566
4.99989220047
3.95953646266
5.46830467804
4.44005307549
4.73004666916
-0.247311517732
4.36397535358
7.73096691048
2.85742050767
3.58628748996
5.27238719393
0.44429026473
5.41174467035
5.72673797989
7.8921353423
4.4245477906
3.64678759477
5.33639064747
6.46524390485
3.93927348478
6.59705366823
2.21203740107
6.63248070358
7.61318005852
1.15091800711
2.89702969205
6.04964938444
4.49170869002
4.73105335489
7.28870376102
3.51588727929
4.8121486476
2.7325360864
6.02758343991
5.59607492485
9.40317130277
10.7440314284
3.06209431946
4.28452848762
5.6345316998
2.49052543242
5.77874949806
4.32419234619
2.06570386677
2.13666226544
6.9270089124
4.28201020478
3.62338973675
-0.257301843835
1.95909421422
0.103542131925
4.88170933305
3.71481957582
6.6773715888
5.11378141066
3.33825440253
5.17798905918
6.34528384459
6.26214698656
7.40273341405
6.63298352594
6.67056977659
8.32965136656
8.01881466931
6.29381556305
7.01852283984
5.75174284363
4.70432517939
4.68665488624
3.89258038407
6.69615124289
9.476646823
6.07856174927
4.79086974863
3.65424856829
5.89704996296
7.0232438895
4.45513921028
3.1348862534
4.24457927992
8.35800932935
5.12492754131
8.9656550159
2.84803195136
5.47971020164
8.04801287043
4.73380435274
5.00459536074
2.9351892556
4.35196230754
5.05645758447
5.39344946358
6.94266953167
4.69377248741
10.5390830505
6.86806489906
5.98893901622
5.99129461719
3.35085802519
3.70732855433
3.93065473623
3.30277031953
8.51345035086
7.32419652587
3.01370861009
3.95243498318
6.65720169537
6.18374861475
4.65843309362
6.13383408279
2.75120433677
8.92534530898
6.06740393631
3.50526735055
4.79309352188
5.94376532208
5.67464070142
7.20830463305
7.94458549414
7.60972774826
4.0194250954
6.00148931135
4.97674256031
3.95242361498
8.12981701085
5.22882866522
5.48090149953
6.63410309821
5.13116170986
3.81422907121
6.24044823959
3.8090121606
3.12181000165
6.03825677584
4.29666758043
7.88950357141
4.58508829922
4.53344228923
6.77417540454
6.87951499557
4.10740827068
4.88019842069
3.23864712883
5.84005068856
6.25541397295
2.37390064829
5.97478447511
4.6633115415
4.24044399258
4.79368176755
2.48729984355
7.00977533295
2.03866882515
3.65604192303
6.59935868775
6.33280887822
5.45308383852
5.85871036436
3.22609766731
3.69067251711
3.95683826477
5.87553844232
6.66211118187
4.85826115205
2.84366285034
2.81182561714
7.77018366868
5.57353834245
6.56418920007
3.94266398412
8.56918808343
4.83791059484
4.53675035544
9.0265540667
6.24290736327
1.98315915372
4.66510495086
1.81928248019
5.90217074792
5.2860216221
4.3771654156
4.12767409782
5.35916613389
4.92601438302
8.22089407121
1.81935133119
2.97630850547
3.02107047267
5.9616168024
1.5380528538
1.76447481756
6.13456173733
6.54089027676
5.22487743164
3.45474324685
2.37777197253
2.09049858907
5.56720654753
2.6976433508
6.68203300882
4.49706521278
6.8726274587
3.55693479153
8.30970529682
6.60698334379
3.93577583641
6.90292341096
2.72826767
5.63371630276
2.80725119356
4.06986829841
1.48284460449
4.474891914
7.54047650196
5.16085368121
5.58838736631
2.32247135034
8.70823708379
6.08646237689
5.47412915165
3.76386419227
7.02411092903
3.808591284
3.47011203564
4.17124377387
4.6463200561
9.10429763312
11.1090721668
4.60469766583
3.96824124086
3.79105921889
7.10332734288
7.58148355449
6.29832226516
0.35433864852
6.19915412561
2.10142674295
7.12268340476
7.4720350598
3.1117604202
6.80556497848
5.8012494348
2.93584101398
4.70604132921
4.58490729138
6.98537608733
4.95455183766
4.38195220487
4.36876843512
3.96162442634
3.55483940131
5.8748573856
3.89791587086
6.28794947339
5.67101943471
4.18695150503
3.64338722608
2.33918581803
2.90824704352
6.94638222684
8.86000370431
1.69064160994
4.60664611474
6.68909708179
3.08987217401
3.23967374156
6.33190268722
3.63722710735
1.89522275693
4.45822745923
1.73760922072
3.9210439723
7.90214498758
3.37817366053
4.29877356437
5.43174765731
2.4275129335
3.57250794389
3.48116448173
9.00882728756
7.64778664206
3.13827456287
7.39860218563
4.90355708254
2.88354215681
8.105965916
9.10655726958
5.20571175991
4.2415240662
4.63553457996
4.5845308305
5.78067705451
6.30759404456
7.04117474519
5.20876375491
6.90362227813
7.59232181444
5.17315149353
4.52513415992
7.06389868889
1.68301123534
4.01628890628
3.92829190441
7.06934412863
6.1451743991
6.24419698887
4.15203741153
3.95098841877
7.15300273173
2.60089297708
3.59392974896
4.66122880011
6.29134141069
3.59001956892
4.0887464666
3.44484295513
7.58561335908
4.57988463472
7.59293066569
5.68184825133
7.04156364214
9.10345525142
6.97216096392
5.14643666518
6.57487359873
5.11146693742
5.18823682186
7.20245903062
6.73275349888
7.63341966952
2.82721332438
7.20621782738
7.5800279606
3.96187311362
3.54464093322
7.58165484531
8.91656481261
2.11935536575
6.72623991613
-0.807323875411
9.27410457433
4.38468978421
1.99571515351
6.56349563364
1.12077554951
6.76844065456
3.28975172833
4.45340985614
5.48814671446
3.55312653679
7.69412526851
3.39761812754
7.29673499396
6.10308525246
3.92860795525
10.1131269027
3.2867717921
4.1180539692
3.99106768997
8.10394359799
4.48859819462
4.51014944945
6.91281898356
5.71078259115
6.98786244355
5.0093552844
5.96250219159
5.5792699669
4.82965388656
5.36421604723
2.54948318267
6.18045767824
5.44893562889
5.19114524161
4.60701675955
9.14820833536
8.54510270207
8.58038417444
7.74656271555
5.1917791162
3.62252656887
8.97853987303
7.88963651241
4.69753837813
3.6903450051
2.52510204831
3.84376516435
2.82080025201
3.05809522065
9.97163289826
4.4315648928
3.68077161911
4.46634050759
6.73309914696
3.61548588245
6.08799209224
4.61949536058
9.05306582754
5.07701376565
4.22999492195
6.48636467154
4.25004220567
2.72553414592
6.78073133884
7.03315659868
3.3958920975
3.15481047931
4.82520270262
6.34905212696
3.29633135791
5.03527466567
4.57534101071
0.240225253626
5.35058800224
4.11882239448
4.74827933572
5.97719355851
5.6214765815
5.27429516967
4.70616439793
7.43148924776
8.0368137559
3.87180550674
8.25444357404
5.73506894528
3.43093399835
4.17218565582
4.18807710138
7.1928476189
7.77992432068
7.6624164954
5.39934116247
2.56501591464
2.41053331789
9.12525222897
4.7894920669
3.36061197531
5.74225409716
5.28878292132
4.70029363079
6.50042578069
5.56231359966
4.49220512768
9.1575029681
7.96530045414
6.43622359171
4.26246637063
4.27715410317
2.59583965708
5.9667489137
6.81567314198
1.46301006715
4.46674113827
4.48899468131
3.03616730823
5.1924303444
10.6710719514
4.97902044336
8.45328243244
4.88610680672
5.28835075604
5.08732502324
5.65673540154
5.93698376619
4.02042977627
5.70019373938
5.47048676669
7.86151435745
5.45415948847
4.22672097007
7.90458588263
6.66866515869
1.54932209291
1.26205322899
4.09505987385
6.82889860394
6.05227734667
2.49308958326
7.13537033341
4.22939122043
3.40280702991
5.29387005688
6.15098805402
6.60147492816
6.09612089404
6.67561942628
5.18639454782
5.2331199852
6.04639125203
3.76604079614
3.73069329822
8.42376309441
3.03095652772
7.74886653178
6.26475617613
4.95445861301
4.64258051011
1.74299452891
5.91752264385
1.78293812363
7.08029465562
1.53481537063
3.11158201492
7.08977216969
3.77518358664
6.57574234276
6.14496674787
5.2305742673
5.26157077081
0.740006373724
3.63030555888
5.53645719792
7.4304177039
2.73074252708
1.6196762
2.64774270138
3.01382888072
4.2109014703
5.28746709741
4.58186742753
1.71223200982
4.76302946238
2.36752908985
4.13178184722
6.53495170977
5.53290128904
4.44085439034
8.03977798468
2.89711449683
2.52925738702
2.79634777962
2.40469879001
4.76930412324
1.47285374612
4.53240151599
4.32711320026
2.56316637242
3.57976500392
5.5578301938
1.06244658882
9.75181310845
7.88916537366
7.99308698953
3.84136460559
8.49104828737
4.57880278886
4.9770746809
3.10474518074
6.25630692847
5.08365737522
5.17413719791
1.00370023087
6.52095482478
5.98187455077
8.32371528129
5.10043402056
5.20361363146
3.68605674083
7.08870151779
4.98265963995
2.52953946234
2.89106847443
5.32597118605
5.11376447863
2.67152779649
6.01909016844
5.22702820082
5.08152818769
7.41670155799
6.90945388397
2.72898455105
5.41913086899
6.08229016029
7.97148993254
4.68370531072
3.15772597066
4.50621813187
1.05755018281
6.60269062275
5.86576668417
1.84746619032
6.70904950894
8.80490564609
5.34414384511
4.4841377341
5.60702591958
4.09471832293
4.69470954432
7.89469076359
7.42618517616
6.74716116387
1.87934282995
7.72708022191
7.68057720038
5.77178102397
4.86762871667
7.25861214233
5.25302918655
6.89330535537
2.25830494724
5.58124530236
6.46462527852
4.34570209083
2.33281096202
9.10575844642
6.88168550703
1.43442786679
5.68050723166
6.55670590657
0.884543618259
7.7919666872
3.72261860967
6.22110228786
4.96430876439
5.98696809376
5.74929122992
2.73598954072
6.82961910173
3.77936638633
2.48851700271
8.02679458813
5.55699445901
6.03143185127
8.00546580912
3.98335964374
7.96963144227
7.82563794608
5.84807088034
1.17463411974
1.2730868317
4.34313700836
4.57396124728
3.78540552478
5.32685737557
5.17022159477
3.60910932714
5.19806738812
9.6054519183
5.83520382589
5.53397735057
5.07242806302
3.39399292576
1.40392815678
9.07598753466
4.96464889192
5.62917025181
6.89875133448
5.66450700217
3.39554006951
3.13571753223
4.53768017498
5.93994760007
9.46295282767
3.55347468409
8.09849550334
6.90710306641
2.15080508864
2.95136133598
2.49654877227
4.64797150809
3.15789316456
8.44481174162
3.04956837791
4.00739096428
4.19143443131
4.51265336541
1.92945185489
5.54704573953
2.62562266355
3.40893920102
5.15346056987
7.4539982276
6.22189583254
7.16423544633
4.21546409063
6.53513890035
3.90522863095
8.55324467104
2.40462708771
3.56884757202
4.04116630521
8.67244237296
3.91120663165
5.73594220869
10.6957712271
2.71977913374
1.1044776207
4.80430295998
7.74409125064
6.35993336907
5.37797465095
4.9216581011
6.07289105855
5.41029978524
4.22206131312
9.07380330809
8.50762658179
6.9458151671
4.7731656699
8.01224711937
5.66446894448
2.39355564696
8.35262140383
7.21327430099
5.91959459403
5.79061270407
4.45015953034
2.43749227219
8.7374143103
2.39427568752
7.02734702955
3.61472800246
3.65070387364
4.83256945081
0.905676348751
5.08080170025
5.08080564401
4.96322961439
5.69232767018
1.4465290821
3.48809300532
4.36230726986
3.26759790532
5.28884090925
5.51723880446
4.02144156547
2.20452580842
3.26883268223
7.01036210477
3.37143341182
2.75436336681
8.46542278395
2.68287576683
6.23665798191
4.66520188021
5.54383040277
3.36608395488
1.78067089224
2.8117030597
2.54535256295
1.27442007276
5.99629087552
4.1092238038
5.82559472307
5.86477386246
2.05669574285
5.94691439527
6.39592353352
3.54252269769
3.53653257275
4.21516335446
3.26216925196
5.62549232037
2.96363831111
8.74584271019
5.27548858568
2.77242046138
6.44270799003
2.44952259243
1.01772772352
6.50644029692
2.82271674342
6.87926868264
5.03510854577
4.51885868712
6.71791323145
5.28962322636
4.83975471826
4.82915837615
3.25464266013
2.78505755955
7.69236565961
3.98015147918
7.80503669189
5.21564557114
5.04895890875
4.34681192993
3.34857706489
6.43332113409
5.07383099203
5.69021543591
7.78820745753
1.24102436563
9.02324420618
5.84932075985
4.32030407446
2.59315157543
6.04258133501
5.72040436405
3.79857819735
2.52312000834
7.89839737146
5.63663106771
5.73454994967
7.26742078354
5.8381917065
1.60810356951
3.70776083038
3.32917186433
6.22468542779
6.77302795615
7.94250809948
4.12162811308
7.92039873282
7.46923744489
4.54681899174
5.96241444163
2.6113028846
4.20971252018
-0.308102570487
7.58107335609
3.0683754227
5.88230515736
2.64422081358
1.41661602592
1.75968425584
3.9783686407
9.18665714827
5.24856079846
6.76032650133
3.60385645184
5.09310313493
1.97125185122
6.33670028298
8.61072612442
2.21217141842
2.76376415435
1.8723268353
2.41136264978
6.6532898095
4.11272380317
3.89999741952
5.29490714057
4.27547825974
4.01150781614
4.87898304658
6.67993859312
3.53467326708
5.34964007684
3.0519610382
3.95359754289
3.58284720609
9.20872090857
4.63363889875
5.17623510753
7.13183027163
3.29393752085
4.22243539251
4.44061900723
9.14591071541
5.44703962309
6.12455806647
4.33432672868
2.9357418025
5.34631197603
4.1042920839
6.84192487689
1.69426339144
1.33587786184
1.48622302355
8.74728534339
5.34931290241
7.89492553627
7.12053217533
6.84090260428
4.21744219617
2.90228401885
4.2034571454
5.12726691674
6.2944431924
6.87582221482
7.62494654537
