6.08553648187
8.61895316646
4.49373833251
4.99402789885
5.70951996163
3.06560792016
5.3934133772
6.19397103781
6.91982995235
2.846927453
7.33762652853
2.30991608906
5.17227993227
2.86901452482
4.27974148908
0.41211108254
4.29531878524
8.22806995074
2.94321826866
4.23744949738
5.16268682792
4.61067685887
2.83211157684
5.43016517174
6.24929380779
2.86080604295
6.97508994288
9.34353022146
6.08606567559
5.96668119194
5.67177467993
7.21073268263
5.57699698471
6.62369204508
3.63166417239
9.12532979862
5.2966276195
5.92577987916
9.5055684097
8.99212143952
3.96450518753
5.0461107759
8.7094268912
5.70010960523
4.165067683
6.60718158057
4.14329152271
5.2446310413
5.02981982691
2.64904172203
5.87741120614
5.18050312012
6.66972696149
7.37652209403
4.83854672022
9.33468253158
3.34381642783
4.86061309908
3.1958737383
4.32171664289
6.23118674578
6.38802778714
4.79299456381
3.27172940043
3.67576023514
5.9976865129
4.7585763683
5.98037193869
4.51039704216
4.5394735087
6.27266711427
5.10598529083
5.96856560933
5.75670827743
4.13805267292
8.34660195501
7.84807209523
7.21522258589
5.06444431717
6.69468662636
3.01826796282
8.35039275487
3.16303032684
7.81928090365
3.9139023378
4.25719917294
7.55480361468
9.09238073993
4.45100023715
5.29926447077
5.87734334262
4.39457437045
3.13960903641
7.33820911574
5.90921916732
2.60844269158
6.62845730374
0.442477615105
2.5109956031
6.72519225579
2.0955596104
4.89717253626
7.43240234799
1.8814358923
7.85214557791
5.32506501083
3.61016862146
7.98664470812
5.67259992951
5.30388389722
5.8688867604
6.11456626817
3.69687996709
5.98721105133
3.9584838093
1.84123102989
7.96296770439
3.0294787356
4.18016635585
5.0037067378
1.08948185959
7.10690605213
3.96779693373
6.96136348171
5.78583049177
5.55693488686
6.10320208373
6.13427229502
2.83272143238
4.62597609659
5.50119331882
2.44835293262
5.70450815461
6.12710398083
4.61405964246
4.8416390677
4.27049013115
4.21731129351
5.72629379943
8.01880540798
7.50333358405
5.24663185344
-0.474999827804
9.85086016935
1.11048128154
6.18912030877
7.72340491396
5.03630342672
8.95950386393
1.91832929983
10.7013309982
6.97905848444
9.5124422008
8.22880501701
6.93465674294
7.82543508974
5.45279699877
5.65474790073
6.22101157464
5.70438839104
6.21806600433
4.46977815283
4.41385285344
2.6116207832
6.91140128259
5.45737496918
5.33771037711
3.63582002484
5.03245487229
2.41302480085
4.25225337776
5.62468740989
1.77620639908
9.66536735798
6.27265542544
4.33813372264
6.22592674353
4.67079968795
2.86058797715
4.08676199279
3.85313376078
8.66254901766
6.55781451097
5.55036227995
0.19825869412
4.73632199665
4.75574826647
3.34919347335
3.56998137456
6.3028669241
5.35068082222
2.71668460558
3.27472778888
6.88042507108
6.08633990848
5.05023019352
3.29472104617
3.73291547298
6.74695081399
5.48197477128
5.70309865359
7.46288549171
3.0454593761
6.69556153184
4.27963980334
5.42529849982
6.82714982038
4.6129154664
3.66550428735
5.93344658856
4.98674995186
6.8415955451
2.35306591907
4.48377421711
2.43280289748
6.36751874592
5.19689643367
4.53487067273
4.68639575143
7.97379162196
7.91709001064
0.341758806694
4.65134989675
6.55268340927
5.00837800846
5.05796172897
4.23108571092
6.33679894334
3.77574689174
4.49223255457
1.62971690322
8.33820940964
3.90087688212
3.2838908607
3.0362278201
2.33374695708
6.31480655798
5.3767261759
4.70417601022
2.75868150206
5.12816429091
6.38465629501
5.33581624125
5.82809283564
4.38120509694
5.88569437366
8.93333803814
4.44486384489
4.61856236273
4.500796392
7.05030080705
3.57987852086
4.0024250502
5.68902764904
6.48994640541
6.20068522539
3.29180929584
2.54227840106
7.25599914704
2.40965390343
6.4583410445
4.67254200764
5.68772242775
6.62731471544
5.58809653108
5.00552991526
1.77289998742
1.76425450519
3.12564755651
9.71434970031
4.67316166526
3.61055997135
6.15348805399
4.83340130131
9.00662115593
6.41274493773
7.66741308346
6.41870100226
10.0680914387
3.99130437196
5.51925918999
5.6639666944
2.4664387117
5.14896880416
3.91010196968
4.58598909804
6.85924174358
6.12888666055
7.68397834845
6.56373595907
5.8491825353
3.37942522612
5.87541700454
2.5934646337
6.26370787308
4.66450829239
5.29373307224
5.29390945411
3.49887025947
5.55393286731
5.32643103913
5.64925701122
4.13525599191
3.25719804174
0.351593385791
5.13365641307
5.18334777161
6.01831064573
6.883205782
6.94765656023
5.07144237758
4.27246657115
2.89065446515
3.94752011285
4.27917919535
2.9278041389
2.97783134935
7.7954122682
4.90402491804
7.23735486122
7.89697464099
6.66347136621
2.22717266391
2.57401758489
7.57696614404
6.95461210217
4.60002049654
3.53285318567
4.14087644233
3.51361983392
5.72971065932
7.68604205822
3.20604120719
5.30165761858
6.41426058627
5.20832097216
7.79398786797
4.3420288284
5.9512145125
5.368046337
6.3221355707
5.29231514814
6.39227995474
4.17662371664
4.68701975376
7.00525608767
10.200637964
2.28931982595
7.27235956596
2.31439309722
5.01493428896
6.16051415882
7.99999643008
2.8695423141
2.35666401172
6.87007989826
5.31867546662
3.68011142658
4.8167151292
4.63397200279
7.62452987631
4.86820041953
1.21333111053
5.56097656951
7.48573225566
8.72001371133
5.21945294511
4.4617680596
8.57592724501
7.331467191
7.19197647677
8.4600488484
6.39129259092
6.70743035015
7.20087230175
3.62630694558
0.52712052534
6.32938418479
4.49909503649
5.78564999533
0.710484098683
3.21392813012
3.80583948386
6.2832541334
5.47311655443
4.86906279622
2.99211177225
5.16535033379
3.14890180151
4.1318475955
6.83535836193
7.31046469868
4.36783717286
3.67523856891
3.81212009265
5.00231997554
5.54486529994
6.31211538721
2.90558975166
2.648211861
6.86558347886
-0.401102685207
5.44030809384
4.00494802817
4.87176680668
4.75234207271
4.16143692199
3.07277364473
2.78789196603
4.0664231136
6.46534912135
3.57134374001
6.64182656779
2.49626573733
6.79666400527
2.71213940063
5.33688233285
3.59775691826
4.932421341
5.23382515377
1.15183152659
6.68965493716
6.58439892246
6.13908586313
2.53673928108
3.57494135662
5.73767581752
5.5323060045
5.43580137833
8.26612109095
4.90027481713
7.4201684604
7.34924646236
6.29987733303
8.23337327635
6.57339818907
5.73421832616
6.04253209798
4.54675439361
5.10528146555
7.63804378775
3.411025399
3.68430049978
3.68821154838
6.01794435
4.87436175998
2.27662128038
6.04903201956
3.5893545368
4.89782555143
2.06270398439
4.7939065418
7.02537500712
3.70456782249
-0.584930501648
0.265622863131
4.67502996415
5.52352973402
3.04462436031
3.11953854517
4.51100083028
6.63021751748
10.1893136267
2.94530567166
0.514007961289
5.03992776483
3.43973670361
6.78253075642
5.04104627921
5.57860378898
2.63052612941
5.16334816026
7.49122893952
5.43010431642
7.86589211847
4.7001989176
4.36784847674
0.565295341047
5.80996390165
5.61013991154
0.840613443203
4.7249968632
6.45277168407
8.90883997126
4.43700346932
4.53687020215
3.94618987094
2.43026041843
5.45065932547
4.99504873406
4.74401947064
5.38700573457
5.46559600181
5.23450736733
5.8852509307
8.13549470665
2.87988962506
5.43793884978
3.0058877113
5.85070163069
1.46883849083
5.51015651874
6.71929402699
4.50668125387
7.12918325458
4.86213206466
4.23402070863
7.23451341941
5.23071794252
8.13062409816
4.90091340243
6.77033143885
5.83091930119
3.94431207269
5.35077673843
3.53674064136
5.64753043401
5.96458178068
6.9129185772
4.95872432807
3.26709924253
4.37685959286
4.57596370564
4.03565417086
2.85522976017
6.88055475199
5.56279018408
7.09761541275
4.08918460482
4.53127341316
6.3306041921
3.08829530851
2.80338400136
8.5245752011
4.88454707972
5.07359448308
2.15539993708
5.82968349954
3.77687265353
2.58261169586
6.93419674045
9.77678133252
5.52596382639
4.67942782091
5.55433771887
6.47535061486
3.14239002107
4.68112985298
5.87455294772
5.04014064227
4.14332768788
4.12678083477
3.83559852596
2.6528320409
5.80027753017
7.53049719452
5.02894575532
2.70569328399
3.22451127144
6.00526862799
4.48074241052
5.94675736156
2.02934557891
1.7977776972
4.96189129443
2.00867243793
5.63513572926
5.32853186342
2.44382371408
3.98461053147
3.60957279941
5.35403355093
3.59577220278
2.42274172957
4.68173126313
8.14831142756
2.5231292343
5.5949292168
6.14004532169
5.77099926425
6.046246201
5.45878689165
8.66222583133
4.20410518278
4.50883733244
4.26536664804
6.60077249849
5.24350281653
5.38926831838
4.24793174978
4.59759137034
4.90479619339
4.70537566523
5.60584803036
5.28081266344
8.83982653945
2.39182548207
8.65271399547
7.62409167952
7.31648976238
3.14475416874
8.33795700259
4.10660733538
4.86287333477
0.326008463973
5.03431874152
2.72073033691
3.86274716088
1.55897995279
6.79291567063
2.4905217377
7.52828695454
4.08751222173
3.49582039292
7.36789690152
6.93009222401
3.01901122091
-1.99671581141
4.61460195834
4.83254397558
6.08266320536
3.87984873342
8.33586407278
5.84721243422
5.47529684068
4.65620956815
7.69042746178
5.46447571253
3.97005592771
2.6215621423
6.55523075911
2.83256113255
8.04869691838
6.28477397187
5.7113781474
4.32523765461
3.24894621785
3.33089202351
7.66788940431
9.56547965481
7.25270476545
5.19935426933
8.12147848265
6.84266993831
5.05804163226
3.78466229244
5.19223922256
5.71837997737
4.25378875005
6.76162382977
2.92502497999
2.18035398986
7.76354464142
2.75297360999
3.03174814277
5.13499947384
4.15175443034
-0.0837236346245
3.20207966527
4.37944227141
4.96106443304
6.37188082982
4.15814578253
4.80666900409
5.12837904815
3.60383740494
5.67118070484
5.83538209568
1.8118133518
3.66576655714
2.31336565911
5.78376639954
6.1833646169
4.23845201157
8.28158565834
1.28241114381
3.46394517138
5.46925461248
5.93428249979
5.13363251281
4.01027580144
5.07808596388
7.9944291565
0.764834665246
4.84605201342
9.02756947098
5.58680759769
4.13425043181
7.21102399941
1.16634463147
4.40032849866
2.29259289231
5.93818296857
8.23988151714
8.01001663775
4.25713260584
6.6768036363
1.68884666688
-1.08749559165
0.607884250714
2.02785467005
5.26171444022
2.96932871041
4.98598044786
6.4025897437
2.93725456384
4.22223870001
4.48179819052
4.88879201802
3.288880575
5.83867893138
6.33447843655
5.23811783298
2.31893411038
4.7389917162
6.39666455428
4.68556221182
3.86154127973
3.71523197489
4.45249075299
2.70102833386
0.541552179007
3.92519097528
6.51252486398
1.83118243433
4.71817955924
5.90639104513
9.35805973248
7.58085839588
3.6690283189
7.58959927978
6.64136922106
4.97111830522
6.81949623067
7.23646930315
3.49768149172
5.50550524213
6.90006399489
5.81977836413
4.17498261971
3.52774337728
4.69890517536
3.57535222376
2.86168249964
6.72086225026
6.89321956505
8.91316272427
4.6840355118
4.06398263393
5.2566587487
6.750940124
4.27864803897
5.35418474566
2.73756261268
7.40709546785
5.76252285425
6.48941249016
6.28841002893
5.42132718906
4.54085679126
5.2292425045
3.36581786827
9.4194326651
9.28555426244
6.47802056806
7.16388491809
6.02875251454
4.20255388609
3.42944758051
1.72403625824
6.64612576392
4.46656738449
4.16608208336
5.10606918021
7.06249542775
10.5169400817
5.00656070676
7.4750417414
3.90437118758
3.95575969498
7.03714943768
6.32533229128
1.6281266444
6.83847709391
2.71547332703
3.57543785861
3.53393881656
1.77415925093
7.28378443479
5.36958167024
5.29241444625
4.09909134628
2.37269535052
6.63545764587
9.340845714
6.61719873138
5.50418274333
4.40993643569
4.63665120349
5.99517177362
6.02635794987
8.52597083294
5.75915504339
3.71619692007
6.73810485187
4.78827657707
2.79207088691
3.78136385642
5.05288469728
-0.534993694484
6.34326734317
6.44393000449
6.2107515079
3.39868543355
7.95201659058
2.2498538462
5.06753171941
5.86309649055
4.29326010402
0.400042189753
3.51940702706
5.40603685648
8.04564825265
7.48699069932
2.58522543475
4.40866719386
8.88444411376
7.89161287155
7.841481235
7.03834874545
2.37020181728
7.88487159308
6.12615199489
6.37839953309
7.13602794954
6.35992673891
6.08624249442
5.58706283378
6.06923711716
4.93639553141
7.12601552302
4.81379719386
8.60447544907
2.83120638762
3.98016879047
5.60630047724
4.38210254489
6.50062284517
2.68653180416
6.45373646623
7.86826255878
6.87322915975
5.7108906696
1.26461523009
2.31273664856
7.14342961385
4.87112207779
3.4526004247
2.58075625611
4.19563827209
3.4996048008
5.35532973414
2.19967968141
5.76775630072
7.27899993811
4.44136908883
5.50922899981
4.46786103714
7.32058664196
1.6530068593
4.7901743351
4.32014833067
3.23638995724
5.77917009202
5.20175930532
7.72065712726
5.84307344246
3.74420651546
9.5737966027
3.32187078696
8.22011533923
2.54502214614
6.53482420111
7.8142554163
3.69071261041
8.6794186546
5.16536360536
3.12081650321
5.84052266554
3.74641537359
5.65684663335
3.5103025469
2.46900686753
9.51220252591
2.1755098974
5.19053047227
4.98563721746
1.3262827588
5.61725465613
5.75825892142
3.80198307734
1.90497995984
5.83630085807
2.72973206492
4.48144093495
4.02185846677
6.13995151909
7.97735746508
3.31420979949
0.75696705206
5.0883103398
3.27333084754
1.74990008683
3.03219134075
6.01286012847
5.67517663273
2.44321593098
5.50292673709
-2.18012015116
6.45859543334
3.64662945262
4.73321719678
4.83909696932
4.09454539985
6.17377459617
8.51026254677
6.34571424684
2.22627899524
4.55649532759
8.48552627211
9.0738232267
5.15782686649
7.37797878459
5.85963659659
7.4420111163
4.93042298799
3.7734669415
5.003311158
5.53488532195
3.13900388748
6.1399298816
3.76318787953
8.5464708207
2.82639952729
1.10809582152
5.85388167974
5.68467287229
9.70872448069
1.67009657781
5.03050545892
7.99123130291
3.32888004095
5.83977228111
7.92341068502
5.62176095385
2.79339857746
3.68826581256
4.78357179422
6.54018041315
4.00275339308
4.8126427125
5.81374020989
6.34547062372
8.69086036508
3.26120162067
3.78528938129
6.38377257701
1.22423797986
2.60853756681
4.04871353805
4.45315082194
4.68063731601
5.65078057738
6.49542766156
2.3845258978
3.20931201701
4.4475225828
5.27055811708
3.26549169157
5.63846854581
0.116950428361
2.86241735248
1.94931060957
2.14403929863
4.57721484158
3.957979263
5.1971030245
5.31092459329
3.48388788363
7.49580092286
4.48480733352
7.29969036952
7.72671899488
6.16179041992
6.79481286579
9.4498265901
2.48797568842
2.32904529313
2.24607383645
5.24219292989
