4.02389742311
2.35873477352
3.83717778945
6.09325153637
4.43045338485
6.99661731139
5.18562266396
2.80297884209
4.39291226946
7.28467802831
-0.429922358666
3.72615837476
5.86965246519
4.84665927948
6.16418945405
6.67467631306
5.38357516584
1.29324424402
4.04482167427
5.30488019881
7.96022340497
1.97215570082
5.93211444908
7.89023966665
3.45009816918
3.74167149984
5.40151967479
5.44222736666
4.29855481575
4.78899686194
5.45831521077
2.60151587042
2.78773543754
3.68973390363
6.08582135054
4.05209311596
3.82573083442
4.54392634799
4.82566899169
5.41970192909
2.7575214135
6.17403078435
4.4177878137
3.41049112119
3.55861822408
1.48589237431
6.86588397073
4.19161499005
4.01933166865
6.81809475832
3.09713681608
5.32944251268
6.82089283548
4.55198171389
4.20194874388
6.28721919782
6.34687527902
7.13408697955
5.57495725146
1.27722739898
4.4434527327
5.19115319148
3.20317051596
4.93524460688
3.05704636521
8.94981044373
7.73592209763
7.27386710413
3.3949688584
5.80660551617
6.21764029195
4.18017920232
5.59186363287
3.62912021172
5.60660522241
11.1227834021
6.23725008183
7.68197100854
4.13821798268
3.6769958592
3.87724693705
5.36476119556
2.67999361236
4.59868404971
3.28932540859
5.52931490204
6.2907570819
3.09294701094
5.42450942689
3.64142751992
6.69962233168
3.10503010889
7.98176910248
8.28979186725
4.13531134097
3.47473134277
4.32446543708
3.89350714946
5.83210328369
6.97587444315
5.47325432213
7.10001107257
3.72324408247
4.87378057908
7.78911484403
4.28758082384
6.05576387143
4.46785978411
3.83779999209
5.93955614766
1.52026871381
6.28234072391
4.6111588223
2.57448732159
6.27090720206
5.63541558989
2.15730405515
5.68802284189
5.38936242581
4.90374856177
5.33192369701
2.81344886258
3.99416880697
7.04762375491
2.82444672165
5.53978012775
2.62403377797
4.42288982658
5.64324061089
7.95240318081
7.18042363382
8.21020088163
3.65598480778
5.0440654141
3.01727716338
6.74577261921
4.27040432014
5.99345334706
4.47342510719
6.85253680273
8.26342963036
5.46721347381
6.97969910102
6.4750109015
5.80777503275
3.88806896205
5.2756260602
7.68165506753
4.29436040869
3.96526555947
1.95991320177
4.90179602136
8.01176287717
2.83241537239
3.58360891755
8.78860967588
5.40710105265
1.73540493488
4.49576301631
8.56070008921
9.42513746558
9.66992504006
7.58644126787
3.77634691584
0.105134829833
5.66128655416
5.41209070837
5.61762296789
4.72772900191
4.12011329341
1.89387176129
3.80165648856
7.09157544658
3.01988600863
3.97797723002
3.98567558006
3.98002356717
5.2578221497
7.47420518293
5.82996305863
5.05534764053
4.33859054751
4.89787656998
3.85493943616
2.09258414455
2.67574923869
5.86272837072
3.45015542871
3.83933264308
3.21239253775
5.35897746727
-0.245549493594
3.7497055141
3.52628376002
2.73950384352
4.51621007726
4.13611878584
6.55082188865
3.03011315991
8.07674107896
6.54861896683
8.28948128611
4.81798867436
7.0070410513
2.75935582451
5.77564313952
6.54240040583
8.04894167328
2.48685107284
7.56427489738
3.78271055878
3.0571921421
3.44126278626
5.3347062307
5.47206019379
3.70123082177
6.75031339036
5.06142844152
5.52738866047
6.94053615861
6.75029086177
3.08485717681
4.84765150817
4.32092360075
8.11862258987
3.85580295417
4.03372750284
4.69287644863
4.86409975835
5.94119013987
5.02130144269
4.83801203187
4.83388106868
1.22364841984
5.40532718114
4.05149300073
3.83231970002
7.26641158662
2.9281431334
5.10784732408
5.00114110048
5.28984437285
3.11271660777
5.41543316526
3.82538165242
4.84571037316
6.57029802333
3.73156887557
4.92263740923
5.32622611019
3.93837481023
1.8168841888
1.50138216519
4.36676729203
2.82591408271
2.21742359327
2.80435135196
2.96770201918
3.09908440114
6.44532527477
0.728419505219
4.77316097912
6.81032563961
5.22844759184
2.7540000293
1.38664867859
4.74339728594
8.40955056152
6.12383110574
2.97592213415
7.33937451467
2.36176092104
5.65717586137
3.96043236159
4.04171539784
5.58529300342
6.30239094217
4.55913499579
7.62932049739
6.66458043613
8.42797085214
4.06761523673
4.99443425134
8.51390125275
6.27161070832
3.34269477216
5.90863984114
3.91965337323
3.68188983855
3.01912771179
2.57836897896
5.84468745213
2.43148542228
4.97473326765
9.89949276657
4.9641128404
5.81088245858
4.41087893899
2.94181438781
4.63069379604
6.55922154657
4.53833089679
6.88994279368
3.92096326975
1.70576404593
3.4900841988
6.94965802491
5.69538673152
7.69326688179
4.21174687934
6.18281287821
5.29247608158
5.55680286914
7.27675859255
5.98004030574
1.68234881133
7.04659445749
4.19484524248
3.95429226576
3.82650961271
1.52749696115
6.95408025146
5.57010095416
4.72826944704
1.5886502858
1.92542347399
2.20834366293
5.39496922832
5.84384830408
6.82918384026
5.56462293229
6.29652880954
2.76570781247
6.69742584001
4.13616741425
3.75068022634
8.67640625828
8.64389788428
4.42062214404
3.19013124179
3.77911352118
5.61124970434
7.64110635386
5.62099737144
7.42049751295
6.97517819101
1.20907533581
3.52338476911
3.0102855492
2.15990061754
3.14259238662
1.16710382803
3.98622181301
2.23099073541
3.454420098
5.6532453327
3.29172721113
7.88934832913
4.4150519905
1.04445420937
5.17689322726
7.97922896516
5.03810395847
4.60739278946
4.70831158253
4.10099193376
2.40645045214
5.35846184942
3.39254225421
3.94862346433
7.10165156655
2.37541953458
2.9207213409
5.65651161763
5.02770071126
5.02729364595
7.67266873969
7.01747998268
7.3648427843
3.578036643
2.40188208391
4.41859726838
6.44296041644
7.16968534564
5.10563191571
3.29756784215
2.17414734147
4.41358399653
4.90083746401
3.51368247698
4.46299365181
4.1866760791
4.19284199293
2.93621822718
7.09670829405
3.28721204286
3.2879427277
3.64471799552
6.40475187967
4.89793390555
8.2488760664
0.65127911567
5.82197924384
3.42059133277
5.13682955295
2.52783194786
2.32685366275
5.58835107878
6.73518438177
0.666790213437
8.71241249477
3.94900111976
4.81837706726
5.13379886863
3.45558067104
6.65065389372
3.01663378573
7.94918674429
5.57363205317
6.40505347866
2.02538666435
5.63832697333
7.51186528984
2.02928101429
8.1138721024
5.62366763497
3.35367288243
4.35760596842
3.31915250848
6.31907334639
3.40944537618
8.98196008203
5.46955894188
5.69635435508
0.430459322016
6.24523986355
5.26142818456
1.68431253604
2.37690408839
4.60278503481
5.08023515914
5.79044079517
4.19925971696
3.80123450417
5.9774491802
4.36241609274
4.17509244466
4.40222624989
2.63246579682
2.50330129862
6.21018567217
2.59223016597
5.6323297365
2.65819544152
6.13361177836
6.78690179091
4.93148259296
6.9487387154
8.67206057468
6.20472323935
1.61305219448
3.97465351985
2.70359019184
5.46602077186
4.4550229044
1.30529256036
4.6050452234
2.62937164536
5.51294816896
4.45140746622
6.40924716367
7.34140712868
4.5877815279
1.22882017906
8.67525931372
5.7072172468
3.37467002795
6.36212804803
5.30290369509
5.28636300293
5.56124496771
5.46063029821
5.93730377773
2.37499086444
6.62673144651
4.35250058
7.05993658386
3.42902187074
7.33035083694
5.00341852205
5.21380156765
6.21289155074
2.83018181922
5.10952956697
6.20033705382
3.89410821272
2.42214739858
1.53834050603
5.19704040961
2.8665757666
1.19802077644
6.68039930749
8.559125075
2.84979373649
3.80318513389
6.47739891159
4.26504324676
1.99851733229
7.04079310135
1.10264314804
5.50060918028
3.47197748664
4.20177958421
3.13730308543
3.7867028936
5.11052948436
5.24396192714
6.20147527236
6.61163726135
1.28603724566
11.6145956163
4.24718124008
6.96048353952
7.51166249681
5.21999772037
5.41530902179
7.74614895417
5.24191763954
6.78918601006
8.48386998529
4.87919426052
4.8530656946
3.99950104055
5.23296346637
2.3597123613
2.89501648827
5.30448272098
4.38921224618
5.82851656477
6.62325921327
7.08076809371
4.47590234449
5.72257037234
3.63692237868
2.07964822779
5.79234255892
6.38508566977
6.5215502111
4.53289272503
4.80951381443
4.56356084689
6.76313547825
4.3860288886
8.27636510085
4.59097577465
2.39661416554
3.5525269472
1.8548935715
5.68501233288
5.3593865436
4.35766112119
2.69235977851
6.94474330276
5.15088728572
1.47920252069
4.48854430464
3.91324493288
7.2590046561
3.86902344053
3.48217008084
1.44822783752
8.31963259475
4.86688595768
4.93227734938
8.83369080263
7.10957282083
5.55599189663
0.771184571219
5.32437480681
4.06939159392
3.88368790796
6.6389802017
6.49922464119
8.71661852744
3.84967774355
8.03572720513
2.49036583661
6.1763286922
4.84461959306
2.13007266793
9.05365907442
3.84572586597
3.75153306939
3.38631403277
4.61931216558
1.76941230952
3.0490349934
7.30723327363
0.148227928716
7.89466418099
3.2827556573
5.33950975041
1.82239469147
8.11847619413
5.3843548742
4.48716403341
2.92450623901
7.6711741747
4.67932921888
8.39031628505
4.96495172022
3.70431194323
6.31295390379
0.844728454795
6.79693691612
7.11761555783
4.68336157094
9.93263553812
5.98017053641
4.95548887229
4.21609012819
5.94162290289
6.34434128844
4.61591008713
4.80653390613
2.77940977833
1.77706507714
5.493048777
7.81377405546
7.14247136146
5.12572665109
7.04931214397
4.83574502937
4.63511892168
2.90050771655
4.70000110768
6.38479076661
1.35072206056
5.74743031314
1.58524100191
6.04417506136
5.10682217257
1.47824545881
4.5783884523
6.62623465237
5.12536639639
5.78425303486
5.95968516445
5.92270237588
8.16876507888
4.69890559374
6.21185098128
5.24596897724
5.59720263396
5.65830765772
7.07910802447
7.31928367452
4.3013213805
3.20622141166
1.84762445157
3.53687006291
6.24135293438
6.5696548545
2.17156009004
4.62712612015
2.9224367023
6.09633464725
4.6089778087
6.46263064151
2.74011674765
4.00186006042
2.79033972844
3.85927223854
3.48266589254
6.87140995689
7.16061574065
2.38359249356
4.22494380866
4.61227639001
4.39982829511
2.91210193267
1.87674540644
4.90691008198
2.53951738956
7.45934084196
4.21578810708
5.85456796239
3.09837299655
9.52565258241
2.80555865213
6.00415465784
2.31943906084
7.42268477008
5.44813383386
5.08028272413
3.43279468651
4.16750364957
6.67994828961
7.23978810906
4.14974797137
3.15024821748
4.86300256595
5.06593823661
1.96943880355
5.89865799741
2.55067134836
6.18229415408
3.97632694779
5.03281146578
7.80941885778
3.73499750214
6.33204806566
5.22227417253
5.25695651961
5.36724442074
3.26936864283
4.02103567177
4.30116063296
6.57306953195
2.74872769649
5.38813470645
6.22441558708
5.72754617207
5.43301115565
5.31003220928
8.4479991397
5.36569929942
7.68630303017
5.27082247071
2.49913650089
6.67521491842
8.41252754824
3.66578172213
5.1353688963
5.52283776167
5.47147873952
6.81538603345
4.8660296182
6.26463257405
7.07937752188
3.75163673033
6.73648592805
5.12977085766
2.70671596287
6.81304424922
7.4810672862
6.57124235073
6.77005818311
7.94625234818
2.50791024208
7.90546000979
6.03176758857
6.49276893708
9.20041129753
5.73254636973
2.96825717369
5.47456594009
9.21563023323
5.85049636849
2.80878679053
3.03370668051
4.4591636875
1.6986175804
3.69117315415
4.35270416193
3.45633913025
6.60857504594
6.33384888337
5.35646235577
3.78345399492
6.35251182969
2.58253078998
5.80340492267
6.77284073387
6.98301236844
2.40477635553
3.795137987
5.03873179706
2.39341780472
4.2514798687
4.78983698679
3.35949733663
4.30040676492
5.92671218314
7.88338477247
5.33273977022
5.71995774633
4.28417047431
5.28882948608
3.02412500664
4.13173588404
2.74672928336
2.43054469056
9.31748589399
4.21021327786
5.92808203435
5.31348577058
3.53671575246
5.87245140329
5.16415044332
4.53165104396
4.1326849149
2.5406616915
1.74374431266
3.42155109542
1.19399836257
4.451394097
4.12521775175
5.61134779651
8.01486060526
5.15457387679
2.97324784395
6.20989727442
2.11890408567
3.5910084248
9.10430774361
5.36160912353
3.72544309677
3.77859414421
4.61292831951
4.28497967827
4.47309527173
6.45244111124
4.61023464893
7.03329731808
6.95226360751
4.15388547426
7.96223425631
4.16263484918
5.16378216417
0.835714145502
1.70814165738
5.9837119299
2.9393227101
4.66201513018
5.39894326134
10.3162811634
5.88387919445
4.83958231685
6.80771570114
6.80931267705
5.15959800301
9.19500404962
0.969655510609
5.47010863803
4.77958834576
3.82881567335
1.07641741813
6.5444029205
1.86723672171
6.7939796742
4.29170055411
4.81126542722
5.04346701264
7.4609512606
7.27136513788
4.8116108659
7.5292836814
5.28241232967
5.58641877551
3.86855091501
6.21253229739
6.17918533182
3.61418137553
2.51808614047
3.84556033732
4.42585808814
4.51136917396
6.24401469085
4.81642048003
9.35696885311
3.50317460881
4.21366321288
6.85707813845
2.87088355283
5.29983561399
1.57668123203
8.23497307986
6.97202461968
8.66973492587
2.80581205202
1.62013220531
7.92978214969
5.27191677245
1.11099215296
2.29226426525
3.34034038661
5.85275191903
4.36916497797
9.75380238171
6.82198089939
4.21581659728
4.47136872662
3.57311613633
5.09935384533
5.33238076189
4.63431962853
4.70165113038
5.42074819159
8.1362329473
5.96592623979
7.82946480701
4.24414258351
4.92658137342
5.38293096466
4.13930764639
0.628650224762
4.59280233461
1.20735647985
2.93372286366
2.15440973919
1.91134042319
6.61390714028
6.90985181492
2.69999242633
2.55496890139
7.96474747831
4.8922094622
4.57665740238
4.46990631145
3.57745258541
5.67480444238
6.2568748022
4.92700661801
7.11086828065
5.89896466778
2.18315860608
5.41573933621
3.06336308459
7.66396241302
7.65158862004
4.94545324292
1.96694235927
4.99156162542
2.91228143524
8.07092190668
3.62583251157
4.86350096962
0.363561729912
9.70932827795
4.66376101423
5.32318613433
6.65252386218
9.77023218225
8.40249406187
6.94953761685
2.41879353063
5.65129022831
5.39341384259
8.07383559787
3.62605006222
6.01875449788
4.27061522695
6.21396365466
5.07770342292
6.72753767789
6.83190202645
2.71584206833
6.76256023543
6.90790207998
4.45540963703
5.25941843428
4.39065276607
3.43555004688
5.82092782709
7.84821056275
4.95653377277
5.18953322469
7.56427793976
5.73037574458
9.36151091565
4.51751240948
4.4602038238
3.35091884297
9.9013722889
9.3127778419
6.10924380096
3.63984506854
6.06446268981
6.39613381251
6.00480349272
-0.258532194789
5.46403154795
4.0555621908
4.08839019332
2.51899772465
6.71765142032
5.53839701002
3.27084806386
5.53891329633
1.5622279099
3.95373196093
3.25461843457
3.59098849695
6.29226317727
2.1381871195
7.33437827866
4.50954401324
4.67784099399
4.68480974751
