8.61571219928
4.28651953978
1.38120927579
7.72270205581
3.70483250696
5.92328334997
5.47637250436
3.90924425322
4.17143574009
3.73334981106
3.99928247355
4.65495847677
4.615865781
5.57036166618
8.84802337841
2.65238621221
6.63476055133
2.9860848799
3.18437152178
6.01344191746
6.59918741315
5.95158242266
3.07388703356
7.68435028153
3.12769960668
6.35142772851
5.950029505
2.45985366486
3.18387923915
9.38862766674
7.37674650167
6.32085065378
1.5928011909
4.63998098608
4.65308339461
7.55528661449
7.22022531867
2.44212598738
6.11349968005
2.15615279277
2.50668025421
6.62894565994
2.13994099657
4.67710628098
2.58854444677
5.67036696823
6.71641317822
3.06947070323
3.81831745963
4.61248593794
3.46605556188
4.08804423734
3.46877732448
3.09085821052
4.46322882908
7.74810963766
4.76899582376
8.86335688346
6.25242701794
3.59521372294
7.14033050699
9.01583300285
4.09118284447
6.63707165347
1.95729838398
6.60694279242
3.14437602971
3.5762803195
8.23985738699
4.35562097956
2.63257351153
5.98685424828
6.86944372712
5.50138629241
3.17509177009
3.69378641013
5.67598921491
6.57229530505
2.73574743322
6.59052964468
9.26507599408
5.16657388309
5.18834077171
5.4906750221
3.20433149177
4.45527137615
8.19393747438
3.86896466758
4.89206591609
5.38406673809
3.64508907646
6.024102234
2.66385777863
5.98488308289
7.04217949335
6.13216191236
7.13189122899
0.481373833629
3.64988362654
7.01885961267
2.24241347744
0.256955820545
6.67101117931
3.51017710058
6.0919578514
6.36489389918
7.19295839414
5.53922270037
5.4391264581
4.68666355821
3.73032880105
0.707924236252
7.07113171002
2.37076125047
4.68358842617
3.47709386463
7.54442339426
4.06893809654
5.3408198108
4.98203808334
3.7918533068
5.43526367361
6.81757505225
6.5185883923
2.67012995693
5.27328606169
6.397240933
4.6071242634
4.18338064989
5.60584566692
5.73545341984
4.92749263322
5.0718567515
1.78102815337
6.17576671474
3.71201472021
4.20529304106
0.409704387021
3.69601843858
7.79543105015
2.05628180039
4.31129940724
4.29753704235
5.81028405796
5.64868220609
4.35156603113
2.99096560413
5.70851936156
4.19667474908
3.57645332259
5.22774709415
7.37713389706
7.00716547719
6.21992289164
0.188097834977
9.22576472921
7.13751527743
4.69848588388
6.96239016872
7.72848780855
3.94573910054
1.90458015596
7.65674417149
5.13939359054
5.28941170754
7.9382428414
2.7413163558
2.35801965896
7.37400804713
1.7787230445
2.90668972864
4.70026219577
2.82665452507
7.12892114221
3.78558973413
4.17533261491
7.79290740516
0.183947982966
4.45007018825
2.09866144411
4.42135422931
3.03390356498
4.05974247004
5.87681335361
4.25798267938
2.19114636873
2.48766544595
2.04100829678
6.17390735314
8.66490278449
4.2454740523
2.52596951232
4.85132245636
7.08319076077
3.76089880199
4.06337941262
3.08602663314
2.92869655107
3.84295065282
4.50061360766
5.35260730984
2.82529690303
5.40697760437
7.60029348386
3.1378076513
3.6974696686
0.0824902056239
2.91488889861
6.35270855254
3.38425264898
6.26811835548
2.70849590564
1.60176020712
5.46109547198
6.2440937194
3.69800666589
5.95435839437
7.34879601754
5.15708760113
6.53579684094
5.93129934691
5.24444248751
1.22200046038
3.32081033444
2.10754900656
0.696264304178
5.23966757259
6.02381072213
6.8597323316
2.97768103497
2.6603454013
5.48983829165
3.78158227752
3.75495568216
5.98169134303
6.80528297475
6.41144977341
5.03035233764
6.56479665653
1.14321534452
5.40225717631
5.50098361218
4.61073176085
6.03558435798
6.852570376
3.45635765677
4.89863930324
7.50297078717
4.76711782508
6.81689245964
3.46425363393
2.31684001303
7.91913198108
3.68084143686
7.40656123583
4.3680757413
6.07589049504
4.10578410078
6.2629294851
5.05995361109
7.31248453942
3.94340001992
6.89887563181
5.6295140818
8.40333954632
1.65672318654
6.51285004464
7.62887212153
3.89223475798
4.24807337935
5.95442857293
6.02846795883
5.82694223717
3.87085117356
6.35761013059
4.816975076
3.83648457479
4.91318596081
2.40991698497
3.81063611235
5.05595970547
7.87436879795
4.92359459075
5.36787829657
3.64271232842
6.18026183223
3.93540945492
3.58413278609
5.50787139962
6.86554252602
6.67577444913
1.02242281361
7.86792942746
6.75448461042
5.28967866393
6.9453000025
4.4433057297
2.63881909112
7.87437548265
3.62516956914
7.30930345035
7.82623985875
2.16111487547
6.77071024965
7.21740335738
3.28198517147
5.93388332877
5.71496995205
6.16868627391
4.3734299312
5.23888290749
5.46581543783
6.23504710623
2.49445874919
6.16014090843
5.9271612116
2.51518052176
1.68494415067
3.47275604874
5.8738567606
6.78298265035
3.22935091789
3.55070415692
5.34404380263
3.92870451331
3.44999410058
3.8600015623
3.24940518613
2.6955746518
6.59002859923
6.66564660852
7.97474183967
7.23907286288
3.40568587556
2.00704504937
3.93282054031
6.9844230188
5.10359197561
5.77951756939
3.47954070946
4.69061747535
2.98451811177
3.85835740124
5.56611002195
1.73696723359
5.02194667574
8.05941322908
1.95465244379
4.95715306627
4.33274721743
6.97139007869
7.4361536236
2.55844919181
6.51476311728
5.95111843495
5.19529281316
4.12531509162
8.02984632525
3.8525450865
4.94689170741
6.79900710205
7.57309958992
6.42535548667
7.61959983506
8.13057502933
6.82725751922
-0.329634894452
5.63147857231
4.05821891381
0.276763294089
7.58729687977
4.18165496607
1.74011320175
5.7075948902
8.1606071758
3.66962859685
5.65088238862
7.44714420562
6.44874314424
5.94110903848
4.90289959136
6.97181532749
1.78046736039
4.63754644074
3.35297043372
6.37446395539
3.89655608009
6.02662470003
5.80763146001
3.70119696767
4.14050076144
4.90852746492
2.20521749041
5.38726548493
5.47852110207
5.44031099322
2.20247787393
6.6667963009
5.42828745137
2.7848645145
7.33476077217
8.16791313584
5.04337873691
5.94906363181
5.05644637243
4.45923500226
5.42976990154
6.84769768657
3.04140045046
5.43944307086
4.4732578985
9.6498673608
4.15611789146
5.64152292618
3.79224918424
5.4689484786
3.32408891388
3.9343171718
5.55124891414
4.18627341753
4.3807448421
3.35925735713
1.96803152606
8.84434173072
3.32136404731
1.1306696076
5.70580368646
7.3878449736
7.14506312832
3.62985654796
4.02385141979
4.29399991734
3.53275520634
9.03235142117
6.5104382855
3.46565032959
3.22297452853
5.75995127846
4.29677123149
1.93956724536
8.19930422706
8.46248662227
5.01786185213
4.82954436262
7.98024837428
5.54014677481
5.91635481097
7.51943606193
4.96373448267
3.35339679193
6.24853365539
3.19110621036
3.48762564021
2.12120784495
4.84605802832
3.41483707328
5.92843447623
3.19757740884
5.20346866232
9.89836797752
2.0495848879
0.538525103685
3.31131446711
6.90265764203
4.88296066254
9.69020381829
4.84062579903
5.5129423815
4.44581673574
4.49409330289
0.874778508009
5.59226452062
7.58223494721
6.93932256846
3.61516544598
3.68090445239
3.88495512059
6.89042028019
2.61508164217
3.68639240447
9.23484402639
7.64500257968
5.46028913267
2.89758331038
5.31999035211
5.95455043206
6.90266479199
3.04064178524
2.21659774265
8.61883728801
9.36602232283
8.53577221579
7.07540405005
6.16199224938
4.71896396188
3.94481967026
6.73229827592
6.85290768332
6.17158081709
5.69617684466
4.80206545509
4.11845310488
2.88847749318
9.06618542461
5.38489576324
2.49993685757
6.24737489253
7.27209442006
7.10879539813
5.68844331878
2.05504411939
2.7642884355
7.98291248452
6.95354020817
3.27585515761
4.52673271598
4.03081811306
6.22024736294
1.93775583058
4.40889033248
6.73499636295
3.37296905566
5.46376184328
3.33586073162
4.77610235305
4.53909770516
2.78387559867
2.02166874665
8.90884152285
4.61359878802
6.14209587792
8.22650203593
3.32940417889
8.1538694973
2.74879191316
2.22069327368
6.33338258503
4.69798073987
5.20654497701
5.90220615138
6.95324095363
3.18356126228
3.43678232785
1.72992126885
4.66427716111
3.29787968099
6.26786820239
4.30136953807
3.19648686187
4.91396746645
9.12730065522
3.16669922139
5.86549338404
3.97737508471
5.20192899227
5.1774037781
3.8087769914
5.90448950366
3.43978646824
3.10098387655
2.08894582681
1.06838736621
5.40756020555
3.36203919819
1.93858525439
3.15667385629
1.13391341497
5.03697487488
5.85680428721
3.61011744046
4.75432596027
7.32837037542
0.22929893635
5.87266131401
7.59431533556
4.48809537198
4.31754819154
5.21690862188
5.2390312739
2.14229479603
8.35571764465
4.34019361007
3.67424363112
2.24008385199
-0.843073898236
4.3093392647
4.8002035539
1.61647249133
7.50739245396
8.11691279313
5.4241744641
8.78471470716
5.28461220521
6.48946940464
10.0552793172
5.91190455657
5.74919993453
6.5845016081
3.20923705127
10.4465605098
3.94117916327
4.96727792533
4.68944131974
3.2192129628
1.83316655075
5.28738336163
2.549798771
3.39453174389
6.06423785618
7.06118415701
6.1315985416
3.90535271592
5.8617288127
8.64924597883
6.21133154946
3.16666483049
6.92853749807
5.3848039449
5.19388596434
5.43564676738
7.66553295543
7.80234551166
4.06097246803
6.26570298331
6.46147705236
3.57925618702
3.65746734783
3.03857185377
2.74637313416
5.50520143422
3.6639957989
4.11965521615
3.86290240568
5.12050857553
3.8847707434
4.22445133407
2.0237958875
3.92890652452
5.9002804356
5.4156210963
4.45865366877
5.20387819318
2.6184362549
0.471925859774
4.86802595691
5.78341469272
5.81017482458
5.96973865386
3.39705994729
3.41736284684
0.839733581021
8.25707876801
6.13541836283
5.37840257468
0.829452953642
5.03690357053
4.22584812994
1.9671024594
1.36575217532
6.56928848458
6.21682356369
8.23766655732
6.59794488338
5.71949855716
7.71558237729
9.31768115217
5.41271959158
5.15718894781
5.11044502398
4.77581626881
5.29385909613
5.63093297273
2.25951261322
3.30784178836
3.01184336947
4.51558663528
8.79958050166
0.938775813097
2.45731036126
4.49992855479
3.60525971906
7.78861189544
9.37675738042
4.74933374845
5.80129144723
3.58056655708
3.52085490743
4.27853699085
5.0390790495
5.22826422641
3.51454127684
4.85798408612
5.67696433057
3.57774512187
1.40239486719
3.65142989301
6.79904439021
4.20604166755
2.87239608319
2.56968927501
10.1629676878
6.20504992576
6.48248180503
5.79062850672
4.36275239714
4.27862225974
7.6236241544
0.260931427523
2.92018721315
5.40333242782
6.01528767747
8.37084454929
5.78833670382
2.35494146322
7.44097225602
4.35073667931
4.23564316916
4.60796163543
6.17673699442
7.89729988062
2.82523435461
6.74164322125
4.51351261265
7.41491994661
3.93172940929
4.52085538382
4.13856208996
4.94318567466
3.84714340006
5.82226499085
7.09429170279
5.0363466727
7.99335900001
4.12892780698
6.3725613909
4.88555605401
3.34373945639
3.39916814066
6.17619297698
7.67822851759
4.95702903477
1.2673938911
4.5786113179
4.08593712816
6.96651950973
8.81609791393
7.14381681932
5.72719274126
2.59452455861
4.71977385764
5.54092688713
5.3523823969
2.30275670393
4.53952177517
4.48739324809
5.1258773722
5.01057801104
8.75348098191
5.43854820536
6.73353312328
5.73916191734
6.10097775955
5.26840466933
5.73172787813
1.6751242515
2.13521271291
6.90710022352
-0.0644928757856
7.20352776129
5.16137818613
7.6116276299
6.22069038708
4.72703265028
5.23347133411
8.627213696
1.33885308601
1.00283106958
2.69858747886
4.44499241178
0.0736398311408
4.98824187694
4.51554781996
4.57522734552
5.78614010495
7.1822196029
3.55724756175
4.1209497395
5.62899303737
3.06583241196
2.48480847157
4.54957084133
5.68771835767
6.68269325572
5.52310489398
2.57952356523
5.10687404675
1.76821642369
0.94771198373
0.651654576176
4.12777232626
2.71857063811
3.64015144655
4.67297565058
4.05418671653
2.14596282035
4.04048747285
6.29926870058
5.56990805666
9.3536756807
5.26682817991
8.68681257475
7.5395362849
3.85283218173
4.44256206724
4.11847866531
1.8756834862
5.12169014262
6.08834840385
5.24257776728
3.10252160021
3.69598791663
1.36967246008
4.66175185927
6.50729999873
4.36364189335
0.310315795485
5.32864379157
7.97064624992
4.02894408675
4.50840486488
5.09893873223
5.36057081878
6.40463145957
4.40925128178
8.39967660465
4.31350762481
6.67989399107
5.18268262841
4.88302057542
6.5419483591
5.19334920938
9.15521725685
6.29112244338
3.39792987327
6.31681983235
2.64205912552
7.74450213676
3.33221256669
1.72497802342
4.53945478499
4.67174084054
6.15268762356
5.90813580914
4.17195665127
7.06547954787
6.96743667365
6.51306385808
4.36715212362
6.79028837647
9.09839480512
4.63912301172
3.52146466115
1.44560937158
6.2891388078
1.29893477289
4.84381433645
5.81926076713
5.03663561995
3.55050689163
7.7789176566
5.41063288529
3.37011700005
3.38912982665
5.29793083918
6.09296295199
2.45839573858
5.61692980602
6.43214766142
6.22203114193
2.37777112747
2.91550186705
6.28869720425
4.23860531491
3.7663684103
5.01736899476
7.76605817778
4.25207336966
4.96814722902
5.22588986363
5.38053846414
7.5788163932
1.63727368993
4.28286136765
4.88026360794
7.69639060451
4.64344188693
10.4605356098
6.11035322391
1.53801401735
1.23061519874
6.44594225808
2.33926610855
6.99189759173
5.16589105868
9.55118402861
6.16924696105
4.29381365863
4.01383415521
5.14378916291
1.18156570085
4.37503211771
7.20618768994
5.1447654179
4.9887725496
1.9486302119
8.13742914481
4.24134215027
4.91179300005
4.32442296939
4.35615684055
0.755797913891
5.38477886543
4.89310825067
4.02407040078
5.41830477799
1.52125509298
2.94107661055
3.92597157527
4.54034484505
4.61991497837
5.55854733369
5.16263821275
4.9808143631
4.39521499546
5.36489317199
5.24457887008
8.11925506455
7.77078111512
3.01032974859
4.08844528228
3.80506006269
4.74439176757
4.36465067575
5.78774199265
1.87757397135
2.01190985068
2.56566795859
2.16685999714
5.78739000863
3.74821969564
6.81472955399
3.09785433404
3.90639137582
2.94631149503
4.8253085056
4.83550735467
5.39099624548
6.11654859996
5.09660964504
5.73900941513
4.46445083011
1.18229430965
1.19231884862
3.92907059126
5.8261629043
5.83724159582
2.12075877363
5.25609121376
4.22168872852
5.91799754513
6.25838610742
0.626546436056
9.31688840885
8.09341278258
0.279746318866
5.35697810598
5.33596060805
8.00604525209
5.23944416557
4.84884506564
3.85556078916
3.86114537211
4.64961540763
3.90418700735
2.1287360799
1.75817159585
2.8903639702
4.52839121827
8.25124198212
8.12627445492
5.31685275304
3.46961621938
4.80181546901
7.32746933539
4.82827757594
5.45477385215
3.65251835585
5.54843955848
4.93530987689
5.02003396797
