2.90635395844
4.05703264116
3.27887117007
7.6300562162
4.21059211352
4.91497125331
0.726445209472
-0.628606486508
9.54511970047
3.04347857041
5.27321687838
4.06351132527
5.61929209792
4.56160019377
4.33163353502
3.8711303208
3.24131560746
3.50180806399
6.90791592755
6.07582015787
4.00557969259
4.95824173724
10.6495699539
6.83748808056
5.1523942036
4.46349924171
2.63097518169
6.83576800897
4.48213443132
6.01003734353
4.65034807405
5.4535174311
2.26371698428
5.50221232325
3.25557953594
6.80994406329
6.49103197646
4.61038155038
5.34050462225
4.54873801975
5.36814267035
9.57347913691
6.996052259
5.23763099781
4.60846388903
1.73187585407
4.61158086348
6.47203439706
5.85998647777
3.78218554301
3.984557666
3.71452128683
4.03234678076
7.82331537222
4.91766099816
2.61174755191
3.99616842401
4.10097620778
6.39553553169
7.77673202181
2.38774389104
4.91344882884
6.32830144049
4.89711826547
3.17077461852
5.35661461363
3.46223710815
5.04344953844
4.95206356328
5.97314407898
6.44371658235
7.91846598044
5.00372594714
3.84358616247
3.13924787834
5.67116860314
-0.194152070486
4.03922196733
2.82951477566
6.49492201444
2.83195863908
5.79397772861
8.45363450552
2.07625095787
6.58770476164
2.84038939292
5.51614931415
4.0516735764
5.97405344016
4.25009168593
3.15447406513
4.28324071848
3.47803434902
3.53088823985
2.10399536862
4.05029559721
6.00680315641
2.99874047282
5.20239465221
2.57616307066
6.5728013669
1.93736540324
5.64921879419
3.1823720668
6.22081509196
7.13038002196
7.90589722374
3.66665299927
3.62716242116
9.56034814011
1.81406405438
4.15892160409
3.87003284702
4.39040948625
7.21975325537
4.60037707178
3.17940914651
4.6952400799
7.83561582368
4.69506733331
-0.506802200086
2.62828707298
4.22339814275
6.74627606213
6.08852376557
6.81532916311
6.52204559855
1.02523502672
7.95565750561
6.23700765751
7.18904220539
2.59859760644
3.65150683675
4.75148939799
4.62520291744
4.08789867966
6.43420733704
1.09732300836
5.24902098498
5.809632394
2.99667865028
3.89916235809
3.32971326772
5.33691723552
9.00431323162
4.7330706271
3.962225882
6.18224180029
3.65051927955
3.66018063926
5.60005639562
4.82167638784
6.16216946955
7.37979560383
5.98294276902
5.28509476295
6.34483403775
5.46559560041
6.06100826771
0.310628243063
5.42961737602
5.68735681954
5.5174708602
9.5301407385
6.38783586046
6.58498922392
8.48626737138
6.70007144592
7.19962878648
6.0119686421
4.99856134043
3.00750529266
5.68709500203
3.8017509021
6.54590847834
5.9544505799
5.19211519288
7.59494979075
3.16205278497
3.73391445203
3.65114072764
4.07766536496
5.32999268115
4.03345922974
7.01129270737
3.38623725199
7.26120083144
0.814288248255
4.89433782134
7.01502723093
7.93598271465
5.30237663509
2.44625700889
7.39866872064
5.18711963267
5.58031111724
3.72175954606
3.68772113384
8.0887278696
7.53590664884
5.52671294885
3.81404228011
2.39636292807
5.50007279158
4.49894674279
5.45071147164
4.01446805624
6.33597161402
3.4510353529
6.15284953743
4.76656211958
8.23903722625
4.43775370249
2.00361313701
6.95026220398
7.4018290584
3.87940900535
3.24654168349
5.96861918688
6.94523890151
6.67206409072
4.66277991673
6.24337391889
3.09048388049
4.30987790471
3.58652364918
5.12179361603
2.31677751596
2.66274350772
7.63515313594
3.36186130678
3.72469323982
4.88301504358
6.48701856522
5.28736893537
4.12506882848
5.2115110929
3.74882039351
3.11709097338
5.76046966422
5.26407375516
5.62805053938
1.45698223568
7.41180676065
4.49123777851
4.00517353298
3.25714212275
5.13611535148
8.57832354725
3.34598606784
5.79354161204
4.65065737642
8.24010001977
4.29506411903
2.47900296714
6.45619573062
5.70363972657
5.44192309457
7.78570770052
5.02385569648
5.23381802465
3.42019048768
6.1695253608
2.41480470154
7.40055460203
6.0119780306
7.3429446027
2.41263639788
2.681315527
5.20731878029
6.03648642731
6.91021493547
1.58831690031
5.76024001447
4.97080251639
6.23979769282
9.1844381515
6.29333183815
4.24150257575
5.15450005495
4.42631579333
5.26638582853
5.98313898059
4.54808472153
6.05865318576
1.77005116128
5.73884447672
3.23080773221
7.53284146682
6.219331489
7.67903206653
3.15525383688
3.03894237484
5.56585068138
5.59738678377
9.94084693135
5.43809267405
7.73763768297
3.73609506164
2.6237637346
4.67505936235
2.9347583479
7.29766385641
4.53577247038
3.98850582152
7.54486210506
6.46592015462
4.22700313287
4.71506411708
5.58957695584
4.76135189946
6.23663642265
3.77649312843
5.8590672437
3.71388610451
5.13697843965
3.96437456364
5.26210301406
0.420584949309
3.80180558745
3.83450032633
9.58287190605
3.95399657134
8.94073866491
4.53799401761
6.79766056948
6.41768299696
5.33080925127
4.15885971872
3.38661667335
5.49599246801
4.39138316601
10.0360237029
5.85824891433
4.46796825849
7.9770533583
4.73254063252
5.08500385969
5.70514803985
5.70458626693
5.83349797306
9.04917455965
4.28816446787
3.19852864036
5.65852552289
4.9377773562
5.4043945728
6.23468214532
3.43942457449
4.09532199235
2.88161583924
7.51525479159
6.51974524998
2.53997199037
4.88414773457
2.78632483982
8.17963191961
8.65455107784
4.16444817682
8.5172265956
4.41760814859
2.3118503597
3.92438710682
9.21063723674
1.59129905553
1.67356660776
3.6571963065
3.01198284004
4.14186871712
1.83119907319
3.25987172867
4.87155946431
5.34771928639
4.14351736309
1.80896021544
10.2987477003
3.12745323733
4.32694765219
5.48820644283
3.04989466288
7.07201057383
5.23398730237
5.85675051567
5.25469016571
5.0416764118
8.71574059398
4.41982936524
5.71350372724
5.36708157667
5.03679604848
5.11759738271
8.04929582182
5.49839356321
5.32407603586
1.37653854193
6.59135192421
4.36300463179
0.336476541464
3.32022651558
5.61228407933
3.38721657931
7.32259353625
5.36899431912
5.86009729864
4.36377486588
7.85148202564
5.23690215702
3.76814401389
8.26146607056
9.25115673052
6.33969272395
5.2738848523
4.71527098653
9.14527685204
5.78928983852
4.61471039983
4.82036260002
5.45813691209
4.84691010429
5.29070652726
2.20332871481
2.4774165689
4.76506289766
4.87661340709
6.87660130604
3.71121317988
4.84064314493
3.45107536216
5.32800510007
6.53645029842
4.00437270223
3.98048200716
4.14797880528
5.50531810746
7.82640312861
2.08862061027
8.83491602423
5.75702650009
5.46727600963
4.98415135687
5.62413165281
3.37994782053
4.13599592486
3.63888563646
3.84718708204
7.25803163647
7.82279611867
5.66134564268
4.98985128181
5.49003672964
3.27188603255
3.7305593191
8.02801552816
5.77824796447
1.03020591778
6.22954884106
4.81355910597
3.67322159783
3.88813437091
4.06665355118
2.21178262819
6.71023350156
1.38925115802
3.55629488108
4.9859069101
7.07835426905
3.52567663447
5.82926061128
3.63786448433
8.7057239748
4.09825958459
2.84983626138
7.01776989983
7.25936774906
4.81207956634
5.09953753166
6.95291305364
3.0118010486
2.91880105192
2.55055961175
4.85935127724
5.67701454002
7.38073811352
3.73655076657
5.31395922981
7.95187669275
5.61701394637
3.28955822388
4.21197153864
3.48952390559
5.48620734828
5.54473574923
5.25084076485
3.20736154692
4.92185807529
4.91263673938
5.55080125178
8.13897041508
5.32701470656
6.03322344127
4.65901718193
4.74289365027
4.89185060089
4.77307655163
8.23949500829
2.77961289534
5.88735010383
6.39931239479
2.56805498855
4.44728845472
3.8233958276
2.99148600012
3.62767756182
3.95358505473
3.92192909686
4.79083976355
4.7158741167
3.44947607568
4.92139669802
7.91931563544
3.42604208179
3.82353554164
4.0462455867
3.95803581927
2.37879598748
3.38895636549
4.98082775943
3.59335309335
2.48256854728
4.62801733162
1.02714421125
2.94672049193
5.69622696268
8.62504895182
5.63368982745
6.83635936191
2.50020399754
9.09647766574
5.88639732406
9.50482504061
4.85580684431
3.77053797399
5.23078801284
5.11077131088
7.97764561832
4.2465797828
1.18834760262
6.1983763834
5.45128425036
4.86920797609
4.83509217574
7.1296697146
4.38234017756
7.20217232629
2.05949017996
3.73639419858
8.99576800847
5.9971569176
4.23198972548
0.835243757833
5.30427523928
4.66283977579
4.85511657627
2.01846428297
5.35506461846
5.56887810541
2.14360674946
4.98393972651
3.50202978805
3.86650997469
3.66716086833
2.35997503804
7.02442371502
4.74843222059
7.77497493071
5.96985564779
9.61347873902
5.55861282685
6.43812146158
4.50972447106
6.60462303768
6.77675910386
6.84653795391
7.14098355905
6.71582846546
10.0756114688
2.9341407655
6.80773942002
8.76798071179
6.20090447775
5.91665396657
8.19305040236
3.500071551
2.57349102372
4.75637197689
3.71728761399
3.9904597275
3.41530262339
2.65478921327
3.5953317078
4.88125492736
5.43637480335
4.11807343941
9.78160564686
4.01473056979
6.16406070705
3.2528759408
6.51848409526
5.584304247
3.96004295319
8.04648803104
7.24292819694
5.53927121684
3.77194391307
5.50229707176
2.82968775
5.71080278107
5.34518761991
2.2376596548
3.71684850851
6.08016104817
6.3236111068
3.32560658379
5.98049025583
4.98527253242
3.56374944501
2.969531347
1.91075605092
6.64454020974
4.01505222154
5.15664857739
7.82564507082
4.28173123111
0.950339808418
3.5700070969
6.42838219709
3.0115475994
6.25646838376
4.90022766029
3.14854518894
5.77368511221
4.86425487785
5.92859031581
6.0252857369
8.35286146563
7.32721463775
2.51174172247
3.98176109767
2.4241469876
5.05958944454
3.59256994293
4.98626574567
5.89102861338
3.35134434821
7.45770317048
5.53659536392
3.30537263811
6.18943206129
2.74542748154
2.58060268701
4.79279878844
4.07619421415
3.61875285301
7.53144515092
5.17769941294
4.27081730685
5.51930507732
3.30295533015
5.1359255018
8.56961040017
4.45868469335
4.29232570416
6.71484300275
6.04698599364
6.71025179932
8.60323149096
3.1278410044
5.9075365481
5.53625929835
1.41799229143
5.41278246517
4.99612658349
5.3581308745
7.22045268308
6.80836988233
8.72499247374
2.80024523702
2.71322330989
5.21688446409
4.06962320767
5.25000813174
2.82972569036
9.49833520656
2.28332517517
5.18509872843
3.79541241986
7.46081228724
0.425489317983
8.43832891522
3.96306746194
5.45002967315
5.59381870875
5.83478261518
4.90370952766
4.07373588843
5.47451926631
9.61894053913
4.62297022662
2.98280308172
3.79479743286
4.27812514828
5.85772784962
8.35617033268
8.69165544082
5.50415608374
5.7152503295
5.83439853548
3.7250754852
2.30715486679
3.99991303853
4.42814218823
2.06994813882
4.22673996829
3.83029679638
8.0553480478
6.70388876563
3.31882285211
5.32842945878
4.31335139451
4.92576357098
6.24115264013
3.91532100189
4.47447850364
2.21489299274
5.11417384565
6.82976636611
8.03009530612
4.73634392387
5.344273683
4.48183209356
3.52921001323
5.3963026335
2.78669893875
4.79002889374
4.8260308685
4.88814798379
3.35754675544
5.14182723869
6.38723848124
3.19029911057
6.35520179321
5.97421543274
3.30840637026
3.82547373592
3.20960667708
6.93350548464
5.61525841968
4.71940457695
2.41571611604
1.56549241678
7.18995608069
5.98101938133
1.13831473515
4.31617120393
7.69903351782
6.44108139207
2.34824912356
4.48475561757
5.66354749313
2.17980511628
6.01866439987
3.03024617973
3.80663459922
4.41700628718
4.9712621793
7.64882069369
2.19626135879
6.7319028907
5.83982226619
5.26200635894
4.13910328862
4.84126415151
5.19950521025
4.85092168189
4.57261874522
1.48805753139
6.47363625248
6.43425881151
6.1127957164
2.86259719343
5.34425590536
2.97812159026
3.69606726029
3.0845159948
4.42686684671
6.53522138573
7.1743329012
7.8896544644
2.37219314628
3.60519309384
4.71593070813
7.94614401769
6.11255926046
6.32298152623
5.08896768555
4.41023490634
4.69643710975
5.77106838825
5.73924224251
6.68176728551
3.04913885958
6.29298888939
2.90716080652
3.32484617221
1.27404717036
4.36295212171
4.00856491557
1.7573256334
2.02647214571
4.27461272962
8.01304888002
5.74683153922
4.60663981918
2.3828435099
3.86003160357
4.045707554
6.27285957283
4.93029915318
8.99510964393
9.16550011306
6.14771499341
6.18383050782
4.9072714222
6.04145459621
5.58398070151
7.89521492049
4.53246398939
7.90834267021
5.45322653183
5.95971230507
7.73862159643
3.82623437798
4.86279202865
4.01610343315
3.77017149003
5.68486234575
5.22918167796
3.19628383813
8.53960296957
6.743950801
5.41085705499
6.01189654623
3.11458463212
8.03724965158
7.99671783164
5.65783988749
4.91293267813
3.78344031287
7.03264995386
4.08637257933
4.67813558994
5.44969443394
3.97500481284
2.682259931
4.74111098244
6.67930298835
3.06723312851
8.4249339901
2.71956697048
3.76881501963
4.93804611757
6.48456120331
6.58698673234
11.7293294852
4.4011095901
6.3300145585
4.74165121876
6.1630459541
5.50797181368
4.74378282201
5.02322520014
5.34555294309
6.24355654312
7.17571540921
7.78813583184
9.88285951585
1.11271925127
3.81879534412
6.65441175305
0.859286493253
4.70158173572
7.3109251884
3.91101691517
3.70951758642
4.62369133967
3.70643908242
6.86303186397
4.347394696
6.61477916159
4.14582629672
5.4984288747
7.75733356674
2.69168683771
2.66653001603
3.78428719847
5.64113639833
7.13663556026
8.04797552937
4.95045309562
3.88380934932
4.69040124515
6.18775173099
4.54663183747
3.15457399771
3.87969131341
6.08222393309
5.30900912898
6.04824589629
4.79783865426
5.05881748647
5.46630015638
6.81274417008
6.09180106946
2.01732067069
4.63741933633
5.76886285463
3.55454165911
2.72184193242
5.32848176732
3.69294942685
3.57887814202
5.49302295639
2.92769599953
6.99876775867
2.72908960383
6.66530839763
2.04872928595
2.46928144351
4.88577347047
6.44701256022
5.24350569474
4.81318213542
5.00118322645
6.89016363076
5.58148381335
4.25944367045
12.2086170773
6.27891303676
3.52661177403
4.7331072794
4.29841479766
6.24375928259
1.48945392755
3.5190530355
2.60564574573
5.15400143183
0.900744036999
4.77121243219
5.70605517644
6.08469344905
2.88888771857
2.65140347949
4.34360376944
5.61927297211
4.055762392
3.90453697941
3.34632453075
5.45800410831
5.07467154767
6.12939873546
5.23063330237
6.96280919308
6.08889867112
2.72694749562
8.0785119326
8.1504305265
7.1115510436
4.56727811207
5.85556731423
2.89631067368
4.42588357635
3.87089557228
7.05699184044
6.32494300729
3.89226475998
6.41294663692
0.341469421746
6.63422088239
2.21007797688
6.12916351387
9.30587028171
6.1056793113
6.45040572409
6.27964381692
8.52091579604
1.10159166468
4.41401733588
3.27321247997
3.71267220803
4.76452806713
