3.70138476765
3.16226904855
1.051831032
3.54081688371
7.96540867173
7.93357962883
2.06617054438
5.03424344521
2.95646210249
4.89881831651
7.48940633956
6.65301022953
5.993289277
5.87236605725
8.61659152989
4.00998567833
2.7963332117
5.01716502378
7.28531403804
3.48948137512
7.08172448502
6.25140555982
5.91088330714
5.46360076107
6.26600227427
4.22706715714
7.8247287296
6.21138567923
6.05717487315
7.82825197089
4.16673202232
5.56836273046
4.93067184212
3.39828658291
6.14777145623
4.78172911134
4.6602928318
5.08450813195
6.48151917303
5.81972000019
4.16624286588
7.524046835
4.48399629225
1.84518957455
6.02533298186
5.53518319233
4.50109641725
5.68306505298
8.40136754607
5.08959346211
4.04650726232
0.398434915624
8.20686644378
4.50340170349
1.05176659946
2.45198023758
0.538838456935
5.37554553842
7.3172363172
4.68099864287
7.64502128876
6.05907570522
4.82415758918
4.87157808058
4.40505601074
3.04766879133
6.0106624887
6.37407995431
1.95820492362
3.61071669183
5.24420373443
8.48489311471
-0.452422588939
7.86650231078
5.1022612221
5.29042081835
8.39557440589
6.49389024309
1.85364566422
8.72532035739
0.750709461787
0.481569761798
1.92505681498
1.69092602144
2.65841842138
3.93215979366
1.38161037016
7.77645754609
1.76269346104
6.87190547087
7.7504488772
4.09621100429
5.86772325255
3.21070396816
5.08628055547
2.27074399424
4.71208334464
3.10886718556
5.73331088928
4.6853496437
1.58702629092
4.17765182899
6.51565756722
7.25536002531
6.2950626923
7.08691153659
6.47656219584
8.38172636108
6.22589195366
5.82774737404
8.65002408901
6.07097022343
6.80037305584
2.62016312229
2.03948467915
3.60007275156
6.02657133282
5.5456421027
6.42265252538
7.54651048318
4.36630740836
5.60899320341
3.25530403192
4.00002523014
7.13151432887
6.92161396016
5.56648576502
3.7198682402
5.75146867141
6.80867156657
5.0466527164
2.57024371965
4.5032544545
4.27087174192
5.74853244439
4.82138054915
6.16320631253
-0.353022573529
2.86457344974
2.63486018262
10.1096920373
7.4913101839
6.8947315733
8.25520661782
6.85704553607
3.24480878679
7.15936819108
7.15134060656
2.3875135925
0.371781498696
3.75610261816
3.27589139866
2.37022181505
5.55517757229
5.99563578161
6.13548658898
2.60942106237
6.70569397525
6.18217225913
5.91573435519
-0.0704035404179
6.67501216325
5.42265108736
7.54301132711
4.46970989028
6.43061844263
5.00458652324
5.64146134016
6.11060272353
3.24824842411
5.06985845482
3.73079849837
2.69015167089
5.57090885664
3.07710865637
5.21775295196
1.62404952045
5.48378147637
1.80760548199
2.93915023486
5.64531746458
5.48866869547
3.6406496715
6.74786382033
4.88096783321
3.65937729795
6.87109718197
4.22718521872
7.26270606903
6.75853615735
2.41170750435
4.79428356052
6.86320372481
2.72603494542
3.6533772242
5.16787065737
5.90022015546
5.30572641418
5.74205537732
5.77015046684
5.14518422039
5.84856667347
5.07574873811
5.96319787251
1.71989277169
3.0559237121
8.32646587415
4.16541319461
6.8578977018
6.38153573983
5.27107072538
3.82181431347
1.52275585115
7.23545909699
5.39279850808
2.80775833773
3.18981469542
4.2802910666
1.87840173237
3.2618560918
2.4244195337
1.1869492236
3.15113120686
4.81635263465
4.37837338788
5.29655658636
1.96754128244
5.34286112446
5.37780595513
5.11770083154
4.54285621042
-0.0730300592333
6.33591780134
4.03901042474
6.0144177962
8.99870146098
7.00715187196
2.76928205216
6.74946589539
3.26437337612
4.21550321404
4.75159229332
3.64894432637
5.79088043189
6.45246198523
2.1186255639
6.58672617903
5.3986002261
4.27537459078
4.30342940357
2.84602822348
7.1574696675
4.8354442995
5.32324101719
3.07372752258
2.01472954211
4.22427180076
8.19045424498
5.88758038473
1.65212385457
3.78381609985
6.94214664998
6.14032656178
2.59829529252
4.19110694925
2.91894257377
6.05434460756
3.75767781858
9.0329649989
5.13062519109
5.52596247199
5.57330582879
4.91283355627
3.39529397822
5.49369016613
3.75720652337
5.20019099611
6.29101664386
4.36816775194
1.98757441677
3.65691518588
3.33245995178
5.66587993721
7.52349821692
3.57414498427
5.58450275969
1.63424498325
5.63483093627
9.01333093052
4.12445251675
7.20854316671
4.91713369142
3.88986581501
6.79997116955
6.44571411664
2.82524141992
0.35494231228
5.94926042964
6.65834853462
2.7528317142
8.7207179255
6.72309289314
4.83002848541
4.78404052286
1.4970872351
9.26311786339
5.11639221261
4.89415807673
3.86792090382
3.94964973692
3.77313728339
7.31388259334
6.20915407493
4.98611458305
5.90361453921
6.9356155216
2.44388303454
1.61014490338
9.82654837177
3.50928040188
2.28421210039
2.8998330123
6.99563297932
1.51526296442
5.86489978334
0.783127292815
5.52351421621
3.65076695239
5.85285443632
4.82894836393
5.61554363323
5.19223856645
6.54021279235
2.63377614893
4.14193225714
4.22039201299
2.45224140191
6.99663684207
4.41381436959
4.67822912125
5.19829606386
5.37715249262
4.10406371361
6.30414456643
4.851112795
3.54668331239
5.02690817118
8.51967478901
4.48402730443
7.10150877917
0.713691406531
2.05458961644
5.43969917379
2.01771681135
3.68287296249
5.33088386841
3.38178953247
7.11640156664
7.26565817577
4.07480096104
6.55244298536
4.81478089583
4.53910511934
4.12022550299
7.82028709733
4.24311679504
7.00063963251
6.52753343
1.13355944574
6.10052566438
3.58896321366
5.44042924013
5.30820108081
3.97035732602
5.89704930831
5.66987313012
4.2499679235
2.78416038746
5.60278746737
5.8480271586
4.7908200514
5.63861999509
1.84684548121
4.58490643602
5.23170420969
2.45202142187
4.80017321873
9.18905280144
5.24781200479
4.62248028372
7.95545640735
9.67821714563
4.12460208342
4.18348662751
3.34938520231
4.20309666968
5.14026744822
1.19946816951
5.65694685038
3.78052736562
4.36175065554
4.77362505045
4.95581504121
4.97360747438
4.91914169203
1.28949472193
3.70102797681
5.83661466221
7.25780075851
3.51029275657
5.214587205
1.9046010163
4.05205249385
1.56656906482
3.28682762129
3.77190492003
7.03829546967
6.80604348578
4.78070283258
2.52621278677
0.580181890975
1.5554658033
1.63911724147
2.82848327659
6.81867644699
5.06423724583
3.9964159016
3.49632659997
7.76348571082
7.59285393826
2.54911051526
3.73165797636
5.27313706469
3.41074861687
4.59159902801
5.64518859092
6.09363243995
11.951251436
5.92473280142
4.52979264724
3.81224089167
5.90070430981
11.0788323121
2.28989236211
5.16403199222
2.83322853491
5.43478835644
5.07169212142
2.73688344692
0.776365069253
6.8881918976
5.11286045574
2.70889001799
2.99913380103
2.4537469442
8.61208315125
6.54188731363
6.56467922202
1.27558661757
8.93560530333
3.67617849701
3.57939368422
3.1075228454
2.34905553145
7.47932754873
3.52413597301
-0.125372418575
8.09359001671
4.42436821347
7.22453321831
5.4323275325
5.27528752288
0.0815042554955
3.33766278925
6.27292077838
5.00098676325
3.47591013782
4.50661539069
7.71083570115
8.65973969909
7.99900619742
8.81057077036
4.09949063102
3.42554003096
1.74745149477
5.51828155335
6.53597696751
6.33573481242
6.30037478862
6.07162124902
5.97587208583
7.03575150777
4.59105715949
5.01886837358
7.40162288758
8.7191043572
4.59553347381
3.78349448544
4.63962274427
7.71240171559
4.45529949547
4.7655313582
6.54170148533
3.44097116935
4.21749351126
6.69781400407
6.27702573729
2.10937720998
7.0393728821
5.62619618356
5.11350535684
5.88953038949
2.92812570056
3.74819182442
8.12851485056
6.12562562399
0.166238139688
4.24950275408
6.17270444028
4.37001054243
4.02919060126
8.3405548251
5.65863921547
6.90993301543
4.75769973699
4.02811754863
5.35749410211
2.43881906937
1.5392803046
5.6556536795
5.35616383042
6.65518609407
8.04370279522
4.3362644049
1.43050883342
2.34577164474
4.70279881187
6.13555956565
7.16076660298
7.14741928947
3.07273439984
6.73047536806
3.47976769727
9.24676302207
4.41105087717
6.67024359316
7.63891048638
5.48051667633
0.642194512923
4.11334043398
5.10056102441
6.50404192771
3.91996496464
5.45125928672
4.18687909658
3.77818723537
2.7132727219
6.54942252872
3.77973289052
7.84055982994
7.20676524334
7.72574414905
5.35938652451
9.26727765771
7.97790150247
4.89911586347
4.97226018991
1.92257280817
5.59068794053
8.26976293758
3.29279008223
2.74135344023
7.64339832699
4.62276100412
7.2731353469
4.68291094821
5.82022465636
4.04309375064
7.67576989719
3.77002377749
7.69416877652
3.97199816027
5.2039598115
4.12445886166
7.68669736661
6.59207790604
8.41203862505
4.35965880527
7.01185757221
3.66146407566
6.13176817269
0.1009820285
3.84252035953
6.27128544318
1.6499838462
4.7333176634
4.37077633976
1.77895555771
5.65360695961
5.66981950525
3.07552538676
4.41756301882
4.16837637013
4.06009735293
3.90960625267
6.13916230023
4.70238630884
7.79569659772
1.90917811833
5.25223386551
11.6058696564
3.88264340444
1.68948967094
5.99004214625
5.2244423078
5.20968485305
1.79635836179
1.74383259892
2.99403375648
5.11202996723
8.49982315642
9.97061966456
6.158691346
6.471081346
5.43319453849
8.31755912017
6.71780458433
8.13857640521
8.74648668543
4.97017673163
8.7220589058
4.36448058377
4.5646554545
4.97821718647
5.27273623292
3.40147925852
6.84722330028
5.16789571985
5.91998520952
6.40131644911
6.89558835936
4.18401869033
5.9576269546
5.45022632927
8.19846575309
6.36560735032
7.93738348396
2.05370209425
6.77626200409
6.20552034514
5.73030577134
4.2434127161
4.67783838412
4.34849659237
6.11666426285
3.07888661533
3.90790704336
6.25420118777
3.17967479518
2.54791467331
6.1414074282
5.8434510433
5.71892910115
7.45158534471
5.79134085954
7.39524578013
2.72663213171
6.29934711974
3.81585581269
4.2813687515
6.06911580764
7.36193416333
7.84077129375
5.5873590623
6.35284343646
4.81868241044
4.22992791801
2.75248785174
4.52440428584
7.49809356116
2.3264944674
5.00840857801
3.28308689757
3.68176669962
5.9683253206
8.43218997823
2.63219737668
6.50544954505
6.24937162861
4.64117835183
4.20088564798
4.67948741039
5.40685858575
6.9438387491
7.82141418029
3.45920095758
5.40410873267
6.6506999426
4.09210031914
6.90644335062
5.4100422177
5.28458610677
4.95078145284
4.00818691484
8.74884350074
4.05648633846
1.58606571061
4.62209869488
5.73969691454
2.11601172138
3.15434000865
6.43663346462
5.53949610495
3.25296336174
6.72608441101
4.84507590184
1.12285775459
4.3724460372
8.15370344882
8.033791771
4.91234535253
7.28580645719
2.73168533149
6.31854444146
5.34716568079
5.94021259238
3.60172802373
2.52906220162
6.04979909346
4.80528982424
7.6257613958
3.06838129271
4.18424628205
5.79539929086
6.76745257268
4.43488354906
5.14237635987
8.21387127111
-0.565742006601
6.43268628651
3.55224034175
4.75124091064
6.67928227327
6.59891000799
3.17367723895
3.32666654409
2.36858783836
0.774331863759
4.93891817164
2.0821973432
6.54205210581
6.41317189048
5.12209175112
5.36610018076
5.69031131169
5.00592489309
2.23140611915
3.02303031065
5.33168023169
5.29621732199
4.31716363929
5.60633175661
5.395381495
3.66063183392
2.39556133688
7.48870706645
3.5587547591
6.47517932802
2.85908404297
5.11953346711
10.62458682
6.00166721674
5.75582590736
4.17630135552
2.55341171547
10.1278041951
0.996921088799
4.6139185354
2.50369001718
2.37390972306
5.45362339373
8.77785300625
1.80363567493
7.08517817401
3.07780904081
5.19522979542
2.45615737298
2.83047063975
6.0492962872
2.7558030203
5.19137663274
5.60032038384
4.99297036263
4.89901828678
3.77493342068
4.71578327604
3.36022832787
7.25012686338
4.21246871175
8.0563482869
5.66690928146
6.48263968041
5.20372566574
5.36503914146
8.36999619763
0.870609137504
5.34648754312
5.76580058455
0.559323033719
2.92696184203
7.76338256299
6.33117855488
7.17859739803
5.73203148907
9.19257592047
4.22041553307
7.45752786356
7.17965119004
2.54973304181
5.1061788353
4.65627446554
5.4993096173
6.94995879824
4.41611024153
7.32198328717
4.8784104405
5.35178925201
2.9831368809
8.11899099376
5.18693704727
4.98495625052
3.31285505588
5.79874428212
2.53616648539
7.91816197128
6.10794855181
5.98392837781
8.07668144733
0.51855680383
7.86595484599
6.61173272176
2.03258641015
5.61112960646
2.92549132154
3.18525474227
3.17928473243
4.54033175588
6.45099488861
4.41169306797
10.2482501873
5.69970167944
6.73953250001
10.3784151384
4.56963740083
4.18816317032
5.0448619575
4.48199919948
5.95144995103
5.85431916908
4.35546118764
6.60462726498
4.24806995641
1.68111086471
6.94907383349
2.78353959556
4.93920430087
9.61901473857
4.82523475478
3.54950614165
4.10420929331
6.48791839405
5.48899703719
3.88154936063
8.15272494342
6.85673880844
4.21565480034
6.81272566244
7.05019465485
5.82047740999
4.86739695466
5.75109016245
6.7407175052
4.40157080846
4.62219147784
9.58402373371
3.37939928575
2.11464400282
5.11238320171
2.61726824756
6.47694642976
7.33242624735
3.26426299948
4.69388848428
2.96545142863
6.81322701751
3.78552141106
7.18699107026
4.5098450449
4.5789499472
9.23122595805
2.79953997622
4.18131878371
4.23674579073
3.28092603204
5.37375661533
5.04491502416
2.75934129625
1.84443109361
4.28455049092
4.76033671462
7.60218734923
4.55839255044
1.97794716508
5.65959876504
1.15174637697
6.32583993929
5.04748116346
4.4421317197
5.90461500257
5.37846299106
1.20400583459
4.09940897447
0.714535005478
6.79102602527
3.3300879996
5.79534451517
0.839838290354
8.01064399663
4.7135124414
6.07607684556
3.53429720786
4.10253009081
5.2598369897
1.69079699599
4.15873270737
5.12709580842
4.58174571042
4.16337330609
6.38069313742
8.23600221777
3.2022078674
8.18188561351
5.53151021907
7.49497655971
2.08685003922
5.95363936114
2.69562649991
7.57597853671
4.73811024263
5.40528354499
2.4397108346
4.36133602696
2.76033023019
4.60853683745
3.16405515335
4.3399180766
2.52116654672
4.14246438541
3.84506536115
3.74007202306
2.64176312607
4.55467294633
4.27825961232
5.09372710333
5.67392236946
7.27929309044
10.4756919668
1.42431742792
7.7861689071
7.10287128074
8.5848337564
3.39708572262
6.82953156533
4.65053663131
7.1853766608
4.24709162514
4.32652221982
4.10055844291
6.80515546448
3.84364649386
5.6888876706
9.65980179013
5.48071591612
8.10020497683
6.69521522466
6.77409787037
5.51034769543
4.3220259061
4.89863578479
5.53122751844
5.20797986179
6.99232189766
11.0384586263
3.78876899029
7.22660571511
2.67866655557
8.20743112124
2.6536849097
3.64262304134
4.72050885637
