4.40356920869
4.12134528677
4.91172002204
7.89887581353
4.95424886058
4.28165751992
5.08810203708
5.80426793282
4.95788585491
4.7311378903
2.15889823723
8.01708599479
2.55071702389
4.25639241743
1.54414397391
2.21611933762
4.44803104555
1.9976266045
2.22848005551
3.93042358852
6.58327146856
5.30449126645
4.82650324941
2.13396498081
2.93024209814
4.04585087484
7.24907747914
7.31601894576
4.21250476947
8.24662220324
4.18690599835
2.91776265902
4.52778961192
6.39198608458
4.83083358591
3.95844025055
9.3119082078
8.48187428295
1.61259771641
5.5888612798
5.42362781529
0.0643415523643
3.50386178818
5.90339385754
5.22946347719
7.94571596007
7.63913607302
-0.940466907579
8.83264769066
2.58455035186
2.49761472703
3.78986451178
4.32173083477
1.00921511871
3.32257540447
3.83582714578
3.56551725362
6.05850049758
4.54228541021
5.88866950262
7.33195795043
3.80387531014
5.43555706457
1.83525666689
8.61301892528
8.21061887611
2.3744277639
4.2363700912
3.32764669323
5.91630574159
2.71840152139
7.99389705488
8.12502258022
5.69373945531
5.972695903
2.87545708486
4.42417577225
6.63631068437
4.83780907624
5.65810710466
4.6885474644
7.25572558697
1.46613268731
3.61210679221
4.66182380029
7.74869827215
6.25291169035
6.64031338971
4.70661224613
3.95792049092
5.3505638558
4.00513272124
6.01095566447
6.69655259663
5.39168766777
4.32737362462
2.51228304229
5.57179359836
5.41821662486
7.03420134729
6.84368811523
9.10286825726
2.47195380061
6.55660402007
2.63472940754
4.6021712641
4.90820913651
1.81873139983
7.25128616921
5.76177945494
8.14227515842
2.2543993963
3.90972377169
8.70478750274
6.14119321424
4.38701308859
4.72526538063
4.78509934286
6.19826907456
2.1584749539
4.16234787714
3.48439525384
1.05100331339
5.63950493434
2.88451158333
3.32345623179
5.66540319981
5.66549123178
4.9416766015
1.56567738321
0.915512616358
6.59616289266
3.46474075576
8.57150773334
2.20198178755
3.81120987712
6.17025400906
4.64705845169
4.66276154232
6.72448007926
4.92443883826
9.42858018767
5.2993323734
5.7308787078
3.01339242439
3.7322891451
3.87701637684
6.4187181884
2.77516641911
5.02650127723
5.84143869314
3.89353491273
6.45396308136
2.47464857997
5.32344083328
5.9727280786
2.48747966973
5.46784802464
2.99948422288
5.58754441859
5.97243372936
6.9083214321
0.50980768432
4.23815233327
7.43691037307
5.53331816271
4.1671248629
7.01961151177
6.58220338369
3.09465067399
8.95008382342
4.77624306777
5.28426369017
3.83666966716
1.68875310919
1.26760374219
3.64935537481
9.27733132327
6.24265806964
4.22823663739
8.03504097917
3.84047702564
6.69739841877
4.10751225042
7.14470659457
2.99742917006
0.740563888257
2.68133112707
3.12663223024
4.1868546614
3.72530240135
2.42075177029
5.50012607784
6.92156700224
3.64707096936
0.883148141655
4.09395508526
-0.0201331772861
3.3210701222
4.47059327694
3.28627831417
0.474628314799
1.37220301022
4.05372728417
6.14585636398
2.56301928126
2.62238671708
5.23400477209
4.22204822398
5.42616897777
1.84220668216
4.72919146279
8.04948315605
2.88982565928
5.21796499713
3.29359146499
5.64587024118
9.51550186465
4.63904008496
7.56820290592
4.94698895349
3.44021753296
4.99475651901
6.46298654432
6.67594692007
1.27061032726
5.86991807428
4.30011454382
6.50829773783
5.67363653281
3.83298981109
5.68754737726
3.30797600718
2.56716674734
5.1558511102
5.18538296939
2.45862328165
2.54462938838
6.04543264207
4.91336158677
3.58388565168
1.81673129366
6.97977516062
9.04737927426
3.66635584265
0.68336822418
6.84341242479
2.71453081757
2.13798674574
3.89695352547
3.68874431323
5.67804344653
3.98705472937
5.54533502702
2.75933215371
3.25420800181
4.27280376088
5.84694055288
4.60180526318
4.41289599116
6.71509436797
4.67867585755
4.20372193478
5.9379249723
4.84070632585
8.28361901258
2.88675591572
5.4857967591
2.85851075368
3.50055509047
7.12927319106
5.79581212765
6.16036634517
4.91036725215
3.66903835577
4.13356888203
2.52061373665
8.95394755131
6.12052915023
7.46268593269
4.47324247916
4.34850122034
1.18694681625
5.10435878478
6.65498432153
8.09352877906
7.04387166697
2.07438855208
4.18869930627
10.8346596629
7.77016393885
3.60346539307
2.56931783093
7.70274845545
7.60351714667
6.12410250101
4.28485673687
7.15697853156
2.2693884265
3.54436299554
2.66908124328
0.967669870196
6.04039295445
6.32542711171
4.59056838608
1.72735209655
3.76347473428
1.74352307015
5.03589924759
4.1883848057
4.43723569299
2.65107935598
2.83754727387
3.17319323689
4.95093430215
4.9862725139
3.91965991935
5.88758920056
6.11665680759
10.2499759631
5.20854600969
4.48825916626
3.482307752
5.3484852523
3.75624178045
6.7331150013
4.140491883
4.8011896509
3.31081234834
2.99439051535
4.94961029181
8.08680423677
4.33103699207
4.94005571249
2.54145394587
3.28291022201
6.93673759143
2.15455370672
5.61019988887
7.24890489959
3.66191895056
5.99613846183
5.76326470797
3.98768929663
3.22696822266
8.61252982238
1.81628774776
4.04221980805
6.77187589635
4.93172145963
6.47451743965
4.5861962149
7.37342672137
4.27510207623
4.44828402596
4.06131304817
2.575929668
3.57186668043
8.43526454355
8.01031441827
5.12374909474
6.33059598058
5.53837081003
4.67633946108
5.82870522604
4.05650266561
3.34919391268
5.16563653305
4.22453024977
5.85849857483
4.3280892002
0.991224103467
6.73870193126
6.24630734733
5.23785756024
3.5303951072
2.89966589367
2.64818602936
3.41930407202
3.52886721378
2.59104142646
7.25686801768
2.54515227533
2.81074496678
6.77632513679
0.877351216125
5.12580270564
4.26723447139
4.04824984321
5.61673419745
7.39571819554
6.52397717521
4.06913556684
2.51578421955
3.09604102599
6.47084812378
2.89397664452
4.37790803886
7.5838474722
4.29605314064
7.89966955938
2.6412352715
8.60795676741
7.72614352357
4.42341701886
2.26436691711
6.50084710929
2.16614012097
0.318051864179
5.13735988581
4.99960945955
4.41179458042
5.7761602876
5.24591546419
5.64067363749
7.34803874894
6.01380483571
3.34436786495
7.57774488648
1.79391866649
4.67631690864
5.04384660497
3.84336707047
3.35481848743
5.78500529472
3.33825086063
5.0423346871
3.5451109246
2.95536049877
4.11604802162
6.51156165115
1.9418025389
1.36869950958
5.15944121294
3.75112629672
6.57872109984
3.72894208021
3.30738408256
4.3703404534
4.55562445832
6.22380823658
3.10014407467
4.99596743059
2.86460307605
3.46871858848
8.03092084302
2.95211546603
6.81389953168
5.15845665218
5.62984536212
3.09412985193
5.29281171647
3.97608338315
7.20057481079
3.94208794067
3.39016394863
3.89720471408
2.76890771023
3.95975461337
5.24708721134
5.24996732553
3.17670542343
2.5745095798
5.11291716872
1.35802709022
6.10206826736
6.5511953467
5.05619756429
3.24446770941
5.30596050312
3.44935147979
4.7940045052
5.4029037013
6.95928384221
4.56623744879
8.6341664476
1.14082001676
8.51640101399
0.925195275224
3.85435830721
5.04002763611
2.4173751214
6.31994689567
5.81357613164
3.21132147813
3.42284995684
4.33017440979
3.09892667566
3.74322624026
2.25428794598
5.95491956919
4.1180064374
3.68129785214
4.99074419277
3.11191911294
3.66066084237
5.86254139366
6.74891817825
3.18570432653
4.25053804129
5.58348480955
8.17581736771
8.89263984979
1.86277651338
6.25089338681
5.17357725274
4.13861516891
4.89880184531
4.999032511
7.4439187093
3.44313762625
1.64359857374
3.96924100344
5.47376934464
4.47207504675
6.81745930984
7.00250976389
5.82536427359
10.0942881006
6.6881359365
5.21688656033
6.21471655391
8.51320145616
7.69319852052
5.1647274426
6.5857812216
6.75851816799
3.51937753824
7.0366980798
7.18555093235
2.78976220567
1.0587181553
6.95338007996
4.86652959484
6.70584526624
4.53091854794
8.15497963561
7.84820062699
6.46972805543
4.35930606307
8.80122754087
6.13451133473
5.0722775459
4.2235659182
2.60521295672
7.76060957091
5.01649210496
6.04471073063
4.32353076241
5.87421890486
3.78769132635
6.59925839547
3.95889481794
3.84669650248
2.92263325532
8.39993642615
2.82668558189
6.10791355852
3.84253593851
7.72635512506
3.37590936455
5.133217468
7.22430757943
3.15934398639
6.84162947128
3.50457706982
1.758274366
6.05679379744
8.60742541673
1.06599537958
6.87856097334
6.00120485737
3.39785693991
3.23145915512
5.56896741753
5.19069900428
5.66110420913
5.76614911268
5.73900428356
0.612854037954
5.68410696271
6.24649161254
4.41238084492
5.24607582692
6.94865202616
4.60716975612
7.44754705958
2.62011473339
3.71611324344
5.05247648905
3.50390809568
8.42223969818
7.20617918364
5.85800196659
2.33394202588
4.09037521207
2.05189753176
4.28223539013
6.2715573667
3.91206061069
4.53051779867
5.61240698882
4.63335561993
4.94401202533
5.52543329474
2.36435573643
5.15646721254
7.52264100698
4.63125511777
1.79292370213
4.93504010442
5.69503764421
5.35870397131
7.03487280296
4.24143922298
4.98875022083
7.1553499917
3.78692967757
5.07710632956
2.19733036239
4.91892551661
4.59077115639
4.93643221102
6.41047154363
5.99968313523
7.47104065259
3.68968078154
4.94410537761
5.4153104242
5.35641074905
5.4862399853
6.39336727791
4.4158542371
8.26560735528
5.43685694427
2.05086388239
10.1746267897
6.13691430415
5.00301204287
6.46161605962
1.00421411889
6.33123305644
5.42302127007
6.76395355616
7.3738384786
3.61548843483
3.61853086369
3.0565997043
2.24023039108
4.74408320662
5.73815242421
8.18210565801
6.79165793074
4.69290691809
3.66060261017
3.62095300398
7.33820865361
3.96289368571
3.43026256073
5.06597216638
6.97209417878
5.16304113505
3.32848666408
8.49787221488
6.25814567015
7.12566252468
3.45865177572
7.26682954361
6.42194747207
1.07319474811
4.12832450597
0.184909407388
8.40828907467
3.71417714828
4.10108260882
10.9209517362
1.31473613961
7.70069496606
4.80445782173
2.00394483365
3.40175409713
3.97399620278
6.27636614575
4.93701349299
4.54959556008
4.87022091813
3.94236094056
3.48293973141
1.25190237398
5.3037390979
7.93941783426
4.88877279371
6.7726183742
7.90265064288
8.25270848929
4.08587792512
6.80262733151
2.48028309303
0.170581109537
4.89950093905
4.35584427387
6.45946737293
5.12462074761
2.16802055658
4.30747652263
5.49329850397
6.06154999362
5.9728387779
8.04153390591
5.36604437689
5.48077792545
5.52331948825
2.62476976509
7.66461054317
3.80481299884
3.00428511019
2.94497782086
3.73027875357
5.49233036933
3.77886615406
6.29029051989
5.48202920059
5.97092788933
3.41914116346
5.96586688169
3.59963503989
4.81325903838
4.77998073162
2.57394472146
6.59418390645
6.76120315046
3.23188437143
0.563111114098
4.11416241714
4.35985250469
5.00990988258
5.41494063366
4.52639676344
4.27867660689
8.21505998
5.08912441181
6.82506300443
5.60078461499
2.05022938448
4.84542250044
3.75696558409
5.73330464756
4.05513420539
2.7537188755
4.94216377119
2.58024191906
8.3611785867
3.4413569313
5.67086016651
8.00111274927
3.16999629592
4.36013315585
6.56916970811
4.41001319101
8.72843868715
3.9534097634
5.90725457469
3.87985287661
4.11877573041
8.37898474261
3.22173258283
2.22358324872
6.74181292142
5.83709977167
4.39312678233
5.99493898414
5.06706313821
2.716921111
1.28604290098
2.72388969055
1.13523444125
3.60796962402
7.59695813738
6.08098181567
6.92668500622
3.89205814813
6.41767137993
6.83909308052
4.45813155475
2.06414180989
5.74366948926
4.53575432305
6.28356765893
3.70194436785
5.97148422009
4.7662454263
4.77145163784
6.12616069834
3.67831259675
6.07864480934
3.62539781256
4.25949576938
6.88315963103
2.05169355173
7.45690193289
6.58381965631
7.14061781138
6.26978914735
5.77122184777
0.822164518096
5.65956677557
7.98781448109
4.02488020186
2.12608254099
2.64269146858
5.13023836945
4.30846078083
3.33655888755
6.97271213991
3.09381919436
1.81541193552
5.23798694155
4.78695646547
0.820761375228
3.5270266871
4.7183924655
7.37354237418
5.15738240956
7.86082262144
8.05184992868
3.77408420788
5.93159723741
5.81380064042
3.42721615999
3.08555245677
4.94121325014
6.30688311633
4.45350626286
0.255235569644
3.5003491886
7.34356470986
3.73994591966
2.94473639822
9.52951108937
5.28279726155
2.379348978
3.66069443614
4.21440786457
1.76573827336
6.9868722727
6.77984243036
6.14627125271
4.8268859021
4.37144094004
5.87134795179
5.35344518592
6.02374638728
5.85230642539
4.77215757678
6.57517853684
7.13432218471
6.10254248501
8.32450012003
9.18903696171
2.83256489382
3.91431664527
1.677273837
4.61323263124
1.42006540752
4.06863889318
4.12335871886
4.92258431949
8.87531489385
0.853128053138
5.5262788253
4.02116269585
5.90152454116
9.94520922533
4.24598575816
3.64769127386
7.02108300194
4.37093458627
5.05954947875
6.78948708201
6.44482320439
7.74662205129
6.09283865088
7.75574565029
1.82609971367
5.85947162401
4.61536214238
6.3503906572
6.05504762751
2.81848814447
2.70344442244
4.9940923909
2.57049376465
4.97058258607
5.53038130685
7.94291492696
6.5831346027
3.06641801878
7.20945611375
2.22239889581
2.49307709652
7.03397497792
2.05672431786
2.99517224008
7.40875386071
3.30797220813
4.56568884784
3.62809192945
2.04486662111
3.57412281486
6.92162742682
-0.355876785726
1.94364724803
6.36988841642
6.83254215856
5.24024566925
4.88934495643
6.42237104132
4.96884947783
7.97807838534
5.34522491823
4.45583543509
5.52188793548
5.41916514722
5.40397854226
3.44710271518
3.92045160123
4.99367616534
4.00580701322
8.27713365732
5.88267761924
6.09987900551
4.50417900176
4.80626544664
3.76575238455
4.77033367255
5.25235918189
2.57335781324
7.57308808087
3.92688516232
3.61016979473
3.19005891884
4.87538715499
6.15237924883
4.87995469655
8.07948633372
2.30546502196
7.60935682605
6.01935119421
4.00580058036
0.615477292472
6.38014253984
8.06982888598
6.15200641115
4.3416008663
3.00450459024
4.10755305946
5.27575401297
6.74199022239
3.87636549557
2.67769304474
5.66556087664
3.04518334696
4.6805070907
4.46477695324
4.48473452655
2.71682615897
3.58476731885
7.20129692209
4.25520698765
10.1562309294
4.89708844577
4.34447356328
4.60929977348
2.34130687778
7.24012674123
2.22602831082
2.56072095967
5.25643526713
6.29468794038
3.96369402813
5.12572281184
2.15590021468
5.65719202122
2.00000889921
3.99967703003
7.56147904441
9.63231922789
3.08948380237
3.47805999837
1.14810138202
5.87179878254
7.72275871934
6.21904017383
5.76642731397
5.43412125262
5.55344048157
5.13762417409
5.13291094133
3.79029489225
6.44387296147
