7.5882045015
6.96039657894
4.60960717592
4.89400864501
2.60432394518
4.57233661523
4.64995437944
6.61714831287
6.54145755905
8.84397005011
5.74073030944
4.7142316596
1.89668044572
4.19732064159
6.2860029619
4.53701705533
6.53881660882
5.22746813132
1.98409657943
7.11925709545
3.79806297078
8.84783977404
2.43277377589
0.219705380261
5.96721297315
2.96234992713
4.14618809958
2.8098208257
2.80632101784
2.32245978294
5.78730927446
10.4335423346
4.01347328659
6.53610057612
9.72917269407
4.38727131479
2.13729967709
2.15482096807
5.55009044067
5.64832052494
5.91236239302
4.43461974139
9.34151246201
7.06102389814
7.6765336227
3.78123768338
5.74727247424
5.19152534155
4.72259091633
7.88903872006
3.23261780088
8.31000992297
2.33328303517
5.15001580541
5.40755338383
2.33726190981
3.53008481364
0.345169304657
5.78108162607
8.6275918011
6.62304618513
3.39882192157
5.87503246137
4.55930772978
3.60722372409
3.80795699596
7.98238126506
6.78988552734
5.91576797142
5.0429783796
4.47487335801
5.81645074241
6.07304538821
1.95933720301
5.09980822934
5.55967605524
2.63634663307
7.92689481427
1.57638055684
7.07243348316
3.54302473716
4.31649688057
5.39295654567
0.983965729264
3.98504556977
4.96289176562
4.51182120263
3.84995741947
10.8194601425
2.44897747695
3.77115029086
5.07055449193
2.34987361973
6.55178358906
4.00569335547
2.18779875691
4.51576660091
6.534351273
-0.423135377234
3.99074010125
7.32990755657
5.51311901842
6.07074700647
6.0437004304
2.66414528003
2.80970786548
8.57099873259
5.14970483284
3.12476707841
5.09833630297
8.37714555833
6.49722373642
4.42016117814
3.49286307694
4.48730727747
4.40976106659
6.60991977227
4.86549101558
3.64852095454
5.3679789802
6.61315391585
2.88832048706
4.04019917736
5.4747353329
6.73678542877
4.5889085321
3.55696795076
4.02475528086
3.03804531086
5.1968499681
7.51719486914
8.58637402843
7.42121536566
6.56790247761
2.21421032576
5.21788003316
3.81542167925
9.78466525288
4.33503260951
5.05656667085
3.88704728611
7.77590529628
3.99204537929
4.37608489214
3.8254514978
4.02842393715
0.00588328072272
4.23453049579
3.22077868897
2.69368232347
7.25712158505
3.90939352491
1.75244981365
1.68588084341
4.02886052746
2.64214397819
3.09051010637
4.81986340355
4.4319660113
4.97176126098
3.36157748696
6.12214239088
3.93640296366
6.60823534213
6.54923641344
4.35746282009
4.94549996515
5.83818104525
5.17194540912
6.75782718267
0.688449081832
7.91851036479
5.7656602726
8.00331187888
2.80977272683
5.62183806681
3.01471458031
2.28068273528
5.35023309367
7.20482455773
6.30883065878
3.94029962796
8.25701578051
5.81800688964
8.05822220675
3.27868648111
5.94795649427
7.06824895525
4.95408171747
3.6374069317
6.54846895179
5.63845469031
3.0202071177
5.24060786585
4.28333363745
6.49481540972
4.8237099852
3.97645894769
5.45618998441
1.80006805399
4.72049078266
8.42372205344
4.25945397672
6.35141636181
5.66883650603
6.71644471127
5.87030250284
4.23361638094
5.57716953547
3.67188345248
4.22696355866
4.61407258796
4.26356323394
6.9969215093
8.73530588334
4.08416800629
7.57525044529
3.49851117982
3.07604661012
6.30315300362
3.44912203949
3.60044500532
5.62918029962
2.03850411008
2.95874652265
4.46598593273
0.604467287348
5.13796511722
4.14096999408
4.9691148008
0.216300646139
9.80730365009
0.791799002927
4.44887708492
2.55175453597
4.66444002016
10.7251802838
0.563521509242
5.47752031395
5.86749281209
7.44229311645
6.54498694027
6.70418315764
5.20337961637
10.374108408
3.98458692764
3.27672391176
5.81615465935
4.62370195959
5.79677070937
1.05759452874
2.95479304146
4.68599726623
6.75572662788
5.53679674897
5.25791566948
6.14130897291
5.08344431249
4.3833464058
3.6845986811
4.98566338729
3.32215675263
8.95896137502
4.00971933641
3.950931901
8.76203318053
4.97789485924
2.15597390107
5.08030532549
3.43238446537
5.17789018856
1.51182581101
9.99589103951
4.92791842924
6.02227965301
5.79874582317
3.29482571871
2.91169878134
7.27998332676
9.22469695372
7.84937951891
3.65185791831
1.90929788795
3.68136461764
7.6081046485
6.45254047674
4.83083593996
2.90761037812
3.28987328524
8.17295916561
3.95996438414
6.67677111965
3.27555750473
9.32421867195
2.95123395491
6.78940837698
5.49307664045
4.14665832117
8.38547189641
5.76159641621
8.26534981035
0.33629375468
2.33360124523
4.97418216855
6.03078658658
4.06188446419
2.26880874593
8.69069367127
5.26689819577
6.36791418164
2.04896299078
4.74967808637
1.73899378468
3.72072078692
6.41682307337
3.05413547287
3.06854550902
4.22052854914
2.81680411926
0.472455755896
6.33637126012
2.38680986582
6.02388623785
6.84437453998
5.23961683687
6.70412058774
5.32330800701
5.09440169131
6.23325395063
4.89172311126
2.33784406845
4.29975044518
6.17739527581
3.18519428176
7.35042181241
6.50415509336
5.65802586754
7.3003903096
3.60064307225
4.0905893555
5.82247120636
5.35685117409
6.10595127601
4.46951034649
5.38142866634
3.45421510889
2.88952213815
4.21929597749
3.25187005521
6.36613429878
4.69258328673
2.11049405024
2.81819067645
8.99880648097
2.07048128938
5.58824359314
6.97895996172
8.0300739513
4.67147133238
7.98748046638
7.85559196225
4.7177959858
5.76401589464
6.1635153263
4.31604950684
7.20589218699
5.01378166265
6.90788750802
4.22519381459
5.50865112694
7.69149278067
4.59863216225
4.81039335734
5.78578963902
4.92249364027
5.93921495786
2.43660396161
8.13586608919
5.67737083916
3.27224814089
6.0219595547
5.49190859796
6.6808407476
2.68889119708
4.60619603722
4.21908091971
10.4467720728
3.82116401437
5.38204137927
-0.905485646666
7.27276884236
2.96390668615
4.78092989798
5.57137716378
2.50779282118
7.38396720513
3.85483806861
5.1686339147
8.80231536752
3.46447711642
3.08214144396
1.57790955871
8.63255499379
5.90145453269
2.44660607528
4.69038670742
3.48625199181
5.1540103143
5.09748560911
7.54260696078
5.60247332707
7.5004633773
3.1420288389
5.07806622327
6.36650230828
4.36434237473
5.26217319167
4.74224449657
4.55079842695
10.9254384137
4.44916277583
9.09664394308
5.23082739698
5.43793453916
5.46005387122
7.10792962635
5.56288142053
3.56294995895
3.06397801573
4.54930973834
0.0677609006512
2.50400480548
6.32932418244
2.76921445667
6.08508523989
4.89113240311
1.21637805809
5.02551586023
2.09440921307
2.94137148401
6.58510232102
3.19178269443
4.76408912922
7.85023917829
7.16682923292
6.07170744098
3.080484818
4.16149432853
5.37095748964
7.32289503332
8.55018056461
5.62642244468
8.69753583999
3.83503794567
6.12371620013
5.25298852695
4.61076890269
7.75361376935
1.56729055084
2.52392159829
4.281590503
3.4948020414
6.11534595827
5.30080332748
7.29688727596
8.98044415754
7.63863959201
2.85385354332
3.61268100111
3.80737231972
5.06652397908
2.10409999494
5.6477346962
7.27138496926
5.60241359159
5.4592103029
2.30755033338
6.01191952384
4.68920987475
5.63392576629
2.88210754056
3.10682179958
4.85030193953
8.9268180933
5.38957517163
6.40751069248
6.35454639959
3.97245377128
5.01199506076
5.82765153352
6.2524785765
2.23145388278
4.62038706161
2.4279558525
8.64144674626
6.8050806483
6.872651968
1.55782646932
0.914823072411
4.42841696025
1.90378399845
4.50112495069
2.58573920919
5.25001825288
1.37164119814
4.13833562933
6.08827452026
2.29522585233
4.582221032
3.93542792847
4.52241234741
1.50435823606
3.84263606022
4.999771824
5.45579305502
3.45030505314
2.89156869974
5.8257169126
5.63885483925
5.00574248852
5.90539941851
9.01014901217
4.14241283702
5.13739522675
3.61616207634
7.25130567125
4.97295230805
10.687757611
2.12973950114
6.29782987896
6.1692720038
4.81585394254
2.99925451557
4.04155611985
5.49971251224
6.43113089307
6.21616451179
2.55499593222
8.65216014457
7.02805138713
2.89517666312
1.63809271476
4.62794990346
6.23595314613
7.18574850547
4.53408437059
2.4067332754
5.54774971745
6.46154817897
2.83380973741
4.54744713802
4.52935026245
3.49349844369
5.39212824368
8.03369718101
3.10916342122
8.22591501322
5.99060520544
4.39269879766
7.47239645448
4.79137820869
3.32399062484
5.03941289256
5.10397586455
3.4294808641
3.59063809253
2.38112338538
6.13224212586
4.83320465426
7.66138675242
1.10113711577
5.09843857237
3.43026006408
5.2356908916
9.46630870613
7.18690108033
4.46583926163
5.43488097781
6.36658999145
6.02249517607
8.49936032217
7.04532643338
6.00480545767
3.27547319891
2.78533642412
6.0394393628
9.77680443936
6.79605193927
5.93280129534
5.1961728692
5.03610215945
8.1330052883
3.37132021797
4.82601086685
2.92814592967
4.39299816134
5.39989152323
5.64604481369
7.29104029284
6.02919967691
1.69883225081
9.02378566983
4.43814634536
4.53376038677
4.61323257205
5.67865969807
6.42786146046
3.18329756632
3.59384363937
8.92017331178
7.4325814405
5.91589631951
2.74673934753
3.25754695879
2.07696574794
5.41868649338
4.1789027716
7.0981388782
9.1102234996
4.49968454274
3.85195805151
5.24250186617
7.49367539703
3.74513256924
3.93139175458
8.42425742351
3.12243743663
2.1517745383
2.5204871874
7.75499911904
1.88451972708
7.79444470456
4.75167634819
4.76427303327
2.80269859059
5.20116840638
3.03847212357
6.02806662938
1.97255184917
7.32861998069
6.17563367711
6.20444839402
6.69606403438
2.75934389046
6.37243719125
3.79645956496
5.23523986615
2.26952949035
6.89183754062
7.88401399638
5.22477537269
3.16454297045
6.32350913654
11.0698778587
5.77576620577
9.21241484883
4.47422571927
5.36228563391
10.1879921388
0.706633246508
2.62502196451
7.161403195
4.13431519907
4.2039744685
5.91438596903
5.53142877756
6.87493945255
5.58396247302
4.13431439083
3.61879285265
4.42879246232
4.55924318498
7.1447231952
4.68495351067
3.85651574294
6.14938370508
6.28952164689
4.65428342736
6.075626188
3.41702874277
5.70289980344
3.9328403128
5.15918280445
3.53383803578
6.42684649099
5.24083591857
3.185224685
5.30865081776
3.59825446734
6.07238727026
1.28046517759
6.11233426138
3.53736028228
4.98386203371
2.4217763515
4.27721597988
3.64387453774
3.27504970161
5.33817863433
1.21265575635
4.51763294802
4.66737929535
5.30199083368
5.49974090529
4.90593616737
5.71092389566
1.78417970199
6.21596307511
3.28309108982
7.09579822164
5.32219968579
2.75320682313
4.63914630692
1.65089922735
4.71728252903
5.4094797615
3.05131000326
7.85180784344
5.94606163891
6.39027330866
5.82110668039
7.10379099518
2.905338711
5.75313411038
5.19804054969
4.59207450896
5.530571785
4.09646742669
3.15229636785
5.5705522834
3.99896730832
2.99592449241
4.56578108081
2.37463331714
1.85465631484
4.52550205212
5.61885483825
6.77056855237
8.76010115185
7.28411745232
2.74064305168
6.34965640001
6.69876320851
5.75797938408
7.34584960628
8.39315254662
7.12772299373
5.31927824686
4.00315912062
4.49357113782
2.97351572979
8.28096875184
3.07448018659
6.50013197982
3.67863513865
3.70734938813
5.34998119258
3.5125711771
3.9865128706
5.14491990021
4.36484473882
4.24933480064
5.04808047984
2.31445191837
5.55710820799
4.1924413192
4.93469632091
6.3020822966
4.22719636676
7.13327100024
3.82875411801
7.37641881046
0.0277550845197
2.7085895485
3.71755927942
5.83739349428
3.61645395513
4.36832924892
5.24043303623
4.23932799268
1.91786400853
5.97099586612
5.30490492248
6.16885176628
9.453897534
4.31509625733
4.33310177665
7.41039154257
3.22081356058
7.04414852687
10.7814421252
3.23666993225
7.49886801605
7.7262326823
1.99108992592
3.86939579204
5.70677654827
1.06345166817
2.13819087059
0.853804158939
2.61066848245
6.14475997146
2.17017324965
6.02116647433
6.97925581817
6.28182199843
6.23033775606
8.0440847164
10.3431585211
4.69934017484
2.03080037053
4.65477155775
2.56630948019
6.21279370227
5.63081601752
5.13435533259
8.55231336348
3.27382466077
8.90930352142
5.37644266235
4.64695956689
5.22598530444
5.32431342177
3.56000351141
9.09842345353
5.53725541353
4.62270269559
0.998789275509
1.17107277777
2.72042779109
8.29782045544
6.99636848749
7.10599764945
5.07147979488
4.41899160004
4.93543460895
0.508322396458
9.28658334072
3.81684172027
2.85842152966
3.79306795694
2.64489657489
6.28038101018
5.63062543574
3.70562859643
6.80926981062
8.71786150043
3.49728451127
4.22982752061
3.3130066459
8.29237980009
1.64142942352
6.84043135625
7.99719747749
5.90697149357
5.78348079895
0.825930238938
8.70518153452
4.30415151982
4.06282165039
3.88579104137
3.57670233592
0.543243807675
5.66281064627
6.48891516745
2.12796102875
6.66942836385
9.39019073849
5.32585962684
7.14391887745
4.89692469116
3.11604310064
3.79135073311
4.49414001235
4.48184075559
4.42795873764
3.00837684314
4.91582190066
7.06175066048
2.79470030303
4.65231522193
3.08634962402
5.04647915952
4.65144840647
5.293935339
-0.641277627645
7.16845362761
1.94913938983
4.49592897124
3.08668185041
6.2642961976
4.45375453777
2.03340216364
5.43459460922
6.7788522628
7.7838312402
4.02175740645
4.29305997791
2.07617858647
3.26035182098
5.32386233342
6.95433617773
4.45153924821
4.36223159952
4.35741958953
3.29534116352
6.37161540483
5.73222487606
4.37016900317
6.2236733759
2.08652573294
6.06779541723
1.71272034827
5.36579893504
4.69995184418
5.44797608556
2.49853477019
3.84506215456
4.7045670949
5.47451007492
4.76045908612
2.88991883316
9.11794686827
6.78172330529
4.92851486787
4.49849467112
6.970227734
6.32631368428
5.93583838714
5.79439728097
6.48549960555
5.27311546422
5.64198049897
5.47973838452
4.46836388084
3.69970230701
6.90431123743
3.57168393649
4.8268049107
3.6018049969
6.78147104124
3.58832215882
5.06229806571
4.9832200428
4.39313260883
3.71697600062
5.26010132052
5.36961131318
5.82289088325
2.80566908727
5.32214794612
3.89748971041
4.15372574292
4.55502384542
5.75138777393
3.14470637511
7.10782717502
2.28904161364
3.52343750251
6.03620386456
8.19577675533
5.19093110633
6.41936856834
4.99940859987
6.37734707231
7.21697765592
4.73776261412
6.40194126971
6.42688175728
5.48540372133
4.78491909249
3.3216290471
4.47625794026
3.95472232685
6.61047839261
1.98805978211
5.67139057127
7.0033302244
4.23145128528
5.81791873078
7.26328376589
4.33816950794
3.23521779917
6.30110554826
5.09485119654
3.93743828664
6.43417832404
6.5915906992
4.90545988072
3.38261430667
7.58871539972
3.05758372603
5.54357398422
3.22154294061
9.03911389854
3.17144689069
7.1224069504
5.49830341382
6.65976120578
2.44367502185
