7.15348993443
6.37603444169
6.07384755798
8.34251008367
7.08401271089
3.31142235226
4.91443747008
5.13601988647
3.49514186699
7.05388966108
5.94401381655
7.0886673
1.75736944398
4.98738403643
3.99163790407
5.2377906532
5.33798307793
4.48486087054
3.43230246539
0.87553643684
5.6749811958
3.72396685578
3.60868501106
5.09202689481
2.64549850439
6.60003796763
6.74268691173
3.59598116727
5.40711856617
6.14283974857
5.554451515
6.38414315527
6.37043779237
7.05632349102
5.47668048108
5.09632236551
7.45393679095
5.50885989673
9.49783414349
2.98331913791
-0.519066834698
6.88523645828
6.36268801053
5.45005636667
5.40727211599
4.40263951942
6.83724068138
5.4377813052
3.9277883031
1.70343658845
5.58424422929
4.12995329131
3.25082153564
0.828049418449
3.92274064417
2.52557842484
6.53669478162
5.30348086686
6.84875882185
4.94649927143
7.87776283774
4.132703424
7.687213385
4.37324202701
1.885898252
5.91222847781
4.77030571822
6.01095373197
3.80429444049
3.21408146017
6.73237256122
4.41807104334
3.28438142015
5.59228775763
12.1356458014
5.27101279122
5.58670174842
5.25066784975
5.24910610916
4.46075316973
5.4346028646
6.01988076021
3.60845294719
5.1791883513
3.00736171819
4.83060093388
6.16749095456
4.23097242158
6.57352318768
7.28948091904
3.74133599841
3.68228018977
3.84205118153
4.8218357253
8.62902353714
-0.168160148135
4.55109524756
2.36860809012
3.14752670738
4.6243251068
1.38090910607
3.24991046322
4.41602413637
6.56974919521
8.36514576591
6.4702122644
4.11345830126
4.07303283918
3.17904577281
3.87858077611
5.74669551368
5.85407629964
6.43872723414
2.97402469112
6.29208978428
3.91743067835
4.9375422703
5.28883251247
8.0398740395
4.09365878738
7.44050230394
7.24985737466
3.86598531769
6.75022299398
6.61261685378
4.75798741956
5.47291084368
4.28510478176
5.69256279979
4.61322160177
3.36191912028
4.04482684603
9.01368275304
4.71701378007
0.979691029149
5.33416117488
3.47464921755
6.75500226853
4.29220639049
6.34781604197
5.24497410516
5.99944993366
3.363091928
6.80034876952
6.71769431293
8.93142470007
2.23473236551
0.49323633461
6.40958317096
9.83826891431
8.46164541832
2.36355412936
4.71251881728
6.81474303922
3.01030011056
7.11993098419
6.74331582435
3.62030646738
4.97311073713
5.40928707394
3.61526096276
6.77365529919
6.81349080982
3.93168844414
4.7215470906
4.07431481469
6.7642860739
5.63573407253
4.40353312878
3.70621024722
7.01340143883
6.12884361745
6.42518555422
5.87554871673
4.9402800135
2.96241981492
7.25380861942
7.58560467528
4.70080104389
3.14674634497
3.8864474091
8.42670628692
4.40411894467
7.45975180911
7.82168604518
5.51660409574
3.01042389966
4.77394076632
4.00606642904
2.57231298603
5.70544416003
5.08641516838
5.56606979173
1.72067701811
3.05728630317
5.46308582584
6.27447821961
9.0825773244
6.21572930472
7.20230935017
5.90344273867
4.66063935456
2.66344928073
5.75936010438
4.45189730018
5.07399371839
2.85478051656
8.33681713748
5.20391262721
3.98912477536
7.2449859354
6.15232172698
7.76847342435
0.550683776942
5.27416337808
4.67018737031
2.61987619769
3.4868045492
5.91970938205
8.23826024745
3.88275100078
6.32503784515
5.88842901855
7.14559698724
4.0299489604
5.94440097391
5.70066307887
7.03947276587
7.32328014567
2.77253890905
2.94250817626
5.47647149278
4.58815717018
3.49304554276
3.03921295529
7.06199082447
0.52939519487
8.38832139057
4.6644342874
2.25962776052
2.23278653246
6.01048506221
5.00021597084
4.93404267729
3.58867856312
3.84863723623
2.99864619036
5.67335438114
8.3194935608
2.57719996459
5.12216551982
4.22360753522
2.69491408347
3.48209700223
2.20997513443
3.5084222952
5.21493733281
6.89885564733
4.00152481237
4.76629635907
7.1992229197
6.37141454345
4.60927561282
2.29101638043
2.00006184985
4.67350695225
4.61720852519
4.16497065001
6.26331294005
6.21680326985
5.34319559781
6.85218569327
7.12363705908
3.97695393433
4.61916606535
5.95077493123
6.77946522357
6.05516969007
4.82363423161
2.23640028723
7.21919723157
8.37801943507
5.36616528134
6.97606372891
6.23786505074
4.91455248648
9.07471109313
4.91849638967
3.2201962898
7.20388376216
3.90215410916
6.63478615851
3.43175373333
8.22778627338
6.80489678921
8.10214970969
6.73092928987
2.32538005977
3.98214737759
1.96186492331
4.80051132244
2.51823235371
9.03482872509
9.21417601168
3.83253748217
-0.486902171778
2.60563289293
3.20555958453
6.67348660026
6.10214644907
6.43799383381
7.9255852962
6.75895344631
7.40888565273
6.61936148603
6.11996240447
5.74487748258
5.45070555919
3.42308109826
-0.532836803136
7.14659512933
5.10102943687
5.9966645813
7.12257656194
3.36975212293
7.05665875152
3.53942238042
1.94778664068
5.09158635218
4.55251352127
5.7773807221
9.48524200101
3.43759815981
2.49749198089
5.07790847783
5.35875918479
3.55287513914
3.42045621174
2.12546104957
4.52046390204
6.65639440529
6.03095142632
7.40421855936
5.90887256778
2.71476631046
7.39605355962
4.40010537864
6.96328400467
0.727746466418
5.50468340907
2.94403362003
4.10520015058
8.99782604516
3.98941436914
7.76999028916
4.31253228624
4.02446780066
3.7748443717
6.96444377793
8.41728566479
5.37370749791
2.74262366219
1.31196397362
2.69506184139
3.01954484696
5.91863140717
6.71094293055
1.96141109158
5.32602195395
5.5748103017
5.223540294
3.97511841929
1.60949874407
4.81099613049
4.22295828077
10.4186279873
7.94504288735
5.02560847829
3.98565036016
4.40038848113
6.25630250946
8.1714898192
5.98837073747
3.71984827881
0.657324696307
6.50051516522
6.62892756616
8.14499631507
6.33101930429
5.92927386387
6.47485900356
5.66311865928
4.15813873786
4.66353040225
9.07526405287
4.88172425986
2.22921637765
2.09005232702
6.25508338656
7.45285626133
6.58400976137
1.25977602707
3.52959419113
1.69673488375
3.75071473479
2.72512221809
5.4077541621
4.31311493926
6.45758200829
5.87744970666
8.75749586243
7.37589944076
5.11596442237
6.45598093204
2.92655570009
8.90007031548
5.11211557401
4.15818088126
6.50674056004
3.54823724562
7.25555865036
3.19850355517
4.64673037556
4.83818301685
5.71817331982
3.88314823294
6.31433853099
6.01208612974
-0.795141600329
6.67117869244
4.40337439054
7.55481789182
4.9951295038
5.07110424226
4.64790414191
6.09726728241
4.05292349845
7.84830549068
2.88855909432
6.36295470672
3.618297548
8.84962280303
6.69209865385
6.2561660932
6.21877403354
7.73599648384
3.27154048261
4.9935756804
6.48920349261
5.65620135836
3.17578009331
5.35585771271
10.1966579741
5.24787448398
2.34558136195
8.78010288725
5.63222111318
4.22304531892
6.39620532527
2.85581190076
5.64402373365
5.91595290346
8.19874854085
6.1118302818
7.17567913532
3.54419354298
2.62412086322
5.96057904828
8.67369869204
2.78212434378
4.56861014792
2.76963467425
1.21591177085
5.35648215053
10.2935141278
5.45071568165
6.62290527366
5.87734589524
5.60658552938
4.36253680186
3.09507084249
4.6922469247
3.06112379683
4.24818984617
4.38051050645
3.2846619208
5.58046579782
2.64951142268
7.3091140053
5.99742474679
4.26188316916
3.80334116777
4.62881963379
6.22552178902
5.82769290407
6.84184902628
5.72663646382
8.75758726693
2.90292594015
4.55466519742
5.76741522406
4.16507417231
5.12389782474
5.80230585872
5.46659259222
9.94796636822
5.35708521147
7.708399181
3.31151556614
3.42882461892
3.49287877367
7.73423217795
8.22357673103
1.04655354175
2.37820786616
5.90138196174
3.97476806522
4.1510743519
6.30548946095
3.26747615379
6.1017290316
7.66766108377
6.44909447774
8.25025917784
9.76086024579
5.19021978348
4.59070969195
4.83334478415
4.80897281048
3.60704045459
1.68745087636
5.36654604851
4.23798493161
5.62241526047
7.50600411908
4.06049104736
2.97677230508
2.55055874426
7.61818477679
5.51664057827
5.20734966104
3.0115361294
7.43146993513
4.74442715486
5.32740703804
5.08378909166
6.02975717036
6.03070341664
3.87880164036
4.59261122912
5.55366055818
4.46919095914
4.71876298561
4.82730934054
8.49072760491
6.0347476735
6.67361246176
5.81100157084
4.93254735219
5.47224701983
2.33635462622
3.66899958427
5.65607808289
2.93983848294
5.07105121783
2.55418641604
6.48925571925
5.91832908901
3.84046918349
7.12607035186
7.32476236048
4.7359889611
3.09221598093
2.50247519206
1.65684327823
3.74064035644
3.90901433395
4.77661700222
4.86270623089
3.1642532553
3.84000813623
4.28656517133
4.61343184723
8.15738704736
5.91893016187
4.90664902059
3.65560534349
9.10681553011
7.64805636483
6.1196007361
1.96870437184
7.90505392984
6.99992979182
4.24082519741
5.42794454076
4.43023559658
6.05483757856
5.18012399088
4.54435504364
4.66073105428
4.83686079721
3.47685795533
5.67506781293
5.03381562369
2.93824382337
5.22719390292
7.8026339691
4.01766767877
4.99897627636
5.38098315459
7.62978994888
5.24502984387
4.97748654187
2.57609545277
6.54577635607
6.47984698082
5.63578313636
1.49112575208
2.73434582235
7.69125930542
5.1052755029
4.72188229877
7.08296060494
5.33910557229
5.75290091843
6.45004380594
4.207362257
3.37544277419
2.08357189902
3.42974566232
5.11663726662
4.62097529498
4.54289204929
2.58541232073
4.91912677568
2.82682970645
7.57201911026
7.45026956701
5.84616590034
4.60422740741
5.78066575383
4.3764346827
6.59493226935
9.25289902934
3.5636904412
6.19500833753
1.03555193393
4.76283107699
8.96868866453
10.7908396423
6.60063144263
7.03001177857
4.66902616938
8.62297917933
3.83634280884
6.60231017498
5.64744866695
4.86442762601
6.33547771625
4.47406970619
6.014930303
1.30589355072
7.3868948848
2.55135006352
5.71765577214
7.21627345303
4.72547268733
3.22929813588
7.91283190064
4.02273710943
2.7260357147
2.30015577427
6.90118533835
2.67850842272
2.20794045647
2.24050427608
9.33886785998
5.79585257743
4.04235620806
3.6716324697
5.31803367707
2.92203882465
3.38959623775
3.77299559787
3.62164143108
5.39601142778
5.39430936644
6.25059934117
4.17541544562
3.18749953033
3.34032796734
5.19167847833
6.10876772984
5.78756877308
8.0924297619
3.58071900745
5.51525420594
5.65603052992
6.86222109563
3.4295270084
4.4662115418
5.37069833594
3.41225906349
5.02537335971
8.24979422302
6.10018585532
9.37079504834
3.74186106806
9.53392352398
7.05268012315
5.5502866383
6.54411442728
8.47339448889
6.28833890321
1.81278289833
4.96439584382
4.12710089228
2.36629807827
4.40680557272
9.00083639747
3.23927312586
1.85363375248
5.62974054659
-0.389189918045
11.8842487334
5.85784523772
4.48691553512
2.03218572543
4.93180599689
4.45471655868
5.13958090049
11.2658497049
6.69843978286
6.13169410077
4.80947311314
1.75422529582
4.34134998698
7.00798503064
6.52957764178
2.4070512171
2.80396258462
5.46353922112
4.26131177363
4.37408369608
4.97307042796
7.47870210171
7.93265822984
3.91781011328
4.61928091805
6.7345409964
7.51331759897
6.43756952893
2.90404792788
1.48772574567
4.09026598982
8.23463974917
2.65563131339
5.2480918512
3.38649603635
1.07059138072
5.33116608419
1.20726158412
6.04082869731
4.90956929834
5.30805312858
4.5033834476
4.43823738441
6.65113822981
2.89560974621
6.88532462289
5.38045168787
2.05649733323
7.24405472696
7.6394360684
2.86571698535
3.73055278248
1.86025759891
7.44746666966
5.99328449202
4.65801072778
1.83382033303
7.52890111715
5.49462547839
7.73162021764
3.21706218199
4.93338155238
7.01547320703
6.9980379177
1.49178636364
-0.973289332248
2.84447173549
3.63375088982
4.02541866531
4.70405708883
5.99960745082
5.59283069122
2.27909040771
4.06218947048
4.1583772245
4.39374634454
5.37053920152
0.291825386465
4.96902292625
5.28063414322
3.27437566538
2.72480938551
6.21669365707
6.69273319117
5.98798966749
5.08102121117
1.9242206043
4.31768863658
2.2168725722
4.58627181062
2.47661335852
4.17653390027
6.61712288521
4.70752803482
1.11350543455
0.660659007855
3.96782946034
3.30483333436
1.65026618158
8.71722597148
3.69747005434
5.4500050187
6.06517740727
6.42539593892
7.05576378854
4.64904455892
3.52495610466
4.17458552183
6.16006961056
5.84316061757
3.94856937071
4.10013067899
6.16915322306
3.1029633738
4.17225840331
8.49233670656
3.0321251776
7.40884648235
3.08586187321
3.04659395637
4.5414535333
6.42013523629
5.84554073057
8.8654144794
4.2500087695
5.18676036884
3.4914786318
6.05257560884
3.90317407797
4.74810567452
4.36368164065
4.25665967862
3.95129262314
0.166624421674
6.63317123906
3.09772716753
5.91894375194
2.62927586491
7.5999269446
6.20036423011
3.74351965342
4.1044672789
5.11430193541
2.66928537601
6.58288373882
6.26092900038
5.19649734193
6.42637248083
6.30273446574
0.508227681616
4.95041973261
8.48571299305
4.66981955024
6.38376736101
1.97129051171
3.18125585207
5.47214986125
3.60091085415
3.34660718059
7.13662946064
4.40077755388
2.99462469811
5.18756357382
2.74454912825
4.46801228384
6.29724793401
10.0806059474
5.86993952235
6.4408862965
7.62450758518
3.19520028407
6.52919000288
7.49057133824
5.57326518722
3.57928883756
9.42937362295
5.66928025536
4.45052301409
4.00972653242
8.93069348635
4.92429486327
3.19869201639
5.37346296263
7.70651216619
5.41995917963
4.07963834817
5.2658401527
4.38822223977
6.51257646973
7.95804370191
3.20158005971
2.72695184732
6.30480435009
3.3974284464
3.9795843505
6.51070393773
5.43075153635
3.95074770382
8.01251167417
6.42809772566
2.11253314984
2.14012756751
4.90220666194
4.88126694954
4.02933368285
4.45970336439
3.19138692577
5.26908934078
3.00105421669
3.02402290498
8.53957536023
4.84598578229
7.50368277123
4.58518644527
6.7085908187
0.776408776474
3.06544851029
0.880671329251
3.97290050363
2.93753841037
5.41383081432
1.56508611392
5.69165748119
6.20993433859
6.51082869963
2.79920325033
3.35620321106
6.90755409517
5.16674866924
3.81093450731
3.59802488118
6.75958097032
3.76628409609
1.84594449184
5.71110409619
3.38350406578
6.6304498329
4.38930877578
6.3329081594
5.45435539064
7.72570064483
5.42709583172
2.1923240547
4.25398334462
6.98578152579
1.7495442727
4.34906296886
2.77673646305
5.00265993544
5.76088096964
3.50841704862
7.45656413807
5.48597482277
3.64321364195
4.1496509272
4.40026808062
4.01044231682
6.03690012955
4.65325463686
7.03452696974
3.1928375824
5.75166756346
5.83504822816
3.98499951309
5.03683522095
6.30534271916
4.20908168248
7.28368635403
7.27763499291
6.9503291276
6.56439615942
7.95532668807
5.65189024997
5.60489292656
3.63731397847
5.04040790987
