1.2175890754
4.6560636344
5.40078478117
3.22914671434
3.14152821158
0.773347510449
2.92194820448
1.57466995642
5.50583004138
3.0093768105
3.85206528216
5.63087703466
7.11080307202
8.72195785322
5.52132316452
7.36719825813
3.6912384222
5.85454739901
5.36702589495
2.46560345124
0.00439359612771
3.4877187014
5.22250052495
6.30291797623
5.23207430219
6.85496453723
3.1352004846
6.81492283065
6.43827212898
5.82046475634
2.88937926224
7.45960145439
7.47994693508
6.58452373747
4.05997189695
2.74761922878
1.69067556863
6.22222691137
6.76264721519
4.58393712216
6.02565740878
7.21066020669
2.78897456538
7.46876689103
0.64570385607
6.16335897756
3.50824480901
4.84907017887
3.16123490139
9.86188377314
6.09299501936
4.9129327282
4.83414923756
3.26730954452
4.81927178803
3.69660414336
8.19750568782
8.03459505893
5.70432600466
3.96936652564
5.08591955303
0.608963728943
6.59221902593
4.89241564508
6.28391731143
5.75803747081
4.90732057478
1.69669833343
4.78160999295
6.70083209941
8.74012535796
5.56297702144
4.13854184292
4.71511907329
2.93385165099
4.79238454747
3.56897149123
5.82228655035
5.37007834289
4.44217181611
6.65006663072
7.67922524861
7.27861410385
5.43175442892
4.81336426658
4.95052401133
6.40298081473
0.090961863935
5.4537020352
5.03836215147
5.81226941248
6.88797282291
1.68483104244
2.94532140693
5.03825740598
3.96070856669
4.21789530204
8.25870560871
5.19151042153
5.08065509098
4.3810847013
8.02086381008
3.47568814829
5.48180864854
5.46739281825
5.96521105402
2.92517078599
7.1114262592
7.34230803572
5.86149100345
2.62303050486
3.33807252611
2.28730890982
4.52015185124
5.8550835248
5.81743778693
0.631896500239
8.27300031977
4.53236340014
2.18315970458
7.14686995169
2.71270450054
5.40859129462
3.7557965583
-0.56628554874
5.58682310307
2.15442025319
4.03933077232
5.87426058685
6.21913824214
3.90621519207
7.30545810481
1.06201232909
6.84118746521
3.79106907675
6.62751869156
8.44463282807
3.24403388295
4.42855039189
3.64820892518
7.03583735031
7.11071616758
5.95665576371
7.31040460501
4.47131168335
4.37553880731
3.05710830627
3.07893112701
3.75618537055
3.41544236654
7.07741944768
6.16151434094
5.35200317995
6.03540355487
5.5316494206
8.27511160087
4.89200683723
2.68556714415
8.92443272078
7.26067507954
6.05508108671
3.89285721984
7.18188823569
6.29603232793
0.909214267156
1.92702086203
5.15822469285
2.24146045112
1.28193962381
8.71218228541
6.33142611533
3.29127979068
4.48897761509
4.51174433782
4.96121046433
1.90905963483
5.62538897552
4.23206907489
3.8750461819
2.38682970794
5.93872040549
4.67636613853
3.25435776588
3.45043055711
5.77272244955
7.29668809457
5.09877386011
3.94428162914
2.89335771078
7.52485495484
0.271879677258
6.15863993459
2.35545307328
4.64059575326
6.06587506449
1.633777468
10.0012918397
7.16114213921
3.71850544566
1.80105518503
-1.55779306348
7.42131579939
4.5222259621
5.65794015097
6.27197396979
4.7095507152
4.52136173729
7.78515606787
3.58110943824
5.72130970617
5.33557781381
5.03024746857
4.59891893081
6.66444808866
3.9527557994
3.2938534496
1.42141035171
5.2051512772
3.06956349319
6.27785183367
7.61466563346
6.07326930906
-0.924723828092
2.89491347309
2.90369276907
6.30760531305
3.74057677867
4.74004824285
7.64713996669
8.02123284238
6.16620074926
7.80609470987
8.19500930202
8.1167267456
5.74606044996
7.30609532647
6.34060289712
2.8229246232
4.07033032374
7.69834547077
7.84747948993
3.9851817357
4.48582325072
8.37931352739
6.35303131074
4.27895390017
4.84778860851
6.31614557541
3.58675463336
3.94685469491
2.40909346356
3.17985311354
6.03272333591
5.55920819889
7.3102440794
1.11856016777
6.50089852353
7.37128657786
4.02403075877
3.83848060878
4.07411889787
6.10248733882
6.87569121803
5.84242384602
3.92707661334
6.39210447807
2.98099130063
5.61216981123
3.10046610706
5.03172769376
3.29842528515
2.34892025491
3.34928795317
7.3650820058
6.74099359019
5.7836498061
7.30816556436
3.5441394754
3.61759934845
6.72708530843
1.35861560948
7.81748503249
6.70349587208
2.93101134343
3.58495316437
3.95935574991
8.47759014621
3.76941639872
5.74453066295
5.22319427686
9.42804459895
0.914203461041
6.02379389079
2.59580149028
9.32391179349
8.4342852928
5.27526237069
4.61136285204
3.95037850183
5.41116712577
3.69538001823
0.379565440335
6.43604942689
3.80394539813
3.48983577341
5.29204955484
3.83872996195
4.89321574035
4.33061479248
7.99058612155
1.76137544837
4.65454452888
6.06060389616
5.23040143175
3.60680989757
5.85697166432
5.13889222092
6.29353562081
4.98467117978
3.95256267835
5.0969265348
4.21728378278
5.40151624149
7.77855088454
1.60260353994
4.17142092766
6.33326062825
5.93731341335
7.82701055304
4.39614200159
2.28791071302
5.23525852258
7.38940044814
3.0367488583
2.29678121
2.85854198167
0.759821675418
7.48656898442
7.88249054198
6.96310012334
6.0884999718
5.75448657293
7.34101839899
3.29764332345
3.21110989814
3.72999077268
4.56070303213
5.6322132327
7.05290748058
5.67036096642
3.91660689207
2.9118181469
4.53692529392
4.01137386983
2.56019902269
5.27386607995
2.90161884924
4.25722220531
3.31050193026
2.0805677611
6.55817435719
4.48896654172
5.16965858672
6.34935899844
2.56139365862
8.81771898283
6.40121252239
6.92009554733
3.77774114216
5.12185298713
3.60503949214
4.80926406611
6.27368565874
0.847149754419
5.2556126593
1.76536520376
6.8777177864
4.98870393947
2.13973749685
5.20931364679
2.68861812551
8.87824597656
4.2155416131
4.65610771942
5.66141543381
5.9257803097
4.50231880276
5.25889726003
3.71590693776
4.05392929542
6.85761389915
2.51156150488
6.53656713313
5.46816338424
3.87052820879
5.69591132508
5.55756168159
3.4678986089
3.60665708893
4.55468610753
3.65708939413
3.55938869352
8.92117996036
4.05353979073
4.77079774474
4.54065061702
3.07910249422
3.1971949052
7.20957689164
4.78346302023
2.07976250646
8.61397182455
3.95248594944
5.1185092926
10.0537138234
3.22594671623
3.30703902635
2.75093333219
8.75719555499
5.26943464887
2.77862745306
7.65461387212
5.71126907362
2.97675980982
6.6960815954
3.06428702798
1.50932546399
3.12989110423
6.75234993096
6.10697714351
7.50651995512
5.55322019119
4.85452512
8.39751863548
3.60417885664
7.84300896066
4.84417486062
4.99862163208
8.32829632704
4.92629433174
4.19916235627
7.4109446044
4.89493671952
6.3630353347
3.49700405845
5.34777216834
5.12398107077
6.45844853722
1.42590191641
4.79352102947
7.08979975855
7.65529801801
6.96494603171
7.49825012327
8.22968049176
4.54958025425
5.32717358546
4.41253658415
4.784485422
3.10465026253
5.99328154658
4.6100877853
5.82776595894
5.07428377818
3.98518305501
4.60089087529
6.15077746586
7.7383084888
7.07219393437
4.76763582251
6.35428234404
7.70226646721
6.6743119911
3.55943432504
4.78291894829
5.79776963958
4.02258063045
3.47343579993
3.93895897883
5.78866185315
7.42319328769
9.20373364723
5.99433133203
4.06390281338
3.1367294595
4.88218625736
1.55978115091
4.56036384016
7.07681152104
3.26074320189
5.49252507225
6.16297718312
5.94658905692
2.96460254131
3.19385651673
0.83966328499
6.51740018972
3.84908630393
3.31342026413
1.18338728654
6.94562228266
6.92130468041
5.32578740246
6.98173614645
7.24055026662
2.31774350612
5.61438320847
2.80890189044
6.36226016144
4.16756116792
5.55605366511
6.43669306348
0.314004931276
4.71076845197
6.14430404592
2.79204918749
4.21306763013
8.79950006824
8.20108511541
3.36187593489
5.58468842758
4.60344610966
9.02171533863
3.51350776843
0.467952099871
2.97553138744
2.86916103857
4.23353245108
5.86643576633
0.749854284593
6.64064412625
3.73275926767
8.87956996795
5.39965142111
2.49232362962
7.81006144447
3.87752449086
3.02554273273
4.97279499648
9.08745339716
0.761738908938
6.16496092535
1.83739348971
4.39724761251
9.68499505361
5.88870037843
5.30315650599
5.16863755948
7.51799446235
3.96778642617
4.31911434222
2.62808310186
5.38340478535
2.27895239098
2.49385863707
10.5838347876
6.92721552822
6.95971928946
6.54009274777
10.9608501684
7.44168980053
3.47130219442
4.13709335897
3.29549440503
3.93213093611
4.09196295462
2.91693302046
7.86358383558
6.24764725319
6.92108749777
5.04762021944
6.08275541985
6.89669056097
5.24788568732
4.93144502049
1.8083338618
5.32654344959
4.46454195562
7.2340643612
6.52893908737
8.37633958582
7.44036371393
3.98339472962
3.07389988998
5.59652569704
3.24948527066
7.67505894466
3.7325257049
4.98117128046
4.96431492838
7.3514738715
3.92782251649
6.33662327703
7.01504998965
6.6531121787
6.23999012449
8.77801429583
2.07235340571
5.75293958706
5.59654369157
2.55137462191
3.22285023289
7.47042905582
9.38263660713
4.37804166669
6.83872706869
7.64595805926
6.01549507664
4.23091471142
7.60478250745
2.62102936555
2.88641768958
6.65508257146
2.26796857955
5.01413773787
9.64373429085
7.93941042548
1.16420433556
5.30271519818
8.25456857229
4.40720462338
6.78428458003
5.33821479362
4.47811382993
4.21945614172
4.86573646108
5.6686799525
6.85025112048
6.47392327035
5.13974872215
1.73477658522
3.16649748135
7.00358286817
3.12148123844
7.66707723588
4.83578214057
4.51404289925
4.42014284458
6.11344108051
2.85075769057
3.52538344234
3.8360261585
3.49099265528
0.448626248581
7.18835214703
2.88802276384
6.16934675663
6.60220432058
7.29910949122
7.3834339893
4.35584633735
4.71690192523
9.23155074161
1.26745623961
8.51997327148
7.42566658147
3.88379715267
3.38408883613
4.90224443906
4.41320235077
2.40553032104
6.39480501716
6.64559173678
4.9076462818
1.35150803531
5.30005526494
3.1930263714
2.83547137291
5.05269536574
5.93469940637
5.26658892961
3.26645292132
4.31310710293
6.07794918065
4.49764997652
2.4108574982
3.77348168626
2.98354858166
4.0084185179
3.27137096241
8.67926140935
8.09924036659
6.81548657477
7.19509079208
5.40180768745
6.50526387642
5.46658620881
6.42606420819
4.65265913257
5.38194142299
6.15546671825
3.08877538035
6.84235538442
3.72990620891
4.16114834805
5.57138460992
4.99544514765
5.96562076033
8.05226269753
2.88956571269
10.4953365261
1.84592627298
9.82526305787
6.88228921689
6.0801966362
5.46096651206
5.72808024322
3.40704381565
6.41520838477
6.14311983683
3.12310146932
3.40608582783
2.77972973727
1.72349789658
3.98847471727
3.94652695096
8.65065100775
4.42173356022
7.64609579041
9.52412528867
3.72543661978
0.0698714795223
2.73276117065
5.38573539139
6.33531700811
6.13022607768
6.88049606882
1.85998166979
1.09160802746
5.36456456245
6.60616162097
3.26536032611
6.53885610069
3.13565377768
1.34455260379
2.49218976703
4.68948951681
5.31665007621
6.86431567085
4.34659893819
6.4168654279
7.1976500081
4.65696371111
5.252452432
6.47629150791
3.98031302667
3.18223895464
3.99513809209
6.09574924915
6.61170237338
3.37157004699
2.68931615531
5.65580345159
7.33124053276
4.16292267595
5.95360542107
3.23798505623
2.78031119782
2.88454292295
8.12906988285
6.74399682371
6.0846699047
5.50391838333
1.33267017973
5.92870328203
6.38183176689
5.17574601416
8.11703335514
2.48866483653
-0.457729408511
0.215368509315
5.65867671827
5.10129125803
7.53787983817
5.53580064309
6.20465723747
3.42388745285
2.42552453959
7.05125836807
4.60691320651
5.4985461344
4.95861351474
4.65744211609
3.33548022968
-0.266065565092
6.19719630133
2.09215415705
1.03730996985
4.91137866448
0.233264975931
2.18819525364
1.39554351368
5.36144435915
5.28583276324
4.4291807263
2.71025228975
7.60548751098
5.77597522784
7.12830885959
4.51117127575
5.13513733617
3.12070885258
3.62111214488
6.89557217013
7.05355690021
4.53984845941
3.69219185325
5.30745633714
7.50866010718
6.08514876227
4.45665542507
7.14109743669
3.26016576984
2.91032831096
5.53113024163
5.74640647121
4.53321994973
7.2348320223
4.07816328927
2.68202573843
8.66720299215
8.77311971942
4.52202773193
4.7246096068
2.6172008607
2.07526129799
3.98284583193
6.57978935166
7.00046459592
5.58311619835
3.04478684605
7.24878818254
4.45240660492
6.25642899951
4.69598421549
5.27591074252
3.09264109534
5.29241550262
8.41941018564
5.99057567096
5.18137694397
3.72478292468
1.29942554413
6.55127642757
5.10023353457
4.99435707184
4.49329117895
3.1369626977
4.54343004327
2.2561144014
7.1706023603
6.67258850885
3.33834597225
4.27534581083
0.758983185976
5.3511222312
5.17526946447
2.94715338048
4.73523703542
5.6437300808
1.92734148598
3.59396286319
6.54326129385
7.44334928741
6.63066865613
6.95772302568
6.04602286354
3.04104995386
4.90717467731
4.52286427927
3.74494063187
4.08852161666
3.05715258341
2.10224760499
2.72487379212
5.9662928199
7.12366705496
4.86371240632
2.77610089773
5.34072309822
5.2878919201
4.047954946
3.07701350818
4.41413701241
2.95650511782
5.30664522624
2.06408714633
2.72730131146
7.4546503203
4.00605020971
9.31750662525
5.0343152903
3.62574634565
5.54015988499
5.82607651332
3.20973013288
5.26423990475
3.91845499473
9.09157704423
5.00698836782
2.96649643702
7.55771423155
8.90300750994
4.26228431008
4.37715124154
4.3623680995
5.18958788286
3.08499152797
8.20715119967
3.91162419637
7.16838351987
4.18111242383
6.84875704878
3.20276120867
5.99504304816
4.48768109913
4.68526582598
4.67061743064
5.39023078428
5.06848440257
2.94049133825
6.95170453256
3.43172550365
4.86521470051
4.57165880064
4.20370411844
4.21883848761
1.61381609569
3.54621084907
10.1449702138
2.81192233829
6.71539406844
7.68128857586
8.04146838382
6.78832583433
7.97121189242
2.84957135001
4.46195624461
1.89382629263
1.5535757788
3.367377332
4.21299074049
9.12230155321
4.73219833127
2.90889898603
10.4017892979
7.13504982218
6.72738373685
7.38168077383
7.29092089624
4.89232810584
3.61002334625
4.48039892668
7.08473692193
5.66255695406
3.65651137481
6.97005714088
3.61105507388
6.6563552559
3.66627868634
4.77415206259
5.6186665984
1.72466462456
3.20240588504
3.19662991382
4.49873766746
4.33204873967
3.06365891035
2.56228898217
6.01666793523
9.38855666327
3.161594644
4.79360960531
4.4293251034
4.90498626512
8.22085552758
5.22933695136
4.67134632565
6.01646487049
2.90860953279
3.0192811646
4.87614596146
7.26276625368
5.82992045928
4.3137387051
7.21694840837
5.98655584855
4.37722560678
4.95143142955
5.45719051561
5.13700191052
3.18457799745
7.1460483557
6.31272541665
7.51065734396
4.13672627358
8.7310979344
2.86485432017
5.25634297458
9.29885017546
