8.87543717048
8.24125320134
4.66283793454
5.63042722086
8.66669672875
6.54214560519
4.07182733893
7.27842888934
5.12122529347
5.76612916523
4.38323519038
5.66412553577
2.87334270549
5.13775374833
4.80909305521
5.33099959015
8.52150839664
5.51393981757
5.59678283653
8.07267154691
8.01457149551
1.97874570649
4.56153768567
1.96467837625
5.66254352281
3.63951807126
6.08552447919
8.77013394355
4.22091175083
4.42713878771
4.52101758717
0.515087550278
3.99557970783
4.36770957056
2.38234346298
4.66654455605
4.7299036745
5.06343356903
0.353464571454
2.9874242196
6.61861821142
4.90077316483
4.27405981907
3.98936727325
3.00151852311
7.93669115328
5.76758637102
4.04194271275
1.56291498251
3.68350244911
6.45551244286
3.44833368551
7.12388699765
6.82666640333
3.48982673778
9.66567040057
1.94500500518
-0.232254562591
3.89610446959
10.1219912961
3.35663931544
7.93337656482
2.4301891036
3.33856713452
6.68581096387
5.76552622033
8.51208153005
5.8610361815
4.0945540756
8.27149058737
3.2535371447
3.16804781821
8.96936164489
3.68225213536
6.39276928033
7.20742441059
6.10394989278
0.406707671404
5.97051975289
5.35603772681
3.45024344158
0.436022698481
5.72096737419
3.83062206495
5.79374582314
6.18360185177
6.98193960661
5.71115471587
5.92764288574
5.3340898994
6.46364171689
7.95468553766
4.06470544081
4.02061880852
6.89243068967
2.42095857814
4.07249430493
1.44258344978
6.9376358806
4.28491603367
2.15827569754
5.98571704313
4.44100299904
6.1779848433
7.00860173964
7.53769592762
3.58800413357
6.08739408111
7.38631065354
6.63207329444
7.5939398684
6.84168569883
2.2834107564
2.60714286175
2.88193941405
2.94623344119
1.67622506758
4.18813448731
7.63363104611
3.63595811043
2.73468567094
4.21982713951
0.110686275194
6.8359929027
3.80696514011
3.92608736875
5.53210138364
7.16585746257
7.19719481415
5.08206191142
5.59159097862
3.2379026037
2.37595921255
3.98722599283
4.15470824006
5.38903940237
5.68996811103
4.79466530015
6.0797350111
4.62760185826
9.18633281025
4.59859166239
2.93543578245
3.56130393068
3.71831612328
4.32881270656
6.40505238818
5.13849516692
2.70773432391
3.87452071822
1.66552721467
2.49365618571
3.64213238868
5.08964129654
3.27907922538
6.03121084665
7.93013170569
2.55866937618
6.5215078183
3.69242634639
5.4698874147
3.65827046611
6.7267691944
2.32804702803
7.41446722578
5.70252782306
2.52495954082
3.509143696
6.28574410151
4.30808586248
6.28954636544
2.56052795511
7.55222025667
3.13638334703
4.98370538693
5.36284536402
5.27026234243
2.07915028175
6.36731318251
3.85315412956
6.72347125062
4.38421775003
9.70527027072
3.2859815625
3.78820658466
6.5875752621
10.5274998624
8.04474459843
3.91825488146
4.68044521135
4.96343375968
6.89635955252
6.71556405242
3.71819020508
7.38716201315
4.21281726336
6.60581858949
2.29061310188
5.07876079681
4.39114135106
6.31506152873
4.33880586176
5.29613494798
4.97428533057
3.94495517696
2.98010629198
0.0494502723775
4.39467753495
3.14291318345
4.8324986326
7.51603557862
3.97688036744
7.67742870266
4.02090285928
3.32333438027
4.43728952887
5.20080234021
6.19493656002
5.40632208021
5.60222902482
6.65070334929
5.78730487569
8.5046605825
6.05293981774
4.36970065537
3.5396924974
9.47310637546
5.64117320787
4.75017762801
4.60323984715
3.39891944306
4.95592361554
6.55343750952
6.04609239167
9.35136883633
4.50456863098
7.54675639626
5.30386576378
3.22037397247
2.28312131806
8.76902547802
9.8244113098
3.11626410696
3.68633729131
2.78056568928
5.00750753396
6.02894185259
1.2420515805
5.83281704588
6.92220144621
6.64318415409
4.20502709638
5.97065568204
4.07046828528
4.14279366096
4.11867786682
5.56900828127
2.84280820097
5.43240729022
1.00521925344
4.54707360174
6.3968655678
6.4176731639
4.62617518045
4.11109875721
3.97905548038
-1.27564232433
4.28769845097
5.28777162476
7.38114872113
4.24405218407
5.08769102876
3.14777642552
6.44838469678
2.38868050669
6.88212491027
6.68932255928
2.43487427767
2.90329716266
6.03077958278
6.54237963692
8.74477010344
2.71289489823
4.9360094933
5.51708459832
6.20341336463
1.8369984187
1.2762410829
4.52446686538
3.84112961778
5.34287749415
6.89775487903
9.78307308343
6.29109846723
3.36881246539
3.999242597
5.05292625984
4.69178030647
4.90695302429
5.01276987768
5.3013792091
3.00259824287
4.37824991982
5.41062892564
1.83983443172
7.2045224578
5.73226746387
2.14065783339
3.92740907276
4.71886743935
3.25537343534
4.76707442387
0.585552442596
6.07868273907
2.15451537797
7.59512685499
3.87294680709
6.00678271568
4.67008669569
7.23475904116
7.81528496177
6.13072492113
3.69234706051
9.473695201
8.11357656692
8.22171316363
3.55439403112
6.25935816795
5.73007255417
7.43450458295
6.1927024216
1.24458563836
4.79292142168
4.29477122189
7.66248053783
6.61424566022
4.36375653724
7.02116445733
5.15921314859
4.23208419065
6.80075965333
1.19689698198
6.43599315228
4.80347881698
2.65373815284
5.10631157446
2.92918329539
5.29055211119
7.56509932077
1.5091324934
5.95006312267
0.633899138001
2.88664223898
4.89125188817
9.20808019265
8.66485747315
5.11895410635
4.28413449012
0.56768999877
6.10879250139
3.42283337229
7.09961584233
6.04680577798
6.32705193092
5.29113167879
5.79385095061
8.55304866019
6.55258918059
5.01740108799
3.80420903972
4.521792313
3.38427902555
4.46218596058
5.66659344556
8.38473629832
7.43071846244
5.79163080041
6.17523172201
6.19712668669
6.10522735528
3.19896033786
5.81658255319
5.8012718729
2.91237932311
3.8368095024
3.07902250151
5.95343909435
2.74602459265
7.19687175519
2.86397477522
7.60997369705
7.5072776937
5.17962087409
4.28046023042
6.39335697203
1.93016394145
5.48218491287
6.6515791414
-2.62115626502
5.60796700723
5.36087379601
7.42647259028
5.85330873062
8.12483948693
7.07572123819
7.14843863133
8.29230960925
5.6473013907
2.90780818484
8.60409775873
5.54565071786
5.50409898574
1.97133718876
2.33151382664
8.60968268168
2.80597962979
3.21634531671
4.14434244655
4.15522230341
4.32716729716
3.90483742939
2.87518565246
3.29592185555
4.74011986603
7.80385159574
4.32554434443
5.03241880939
5.61553372834
7.0377999545
1.53380524748
1.64933049533
4.79134940217
4.17861325761
6.91887381694
4.51192789756
4.11272031117
5.68675810967
3.13101686331
6.6319152537
2.55426461859
6.86651423963
3.85477011396
2.83163200771
4.97329729398
6.10376654646
6.04337579025
1.89877794086
6.0493219696
6.70055154424
4.16752593912
1.52582100225
6.48672147032
7.0364204968
5.8535687904
7.11658646497
6.43153264617
2.1708116236
1.33291113604
2.32212308171
11.9073951835
4.59244652914
2.65122835036
6.42555309349
5.43263443808
8.74727965867
3.16149808291
8.45503328791
3.97003268057
3.58811991915
3.33725949431
4.23213325763
10.449304474
3.38962446789
0.745532459409
6.44399845143
5.43540708888
2.49044151049
4.7973762495
11.2271252075
2.26548697774
6.16889642923
4.50569945871
6.50754684019
6.93717572103
5.41008546349
3.57341250904
2.27770484268
8.33233838571
1.50494354147
0.693290116798
4.79903232397
5.52236107921
4.60323243242
4.2195611459
2.20077254776
1.98544954499
3.7274806153
5.20434649032
8.86029137769
6.34711122501
9.23368723557
5.53836161459
4.29214653427
6.12865482196
5.00738618367
8.36071485005
4.58536855061
5.0133998624
5.96797201431
6.80281749853
4.20033277606
4.96862923155
3.46314461255
8.33681819777
6.18399211675
3.77881548495
3.02213151844
4.05848972596
5.79055785138
5.95513287587
6.37490617132
5.12162236604
7.02077563428
6.45978903823
2.17844367186
5.04020025459
4.26595282626
5.77109272377
2.13571317338
5.28542402435
4.87369310959
6.26011089786
8.82940790441
3.23681599847
7.24623314866
2.86974351132
3.30965136606
5.56327831594
8.31568260048
5.04882615971
4.41040920324
5.20291045239
6.06315497954
9.97741270133
6.69263055123
2.1597286505
6.56612653672
6.64283893203
0.227308685788
4.43134020552
6.46796070063
1.93098288989
3.34055923557
6.53574471466
1.39257305246
1.84706693094
5.49688901805
4.85788820369
7.87462343137
9.00224169283
4.80946004063
5.90004971802
6.09560396905
4.30889320592
3.16967451813
3.99810854173
3.12353098706
5.57704225307
1.31713821257
4.02850424707
6.21056029731
5.43539296811
1.78746462485
1.2774151401
2.98678966789
7.08940672368
6.12120306883
5.49147804244
4.53898084505
9.22835605708
4.92500866039
6.55652828685
9.37285511108
2.14641202678
1.14532816183
8.34557425274
3.384799087
5.14570690013
6.41417299046
8.06903319467
5.88840533809
2.41398240418
3.36471388073
6.59379454171
4.58079126383
1.42958064982
4.86298572164
7.00316583118
2.62368988911
2.84230806129
4.39695017354
7.37543326868
5.61235633075
7.09127005577
7.83795222157
3.33871513993
1.93717079627
2.51444509446
3.92229912766
6.67713112344
8.14446734645
2.26719884979
8.5973161123
6.16254119818
1.88465594632
2.8592234002
8.44440759051
5.70132096721
6.4167891471
2.77475602545
5.36146442091
4.54415347218
8.57075902396
3.38143980017
4.68690933103
5.69397297351
3.96059500439
6.27325639447
6.2194971552
3.43042815813
3.40742858219
3.69582591139
4.73817127106
6.59498465085
5.87363778332
4.31553621716
3.65270892297
2.26388123883
5.57006420899
3.05088529994
4.98177901364
6.50258424641
5.90331888346
5.2193928838
3.02176065826
8.50410771423
3.22540153613
7.10997068722
6.37766056453
3.13713029225
6.04965372893
9.27864277402
3.81897164006
3.08647358306
7.76142761168
7.20745198749
4.49001550014
5.5650496733
4.13173506312
4.22581295948
2.96248943305
3.57229915508
7.61093214626
4.22779631036
3.73542088538
6.05985085612
4.92077791778
4.64370622022
5.4486740856
4.63002829362
7.07041801175
6.62576147986
5.31106110648
3.30526159348
10.7127823307
5.75117771484
6.50531150269
3.74600314801
7.02851730681
6.106653174
6.26921225188
8.48094429374
3.28234662557
4.93009026571
8.08193411771
3.38903665866
4.03536992193
4.45354408057
5.56045699572
5.37044269557
4.86382556942
6.92493370338
7.99006095809
3.38711195528
2.61557012496
2.10613390945
5.97442917623
8.18505960652
6.76710425606
1.23847512825
6.77187001181
8.89994326381
5.54082722774
3.65302797173
4.45072343689
1.22725367104
3.45932753385
7.53813413638
5.85968622544
3.21161772503
7.2512410454
4.1026333698
4.74601004864
3.95148184527
5.54652321695
7.28532075266
2.70155008047
3.87907326039
5.63391054592
5.23408420921
5.48611760883
3.97273767204
5.99791059291
6.52038044708
4.99719725732
8.58598711361
7.01688883211
6.14034194341
7.1243925534
5.37157490408
5.69718161358
5.07504004935
6.72501529363
3.96409959606
3.52628201344
2.95261551314
2.88178807475
4.68662690172
4.60405546252
-1.20570370386
5.34668807862
4.44734191667
6.27757206661
3.68262970313
2.81380855266
4.69731137834
2.61491323243
4.91856453925
8.9930799837
6.93535076443
0.722312102561
4.54588585542
3.78608573028
3.29835429447
5.16949111526
6.08353249079
5.6285394518
3.69807289643
6.54513837196
3.93512311387
-0.362682259462
4.11331463447
6.93902062119
5.62137003392
7.75647887695
4.91433916339
7.03455710473
4.58664044855
6.6697650473
8.20048636673
3.93438840825
2.45501541875
6.61935968802
7.06414575039
3.11941128168
5.18053018953
6.89373839973
-0.132070708929
0.7749511631
1.28354189057
2.55046031944
4.92939362869
5.60195921773
1.01421124373
4.37199379518
3.63552586217
5.18234669724
5.38102457256
5.53634246744
6.31790837626
6.06457754959
3.45425254047
6.04170583908
4.52832420459
3.98949967776
3.37480895629
4.1159582922
4.9678803888
0.81046315377
7.56902606415
7.16404066728
6.6716295679
5.86244667154
6.18844049367
6.58518632029
6.71695786836
9.34182176594
3.75309492292
4.35998225575
2.90604309302
0.766026739762
5.65969210039
1.88989452989
6.6039435199
4.00935874542
2.74669430416
3.70757839882
4.58680050454
2.31521653048
7.43396968429
6.98837644077
5.48772606536
3.93629769809
3.59373210134
4.4695309892
2.66227430547
3.97985582507
7.47581389631
8.31794846053
5.94318536743
7.86883692142
7.01739835106
3.32801352826
5.0777478438
5.72440917269
6.33112669976
6.84301832212
3.87049084607
5.97367761966
5.19533522806
5.24158477222
2.79382139423
1.1569729405
3.47025208708
2.88643859472
6.9124552945
7.37957850537
3.66143010836
6.19885227835
8.65320706164
3.07967186093
2.566571812
5.85999840827
8.42848395651
9.08901833561
5.02586771812
7.18277812222
4.61137509289
3.806875032
6.50147867761
-0.159643174897
4.46082262773
6.77477184415
4.68030180429
4.98311652055
4.57017612618
4.30015352461
6.8287378993
2.35754347591
2.88466439013
6.34364887816
5.40588351422
4.04174198586
2.71831374688
4.39853841206
5.42715704871
7.78973654117
7.38103837991
4.83960785673
5.30766669191
6.83507053143
2.33998924697
5.92178754347
4.60439084455
7.2996908325
2.5260738627
4.26544207509
8.27218330833
3.64591769668
-0.0603438660799
5.51290575103
3.84676964227
3.78738387691
5.90100000437
6.67522754538
4.74591725267
7.39647828618
5.65576591171
5.1740200319
4.99495382048
5.45306318809
5.94163033895
8.11187730987
5.09639861457
4.9760960881
4.96049406257
4.41680113587
5.00722196741
6.41042550249
3.52580204632
1.56715149312
3.63527993986
2.0844187992
4.00474866014
0.504238283818
3.08661300303
4.96409037554
5.83201343231
0.244906897227
6.7910317066
3.10338274205
7.71345158315
7.10329398322
2.97602293097
5.25172600076
4.74117669969
3.19453030456
8.46938881799
7.45489156321
3.22300906801
4.87621393165
6.43859642622
3.79273961657
3.044923314
1.31205053841
2.44173457105
6.00869491691
4.81624461518
5.46412096694
6.21733692123
6.81069519848
4.3323654597
3.76055654309
7.31904425135
6.65937631998
5.16984931828
4.01043177322
2.41733892489
5.77062969356
4.0931208133
1.33880070984
5.98380279685
4.94462142679
5.36269143909
6.76823855496
6.29549244815
6.24050750625
5.80527286865
5.37079962622
7.56881241608
2.218608776
4.80332657492
4.87637096421
4.00670037841
0.414278620159
0.90873425381
4.39209144278
6.6947434009
4.64422297841
6.19289372884
4.43139531457
7.01385863863
3.57299446322
2.24660402097
5.91244684149
3.76127875801
2.49974877488
7.7533321533
4.7917927421
6.88298223306
4.73027159572
2.85926892823
6.46085979968
2.34125910792
5.19119201125
3.06346440922
3.80995911186
4.27836656593
1.99536793325
5.13250241322
5.53715323842
2.05983431941
4.8112844318
1.66362724685
6.09840690526
5.58174354414
4.17175363047
5.64827965313
3.7193557299
6.43117254323
