3.61846345131
5.0076901363
5.29701122767
6.62136924598
5.11217882247
2.78266631119
2.1041159933
3.99604740585
5.15295889551
3.58117362251
2.7909191477
1.55715394069
6.58725698555
2.25262399191
5.23701014987
3.69443476264
2.74170293636
5.56137613448
0.861360078958
2.96196923886
10.7020623775
7.35383687842
5.05046529236
5.50627726686
4.37812014642
-1.31469186297
1.92516252351
10.705113531
6.2535521776
5.10980631776
3.45010121423
4.37101865562
4.20835016212
2.70339037123
6.01935178887
1.43141974193
1.97469095081
3.71234463601
6.09736807278
6.26644450681
9.39449617895
1.87740476564
5.5163114778
5.60511058725
2.06929651626
4.66036149733
4.94145141432
5.84062390811
4.22423791084
4.24505299358
5.69923269173
1.74658815315
7.98445198171
6.21340078948
5.41966747765
6.03021112427
6.90264060504
5.64130610978
2.82014176187
5.21897129782
4.87394299764
4.15434829967
4.54974584417
9.37980138192
6.04762436175
5.56868221178
6.18700658169
2.77428011594
4.45799804894
5.40438725156
6.11728748352
2.51755989448
9.18319548834
5.03635989101
3.65200038556
5.3992345443
8.2286250354
7.98812917442
5.52789329776
9.01942334199
3.63552808986
6.31080757848
2.48003644945
7.97575724346
6.46309125731
4.47943905067
2.85071600852
5.30333361059
4.71038413322
5.88610628249
4.12295828035
6.43454075037
2.40306211921
7.1229678325
4.03849153172
1.18028042951
6.04185440222
6.97482121877
5.67771528928
7.11233330175
5.80560819298
5.40678447607
2.18582433802
7.13680919152
5.67885854733
8.72341436389
8.31075463033
3.93777753377
6.62523679834
4.5001251116
1.54552958232
3.98107418265
3.9806439003
4.29172251197
6.52045430219
6.10266554576
7.39295947141
8.92862695285
3.47636477269
5.83295258052
0.946067828901
6.71261163635
4.5882181954
3.99837312752
5.47733900805
6.66264928186
5.78607512795
6.84157319046
5.49306613317
3.87781654862
1.20556018364
4.46617038719
3.56942277842
6.06383558312
2.69402960044
5.51899224699
2.93960130382
5.1780832897
6.04043331039
6.73525309277
4.06291631429
6.64851321742
5.07091880373
6.78404692771
6.74452012783
3.39879339284
8.43106117231
6.85676660268
2.43409108327
4.05580169952
8.55935349671
4.83624617142
4.46113345122
3.77997728225
3.1763672319
7.41191561429
2.17658596315
3.84920447161
4.65115395069
4.56904210271
3.37841512566
5.60254558262
2.44739580845
3.84774995921
7.11616600689
3.66997205397
6.94429035525
4.91041851683
5.43828961685
5.99710610032
8.1160502283
4.49569946893
4.992749117
4.91618019066
0.208586387441
5.7457282871
3.80199093836
2.37734540045
2.40756451771
4.6727967096
5.6739456976
6.28687560753
6.40250116912
5.55636482994
8.47587102714
2.11648721953
6.85428429567
4.45182522177
4.64647519042
7.82120065375
4.4101563768
7.11262115417
5.85092197011
6.01213796471
2.50485267887
3.34415239554
6.43381873747
4.51726399181
4.20056587815
4.12750879774
4.78171041411
5.90880386263
7.19204404796
2.89880487526
3.15590002047
1.56475806037
4.37984951049
4.59898858392
6.08699974664
8.57091325301
5.31127863617
5.58751300199
5.37043521269
3.45497179366
6.84871497211
6.15573899929
3.10857473216
6.1191147836
3.05355133984
1.72707152201
3.07377768738
3.39050732736
9.2710986907
6.96974757439
6.50449701387
3.84005149613
4.19111488346
3.86974104811
7.79022993701
2.60434567705
1.69408045201
3.37267637819
4.90202907559
4.73809290897
3.54888076216
2.29430133321
6.52245068204
6.00675852194
5.05728713606
5.68935629871
8.97981171839
4.47748539453
0.922931137137
6.22241347977
2.0669117891
2.80469004772
3.84683228024
2.74665879322
4.07643003458
4.25763761527
5.17302274024
3.53773034202
6.68053128861
2.14551953307
6.62119887048
6.34224644805
8.99995324538
7.43609011249
2.10182976439
6.80815278623
2.14000974128
2.22000101076
6.5554095944
4.59446274653
4.52658023006
4.21521775499
7.32294755794
5.55928436733
-0.0973259410036
5.21801148652
3.69253529305
4.74080364329
6.60038719338
4.28438267939
2.90274051412
6.92301855505
4.32586067982
5.42457982398
2.18941361111
4.77239729376
5.4010079192
7.06769738482
6.47899192523
2.84990021998
4.71582566159
1.94645796916
6.67969467714
2.17167693907
7.60090922541
9.68301278745
6.39395534051
6.64164523634
4.9720869092
3.76609377702
4.15623180615
-0.582948103162
2.57603342684
6.56262150645
6.79915743174
7.0648321868
4.69473464519
3.87776240789
8.63110968819
4.39501979667
6.46437797527
4.978718543
4.12516504763
5.73335099174
5.34629135292
7.52061748337
6.17065144724
4.26527508872
4.55262930836
6.49423755703
8.70917390943
3.29673029637
6.93805368816
5.35790847989
3.49175591915
5.7022514467
5.20265922771
5.98737070601
4.61536208603
6.2077061056
4.64319526497
3.5340390031
4.69930562955
5.31102583045
5.48753462199
4.83956594571
3.23611971136
4.84216589069
7.30341843038
2.67632946686
5.68537776035
2.88872026189
1.4912234391
7.4742299707
7.56707633099
4.91923484232
4.22934525445
5.90076362502
5.1153325462
3.90583673606
4.48101841507
1.8247244044
5.66989225651
2.98148101398
3.11260568223
3.86192678839
7.18528018325
0.665915306763
4.9268109273
7.49675511264
0.601782948888
5.53074994531
7.64804511903
3.78788863922
4.75766344864
4.80822293153
4.87532289831
3.29084289087
6.51845362041
3.13246090157
5.36045186364
6.15601100826
6.91404242338
4.77770997338
3.90409676344
3.01299439894
6.44439793247
7.16672865723
8.25942310272
1.24132566937
3.52463277723
3.68802598846
3.86694961912
6.8892964115
3.41377329182
4.2871803081
0.735033965179
4.2142032392
8.55105107603
6.16008161378
3.25272603658
4.15739701772
2.93542023098
3.6245866439
5.53344550842
3.18821770655
4.31024656977
3.08583008638
7.65585834125
2.98512205478
4.47295171079
9.59461131174
4.59683549811
6.9560323491
3.38373898952
5.3977329661
3.69566290578
3.78885283179
1.44339103354
7.56126842348
6.77964739191
5.0726609397
3.8180195112
7.01865950102
10.2603014938
1.37844709581
6.24298894546
2.84140796586
5.6474507709
4.64007665234
5.18730591479
4.55896944739
3.43121128795
7.20401219524
5.85226763625
2.52430359538
3.646190084
3.20736658966
0.86540531731
6.13091740155
7.17963351371
4.54105252142
6.35857327592
5.77306571968
2.22044141494
2.65081731318
3.46395094557
5.45843301319
2.87869125557
3.56703598488
6.18902782192
3.3477344404
6.84799813559
4.35993480671
5.16500786606
7.72688186161
4.60698248112
6.7696094655
3.41086723449
1.50773509966
8.04465376664
6.8510740575
5.77737651441
0.865440017048
6.24190894215
4.2758640575
3.07274996348
2.58259185388
-1.11323648905
3.57508493628
1.77365952206
5.62845062446
6.05802152576
5.84290154577
9.06881250585
4.08106591197
6.61670778268
6.87552769912
4.81970124598
7.20088906312
6.098281267
2.76901334079
4.13702736497
7.51417792033
4.17690988466
4.00308053213
4.35812341023
2.2778933727
5.82542533478
1.94404142164
5.57949459774
5.34018852014
4.91168548706
8.8581398501
8.50996336548
5.20519194209
5.94751804345
4.66166941013
4.5951480295
4.30552869032
6.33972235672
3.55190866397
2.41725593051
5.28128432738
3.65255161442
8.14346150163
3.93695997414
0.47495403355
5.54481746468
6.20292790351
7.0148050544
5.44348758159
5.46528036932
5.14787016378
6.64181313116
5.56246682472
5.4736467928
6.6146695032
5.67171810682
6.94990674
2.83593176459
4.49289899356
6.1715491124
6.39431463417
4.43669042749
1.74786312282
3.45749534971
5.5719304832
4.51026964272
4.93868393011
8.43482346856
4.480280665
7.57622210622
7.16423930066
7.60578009881
5.99210324057
2.67668257551
5.93595796908
4.4293664258
2.72628088874
5.36039811465
6.47996897009
4.60796094917
5.11229246588
6.73442657386
4.37424402018
3.61086605257
6.51410597484
4.43356285107
-0.0534263463587
7.60373048615
4.76467333232
4.46413011524
4.37477162157
3.06383054786
7.51787346067
9.07118872907
1.38156692442
3.81210079111
6.30672452716
7.02085543978
6.78246965066
4.61958847607
5.23126989939
6.93323691572
6.12094723082
6.50244448357
6.84852096538
2.70427170147
4.19757462537
5.47365880969
4.82128264844
4.99789736973
6.86434505002
5.1604821126
6.81199846048
3.77609088538
3.97074587146
6.13853826625
5.12486888861
5.20329251471
4.79120302391
8.5298984972
8.6954500122
1.02664809594
5.79069207577
7.23787425375
6.81085571966
4.51639751346
7.62307904117
6.61597499058
2.91368875966
6.40675028125
2.44650891912
4.92442450778
2.38503279978
4.63847043626
1.10319689103
4.86376233142
3.36612766399
10.909103532
7.67499178892
7.14824009961
6.25042096482
7.76110166535
5.07288592382
6.82468946071
7.98002264199
1.78365238921
3.13903760698
4.6759711669
6.69233271526
4.62317354775
6.30761518111
3.91578101034
5.43830956853
3.06186688728
6.3217161345
5.3593298127
3.45975388125
6.49873811092
9.0585783403
5.53484690241
8.0851940978
5.58857997244
3.74166921363
2.00544465224
7.16718290615
6.76491542175
3.34431554958
5.35716940877
3.99329715766
2.30178775629
4.41900326809
4.19205836741
3.04787790092
3.59635124353
1.65352835816
4.54487637185
3.91156958681
6.07175744173
4.53779936291
6.32173881587
1.63702581577
2.89452150329
6.41561268643
2.75216757636
7.11096332595
3.97615992655
5.63180412164
6.21678843639
0.619061426811
3.98666654939
2.43472855098
5.38008777869
8.25078244466
5.2043548874
2.43106680894
4.46544321487
0.783559429231
4.88616733908
7.97310446336
3.45112495766
5.19784931993
4.86225004733
6.04985556312
7.23328780545
3.99875737931
6.8492238561
5.38843857074
6.42324797222
3.43072801327
3.02084546732
4.29530193765
7.81364891179
5.23259801978
8.1376436242
2.76541401914
6.4345791348
2.36316929684
2.69194278463
6.3626470207
6.38259033271
5.05014650077
4.30822238485
2.16395699223
6.29568538807
5.89875627503
8.59548986805
3.95032220094
2.41733728812
3.39811139851
3.39417528273
4.78381208649
7.18129106245
8.34755754769
3.4976984299
6.47489255889
5.07225467213
2.74952624705
7.84412838664
4.38813290246
5.35133625432
4.82463494828
3.93698778624
6.3432712398
5.71826979006
4.84322050305
6.35313474679
2.39536961073
7.54375922767
3.02344476018
5.88741672628
5.88527861262
10.731359346
7.1901574627
3.62741993291
5.90581897472
4.02009493728
4.3577453367
5.37797973099
4.72109980323
8.62732118025
8.42480217141
3.14904815959
8.57676032438
3.3185973795
1.13869461654
6.79445985356
7.14080713741
3.44860895892
4.18351711238
3.98324367011
3.47403786348
4.70991311142
3.35482024634
4.20951642092
4.71298335795
7.34624022741
5.20097982604
9.62901947787
5.8702268311
5.55556242216
4.31331375054
3.61771033328
2.16097676201
7.7610842852
7.07736128128
5.68052957149
2.59052989476
6.07790748492
4.48525754366
5.09597040265
5.33684868313
2.90965620671
7.01876213204
3.04918543485
4.82467321992
7.4170471511
1.00340529873
7.60313546059
7.57014768553
5.09569023443
3.03459181036
7.66685265709
3.91504456233
5.3370463858
3.44587660623
4.19722053843
5.15955743723
3.23719492118
4.25992044214
4.68521531223
6.56238735154
6.85664903869
3.15611210219
6.4404218023
6.66964264514
6.5360445355
7.07550708286
5.04020864671
5.8622119501
7.17481430073
8.15604058634
6.32293995418
5.4559939906
4.6088228673
2.79118816421
5.83943526097
6.45726293338
3.6682816328
4.81627018173
4.31971209202
2.80140083238
6.12898286171
3.68406346813
3.43027751317
7.1687996623
5.67915281229
7.53728978091
6.18487652616
4.14202477106
2.36395123609
8.41341437567
3.35748097451
7.15874075425
1.27013830505
6.12294970436
7.36096652931
2.37837122567
7.91376403427
4.89643105484
3.55300911518
4.13198640579
5.30561373678
5.2931017694
3.81012457687
2.2169044607
-1.22963344973
8.61055422365
2.49591991572
10.5114860141
3.80875824356
3.5398897009
3.60016419809
4.12503527734
3.9204739269
8.95363051193
5.21188583413
4.39088279396
4.82416798911
6.04659824513
8.0431153778
4.91893751996
6.41357265472
3.29693478672
3.8670845677
4.440056879
2.96033424859
5.58281122909
4.63638330897
6.48411810211
3.32739482075
3.16842913575
6.69644281501
7.94787938692
2.05234191216
4.01489140117
2.89549262158
2.02708881833
5.18035851482
8.88243623904
3.84961899525
6.30198968201
8.20649484426
5.2209040569
6.67750207975
7.15771405854
1.98514285151
6.59703381624
4.55192354389
4.79512990697
8.34089524156
5.64033378097
10.1427167446
2.66902728195
9.18130433903
4.25070608846
6.23716378329
1.42411246146
6.9950210696
6.22685727386
4.71779243954
2.90889997191
6.35771383778
8.0491790651
4.0331440211
2.1689907017
3.84259736931
5.70989056321
4.7654580766
5.54498783013
4.82469572538
3.92893596514
3.07706466942
5.07925222883
8.62526997234
3.13578679574
4.58723688101
5.76277128777
2.89151824686
5.79775443803
6.84751434111
5.3938414269
4.84014330134
6.04662781373
4.57166017318
3.31258141534
6.96515839206
3.42605744544
5.90203778676
3.46181949015
5.59154977245
3.47330985528
4.82895995517
5.44945664352
3.72994123349
3.79587413238
4.59175666597
7.5862830379
8.4928774047
7.57444864716
7.51458503872
6.35578110451
2.64066606393
5.93979831698
1.96207757789
8.8995650246
3.55266032822
5.79853498522
5.91367065498
4.55645035589
2.44682219995
4.60244638161
6.8185498539
3.56285492947
8.27341004587
3.63930766373
6.34145376646
7.88937131678
3.87719119255
3.33299098348
4.3029331862
3.09093762552
5.90287327195
4.56658436252
4.39510877363
5.55463833759
3.61544638211
4.02566632128
2.00064502349
6.89214078328
6.66667530246
5.76168794937
8.16076801436
4.43650703497
4.47028761027
2.871444763
6.26141240104
4.38964883832
0.814994824666
6.43888632545
5.63688098044
5.19029821886
5.56147977605
8.31351763764
0.734828033577
5.98164496167
5.63451803009
2.955991757
2.21754198808
4.62041058919
3.55683104671
3.15919692641
3.05545820868
7.20863337871
4.44582975991
1.1802278541
0.845783462741
8.38343792256
3.1449499043
6.5187109685
4.32352089194
0.837396930293
2.69258643107
4.87192412306
3.60395381978
4.96377128294
3.13158607678
4.54958573375
5.24209787579
4.1969785953
4.40695202355
5.40099283991
4.17279741393
6.06432920414
4.51047319911
2.93992623142
6.03920238133
1.80246749312
8.25939792514
5.89616234052
8.15859704484
6.3486078629
5.60286946602
3.01725703076
6.55804791736
5.23333552169
5.98966270877
5.80779638197
4.47007301501
2.17554754578
6.65596300482
6.67851067315
3.77918803091
3.6070386813
7.07262327915
5.20601316864
7.32564830207
4.20028316838
7.5045684287
0.712233345341
4.536256457
1.04437287368
6.73347391157
1.26029435964
