3.74078203393
2.32557283097
-0.043136152826
7.77553844284
8.28813184942
5.67351286463
4.94124406316
3.60436223869
1.86733419159
3.27343782599
4.33457659193
1.67957382686
3.87945073985
4.98603425766
6.44962425433
3.17007726025
6.21580006257
7.23628905038
8.45383406406
5.78882836667
5.82284635109
7.15532599214
7.38217353021
5.14208517907
9.3101397785
5.09628217599
3.58587169914
2.68295713617
5.81484084667
6.78017603849
5.19412333611
0.996585530125
3.40831404595
8.57397289026
6.53479663719
3.32784902117
6.17820516558
6.55376803444
6.83881411828
6.88377914955
3.1203703404
4.02247686101
6.51985803189
2.73542157673
7.00345780709
7.08670992142
1.89338932761
2.536820305
7.39687339147
3.44985780559
6.50267245133
3.45463766331
2.14775092327
9.18354156697
4.97871776595
6.13590402908
2.36138640544
3.23588335526
5.51015675499
4.6602662139
3.88532727885
2.5499018649
5.73658656196
4.83573666578
6.18295363556
5.31188317671
0.861391092539
2.54008705083
3.09860810477
5.204687744
6.11876013984
3.11986060522
5.16094185312
1.19671456144
6.08581460158
6.03274670181
5.21723318209
4.48171429428
7.12743418376
5.6012423236
3.8671149634
5.51371768656
4.68718694077
6.91292165597
3.70828111303
3.62250355738
3.94756070938
3.19638930768
3.32840321813
6.07559808475
8.56018669324
3.26902249011
2.37338250623
6.14691330628
4.62115804048
7.31736241048
5.54652799091
5.76157580819
6.67302806982
4.34825133107
2.13791060715
4.6900107314
9.76652816991
0.842600260158
5.77849029089
8.26318016743
10.7170725388
5.2450518063
6.28123413722
2.88520100679
3.93408521181
5.88886213028
7.3801111428
4.87011252183
4.98665166232
3.83511069724
8.61310621373
2.72041792688
6.59467457187
5.91885682777
4.03404149506
6.01929640504
5.38786621728
6.71424387913
6.16474678382
3.90054040219
4.5592008247
7.04749205409
7.84560033518
3.7717535262
4.19096546394
4.24605051559
4.58867191827
1.55743766834
4.53221803008
2.278759509
3.83363050837
3.83260622427
6.53867597882
2.94121100353
4.66041682914
8.10699498495
3.96929583283
5.90537208796
8.576514151
2.69599661333
3.03619885293
2.26841279161
5.42848475148
2.89238607621
6.3691500469
3.31366706866
5.31007635306
1.64703918967
5.96033199682
7.90666128858
5.26563817844
2.81458296475
3.5120591688
4.87671539699
6.21537591262
6.21285685115
6.40245656517
3.57758112064
2.75218382277
3.87819573034
4.70742012413
4.27715636593
4.73162955905
3.91126127974
5.70000728447
6.13179252915
3.74599705787
1.81481197306
2.63125146998
4.40093952517
5.15900362089
1.22284757398
2.86582827489
3.08180667422
7.665084467
7.24101127601
4.41530573511
5.17894054846
4.13608106123
7.9751619404
4.95378540732
2.57466209388
4.55408121588
3.3727476431
7.16557182004
6.29292391536
3.62685209996
7.10134101764
5.72509028588
6.09961446644
7.85809973937
1.86414669317
5.6008651123
4.39668742515
5.36831676721
5.22825122484
2.88177986162
6.86055521755
3.5145661477
2.4225916034
6.91670679812
5.84153874309
8.28916095112
5.49510025741
2.77619729676
4.52490718483
2.83259393655
5.78810738455
4.83353070006
2.0837707122
3.55626605428
5.59316509123
7.72533618276
6.56375439525
5.47550770855
4.62507364742
4.46726018919
5.08200614678
7.38889815005
4.71419741776
7.40514455607
4.40013821262
5.13923387543
6.3283241734
4.07928682528
2.9803448866
3.0223574769
7.27097262843
3.39176964746
7.39905984197
5.86688612209
6.07148646627
3.06514695074
2.5943918984
3.16963475614
4.71764465866
8.01841596379
7.45557706765
4.31581084814
3.20520763918
11.8562164783
6.35043036196
3.70476655528
7.46709879917
2.22198364679
3.74794316046
4.37282244529
6.8046861257
4.14321701255
4.96618517311
3.95572070715
3.00275405487
0.976927730415
6.49274632422
4.74059629488
3.27058951985
5.17921216656
6.71917285763
2.50396546058
8.1962348849
3.75244806626
8.31234611046
6.07825449661
3.28342268386
3.60271979218
7.45538830675
3.69382520512
2.90242821331
6.75210224997
4.96130486856
5.00983337467
5.30539099131
5.09827217576
8.0126835846
3.88902985816
5.61834160614
5.46458049267
1.82220753583
4.81958478608
6.81316916726
6.51194897855
6.99292550221
6.08804298698
1.20584588794
4.48585078354
6.0041347645
4.12452339531
7.0831896078
9.42428189591
5.20831873307
2.43201077748
2.57992650692
7.19775577437
5.85770713343
7.39402919598
4.28473748719
5.80592163983
5.48383689071
8.87446582155
5.72667377032
3.51035898097
1.63523924641
4.06687801916
2.02589225736
5.19605365368
3.54369910382
2.02500075268
2.55121117608
7.71155271875
4.42449099506
6.23922713697
4.48412023627
0.321880439803
7.63160181581
3.61412574351
3.97208187429
5.47463401542
5.98800010915
6.90891950086
9.09822363708
5.01903830573
7.43726542369
4.9047209349
3.54465845008
5.68434481698
0.817339953461
5.88425431527
6.02545649943
3.44161876613
5.03902803075
4.45217250547
7.65407888903
4.40848207784
6.00343264815
1.45718809942
3.57656674729
5.52771064754
5.48832486499
3.15639220096
3.49721497093
4.01624527444
0.142768325733
2.23355284378
7.58638276739
6.73902787639
3.57366334384
0.28208955348
7.8838223206
4.54547345434
6.64659965994
5.90336812581
7.57832347045
3.9594334073
5.19176623714
5.47729495448
0.40543794741
5.90387511287
4.7829271725
7.842853888
4.1125427603
4.59730452908
7.14165225956
4.40679551488
6.88841188799
7.52230369261
1.25310493984
5.04124816003
4.97393695642
3.44742556578
7.5278447422
6.58723250566
4.413636212
5.83460140093
5.6643643252
5.03787861387
3.97598353046
6.85370764769
3.82783982908
4.24124522465
4.80915696364
6.07976647311
5.84562072801
3.00544451506
4.27645672185
7.21740805641
9.51048301606
6.87442218539
5.40403957284
1.9650190628
2.94694442908
5.49437209097
5.56519296286
5.48857121819
-0.873844649577
4.19160760487
3.91604686249
5.46201594918
6.85348458932
5.92147323811
5.17078562722
9.97253702548
5.48603673277
6.23846298795
9.91063816385
4.62504813134
7.36042156507
7.58243035722
4.82664760901
8.05709968746
4.1276648123
4.41891947992
3.79554987614
5.00860521641
5.75535494914
4.06612352765
4.23638363004
5.67313867555
5.80385330072
4.70921171284
7.46191429169
9.33856914705
3.45875618639
2.32352554123
5.18122496238
8.53221066682
6.697243694
5.0939601762
4.71118165645
2.85130308752
5.75592966083
5.80316160728
3.95118183435
6.28826314663
4.4107082775
6.76272094195
6.2759072622
2.13482556264
6.51265914197
6.42157312616
2.23281778013
2.75602992103
3.15486414701
5.60098348195
5.68264009154
5.2578624091
5.77345411346
3.73697251173
1.75852272028
6.98691730192
3.81663896516
4.85983889173
5.50870147778
6.50899486396
5.84401215379
4.23459026844
2.9364005581
3.71793511141
1.69451448367
3.4083264142
4.68281548253
6.08275185993
4.25246782253
8.15895716634
3.159970811
5.5452296298
1.52234102322
6.87101649076
2.74009264554
5.40600765593
3.44585884182
7.29800514642
6.28345956925
3.53486054068
2.83523404722
5.4569769073
4.35817424565
3.26596964893
4.09038994376
1.30679377786
2.10711755982
6.61470903131
7.36724835723
0.472901304291
3.24005658721
5.14311118635
8.10957323047
4.95350489536
8.76792676875
5.88477630259
7.82795247266
6.98418659313
6.64157415054
3.76616283288
5.0307611106
5.49051237871
7.45350721997
7.57413768986
7.4695989211
3.30151979569
6.38426175011
6.15113144775
4.78214213836
6.4357158784
5.6328895767
6.03603448513
3.23426102274
2.1236010175
4.85916698126
4.07294432256
5.80466560707
2.901373808
5.12983837451
3.54566381114
2.34865556598
7.69327313404
2.20614276479
6.18530270971
6.7794574455
6.18154621455
4.29774348384
4.54283645781
6.10250943163
2.29382724557
3.34766142879
5.5159056683
7.37758877132
5.8137998588
6.98157094353
4.33277659998
6.35736452706
6.0736972178
6.73220067137
1.61956626789
5.36423525629
1.56912028817
4.9439747623
8.13409345975
4.02280725376
6.52923351911
6.79373653286
6.46489426422
4.11475602032
4.59475498067
5.19562396698
3.40499026865
6.10301677097
5.09879488201
8.7903281766
6.78990752886
4.39248617138
6.94608475839
4.36093124504
5.23141468142
4.37547239048
5.2817554627
7.40629672261
4.12849969818
5.49925927424
6.40676400733
5.5751169135
4.76262990751
2.0214297837
6.366328334
4.66142652263
4.11400125171
1.91184007215
7.65990352109
6.49765753529
6.23926407321
6.29480772396
8.14322088686
4.81476284846
5.69333188526
5.47115455323
6.45361303297
5.99094598281
6.87800118394
8.20855251496
2.45524404553
8.42231651405
0.967931913685
9.75470809693
1.23784613933
3.2972188229
4.70881774345
0.599111315947
4.79073274309
3.07935546277
5.28301125168
3.20773267719
4.09519498897
3.67194325569
6.01267032677
5.19182336495
4.60334555877
2.03306891736
3.01287215356
4.70524791386
5.64720600805
6.70492282528
9.13109484294
3.39865296487
4.48100588959
2.342577356
5.97411606445
3.02078555458
5.98027734874
3.2958890288
1.43322093765
5.6936960804
3.13108249887
5.21434901447
5.86165258848
8.40679457153
5.9708335001
5.7487158746
3.51551438353
6.91058986984
1.87346391809
2.04261993424
2.55227097388
6.89930021484
5.55128635657
2.9746972148
3.98476176793
6.32679233854
4.30039557116
7.45964909646
4.39756197405
3.8016943307
2.71904269146
4.13337968984
6.73601248201
7.3234617416
7.38204200283
5.76195997164
4.15430212424
5.37634824208
7.35880639305
5.83340414979
4.93157675104
5.26816693517
5.99874954133
5.89557599273
4.61756097237
9.08203133518
5.67076191506
3.52551399305
6.09238132376
5.84043852722
4.33326705916
8.49689854409
4.42075705642
5.76565444152
4.08436525154
3.1678291614
4.04762799605
5.60839293453
8.71059912674
6.2511127573
4.60272382574
6.8289358859
3.66376685762
7.89724292173
7.71227282689
3.02295518267
5.08577382668
1.72773736753
3.76879425077
3.39333969379
4.85329726938
3.52200281749
7.13448392289
5.95802689172
4.84431406919
6.21249979916
5.30193010102
6.19802577394
9.10615090804
7.75468619965
0.0303163050299
5.7125258977
6.3004870324
6.13467847423
6.02619868167
7.89742965584
4.70522507043
6.56727564614
4.58232285546
8.49491154068
8.05937549828
7.69865123754
4.97593538753
3.56362477828
3.74762848512
5.21768653361
3.77443763877
3.39200352341
7.09299906209
4.90490158731
7.48657446696
7.48847045331
3.93027790432
4.62790145528
2.27585371113
3.9700336012
2.94579373835
3.92867988852
9.95073028797
3.67061615683
4.64329899705
3.3574304341
5.66149277418
1.89857167214
6.05999700544
4.05932619877
3.4241595461
6.63146412763
5.2147252909
6.85015443009
7.06202471651
5.52512223072
8.86263648119
4.42687883802
3.5102626932
4.78750260772
4.96740130964
7.01402454166
3.38778565154
6.34542980358
3.45110838578
4.30432397105
6.01104801305
4.31127350119
5.08472230703
4.68632563726
7.88502322683
4.14182739322
3.94637983661
6.79826716374
4.95957949981
4.30960934443
4.5518657586
6.74349123818
4.16127203544
5.73411270826
0.263915464118
6.86120507773
7.08787400348
3.78760015658
1.98073857781
6.19150687927
5.99585347664
8.55694813908
3.32563273808
8.86514635361
3.81910786844
6.48293739284
4.32728873119
3.30356277772
3.96837359022
3.37018474563
6.44786230617
3.62384744798
6.01642943433
6.44548531789
4.86304256785
7.14296824827
5.11834446955
6.1804393294
6.50640591698
8.04397550196
5.81099386181
1.56655090183
5.93622095122
4.34810053051
3.44292194306
4.99492244728
0.558662422578
3.77720438375
3.64597497549
4.01558097817
4.99411298088
0.452098859139
5.18181771163
9.50054930915
2.61529583731
4.92417783437
2.81960797844
4.27023015789
8.69190940621
5.27257534435
8.03891215856
4.29078087081
5.86982463533
3.45050174596
7.62442754782
2.49909294568
6.69557360278
4.49084352804
3.64838011581
7.31452765404
6.20412621751
2.90997002109
4.76408782887
4.83911807382
3.15829974881
1.61423735121
5.99461672984
4.00710622758
5.24394163421
9.01512568106
5.81190258697
9.20516284955
3.17544204018
6.146426285
4.00056062538
5.34955190408
2.86774429825
4.49537556153
0.995010045083
5.9787846649
1.99794076349
8.47216254454
4.71672593804
3.8687126068
3.25562623612
7.43088837038
4.23950404912
8.12296801105
7.82813857327
6.33671634238
3.62980548504
5.66663660604
2.85377472269
2.54906278098
7.16065047925
5.83647226311
5.66185708195
3.44227627853
3.42298431984
4.77137146336
4.45351415888
4.40368307279
5.27637488982
4.21948206483
2.836643345
3.86401661002
5.24497393249
4.06758854479
4.57034417676
3.62157988359
4.68718497816
5.22467049938
0.412384742337
6.23287278173
8.19290731834
5.88067522293
4.41403651559
5.40818786414
0.123648057258
5.06981817444
4.90996405241
6.07282698785
5.53082752958
8.95360156097
6.36562326387
5.40797974687
5.72662955481
5.24897370601
4.0615007709
5.94592002671
7.33945215367
5.66435171426
7.98578890047
6.13574151669
4.13121354091
6.45639834676
4.07485614512
6.78862950131
4.91791929113
4.9061621605
5.13060672421
5.30955975373
3.83884011569
3.40738439828
4.0840436813
6.09497227252
4.7110711097
5.7892986179
4.78994263457
5.73591601678
4.44707714226
6.1218643625
4.81211110496
4.59382227691
4.68685230719
4.60063648731
5.93934928968
3.70673512573
4.07173476182
6.45805452805
5.23335008052
3.81465493337
2.82111573457
3.98540639366
4.32037772563
5.99508713873
4.90036861366
3.71784306682
3.69655126626
7.73142035323
4.15479945525
6.51467523847
3.60668071488
7.85107286878
7.26346395922
4.39525654454
3.76905652504
5.47830788748
5.14925872359
5.76340296861
7.11506715563
5.71666741183
3.51088228228
5.15817552291
5.81305819419
4.71500085047
9.64798262162
0.429469639195
3.04820975812
3.00962921378
6.88761997643
4.3289973054
5.8553953407
1.07947956992
7.74174298855
3.17960194278
3.22928840564
6.17957375419
5.98310969036
3.22396273037
7.05705587352
7.18339416369
4.90527105324
3.39281020734
5.78312580419
6.23852177442
5.17515004474
5.36236255311
5.69134569093
7.4174522333
4.61285642891
2.78263438988
8.03315220837
4.33746011183
6.73734464702
7.5787953483
3.45876040187
4.85409800236
4.89789469793
5.47807199139
3.67691868609
4.39301005091
5.31683938429
7.42356793697
3.86900159287
4.41252872116
6.18249322936
8.99620380713
6.42495120579
5.55079982689
6.21298698474
7.53125673989
3.62516582226
2.36525985229
7.96063445502
5.66825102313
4.4699093746
7.64838833003
3.31644905188
1.75017028435
3.31451285907
5.53264859382
3.38371009221
3.9557139717
2.10997899566
5.81413461408
6.65886145323
2.03453382088
3.29016325128
1.0168934952
1.72852390149
5.17701011784
