5.51091551102
7.54213822074
6.34950113549
5.23523056313
3.62273487486
5.51717723698
8.40373520554
6.80095649836
3.70994616312
7.04541092424
5.34171379214
9.47159302879
4.86271280491
4.45669389205
3.8321048704
6.3088197921
6.9540795684
5.08879130494
4.97996021429
4.4779265332
9.84017716623
4.70972786838
3.49590414186
6.97942221348
3.16865645014
3.07579588268
3.88566298244
0.0585398542003
8.40044934836
6.23550155082
3.67172192792
7.2517531533
4.42288772263
8.18894800291
5.52511468996
4.89505603821
5.39476563044
6.39701588829
4.38385059409
4.85283535646
2.58262230917
5.32286561376
5.8126773545
6.45451747682
0.846367433678
5.79200658354
2.57736730435
5.20159641306
4.91097183913
6.87431883648
5.74080079383
4.695541822
3.75657930718
3.92890774807
2.8802678684
3.67092248775
8.41059057371
5.01096671196
5.95552543038
5.01073835832
3.16479560479
5.94845933751
6.67932300789
7.78422645616
5.09410432399
4.82016109812
5.64467840567
3.46726492599
6.50224167113
4.60192325079
6.88363297952
6.25752328762
1.39318856928
6.6457084131
1.82620787065
8.65983954815
2.36822828244
6.71577478851
3.85903873455
7.00482403494
3.18915698419
6.2964594886
4.88590274739
6.59369159615
3.8839218829
5.19940995974
6.43262431018
5.61891792937
7.22521291976
6.51267424495
5.91933935265
4.59879971763
2.024897268
4.89121501527
7.54986538741
3.1791561072
4.16701172205
3.91162677256
7.4862966618
7.25704843509
1.61501265262
4.14365077507
6.17978347508
6.10681659778
4.60318795856
7.43181087558
7.82342783788
6.37353301819
1.3763152653
8.95073504474
5.39807200261
2.37011126428
-0.09912284263
4.25916180461
5.3539831888
5.49197905174
5.67507378462
4.9326272743
4.95297720328
4.75070403986
6.4542918252
9.53214014408
8.2871181553
4.61923515435
4.86272377532
5.13192783043
3.27517963243
7.32650106981
8.05898958413
7.75925628291
4.78600481793
7.28942888888
4.99639513115
6.61318561659
4.62938186102
8.70634685821
9.55030537471
4.88105778042
4.4004908971
4.63631673997
8.91719915051
7.11926843515
6.15710119874
2.6951149517
5.36857552023
6.91655209816
6.33251052015
0.363793298473
3.8908280788
2.92901307585
7.26674315162
2.24054264515
6.08588157257
3.40386197306
4.11717180711
3.21143230121
2.02812294853
7.21846689124
2.11179602548
4.82328316653
5.14527575332
4.70301060193
5.70303103311
6.44953905885
5.46742660841
3.93770764782
6.20071798118
8.56653765926
0.995409387727
1.63572140794
3.51101355509
2.19144613757
5.29328503021
4.87946522858
5.6325026569
4.58498081321
8.42259009377
2.9087140961
5.04173468021
5.33808899668
5.10272723679
2.1368051661
6.91908567335
2.2533533879
3.00095399589
9.09730339105
5.42633441863
5.25863474675
5.09196133469
4.02223811407
1.36622312063
3.78748146108
6.5896702893
4.58969854474
6.01825744626
4.34153681507
3.97180564128
3.93598951286
6.31597911689
6.99090347555
5.1889691984
8.27515746523
5.32926640886
7.33974999217
4.83521829297
4.2286228926
3.68014882636
3.7428308332
7.68343046535
5.06534513041
9.71758906508
3.83226488751
6.08376076519
5.11362673562
1.30840153109
3.8636304823
3.73649730045
4.69771356034
3.38836548079
6.68629032561
4.57442077881
3.42680104226
8.02961584331
6.60675860552
4.1087211837
6.28230779281
5.08224143776
4.70420627302
5.57856450956
5.81874370564
7.14069770505
5.67712013164
8.08649988832
7.00040456082
4.7414907819
8.74855561773
3.20537938494
8.45345065364
0.675962590474
4.65303513745
5.46964554083
0.913936213565
6.30089164801
2.88241193289
5.81114969725
8.52953058292
6.48415510544
4.65072724585
5.05671850274
7.71345450603
4.97439749832
2.76431471458
5.72606763664
7.97900209352
3.79619152715
1.67046055958
2.09704613921
8.3899249349
8.76539442687
4.76050788181
5.54004550765
4.58940214821
5.01000432033
6.18952751225
9.15398149093
5.34354017693
3.214097519
2.93139741929
7.15710059897
8.20931885022
6.85842083628
5.08594509859
3.93748845017
4.84124894149
5.82101634599
3.69001240521
4.19838510278
5.03042779194
4.54427978341
3.563246611
3.41438794861
5.89558387775
6.16052272206
4.47054870115
7.61707409325
6.61936147534
5.21596201178
3.02403502262
5.08941834287
3.65284436216
2.82787245442
7.93908046415
2.89720888192
8.03304878291
6.89842295654
5.49412156574
8.97156619674
6.34213576333
4.20332454055
4.9668887879
2.48004978014
6.07822818074
4.15177882089
2.2139979129
2.28712043605
5.75840678495
5.84353887357
2.02335575741
4.84329703652
4.92986027664
6.35596642372
8.11200692505
6.55593016141
3.31197789018
4.88389911083
2.22867631229
7.01292209628
5.83275753652
6.39846900959
8.11928787949
7.78362981991
2.5974335229
5.13191732821
4.05174779214
6.64444139831
7.76065755556
2.96413317538
6.30966039277
6.10932692473
6.01271429899
3.88359599645
8.2860234647
5.34472573601
2.59211314879
4.94621885285
7.15723194384
4.83673948785
1.90837463949
6.19560434958
1.22539019918
3.79840397529
3.29098171217
4.11264506517
5.62404950542
4.48708428755
8.70820501617
1.26138160687
4.83650785685
3.38327117041
1.53841269139
4.23214515571
3.66608917774
5.96595842772
3.19033264117
7.18271459349
5.41186369744
8.94747581725
4.69286010532
2.09994351308
8.10807168584
5.00609342526
4.84329574679
6.34562213306
5.23918817445
3.33394891884
6.99056103736
3.51261648036
6.98733868557
8.22156484708
6.41587365507
5.47447821716
5.82132009474
3.96258831153
3.68208590312
6.57605225655
4.79111903721
3.8517447083
6.7122794236
3.49896912953
1.18970873685
4.16596368945
4.13820677978
5.99449553117
4.06226663382
3.4895492207
8.21725420246
2.59381784808
6.49453429903
4.28180727897
6.50140318255
6.9613023547
5.29473377627
4.84959475527
7.90339837982
3.9924459441
7.06272019369
7.14053142621
5.68487002791
5.8923950627
7.19052294357
4.5523380049
2.8419630195
3.12751186059
6.53549390591
3.7599892066
2.63650336214
7.50990469679
5.16596518339
6.50716495212
6.91059094385
6.17069927641
8.81410480529
8.40405923158
3.47656090718
2.39413423344
4.25529331175
8.25632570996
4.83221216748
3.16865882972
5.34998590357
7.581568466
4.2066294527
6.57307636607
4.82488331673
2.35867832328
8.62098503242
4.42307723978
8.15484471082
4.09481691428
4.26903409737
3.14970425623
3.06482730653
2.38707396935
6.89346579203
6.74381149936
4.69741999425
5.45225145174
5.52406200279
4.6058530644
1.5489955884
4.37281425277
4.1395093006
4.86211995627
6.7586224218
5.55096269142
3.41780392069
3.36420495545
8.53429779397
2.98784878865
5.60540505591
6.95016828426
3.53629888886
2.50313894229
6.39145742249
7.01694958813
0.710317191228
5.12503315814
6.24425948094
6.94071124729
4.72300422355
7.44316455477
2.5587392795
3.54255565565
5.04703522539
2.94952930937
2.96635575402
5.7872350918
5.03503984792
5.71075681263
5.56009962329
5.14930146655
4.23894832076
0.725864139383
2.49631722851
3.60222777839
4.122001272
6.67078323773
3.32480607643
6.25346820348
1.1927941603
5.35225079893
3.01374253524
2.98525658263
9.19196350349
2.64123207242
5.62197444723
5.94154076781
7.57034078832
6.73637485875
5.32726853578
4.62942058334
8.44160397529
5.51803649196
4.78190434809
4.59017496668
7.33260637034
4.96439051772
4.60040529552
3.3204331545
7.50961257242
7.94390660714
3.98329058969
6.55859143195
4.19828241046
3.39153770582
5.89200460323
2.22557802996
3.26518248062
5.07249456686
6.52229186167
8.33177759859
4.21934467135
7.14959961593
5.20569716013
3.47028927231
1.83351714523
6.30617910174
6.31350589228
5.59863274224
6.00484814298
4.53632765524
6.96048480197
9.18907528815
4.98531932061
5.86864759534
6.50121317103
-0.705310065654
6.72195402448
8.55393151584
4.79456085528
3.72112136392
2.51713263269
2.62745070615
3.49299367471
3.86759602834
5.80596233131
6.85710414853
3.32229175761
5.06790954413
5.63524828009
6.15118438499
5.01662801836
5.30834401843
2.13332595861
9.98853581463
5.28124542759
2.74484889425
7.14792699393
5.39030783395
3.04053766231
4.29573556551
3.13207146789
4.11572686594
3.08700108258
5.51707034526
3.66239247028
2.58639575025
4.19922107039
4.4455926316
2.52683718308
8.1181024448
8.54317005974
5.54903753621
1.15525655528
2.86273201656
4.19861249532
3.22313394106
2.20788206217
1.62942938731
1.80013042342
5.73924021386
6.98278832171
6.88652413233
2.16636287158
6.13824088573
5.83747477166
6.18131964597
4.39847649153
6.95102397925
5.12319447194
4.5271268058
4.13422031707
2.66447519054
3.74375512465
4.31173351708
7.12401229386
2.54179807944
4.07703800402
4.04532499812
5.41899209712
7.86423488933
4.56703692759
8.36862913152
2.95131108746
7.50159169167
4.62013875673
2.05675425234
6.24796650429
9.74894161253
4.11961306447
6.23306954657
8.06608897141
1.16703641789
5.01925844987
7.25998817939
5.19096062925
3.29204970735
5.44535408142
3.89915144282
4.77819234061
5.91409397377
2.3401309343
6.78192908117
6.00688531727
2.15639465358
3.10092714587
3.77459157887
6.85046638932
5.98206551878
4.31166505467
3.75174111193
1.21477492058
5.96659613232
4.24784499311
7.00946077832
8.85425292159
8.76628826456
2.66416202098
4.12799595124
4.40913459925
3.37579748924
1.91486869418
6.41252849728
5.10963035237
2.84610243298
5.91920392678
1.55475902579
2.27323714266
4.68345102899
2.39942903139
5.87215872548
4.01131295009
8.16379906121
6.37131652714
6.0412716022
6.84595429746
4.55487812857
7.55842967798
8.58320873368
2.68812316691
8.67954423141
4.16093386585
4.42554157987
2.96725049284
5.52028096606
7.90657309645
8.67455226735
-1.12300641248
8.1474236532
5.02218953233
4.77696218391
4.64169333688
2.85045809357
4.95600999572
8.59385655905
1.61581244633
3.58445543196
8.02123798367
4.02327450033
8.71861972026
6.25578837947
7.72663920023
3.09575519177
1.62938345685
7.57814162671
4.79520357836
3.72488221425
8.25811480485
6.72685622947
4.96628142192
4.48675850619
3.47503485976
5.70236733568
2.3537813116
3.53770853847
6.57477719359
4.82377446255
5.62120385631
8.05371083268
6.75707659527
6.24794746721
4.73933049042
4.11563437905
4.12114738235
9.08096687403
4.55219521622
7.99549754632
4.41238945335
3.33715574693
4.47609014951
4.56839887733
7.46408912913
4.7067987155
6.48488575027
5.57007689038
5.36035079827
3.53968433276
5.15521530506
5.35335949391
2.00789730582
2.16489436349
3.68333648015
3.64962625642
7.1187233925
4.37826137215
5.88545355566
5.56875511386
4.12504953927
5.67650492436
4.25478944962
5.99071989195
1.46978357203
6.46698542439
4.59081827125
6.82859824825
4.20339389325
6.34182626901
2.4470877438
7.44874585348
3.8910162475
5.92056094686
4.55086081648
3.5943397834
-0.596194089371
3.26795055551
4.70773697582
3.43886132774
2.68967872792
8.29613144766
6.4516175585
5.97936282615
4.06036476088
4.13030514086
4.71460135673
6.74491333794
0.194022613228
7.70910334609
4.77948276492
2.96994965467
5.65506071472
4.51952778839
6.15533884036
6.14328131491
1.32321577879
1.19632279957
3.23715227566
3.01701267774
3.14461282507
5.33621847863
1.22442712479
4.75580849636
5.45265124924
7.55249415577
6.7046949997
6.79381643023
3.05892869762
2.43976218115
0.565233814312
1.89589563265
6.45249165523
5.0908320404
5.9900812432
4.97313029381
5.94612823065
1.709929241
8.12753132819
3.46610870671
6.52067058326
1.9386900416
4.0022554911
4.45553422571
7.14092489051
7.33961394656
5.664027672
2.2281819062
7.21220921838
6.42090047862
4.87567446945
5.78057859458
7.12558473252
5.35414061114
5.71526907979
4.51975073375
1.24603696425
4.41188657165
4.59127200448
6.87271379694
8.54706530043
2.91786137017
4.8670670111
5.90109884896
6.01261148294
3.20708987871
5.64466245866
8.10749174018
6.50313609659
6.35651937991
6.55007193244
6.59497818683
1.36304007821
5.56184263983
4.55616710282
2.28648178334
6.24734955922
3.89324061684
6.23711661427
8.73690784324
8.19234299304
3.06777748653
5.43264348575
5.31575495236
2.0831223775
6.53906388391
5.458120976
6.00167236414
10.7759415375
6.99543462319
6.14501339662
5.30753283683
7.80370432625
3.20107278984
6.39158793466
6.77543869488
5.40562351992
6.32326538769
6.15109163463
7.98380182584
5.18854699316
-0.714100179238
6.89386322328
0.831412055779
2.62676724388
1.03293288117
4.81032908665
2.6641217913
6.28160570337
7.4021771748
6.54340804771
4.39742382556
2.52443551041
5.92193896427
4.51650890067
4.11646322145
6.98320590112
3.15752956906
3.39646342812
1.92409341455
3.54188032734
4.98609982617
10.2812415342
6.95469033413
3.98791415886
6.95213844918
2.61940445677
5.87845445733
8.09060372037
6.21305293731
5.76421646755
7.08071021126
1.89940147155
9.54952872743
6.11209318333
5.88180504094
8.57239709856
5.90338777591
6.78976848523
4.25398245996
2.97205110305
3.99124411047
4.107728555
2.82569933876
2.87337071652
4.20251395276
-0.395376023825
7.09533724595
3.35867959477
7.75694213048
6.30332579911
3.79637112495
4.59056361499
5.58349827257
6.88249075046
3.04477886113
5.50678614989
2.41639865627
5.62192013818
3.36405315205
6.85225758386
6.14248023171
7.25052922743
1.39014070716
2.52601176261
4.95081361913
4.25891578692
4.75393523943
3.98407614603
4.73812025151
3.89239873568
3.16972805709
7.17219886585
5.15573903938
6.21001712999
5.52869689859
2.43644851117
2.69586743438
4.62025178424
7.46688598232
7.54852718166
5.34196023817
2.7755296272
8.4100507124
4.37885482161
7.60162890056
3.56519362994
7.97882597001
4.6513195883
2.67043538073
4.05281515001
5.29290178885
4.88209213362
3.24286899916
4.28229744958
1.95159391466
1.84484153834
6.59216305589
6.81454838483
7.07179526811
5.83737144861
3.1408382615
1.37153676064
3.9580096054
2.78434447594
6.41630449226
5.53105146519
3.87320452226
5.80041700526
4.82167458943
8.93651537292
6.88769873554
5.55230678465
0.610818534305
9.72340007093
10.3393371953
6.6741001793
1.13299558351
4.32532555188
4.94248905933
6.41928493688
4.21673091093
9.57903832021
6.57052332365
3.55131324397
3.49957917948
0.288438392481
2.02734156612
7.07022660168
3.96255298025
6.47683804964
1.78339828067
1.99090813701
7.04514282017
3.28158962839
8.66088467302
6.00103560835
5.76254232911
2.87326602352
2.70993934316
4.51240125112
7.25696488968
4.69269153069
4.9037316208
6.86001988559
6.7817132089
5.21739593254
6.39193156702
5.5609163741
5.38579115873
1.9638790631
4.68855505076
6.82089153002
5.90427863508
5.31957527184
4.66011547062
5.37977310476
6.35141358897
5.50267189505
7.98985275792
4.6209463432
10.3859431831
5.63183024524
