6.3745951157
5.87024074837
5.16439243781
8.94327540596
3.32589622482
2.20287484849
4.25373406438
6.82893428973
2.78643180623
5.03931193758
2.24209573904
3.62042594577
7.50173692473
6.00787807714
6.26849216141
0.0588748263032
3.75438320263
3.64439311643
4.46803301969
8.09236545273
2.18265963578
5.33195422089
7.75816716761
6.03441722281
5.11144659664
5.96219688332
6.31522619595
4.68720741637
2.95649994664
5.74428482983
4.31953208596
4.59746120018
2.01097368792
5.78406081787
5.42133431096
3.82638666646
3.44189692765
3.30567315907
3.81763554974
6.64578236343
5.3911402453
7.31575845448
3.90186802369
6.53428663118
6.99302306832
5.49187430239
5.21967432259
5.5890086644
6.02244576654
2.8527107197
7.32459664166
6.84947603849
7.01414742362
2.83062608772
3.09026245485
7.80888216458
6.97103753419
6.9907271641
6.61462911153
3.51607726244
5.18779383006
1.78158094721
7.33253884714
3.74390478447
4.48156742071
4.41461739456
4.44653563073
5.91244270083
6.02713501649
7.82218339987
6.94108078805
7.19214403791
2.03268907961
3.72915335949
3.7626928193
6.70017444182
2.27652307332
5.28388633947
3.75994775183
6.54166371539
4.13928490197
4.06045373714
5.04491570182
3.22227727362
6.18812090611
6.20063348338
4.84349353307
4.8703248573
6.73270817706
3.02429106266
6.68986316815
2.49947635869
4.31733380876
6.63962612625
4.05539669838
3.34057133742
6.36443837101
6.33264256647
3.9533822075
2.50807430797
6.59603052045
4.51558206129
4.56320365457
2.27144462082
1.61789015759
4.17961396854
5.79137853747
6.38022899233
3.10313088045
3.23652848109
5.66327536855
4.790178687
6.28401429533
4.12693994928
3.45537701408
7.18102361646
5.52240681119
5.3004854511
10.6710799204
4.69783962877
7.61021529438
3.73009742311
7.4111639534
6.45258516817
3.20550862413
3.02382945055
3.7486439294
4.43086285756
4.65160948764
8.39019185358
5.7872745906
4.55197569654
8.91416190958
2.75394098435
5.88841574942
6.92047785477
2.51789523679
6.98478732058
6.59401601752
7.12242790473
2.25511329855
3.18373425871
4.57156652715
4.04251700783
1.43275488966
5.96174579626
8.89137011827
4.72072675843
4.31173840549
3.74579568248
6.62496511369
6.3777530446
5.82394234272
1.83582914813
3.49193377291
5.34681211748
5.30176841517
7.14104829021
6.44434640112
4.17156982482
7.27595496022
4.21887960253
8.74697966775
7.00917484417
5.64260132624
2.64467659145
6.61814857488
5.5280482114
6.2364522356
6.32199907244
4.30363217836
4.44878026144
3.38313245157
3.92505934042
2.06482519777
5.4235155344
4.46080592599
5.88850358907
3.03211834686
5.02750426584
6.92571746748
3.92264336769
6.29546872967
7.56850223779
2.89370237899
3.62514738658
2.18092833133
3.93663304089
3.21650407547
6.24539350245
7.85246704426
6.31748256862
5.84513398137
0.645791969053
0.739043472679
8.10976316136
2.96018309251
4.46157639721
5.10322175378
7.15594504809
7.92654632779
4.21720310019
5.54974996306
6.21316430792
4.74631071806
5.39314519106
6.6133936804
6.35969339083
5.02505028772
4.51132264856
4.61922266135
7.79766515033
4.12034622525
4.37435795135
1.28854067456
3.93861588719
7.50228646155
6.24654206487
3.26570571488
8.70028979375
4.1606960753
4.96987225681
5.17837328122
5.86088791688
5.30329787507
4.40288810602
3.57854608303
5.79637414745
4.68662434819
5.07929262024
4.64621419375
4.66395781157
4.42761466887
4.52477670313
3.88896672583
4.739868368
6.33184296695
5.39853647177
3.85191911599
1.54617901629
5.11656497475
4.8024047052
3.91005279006
3.78522430623
3.47060918187
4.92048657467
5.44464912018
5.89838189646
3.66360305145
3.32675879162
3.46881230277
5.1181840788
2.41871333112
5.02906756602
4.18706464311
4.17712024883
5.93457297587
6.95380604855
3.8972441153
5.81430704017
5.51344593165
5.89507795589
4.72509435801
3.33889270562
4.20875204415
3.17795308249
3.68056691893
7.47668858512
7.90655007591
6.22829291001
8.09000940647
2.9349311046
3.93294090245
5.10701218342
5.36128701113
7.5311307481
3.34542790596
4.6577875624
5.05108226582
4.78558999744
1.76535898998
3.46966761582
6.62006064353
2.80424686241
5.71499926148
3.65349454167
0.475339106353
6.43835904493
6.55897681355
5.95313094454
6.02658225101
1.96613758154
4.16212874034
5.58131014075
2.6223327372
0.906457459318
5.00790971622
5.43348356509
6.11596775579
7.42923669131
4.60616329716
4.47029912144
4.8075217314
5.58599368671
6.25500449272
4.95429818314
3.87869871481
4.46372145655
4.76390110456
4.58377626049
4.41576708305
3.69537417852
4.63205342798
2.46052342933
6.64555017372
6.12116552253
-0.171723420543
6.01019963959
3.4948449041
2.93432388372
6.21049083912
6.61466565887
3.92992339405
7.18465705708
6.6213573226
6.55168025965
3.82390711869
6.24691683455
7.16519434926
6.61780147509
5.88587748554
4.62764210381
1.90536585656
3.93115669958
2.89923790267
6.40308060513
6.73204777871
1.76253249409
1.56476759875
4.42056318434
2.15465905732
4.42502218737
3.24874587422
4.13398567573
2.75639327878
3.96419721423
3.64615478194
1.80292031908
6.02693894386
6.7696075905
6.44166680426
6.981508915
2.71466535981
3.54030311789
6.87700874309
2.75795110599
2.67545767401
0.254134553114
1.85105553391
5.0452803306
2.3975570582
4.84893784035
4.97430997614
6.26854583824
7.59121322548
5.18764355804
4.47077536282
6.52137971582
4.36698367706
7.15543195593
4.26042249209
3.83186417402
8.29751029322
6.25281656478
7.56033049691
4.52565882177
7.03725671822
0.838375735899
5.56755319845
4.33439895202
7.33218766413
6.80018607365
3.93903799702
4.07194832202
6.53949961718
5.56667260716
5.55268649391
5.33632827749
4.5273411832
3.86952082037
4.91308209082
4.1109955076
5.40068248053
5.58703191156
4.90204924545
4.39142350238
7.3096623473
3.382954729
6.57671405193
2.49128716101
3.39550302552
5.80199040365
5.09009820594
3.43786391319
4.76940914748
4.73256873017
6.59615180508
4.97771978391
0.180213342477
3.69413260717
4.39421161168
0.844141158146
8.34841847112
4.51829759788
4.1873537059
6.31631705091
3.04788421732
4.33632743911
2.48056194225
6.85123077094
8.77399495709
4.38859037468
2.88945971621
2.42374602637
4.51739454618
6.64159503923
5.92890849791
5.77258693504
8.00488935273
2.83439690519
7.32653453306
6.08272383974
6.36235634846
8.1875004721
5.70471322231
3.83886052068
4.24576591955
4.31678840348
5.98311227656
10.9432990421
4.95765998225
4.2473070175
2.89368687443
4.57952588178
5.51259508957
5.26011406496
6.92565603955
7.60741122551
1.91163166792
7.15161489188
5.39447234342
6.44732759157
2.6561524284
6.88556715713
5.40352138874
6.35515575755
2.65098083198
3.61397544547
6.3168250104
2.94402754195
6.00305481341
3.5548829789
8.56529848918
2.51543980559
4.69593925737
5.14874664883
5.55823296168
6.60827963952
5.43975248695
6.08573485877
3.89297562855
5.05918055176
3.1940526244
6.55734207487
6.98134614263
5.49003365968
5.00254319971
4.58857627493
9.3095919172
6.43375849156
1.39902296375
2.44083902762
6.63666781694
3.14132452036
6.92280709218
4.04968530472
5.4888483802
2.22625325667
2.8318186914
5.37679627489
9.04931703028
8.24770577409
6.35294952491
2.59486313475
3.16890785143
3.28661650047
5.88194101349
5.52991192568
6.69080964473
6.1460237945
7.96014053513
3.67440118668
3.59989490131
7.56457285521
7.86386003658
4.92673456607
3.02901553598
3.89565535508
4.69865098234
5.92146881123
7.52680155642
4.42298971447
6.27297545249
5.79736967193
5.09116692292
7.44702921079
4.47908818619
6.87878446095
2.17074555505
4.3452318486
5.97598567845
2.36665921879
4.98835433787
3.36821188005
1.95285503696
5.23758835977
2.83364233428
3.60185135872
3.6928267921
6.19401255691
1.27089153623
3.60059932038
4.72293396515
7.42109115922
4.49380154915
7.31086805266
5.80931138167
6.86714743947
5.29402889634
7.15702935567
1.07752172221
8.14619377233
6.51372098832
3.49606112564
4.32423629624
4.59461647838
8.6925574844
4.17378614116
7.5745224547
3.86648733181
4.36087765708
4.66004761996
4.7721529122
5.76364748029
5.29582315041
2.95840609967
5.97588162352
6.17555881809
6.39525229073
6.72866713697
4.09878612809
6.4316006511
7.12155051512
5.84005083687
5.55071975876
5.06591569075
3.75596449607
4.13802717407
5.6812642566
7.69704603521
8.85972706026
3.64370463191
6.08164283773
5.18487012567
3.26042408357
4.62021860096
6.03229384509
2.32374911436
7.5464513043
6.24218954993
4.22360749211
3.18052768943
4.77034268203
4.44315309984
2.23576663333
4.32589971077
5.56179099081
4.20574932027
3.66197724237
5.75579197001
3.19540404855
7.20123028957
4.62408764036
4.72160266452
5.97794742775
3.76933337884
7.75143044827
2.93135768771
5.58852133263
7.60895064858
2.59594691568
5.81184662514
2.57934915097
3.59755182103
6.6137057855
5.17432610018
7.68166458375
3.54986437882
5.36410683519
6.43060842571
5.89493424679
3.06319771215
6.98861404876
5.67380219258
2.70188831808
8.57445602135
7.61176502177
3.18900678944
6.16182766751
4.90970330144
3.87430463309
8.14038579358
4.02794026561
7.35110698288
4.7160083126
2.88916141929
4.21028038533
3.93137470986
6.39870938631
4.16218734288
5.65988942186
5.3401403688
7.34031343659
2.54347726346
7.46423684668
3.46258138916
3.75953129064
7.58645608644
4.77137200327
4.61502081693
6.15684560858
4.37830790274
1.19032431366
6.62621672649
6.44006004606
3.64096557637
4.39875643891
3.90066298001
2.90650972435
7.86178530802
5.15414529425
4.3198009436
6.17405665767
5.24841588382
4.86788739557
6.50114465044
5.12312835807
6.59627470219
3.38073445792
4.59068951425
4.70164179926
-1.82793425721
3.72472109946
5.93505352463
7.96638487103
5.00906803331
2.65451209182
7.48532771013
9.27649926983
4.75666838715
4.48392307814
4.85852006369
6.09209403782
7.52604445485
2.16582602476
1.0377752111
4.5001806346
3.30700262871
6.91651409243
4.2526761709
3.97800482394
2.73512883581
7.00530554347
5.48597694378
5.812023589
0.851036288306
6.33083795242
5.78362656856
0.65035637597
0.489283483932
5.48721475001
3.76578807361
7.15371666757
4.49598390158
6.60174110281
7.33956226658
5.44448779616
7.50927747027
5.44125933108
4.21601127644
4.13761623767
2.60962088391
7.45721003737
4.54848285871
7.4700890562
5.39549639977
6.76528308809
5.26287589595
4.16390662205
2.159982011
3.96484701264
1.396956389
4.58119303236
3.90699826203
5.08158015296
4.84218204378
6.55166282132
6.29985645308
5.87474972368
4.11842391581
4.00071504067
4.85535888117
6.90239677549
4.52261450499
3.33328413089
6.08077463698
2.45257180871
5.29622893187
7.55934129281
6.59658020991
3.60676229025
3.48109600108
7.38051279913
6.0004680842
7.89243486632
0.0488771504931
1.65407975053
3.01703522254
0.546507847235
5.26679395598
8.88964689907
3.74544290388
4.70265459437
2.95415253123
3.63513997408
8.1137605434
2.69763404907
5.6223048326
4.96400244043
7.73484349598
9.24869081688
5.76236112806
3.61015746474
4.97792458787
3.30489366929
5.9549244121
6.32461569038
4.15527200018
7.74035105202
4.5318134433
5.87080050227
3.66172585044
7.91375261485
6.52562849045
6.69713543303
5.67483697066
2.93379855859
4.08163242712
6.36365838411
4.0817667226
7.21951954005
7.5202840006
0.757323996462
5.44761853064
7.11735989526
6.23691294315
6.57244517454
5.29931527627
4.05980937524
4.38878331009
4.20682142867
3.80293172758
10.3595929034
7.37763244979
7.91081281619
0.672416529416
5.39799102247
6.14184874378
4.89313574944
3.10946074884
3.75697620593
4.23035447354
5.30088446701
6.53612290302
5.12988233477
3.28756362687
8.24291430502
7.46730772462
1.64168208793
6.10866319343
4.3790547143
7.88680797966
7.07527223678
1.02888716773
2.74966278999
5.88396469507
2.71626145503
4.37626654726
5.3625536994
-0.363868066947
2.82697048607
5.92562215593
6.37710083758
6.64085459617
5.59894624236
4.50767330468
8.06727777213
9.44885891846
1.28162612312
6.59123744441
5.07094551283
4.12533050979
3.50600605555
5.58931516237
1.32208114382
3.55372011899
2.67456335893
7.40710162248
4.67525851475
6.99211809731
4.97598933725
5.89431817195
9.57485151208
5.0367101282
3.73447341983
8.38946804723
4.80649984466
5.27912693846
3.7487826222
3.16310552202
4.49945348656
4.50311497941
6.41617153024
-1.08782465712
3.26569069451
4.79053780541
6.29233670563
5.69517206814
7.84621718127
4.87458310052
4.4493661093
3.0823403683
4.54282402731
3.18664905707
7.64958870533
5.69629432087
6.13762541713
4.47451597445
5.35121512708
4.71857522162
4.38028160869
6.5554629394
3.67825232614
3.66344856309
6.36592143858
6.57610012303
7.13824865059
2.422975351
5.3552793125
4.98958522633
2.17308711357
3.96239081994
4.48127817927
4.11441090021
10.2552868152
5.61223879201
3.28466760788
7.63319226309
7.75705233695
4.15750592841
5.61924712328
4.27777743487
4.37359167572
4.90226891281
3.9332053799
3.41272127462
3.74593401609
3.66305361676
4.40823913036
3.81916925161
3.82182286789
3.67412488118
5.96651630251
3.36250735215
4.34115959011
7.38865924897
-0.28172420058
4.7710637073
7.56182157295
6.3073433026
4.82795062799
9.03907281135
6.63710387189
6.7571332192
6.73450834348
6.83781686813
3.38328856854
4.72228066293
5.30123580731
3.68715995637
2.26905267882
3.83364062661
4.69532383934
7.9781475776
3.51894911774
4.34360568058
4.50224041371
5.63167542627
6.801129713
6.34624015039
2.84640233268
2.44520847622
5.83714478542
3.23363977584
6.16607705758
4.28500246445
4.53338798629
6.66053300466
3.72539632228
5.64742571229
4.64433162677
5.71374222523
4.53712970585
5.08202485369
2.47133190382
8.40917635472
6.18130162676
3.93683985422
5.48170541085
3.41518033296
4.51747135032
6.15396961896
4.32486876859
4.10715418323
1.24746402557
5.14858852405
5.32864606932
5.484537228
8.02923231618
7.29404947592
4.5556315075
6.25521832719
2.82520659245
5.71238929231
6.96658350768
8.34333344981
4.96820831827
7.84377158785
6.36685541835
4.13965940308
4.22381111741
7.61263160801
4.14137261927
4.41313046073
6.77350002495
8.80071396328
4.79628964969
2.76968918138
3.73758166798
5.60416136796
5.92404058168
6.17276361635
4.85907966478
6.41272787376
4.32774958665
4.71535174698
3.79507383387
6.36713305037
7.54218478448
3.06224828433
5.79575061968
5.26952789378
6.54392265725
4.08387164025
2.45046592366
5.96579165129
5.54738108569
5.52201467436
6.22232875004
4.56854604075
4.77599824901
6.40352472459
5.87134109043
3.88547548316
6.91801447896
2.56782237887
5.7799215668
5.63425144112
5.00085457244
2.28632183775
