4.57482575902
4.94146727302
8.46670424977
5.76001051299
6.304969492
4.32162593404
-0.0143781554907
7.84467098313
2.92362593394
2.3324146723
6.90147056246
3.79103330982
4.26771896632
5.82831214561
-0.0611916440425
4.11391897727
3.00771800036
4.75642555257
3.57719211462
3.9520609973
4.0503187119
2.99198758997
3.62360176251
5.44855287705
3.65043249908
3.74073275031
4.64245682586
6.6367792223
4.57459056876
5.10608864602
3.75363698823
4.39547635472
6.40457042818
3.79013428114
4.68352971177
3.69030584507
3.9627860589
1.31630922858
7.39328219818
2.95229771856
6.84646577109
4.19430402022
8.92282894182
5.18283244811
9.30230975629
5.55772454425
6.69823356664
4.60086494637
1.62950807592
6.83622299063
2.76597772178
2.72566091697
5.6980456691
4.45758630485
5.89670770098
0.957472392223
5.3500366872
5.88144454241
1.71865310718
6.47719428831
3.41554358401
3.42001333012
2.81533581639
4.2413779813
1.44217648595
7.50515123201
6.02805894621
3.42918204393
7.46050328282
4.68042737656
5.848893332
5.59967875039
3.85019202147
8.65771746684
5.88059246546
7.3521141071
4.62501958929
3.49456055584
7.58411783868
2.4802618731
4.13589645588
7.81817741382
7.99048917654
5.39648286556
4.02065096352
4.93486967142
4.63629048576
7.83092511606
2.75984657233
5.87541672161
2.86359031003
5.04140341396
6.96088864397
2.65003676967
7.95683755814
6.83155048727
2.39081456271
0.936488103784
7.39140991293
6.42980180481
3.21534440555
5.20242105611
2.94051757306
5.44269257271
4.03233847979
3.69582851962
4.32132829825
1.70836923093
2.0196933254
5.19554071867
6.0915048605
6.69789065224
2.98696237496
5.99001871276
5.15072197901
4.36437158215
4.72536878812
3.10051760013
2.94566255067
2.28590961439
1.68866985889
4.63730910024
2.93518790827
7.37341031282
2.64223419823
5.3803336407
6.45209430948
6.58398796206
4.52822989582
8.59646889454
6.02575990123
5.63127177587
2.69057171913
4.0944335294
0.0277656042293
7.01933056563
-0.0562909727238
4.21264953788
4.89592238355
5.61766653815
5.0278029172
6.88705717806
7.01827156077
5.04633679415
0.262577077069
1.78207337662
5.76201067984
6.25320505692
6.49470578071
9.67745155509
3.55485596976
8.81578104804
4.8726131781
1.2429659385
7.82084347443
4.00998525553
5.16358512354
3.80348602578
3.54393312613
1.78317409998
4.64053381912
4.99637641098
2.009950342
8.10925974032
3.62304739589
6.29704066602
4.46769249271
5.09151541746
4.4323074039
6.01535662138
1.41660280548
4.57408900055
9.42076768795
3.04135296663
4.14281471398
2.05641215274
3.86936132985
3.02018718274
4.78960814902
2.30219509032
6.56521213673
2.10943711218
3.66779524327
3.21395709455
3.75478195339
5.2380738016
3.95175248499
5.39927056372
3.01905976167
5.77414665684
6.37705718513
6.94648441933
5.81900187305
5.45096567287
2.24273861375
3.40613289932
2.43587928968
5.09924620519
6.80050235636
0.0544454950243
2.89855995531
4.72002504424
2.4667481541
4.34105983617
5.4226629259
2.50436049216
3.93619051235
6.4241810391
3.31388983438
5.42090754033
5.87586168517
6.29215276442
5.3800599989
4.11992166388
2.89174800661
3.17111643255
3.49477467854
2.05998769808
5.2304600776
8.10661378559
4.94332870278
2.03475513572
2.65190750877
6.24627482394
3.0348593439
9.23016729714
4.05677465894
6.06227535339
7.694505397
5.10734261674
2.34608587858
7.66510939792
0.218562471923
6.38242887511
7.18040039569
7.36895052425
7.84272594879
8.32747055395
5.18554968185
4.96489423282
5.87704186095
6.3118372854
3.40236020672
3.77798764081
6.43269797456
4.42067148844
3.1348753153
5.22684626722
6.61159315866
3.91031412625
6.2133711243
8.85732757711
5.72966976611
4.51993484697
3.15584961438
1.19625239652
10.0841172485
8.05504635133
7.61344048077
5.55262569479
3.59405118839
5.29699287231
3.40133561058
6.68178856249
5.9426172524
1.53364412109
6.23563996664
8.82879506618
3.85121362204
2.40390449348
4.99796871046
6.75025793003
7.40913020181
6.14161640092
4.81818489763
6.58005187715
6.37764978789
7.58026128179
3.82448094721
6.99984172234
3.20811201538
3.80421686902
3.95015010214
3.47010079998
5.90158971278
4.36611113727
3.54120231796
8.04038846478
1.0807920353
6.35887727967
1.06892796673
4.80617397956
3.90480527976
0.293377411011
3.44628271494
6.82815623677
4.73455190471
9.37604041912
2.76168401765
2.03612298035
7.91822901145
3.11576004718
0.103004082005
4.38074462589
5.64623237169
7.46797583476
5.95776740689
6.7729872896
4.93764264904
4.03652191525
7.95149302443
1.89117204561
2.57844980904
5.46875244582
2.80043803687
4.15057327577
7.63801412245
6.76654233067
7.19854740228
5.19291466879
5.5818500244
3.96832659814
6.50025932946
4.18088747331
4.47099004994
3.21146719256
7.45660346726
7.64270751965
7.73145597425
3.76898643897
2.0951300203
2.44833329057
1.52319667167
5.85645988586
5.59921723407
8.5860418714
4.29367188678
2.70678112556
2.9321442533
5.68011841388
6.20695579889
5.02859004595
4.39734076923
4.91848160502
6.71851169835
4.11855444911
5.71430566027
5.26699708604
2.26860816186
4.36668356595
4.8033930862
6.95076826309
2.98226918284
2.4888609655
6.0986749473
6.59704298206
5.46444207828
3.02368720382
6.84356273291
7.0407832413
6.53495557616
4.02143815899
11.0659201742
3.82153014274
6.09273934819
4.51279105877
4.48898924096
4.37617193466
7.68008482131
6.44175365596
2.4881464354
6.17385421333
4.60743455731
0.837988015465
7.49441528287
6.46460944789
4.17689747484
10.3483107045
4.19576231367
4.95571694848
6.22074822938
7.77100127027
5.51461097732
5.93795401248
7.38606270065
6.22692160001
5.64305503495
7.02952376913
7.69278788399
4.42530963745
7.33091723346
1.94440128692
3.94336318402
6.71554121308
3.50989746438
4.47981563705
4.97282959172
4.58866286872
5.68216968725
6.00666163958
5.58515707286
9.76865435021
3.93367735414
4.3410244988
4.89583461081
4.1097348066
-0.0857373063187
7.1911673335
4.45526275922
4.97721802853
3.9981202093
4.8732789753
8.69960281651
4.032537739
5.95437620413
6.43576656403
4.10213580916
5.55824782322
5.492359335
5.91510447871
3.90788803931
5.83617744532
3.75335979101
5.13028221363
5.61939442457
2.83065192373
4.59931854176
3.85842983468
3.2364026674
9.24840768118
4.3406215268
2.99083063763
0.673485574037
4.61410093125
4.92286656971
7.17291730292
6.09749344171
3.67514577374
8.21959679272
5.69395437845
3.79922551789
4.37156978116
7.58855081191
1.6553226588
4.01994863706
6.71838498042
4.26568025105
5.67144612952
6.26320300148
1.65175841728
5.89365296057
5.78716018383
3.50061010153
4.25912458128
9.8891579696
6.85792016656
3.35550184424
7.38090635337
7.87565983578
5.22919259692
2.65188879289
3.46172707017
5.03223887482
3.22900925036
3.50880900287
5.77302871558
0.957316791866
5.76414916559
2.05372151073
3.39829867105
5.94795990146
4.87274601094
3.25872853843
10.5521589105
4.46176613097
8.49384047599
4.24300695698
3.90241208857
0.584404086234
7.9660581699
2.99021601744
5.29179956678
7.78945060728
7.33243325564
7.05306549823
0.899225074129
2.95361660907
4.63501232938
4.50710668277
4.06275022384
4.90223415489
7.81205781962
4.52387859449
4.83307677391
2.36308382757
6.26908178526
5.55536523316
6.47583774508
3.88212262899
1.4071437889
7.07748814189
5.25307013488
5.3511291969
1.71884708333
4.93514649641
2.95812030122
6.34271582598
5.77107308617
6.86398164835
3.81719539638
3.50208933884
1.85639050826
3.55889349147
1.30700290256
6.00713067499
5.64207620558
8.06706471276
6.023279751
7.97157549176
3.3181293915
4.84524815476
6.15512662437
5.51323560128
3.81195150722
4.52190524362
3.99853044526
7.59109247524
-1.59035211528
4.89938880072
3.57711768589
1.69277882035
9.82184951997
5.68233933357
3.23593655462
5.01267615695
6.94941565647
5.32320980562
4.30790095427
5.04358068878
3.07018762418
3.77324628201
4.11736630591
5.23284626448
1.79257904458
4.94434743145
5.40880535396
7.92799536205
3.50571115576
5.82377095141
4.28064495301
3.32118670768
2.1865238233
4.23992955844
7.62448737633
5.77179197357
4.02519463596
3.87114972499
1.60808703104
3.58623706342
7.11028591281
4.44801090421
3.33234537551
4.33405517588
9.60872683776
6.47729424184
5.94740362744
5.99749622588
3.41197367143
6.80047753961
3.02687811385
3.31045085259
2.7305347519
8.64342559774
1.93437884533
6.21880673347
6.68531982287
3.98821818951
7.45126143057
8.28628599355
0.79741897259
7.54600853788
6.51294411374
8.71773807921
4.67100306952
6.95798952968
5.31215861938
7.25179613687
1.02419915054
5.53622810163
3.49478598342
5.86975909516
2.08274854981
3.70658094996
5.56429613994
4.95712226254
3.91114067098
4.44749411537
5.93548370759
3.69455231718
4.27891572328
2.54210796811
7.85505677666
4.3700602459
3.90362737044
4.87190367572
6.08663023126
4.14432296344
5.06954591775
5.32159998857
3.19311064368
6.4885815088
4.3937381277
2.07635224648
1.28327043868
5.29715659701
6.79371787398
7.57800416782
6.02668348384
7.59920239532
2.30904905971
7.24637091626
3.95224948157
7.24928281423
4.86206331086
2.46331014201
5.98379269472
2.76046102512
10.8587086185
5.32897855185
4.55744490943
7.0584151505
4.44916162107
4.3664593267
6.95445517252
8.16763223883
5.01850165953
5.35577780984
2.66040315655
5.50033961009
0.957375129615
6.11230564379
6.06034148802
5.22624202337
5.39032228925
3.99727803367
5.88684061947
5.4269829855
3.76411599024
3.04880651446
5.89870183196
4.69519666994
2.51028073224
9.04941086523
4.47494695382
1.56481736571
4.50998114828
4.79845820964
5.80210451122
6.23713319229
3.03728040091
2.26569616832
2.25873623011
4.46616579497
2.17688660865
5.24117134757
7.80744529621
5.54895691207
4.7506435728
4.17875931366
6.99435973595
2.77257383833
1.18698792955
2.12503180564
5.36294597094
4.50194209895
2.61548050263
2.13350141426
6.49781728592
5.65216440389
4.53017643768
6.27232874684
5.86437528409
5.52528892736
2.09966689147
2.15067825316
4.54014917372
5.90181464049
3.04519591881
4.11407426443
5.04140710061
6.30964501418
1.84920764061
1.70679535839
5.00948412496
1.53232924184
1.02368989263
6.48891691226
2.2860916068
5.98442286647
1.37476525159
2.94407044115
6.26670888551
4.17351987109
4.24313061225
5.46391579532
4.57940046429
2.87349753485
6.51227354354
4.21388586549
2.39682849616
6.71537470566
3.34408016483
3.99163002169
3.69011157352
1.10840722983
6.84229153422
4.5282674196
2.27736306579
5.55593230438
4.19087603435
5.8242066522
4.79836260292
5.1199439995
4.4222410526
5.80092729803
4.61791645491
6.44270602516
4.00868949095
9.1646026706
3.94955046165
4.58430205489
7.18666316414
2.55274538048
0.705501558754
6.71569524154
5.67168316392
7.8999554491
3.01141896931
6.31385112287
8.26901544693
0.398600860142
4.85306870548
7.12420674521
7.2870210571
0.947482062902
4.08564933984
7.9333507211
3.73439928398
8.07844138516
4.49932409573
2.13015412433
3.04701242615
5.25948096619
3.08061140461
6.99113138057
6.1316121939
7.02666796254
7.48795300082
4.70371694524
3.86020342363
8.07183600666
3.95761628026
7.4639117345
3.82587442716
2.86876919932
3.07473431944
2.76570552825
9.38956323024
4.47132780351
5.7364817266
5.58611952086
3.0405607814
1.86713780431
4.03037126945
5.85623755101
1.72995813134
4.20345025923
4.24156499518
6.56473537887
2.89205224149
9.55071940391
9.86267081487
5.29132472713
2.80871672309
5.11703212994
3.63384053314
4.36084166946
3.91864293116
2.6323654583
5.60481967589
3.15726068874
4.4679823018
5.08619947282
8.02909343633
6.70958033688
8.71159439459
7.09017914779
5.65364220693
5.62260434566
6.90511055145
7.89690408739
3.50206460397
2.31936037495
7.20607360832
8.08852116216
2.08655029407
6.17981665103
2.60399491158
3.60278394057
6.26052974917
4.71733116367
7.11074378926
3.10115297629
6.62353065818
6.93932130989
3.92383567938
4.18205922299
8.17943330512
6.06098105182
3.43116037125
6.53670805988
6.43060156379
5.60169620811
8.595508806
5.88388008162
5.30086865644
1.71933441053
4.32952317444
2.35143018509
2.44719951047
3.04023424499
5.62161468511
5.6441703226
6.22365276835
5.02844860177
4.65830458576
1.71609144826
2.6619172458
6.22948226226
4.49544853489
5.01679348929
5.66281451472
7.20985578325
5.20906980779
8.22738907778
5.71622613183
2.50217476012
5.02554606635
5.50967329631
3.36060025092
9.63353512314
4.43200195505
3.37711389702
6.69096684308
7.29981875874
2.02738211786
6.11283537698
3.24851863978
8.22459434314
7.81387865217
6.29703470309
3.21287513326
3.16852437445
4.9660274814
5.4184625329
7.08791960436
6.3875630228
2.47065791964
8.75671321581
5.28386313609
0.372649574403
7.1609261372
5.8290255163
2.39310052293
6.78087444251
5.16998250509
4.68364036007
8.19224532478
4.45168969402
4.01031062736
6.33113749498
5.70545633162
1.84127323897
6.0269730454
1.65226245713
3.0028134575
6.56947897769
1.99037013434
6.6491574882
3.28976029742
5.48204654504
2.63443121792
3.38036622348
2.52232585611
3.80531249122
5.88262213807
6.59243123986
3.39818572712
3.84954756844
6.27698994177
2.85139646337
6.14893081844
4.42695923348
3.98898132462
4.35192875664
1.14284818252
5.28491516579
5.16321315258
4.37962417716
4.99628195553
5.30826154055
0.570763492623
7.96401124937
2.96347899703
8.437199193
4.07437446508
9.11299333442
4.34547310627
6.61293174264
8.02937959385
2.67631240277
6.85373163562
7.09081509248
5.61910751415
5.83958804752
3.89069453771
6.13549556547
2.52507800268
8.75155250027
8.17458854297
5.18770182606
1.98103301804
1.12315981168
3.47234518716
5.41390536032
4.37782219397
4.17870694754
6.74167779256
-0.54903575023
7.64451819201
4.7083453736
5.17372629381
3.54393933579
1.07562561945
7.50459079165
4.10277178062
2.00849903623
5.31152239818
2.89585463694
3.23274642574
5.46640818195
2.38053268774
8.29190453994
5.21263720344
3.28098138129
7.00138336608
7.82952730744
1.49242208282
1.87051148923
1.37561714204
8.59236330777
7.02000075349
6.41649500245
5.88684034794
4.19011272208
8.15717650649
4.13625696793
5.14747687838
8.2746422167
5.93553930195
5.09921128689
8.70219466366
7.53170905806
7.59592564283
7.17379487128
4.21660235898
8.25048954349
5.38159673452
6.65772000776
5.07263134453
5.08632923362
2.75979521497
5.73771412666
6.73309120855
1.39534141471
7.05470101227
1.97666352956
5.08496014093
5.30358974244
7.10728055331
6.20563603698
2.1134992976
0.798275188321
6.98651104885
6.01025278386
3.3520371274
7.6398116491
6.58528908591
9.89983121473
8.34410070161
