0.871738686315
4.38375641216
5.77412589427
9.3093062525
1.0244075056
5.15882162287
7.14588463071
6.15377307596
4.14839090302
1.0929063268
2.78597376235
6.54829760594
4.19951671546
3.32678807823
4.84934596399
9.45989344379
4.93200007637
2.1081281453
5.51125499861
8.05874507505
4.8726547642
1.83785107654
4.33522837363
6.65819571964
6.99243181958
8.16861140841
3.28478437626
5.28213334705
4.39275313261
5.31526592235
1.46590002975
6.07317950133
4.0533013946
8.0112217031
4.78961851708
5.7533580806
8.56493304285
4.48770563823
3.91493215591
5.25763970278
6.58672231709
8.43375673904
4.93667116556
1.29483346261
2.52338430324
4.32092067147
4.88169377535
6.5624080938
3.73574869624
2.65441788426
1.59106649253
9.32103807481
1.69622242156
5.98393839724
9.35925546121
4.75576895212
4.9595031616
1.15002974678
3.94046213281
4.53455923943
5.42441721739
2.17563418432
6.09684620155
2.49840917615
5.50774435422
3.68533434362
4.94490066544
3.51349685897
4.19679633043
5.37901893277
2.16454439608
4.16707753169
8.78962677338
5.50712198472
4.57046133121
5.30577493147
6.34003330221
3.58248820829
5.40857888229
2.66880835811
2.49885802309
4.36435181408
5.60046512039
7.77707272272
3.43312032435
4.82169261828
7.46183037928
5.84509509177
2.59479757747
2.39772765214
2.32367550728
5.67328850063
6.98581475204
4.31705959518
4.14885888392
9.03423986164
5.29351755363
7.72508088376
4.58829193375
5.95211459152
5.07433498939
-0.759097813777
4.34853889303
5.79725584821
4.87325988886
7.72387222586
2.09518188946
6.39665553617
3.85840174438
7.32534818046
5.8800562267
9.09493652768
7.33873714176
0.404919455313
3.2456281773
6.04050913104
6.73193354159
5.74266217452
0.927307343052
3.2739109486
3.64906693474
6.70752927641
5.01467982419
5.9673052199
4.22965493821
4.28658370871
5.47488380765
3.9389395387
5.81883066792
8.98464593905
9.49168896123
6.06875488526
3.75199168121
4.76879580411
4.93532916951
6.46896224309
6.12006956137
5.20350723331
4.20708812411
6.7871317022
5.15991039635
3.62760574718
5.62775085229
4.82778364482
5.72470863615
4.93209362811
3.37982077166
5.15791103456
0.279972150331
5.70573436382
5.64638306844
5.2583549337
2.976383121
6.0259202547
7.6111544696
3.40767577239
5.8514469146
3.7651699481
5.46666895507
3.33655728744
6.5186074678
2.81848483611
7.18683039071
7.13385983874
3.34548090081
2.71493836765
8.32494647658
3.72936125627
6.27468291444
4.10710536624
5.06909530975
9.18234935736
3.94753918717
8.01842663023
2.69451194891
4.86411298312
8.49781334152
6.46948277491
2.84916076824
5.67626445565
8.29317563524
4.34937659483
4.7681535344
4.04906638252
2.06361230506
5.73803556963
2.72040507228
4.03498352124
3.39859214065
4.38286405797
3.89232113378
6.5383143917
1.22382213464
5.58306450751
2.23400795947
3.85167884822
4.54055524969
4.06707774315
2.41542084552
3.14775145355
4.2276171045
3.35800105945
1.84203559564
6.32791971809
5.91255650302
8.35372835803
3.24379974684
6.40245330789
4.29439455637
4.34127888166
5.83773825788
8.41976958943
5.07463567936
6.11888640717
3.82562046226
1.18328541867
0.802017883894
9.22744756195
2.23895817156
3.90011148201
4.95733160202
7.79962474731
4.18018784387
2.79243276621
6.32793308669
7.30877864238
7.24792248596
3.02758548461
5.01130694088
2.91245200004
3.63750162672
4.64071462416
2.99383120598
5.54054281424
4.90962121765
5.78543406283
5.48595600191
6.56988622994
7.6996065533
4.19164129866
5.26372499931
3.20617921749
3.21148426071
5.31401327036
1.82036757981
6.2668081259
1.79272255515
2.26810593311
4.94707849494
5.60917596125
7.72612048211
5.55264492434
6.78116168319
5.92479513775
6.75850507253
5.36708259227
3.7160321938
6.43977120015
0.907434249063
6.81231130158
2.02874019652
5.87197542874
4.97970694133
4.16483173519
5.5771022861
5.11987078104
4.91898922893
4.79295773364
4.62497412671
2.63696907979
6.60907293167
6.51047322496
2.66419691658
7.35220004906
5.61677177801
4.77123281649
5.94839654184
5.00403301531
3.86507888103
3.96075646613
7.23976391986
4.42947061896
7.0973948249
2.29869593768
3.52592483991
6.82155946021
5.0971687639
6.17482243783
5.16633213218
5.56621038279
2.59517070148
8.74305083978
2.97421667598
6.29011499117
4.3031002526
3.354618308
7.1563897051
5.53445454755
8.41818907797
1.07559625151
7.53032096665
4.59036962983
6.79599186781
4.44581090519
4.52548220164
2.62276017066
4.13890404419
4.85138539312
4.1033159503
6.1754339435
-0.325416199718
5.45973934002
9.02501232713
4.58913178844
5.56127422189
7.96951614202
4.24819365673
4.50007679812
0.0706114665694
4.43206689959
2.98198285883
2.82605821966
3.1816936407
8.84100214132
6.75225669918
4.11395086003
5.43382482442
2.92122847804
6.62378438108
6.25992750073
5.9074051753
6.9125225238
8.90930044657
3.41136279212
7.32006303191
6.61909399369
7.51136996442
-0.753984479517
5.30530671175
2.70341562389
5.7273091073
6.06828652797
3.89671447912
4.59133982689
6.57749790694
6.75934578546
2.62892600869
3.98204553204
7.07086670616
7.67970710169
3.39172143845
4.08112008349
4.83527029233
3.49652493498
7.46845884315
7.9898506558
3.08007705445
4.12871809178
3.52670900946
4.64145382271
6.89885620798
7.27013586279
7.80601841762
6.24246309315
9.15638191634
8.32607456783
5.01088500254
3.84617765378
3.09552000038
4.12714281666
8.45217311764
1.74323945306
4.76272419351
5.07197335576
5.19698002747
7.89687824127
5.75329996765
8.72847774159
4.3950377008
6.35521339452
5.90405837688
2.98787135656
5.94946446702
5.10269526821
1.76351979329
3.38231510608
7.44287958218
3.19505167101
5.92079303654
3.63201915584
6.72300503285
7.06559920993
4.98664846541
6.51884760096
1.37205175147
10.0693907196
6.18775216316
7.63305086209
7.07021046995
5.36054952831
5.18330262695
5.86374986989
2.72643788531
3.5040706094
2.08506008986
7.66978245647
5.30134848442
4.21481562479
7.40953933959
1.6830976485
4.71397205285
5.17269755853
2.42952638499
4.72268405773
6.73663606829
4.26423487044
5.74944705219
2.89912906398
2.5195047237
4.89620009719
2.83343229693
3.02822136547
1.51972375341
5.88530103752
2.38935478384
6.50529936739
1.30720156161
-2.27141484061
2.87451461394
5.64205009735
7.00782080125
1.7658897702
2.19994026788
4.47745090453
3.25974926353
4.20838093336
4.35951886193
6.31802511793
7.75204723454
8.370771823
5.20304520298
4.07082673136
4.77594278295
7.05814333433
0.90856801482
2.89847301304
2.08027465419
4.09684257599
4.03698173044
3.10830292492
4.65358522116
6.42012942809
5.1105917672
8.27533402523
6.98465303386
6.22183771707
4.64165234702
6.2603495587
4.74520821503
7.50725796736
5.86741840783
4.29021044115
8.49979153921
3.87628729315
10.3356911825
2.32821013169
4.76824471363
2.61944698641
7.25365933162
1.49613476359
4.25587882937
5.26563111379
2.16143589188
7.44438923154
4.16641315203
0.625031454419
9.94746292301
4.53751759042
8.57401734225
8.46421728518
3.18531394343
0.28237229197
4.70366899593
4.76886486035
7.86366675737
5.90404127577
5.03043677862
4.65758579872
2.19250570915
3.48405268318
5.18877393497
4.36109478717
5.70898431309
5.66105709136
1.98071543295
7.22821461618
7.28400119098
4.89032282394
4.61039874895
2.94431152042
-1.00093813201
3.1416292466
-0.0161361373756
3.23744032985
4.11824159863
5.21820466792
8.27478957438
1.97910878515
5.89816259436
6.54446755385
6.46571523734
4.96117161094
5.36716517109
8.41580533828
4.49841983348
8.42402891726
4.20220186549
6.2843944832
3.01605321002
9.79735910208
1.46752550454
5.42495872783
5.74267303403
8.47100456503
5.16912851969
3.06815627445
5.94164633114
0.262406634288
6.3269311599
3.59918694659
5.39285356195
5.25492872861
7.42597992047
6.29458809307
4.48054407198
9.55683536954
2.49458162055
6.01129862077
6.77876014949
8.75767101918
8.49708885281
4.20562057594
3.16549353526
7.40258838854
1.9864942955
8.0661492541
8.42179204964
6.58413012514
7.42139093565
2.7715290192
2.64403868126
2.42347390618
7.87851470397
4.3324094806
3.83368572032
2.70785067972
5.87038505599
3.77559628173
9.78989436586
3.16446717987
3.73176151497
6.02494529671
3.69394500704
7.00484950091
2.17411070341
3.1937980353
3.60272209053
7.16780140895
2.72525292863
3.1514201541
2.94019827927
2.80306523564
4.29097777191
7.57901270889
4.44358211642
2.66924543873
0.61060477469
1.96215362233
2.01535164031
6.33012186248
7.59889906466
6.34963324299
5.37533155344
2.05966830784
4.68491642161
3.6659517925
4.24146612296
5.3343382257
7.68369567884
4.81611637587
5.98877712882
4.95742341741
6.80972052206
7.50810802328
2.96035374319
5.50895979253
2.54152400119
3.25962622958
3.54147113544
4.30825697722
3.70317384419
6.51593770079
3.06951138329
2.06050523753
2.17647452787
5.15987872305
3.49048426258
2.73299648131
3.79809739396
3.86624556063
3.54626772654
8.25058372089
5.68585809003
4.76562289172
0.170382890465
4.84208076759
6.8432843149
4.59520310282
6.12469074412
5.58058892181
2.98606162545
7.88714941483
3.41225116222
5.00834866848
4.40121453167
0.215052722044
7.51563080176
6.22298296869
5.06519187333
8.9441326211
3.45879547648
7.62497398626
2.02984345315
5.32826399641
4.57380205751
2.88690327078
6.28199122924
5.77695121077
3.32001803894
3.39054013856
8.89348118568
4.52608907664
6.81609835576
3.42497793377
4.36624055946
4.93748627613
7.6575534495
7.58266674738
4.59194876746
3.4279390066
6.34674841748
4.14871530305
5.96735640463
1.77029791743
7.02945710033
5.34820721931
7.30219623871
5.51141802488
4.54597972129
2.33910438474
6.80722737528
6.1679248256
4.12614850967
4.37489107017
6.89565451735
6.73721173428
6.61774346646
3.52139368222
5.6775198569
6.53794986259
6.33611540326
7.92393997079
6.3995239791
6.07899057719
6.51514905398
5.76771556839
3.84470979048
4.16928780438
7.96954389055
5.3189396788
8.26052219936
8.18233560364
7.7744461217
6.76252970734
4.55670019856
4.69258576137
3.38274169065
5.72262566439
4.75119664854
4.86125460498
4.64466805938
1.57171077665
4.04963465787
8.09190780268
6.02206544025
1.37477283158
6.74022977014
6.188267832
3.32491984672
4.93082691848
9.11589766736
2.57930973423
6.52180024355
1.77811904445
7.3899730012
4.97527918373
1.58181918017
1.22707776568
3.88604081498
6.62757176934
6.20390565173
2.93219717101
6.68632934811
3.00099282558
4.40414830336
7.8471995964
5.90674576075
6.79699540648
6.76246321929
4.45506474515
7.79287126359
2.51018497125
8.91666090947
6.99622527263
3.18207879876
5.00937079911
7.4287410155
6.68125916675
5.15610849907
5.66004526697
3.62827837914
6.00400789402
6.55068976511
1.67405336489
1.17227703675
7.62435332797
5.23130133566
3.4131127034
2.68166968936
6.49786896623
5.37570859674
3.98165372774
5.17242226714
6.84898667243
1.52522862241
4.67508774355
6.59216000202
8.28256415547
11.7755463498
3.2663207657
4.98671560386
4.20508401621
3.70801159401
4.07324216786
1.53162611881
4.04692070516
4.39015706149
4.13572305835
2.39147186452
4.33438833211
5.45231977071
4.84977544891
6.57318657095
5.46971313409
8.13914293711
3.66224830906
8.29696568803
0.630369406686
1.45155843059
2.48344661702
3.7896741516
4.72903063006
4.28757394596
6.56793572483
5.97315855371
1.68086799198
5.49974089945
6.49820900037
4.12774131801
2.35463875295
6.37924267813
1.18117490214
8.39554287768
1.58265429977
2.77451544573
5.3814896553
6.05510841064
8.46676032524
2.76690542499
5.60613045889
7.24683205565
7.86513322271
5.62124024373
2.43649299903
3.7367570339
4.57526066113
6.13912253941
6.8135368398
0.717389352679
8.29371940466
2.44582929565
4.77136634539
1.51456906529
4.06602738042
7.43357118471
6.77385531094
6.84596013329
3.33789906118
4.49231263841
6.22189715767
4.62361595829
5.41823230737
5.19740727461
4.88565240625
4.92903005053
4.44332064162
4.92788804909
6.32406160396
5.75144190353
3.57520952949
1.32552468055
4.84739648565
5.60254953124
4.50753136474
2.99751370651
5.96629726421
5.34250257394
3.35467802577
8.99650746598
7.75371915179
5.93881559934
6.22031925254
3.12457916629
5.69859288753
6.08777799957
5.82488223758
2.24397601842
3.45131011621
5.95630512337
6.93649903643
3.94798294113
6.47517685169
8.49185115064
5.7179754341
3.84215826993
4.86043425366
4.69708949586
5.19642584599
5.17068154556
3.91485133522
9.78386251906
2.88816378973
7.58020848531
2.23287899477
4.39357395802
7.69377924402
6.10662532944
6.19191460581
5.440247685
4.01808648322
2.79130562491
3.70167616337
4.33763061724
8.15703709158
2.20709959488
2.6413375054
5.92373473875
3.14178065469
3.96787277801
5.26640987394
6.50335609842
3.87594044449
2.58101534011
3.87524404077
4.44727451006
3.64151778595
4.74191113784
4.49139409132
5.00557692062
4.31244171129
5.44268454407
4.00993371486
7.31092222962
7.82242680008
7.25762104835
3.87521532727
5.25871676194
7.4499248336
3.24324596945
6.80867254538
2.89782228121
3.31212121694
4.13145630772
9.25144392877
6.99557918294
8.0724128418
4.12152297885
6.85999309782
2.87187316479
2.64722147537
5.0791145866
5.35144144393
4.91991295821
4.02947880763
7.08816587998
6.06898844519
2.67196493692
7.98268903216
2.5978798204
8.26903711153
7.01091801133
5.41908268123
6.49601986563
4.7233803766
5.47332388245
7.21140638569
6.0958984825
4.04825510402
2.44975290431
3.23465793505
4.50572005642
4.54415559091
3.94614664966
5.83127379918
4.17189096587
4.07024226186
7.22248932005
3.13721073136
4.95313410699
7.01635337752
2.27624549522
6.82677715438
6.47525601137
6.52391588321
3.65798115755
7.19344292594
4.05971465891
6.42949005388
3.3041356785
5.24388058636
4.09291705039
6.43088146483
5.40954780244
3.76140369267
3.67763114712
5.23923191491
5.57071255639
8.24304228552
7.16397235108
3.50674956881
3.43489397676
5.71709329439
4.15951186437
8.23762252973
4.55556668173
8.23711562145
7.1000532402
3.89418460863
2.32095952224
4.92670063348
2.51422481131
1.97762570147
5.6219719355
3.58813843814
3.22700237325
2.52217585678
4.60690902909
7.64527973157
4.71750814779
3.36871752583
9.00221287198
2.5179494926
4.10687974681
3.50878658161
3.09707158064
4.60937354714
1.15492020368
7.115951794
4.33676605898
4.64970365133
4.39573436932
6.43004776279
7.04795535299
6.16161714839
6.30630402847
3.85581844548
3.84070398037
3.0637905626
4.01286077802
8.43829252722
5.7101499025
5.41319345029
7.18516590943
7.26826644816
3.68924173576
4.84494261039
7.36546240029
5.41119639915
5.50554369677
2.64774614366
