3.79587488061
6.98033344929
3.8863670942
9.4507252481
6.07364488245
6.2491509016
4.37305748004
3.32783647134
2.9390126565
8.10662676305
5.45214671773
8.906840492
4.85704313198
4.59960120006
2.40939680118
4.39844637076
3.95876736561
2.36720214725
5.70433081929
4.58341523597
5.86169088013
9.33159728251
4.31466699863
0.85704502637
5.88501523705
1.45443748551
8.54733530325
2.63632818405
8.54706861435
3.70872579231
3.99311869979
5.00668745329
4.27946069586
4.04318796835
0.0318744640383
3.95014982816
5.63998298476
4.07754402553
4.86879887714
6.32122366823
5.21351508023
5.15780974771
4.4491878174
7.13712375766
0.856118167475
5.46282041017
7.91770798725
5.07669159751
2.77159476929
5.74291283848
4.62943299843
8.16643365592
6.59198660933
4.55976237075
2.81004645797
3.98852268526
6.1746752213
2.45855136678
4.03954522182
6.58372335244
6.31855969002
3.33656030498
2.94617796284
6.77305270914
2.95469570364
8.40833645959
7.01922955821
4.08057358272
2.83562839004
1.98166062013
7.48195320953
4.5807633732
5.82381593737
6.17919476911
4.5573150641
5.67428414796
5.46108196556
1.74494029951
4.45962257822
5.76431508555
3.00982928962
7.31324297497
2.13425958288
5.5797663503
8.16762433596
5.91093580372
6.27510825873
4.58853776869
4.35851195635
5.62965859667
6.29911787315
5.70087531702
2.81302841391
4.90038903006
6.35364018854
3.72316565664
4.91564955617
8.33525679168
3.04867022456
3.4088787877
4.4850484171
5.45159918124
4.08270460294
5.60824388759
0.761975443934
5.92470514198
8.01935530706
1.7488161395
2.26935158648
4.58500496192
2.80060392984
4.91966050301
3.13230228039
2.26566416744
4.57583981683
2.10951153761
2.4380262545
4.63015160614
5.65962149601
5.10953272626
5.11618442251
3.86384110446
6.32316813575
5.2867972395
6.91333384948
6.82148116573
7.93673772312
4.18866700129
2.18045908982
3.59495288215
4.7094436939
5.94950626172
6.18728899916
7.91202165399
5.50838267534
7.28143698419
5.90760622264
5.22854331059
5.24166455369
2.89034123071
3.22643025338
5.43014305962
8.63274491873
2.86414862681
5.90860899303
6.81774391244
6.26325123917
6.77990511913
8.78671228204
4.75867093417
5.51953833311
1.59027927956
2.76586191461
6.7381767007
7.8222833795
7.66303516084
5.09286387488
4.50026086714
4.09527729006
5.90398239793
3.97586945204
6.9648602979
7.05223903019
5.125957317
3.06988784816
3.89416992014
2.94194787802
4.98885810785
5.90975488679
4.3202556868
1.2078010044
5.89874303601
5.19379664656
9.02905683763
2.04220133938
6.8042138859
2.98130422289
5.49240685228
2.92949212429
4.05308764702
7.13594685445
2.15198084492
3.73718579696
4.36012862548
8.58765699795
1.80314023944
4.59526218921
2.19215597132
4.19314738225
6.10349105466
6.85783238038
6.68325932082
5.53842081889
4.1824520099
1.06310122219
6.0882570342
4.73334902274
6.51843996409
3.83583993468
2.43413970819
6.31512737351
3.87413767446
8.39077264741
5.20654247679
7.58847841272
3.06930243188
4.02348365215
4.41457136748
5.61404939329
3.30110838247
6.24442248781
4.30059412641
4.67903657991
4.60476908705
3.99987165603
6.82426245429
7.075965434
4.89892074338
7.61946136774
4.60439681151
6.66629607832
6.82286810599
1.89549993334
2.96686255916
3.11489197725
4.08909885836
2.4427619891
3.38699169807
3.17053483043
8.43308069475
4.06544833756
2.79919980355
8.21301009703
4.14898476174
6.0445281095
2.605600422
4.15002766079
2.4524843733
2.80382141709
3.53860216238
5.24559487516
4.8046385753
4.84443379792
4.82649405904
6.0200925038
5.1755982128
5.71619727209
3.71687536866
6.38599292364
4.93730022772
2.12586907335
3.96763254329
6.49322742345
2.71785377119
1.14752506959
2.74131992379
7.02459524296
5.61784399181
4.27689685162
4.43690974483
3.86179003098
5.91966698061
7.68786784888
5.62696909209
3.5057456956
2.77885641027
3.57394704613
4.07632899729
7.23269004468
5.11498238569
6.41559269514
4.19797479962
5.70134131668
10.5014249428
7.11842674407
2.59301825223
4.32480724893
4.15546597088
6.59665251881
4.97615350177
3.95890835652
0.762469331688
4.50078411966
4.4175894197
1.09313794889
4.00083906315
3.75215150743
2.06676011214
4.01615470659
5.3295630865
4.87114589582
6.58438111013
10.4997026649
3.03333641212
5.44352463499
5.60684440641
0.644597018278
7.5356787209
8.08352298712
4.88658735235
2.31389716464
7.93876482838
7.56879303034
3.25844676295
2.92871632269
3.96699382115
3.87604840459
2.92849218555
6.99639454647
5.2568943646
5.21853021721
4.98225744717
7.0501570264
4.74955052021
5.62845467276
8.22567012659
6.5267219644
6.77778325851
4.37921471265
3.80025177385
3.88187554374
4.98410721201
7.78193785342
2.74068856977
4.06474078133
2.76388614542
5.09235281952
4.39252721898
5.00365223558
1.20855470706
7.51346127302
5.16767711434
5.8912332414
3.31252550464
2.16647915795
4.7477222185
2.43388619847
6.37409045635
7.70362585048
3.0690596614
3.59099409531
4.46936885376
7.05546206337
4.76629804697
5.56544821861
5.45769741537
5.2049859923
2.95947476089
3.7741020226
3.60372016651
2.17806569733
8.11696910401
4.91623171911
3.53732987931
6.9432519807
8.15423256941
4.15080421349
5.12584764778
4.47331389956
6.99359446475
6.00875955082
5.25717092395
5.89615645776
5.40365763172
5.49112464645
3.66555416304
8.1986693924
5.5564731989
6.0666179845
5.75902446604
3.16508718702
7.19893013041
6.57421518466
4.53576170632
4.56214858758
6.86134823058
2.87205957617
4.82071371837
4.48601321622
6.63153757899
2.7850969961
5.42993589794
4.380912422
5.16606511105
3.68679884572
6.9095050857
1.00116320497
7.45517401324
3.48959490543
6.75954748069
4.89292599127
3.98109976576
2.39186901311
6.87564175309
3.56466921188
5.37396381079
4.84581554501
4.2274308902
5.65681180554
0.420097467531
6.59350891
6.9124133221
5.65811518502
6.62159858385
4.278505426
3.7424463005
4.10170179752
3.01015579284
3.09504907356
3.97166025147
7.48284832649
4.5813005047
1.04981906073
5.10628480883
3.99411943152
6.66759768264
7.1767482378
5.39149785065
4.76083475689
7.190313307
5.14744053139
9.2707487583
2.11906514508
8.25324611964
3.65493813952
5.36502722488
8.67453116399
3.76751772324
4.13114063171
2.60596902422
3.53469426254
4.46989212718
5.51334144333
8.87145093002
3.88029219669
7.81167442565
3.91704655522
5.4469234696
2.17513199372
7.11569393092
5.64900472023
6.04068554234
9.10542356325
8.46164804719
5.0084140646
8.58311169702
4.67778945206
3.51640142795
3.82865267671
2.82231565255
7.57646095489
6.74392643699
6.91338136522
5.15103798778
7.43461381564
7.16271693178
2.42211161817
4.79952547602
6.03664664499
6.42122691421
8.81174568059
2.85043316199
4.96990155127
5.32152785314
3.92506996341
5.44995315245
5.64647562942
6.51038640436
4.95231667851
7.42789562259
3.72162403865
5.6201096294
3.63544384051
3.04527743098
6.27443920983
5.68434415166
7.84548586159
5.87542348291
6.57267054056
5.49739823596
5.37326403624
5.33029584141
4.8983836856
3.61691222327
6.32406618219
6.54838710009
1.77066535664
4.01099926428
3.09008065705
3.76932824042
2.60792516764
8.3787825914
7.60467044654
2.72338185384
-0.333590410936
4.57487427868
6.39204780574
5.64986601098
4.27275815987
6.40892124399
3.22915540709
6.20805418719
1.44600583821
6.23988728805
6.3037166433
5.0314945284
5.43469370537
2.58835481531
6.85574892359
6.12919913039
1.75765971653
5.55489029605
1.08171360487
-1.88432695799
4.9500898388
6.60159183694
3.25793596789
3.01657763225
3.67378295684
5.50561948697
7.43982825028
7.58329990279
4.11537065795
6.15774079463
5.02875492599
4.15310963949
7.13288646276
6.44936579382
3.05390517449
7.06393920697
5.43163131776
3.34597216954
4.08432166523
3.27069186175
5.05772436812
6.58661118173
3.24255305189
5.67415435262
3.27335847049
3.91401929846
1.52299000962
3.10793067838
4.0428081533
3.62516735504
5.58520450585
5.28783123083
6.86623295626
5.32407726623
10.2443822219
7.56885709988
4.75195126384
7.1381059519
6.03432507924
2.933468896
4.03965983772
6.94265675918
5.70323700147
4.46459306539
3.59382951632
4.39157705457
2.54415808196
3.89542546607
6.10762393362
8.07724740315
0.337582521928
5.28059116371
6.12360535848
5.86296979985
5.3838998797
1.34506782419
6.74033509944
4.1098941277
2.7534456188
6.5449401708
5.30511330116
1.95693675692
5.54758642893
11.226063914
5.81456020366
5.12498536558
3.68397971628
3.83206388181
5.79473489513
5.04430959175
6.29823404258
5.21350503946
1.37718576418
8.2507719993
5.12085432308
7.8420633993
2.56062962082
4.25320203931
6.01419761924
5.08271345639
5.45106510153
6.88524330812
2.64020458289
7.15741266388
7.14713016355
5.21621394924
5.10100015831
5.6665340296
7.39318606396
4.80899241816
9.08254208248
5.11477523094
3.01357720762
3.03939206024
4.45061533598
5.67391715956
3.05285197582
5.96981999757
4.71046741988
6.28261099489
7.75641465325
6.98071178097
5.80777371035
7.264048153
2.06842599956
6.7516501854
2.85071796743
4.05220825605
3.50551757978
3.49676045709
1.56050793291
5.18472980134
6.78573239957
3.05537130324
6.54580669454
5.2049982765
5.87630249679
7.07683947037
1.89797754045
1.1633005565
4.17691518018
3.75144561235
5.85599943873
4.91243801219
3.35146841854
5.20146520412
3.81948421427
3.74259811464
6.71099579666
6.54905818988
5.32263749829
6.03281625178
4.2570626441
3.92072485983
1.84702664142
2.61204142003
4.38730523897
2.37403968741
5.57339967899
7.72560756408
2.46770723893
3.90698829821
7.14348798366
5.13592103944
2.68680010158
3.93314894286
4.28861217418
6.96446895336
2.37198597538
6.39304208223
4.23894737454
5.7919634039
3.41417206782
6.04176295754
5.45280978788
7.78042133109
4.91263707214
9.51088927005
4.01843501455
6.07168595337
3.97650226036
2.68646513716
6.67102641919
1.61134448449
6.10869196853
8.9696638362
7.71319635775
0.822618820878
4.1876185341
2.30914728892
2.90957974899
6.8495204649
4.93516204376
4.88154036265
4.64932584036
7.42357045457
4.76493759046
2.86192664021
4.99057717078
3.70174185244
1.16459474271
5.39903606314
2.87313710148
6.06332013657
5.97615167335
5.14142690498
7.63570175494
4.31761414178
5.25184376066
4.59060131374
4.97768608463
5.11830426458
6.52699981221
-0.267623759293
5.77201814625
7.41743290435
6.13794947083
3.05568241293
2.68822040522
4.92024453154
2.27069625797
7.57021261456
6.29775339212
0.822712697344
5.99821749766
4.07996633993
6.53361835324
2.79448915593
7.17313228785
3.85301511131
1.64180857586
9.12995937116
8.89275105008
4.05765301595
3.56017426116
4.98139078448
7.60274010585
5.81489952453
5.86543196309
5.67162915355
1.8532218698
5.87929067567
5.41469600078
6.14432760773
6.23559783564
5.40819133523
7.01544186863
3.16692242319
5.45555227937
7.68174557294
5.16122001157
4.03959391391
6.58999789771
7.6456166293
4.9551633969
3.57641656418
7.05385746011
8.71259276503
4.8278581559
7.85964612762
3.18905326538
4.90177182956
3.61589355109
6.16831240206
6.62750183526
1.30922504313
4.97942551485
4.88624707131
5.80696628033
4.06850323781
7.64258515466
2.3197750141
3.67953885759
5.56587863749
5.5968305705
6.53116255849
6.08038209688
2.50716952828
2.61566266109
5.32771927084
7.21935845943
4.83882738098
6.45620214823
5.71158430308
4.05668258884
5.26695150477
1.80159192345
1.07635489256
4.68947145273
5.19736422224
4.34208347257
7.11448471702
4.66368080818
8.69808978422
6.90255266398
0.491220496977
6.70001982898
5.00542063553
4.47220307025
5.4200700953
5.08280268331
6.33313725524
7.54336984586
6.15863838132
5.54778556833
6.80967769343
3.75177668712
3.37073626281
7.01623884505
3.03122753767
5.98594613933
3.49560160351
1.1768023601
6.89070582982
2.61847369782
4.18894344354
6.65853007819
5.24261975799
3.17377241863
5.29639447698
4.48592358797
5.83499242864
6.96797739089
6.01988263731
4.71743525401
1.78749085741
3.92433311653
4.95801129723
1.37925634952
5.209089508
4.43182104072
7.74919194085
3.44988098264
7.54466001529
3.85793691538
3.29224964122
4.58831741417
4.48331143761
2.22168662385
5.90389160259
5.49239294243
5.39199732224
3.36015063497
2.82895814774
4.06965252306
4.57232785999
4.67041255261
2.11044426313
7.08993480984
5.03682942661
2.02626900187
4.39687960798
6.56205281578
8.63621754453
4.88311408382
2.86786335187
8.26288402852
6.37497341375
3.1897236682
4.09458713571
5.57904235281
6.39146389571
2.53076583733
3.74070473447
3.97719509164
3.16599259299
7.011074432
5.39555321758
4.65128244102
6.13705210268
2.66815215563
3.5416597577
7.65662775036
7.84007412598
5.23469914407
-0.0691502298414
6.8707770324
4.47940889892
4.89345662246
2.01487760086
6.27942086872
5.78295402822
5.50110658379
4.23930549711
4.18915658574
4.5071235427
3.06648799545
2.49841429211
5.82942054993
4.32770182636
3.20596694512
6.47659502434
7.07627455393
5.16876669107
4.84277822259
3.00834646616
4.05053063404
7.4631310644
4.34396683417
8.02767525446
8.40956196229
8.32688449859
3.49023638356
2.70689133715
3.70378254128
7.56800729335
3.18930203804
3.94310525625
4.79965012643
3.41802699766
5.99807128442
7.56876466351
2.63264002489
5.00055231878
3.9955692764
4.29297907845
9.07963177432
6.47406497277
6.32403719196
6.50298684658
1.85292379736
6.76308836609
5.468259506
6.83115751674
2.59450677568
3.72007395216
3.93787539435
5.24699121177
4.47368274516
3.1830972262
4.68211604802
6.5958312812
5.70273597887
6.99342518063
2.7640069927
2.96551069945
0.256120732961
5.09655159673
5.54400360006
4.35571494911
3.371251019
5.70771553138
6.24814794158
2.43462661902
5.26129302095
3.6526081297
7.72992373938
4.89014615715
8.13379967627
5.12570675267
4.46968968966
4.96138495728
1.49900980147
4.83473505464
1.83647373326
7.03813222856
8.86536006385
6.94593296943
4.95707098219
7.84347397158
7.1954280129
8.14121512171
4.7064279543
8.39710449172
6.09118375122
6.94552883379
3.67486601276
4.1337107796
2.35789211485
4.22904435988
5.04226534711
6.85690839592
8.12583630781
5.60615191617
4.48939338527
6.27365721241
3.77861548728
4.68703984302
2.20057138042
5.62001043177
5.18499405026
3.52267155962
5.22303584872
5.39102859509
5.72452761704
8.44696729926
2.6416140274
3.13511339004
3.91520807231
2.06422257528
3.84800688044
1.91896487253
7.0474038312
6.81143891107
3.00457644621
5.41060906729
5.27041297152
4.04922094621
6.93957972827
3.75752345326
3.13329620792
7.26046802972
7.11698352106
4.13915966435
7.84662703974
6.05263202875
