3.08830329066
2.82168300321
8.37533036081
8.29762111439
7.17358552407
4.75641315838
6.19240949267
6.64371938026
6.45454299194
2.27233340403
4.25526082367
7.83796566666
8.44095753618
5.26200450679
3.43868421453
5.30088567952
5.42527069957
7.39819818852
8.65459197995
5.15476437181
3.67246288528
0.259993569176
7.30281900288
3.97927226008
5.33857289362
6.68673871406
5.90240211327
7.17813876706
5.61654528618
6.43805255202
2.18665262197
6.42495566832
2.34179913869
6.34259278225
6.56125855315
3.20860720352
1.84941941959
6.03952567153
2.17610307186
6.35464207712
2.15976090313
3.4364894956
1.02118267139
1.2830977613
6.1446964464
1.12792834242
3.1504114928
4.24211264043
6.55144726571
4.78348137032
5.17026184491
4.20745081418
8.98956263755
5.94411931649
2.12454450545
3.8201572972
5.01918271443
6.20121630639
5.7913043386
4.22413208274
4.88957319231
4.87367320126
3.69128288521
5.89618585652
1.65023509679
6.82339066768
4.97416250901
5.22531127392
6.35244326
2.04703528999
4.53548017588
5.77364864612
6.22809882384
6.08065959325
5.40405630107
1.95198253299
3.80478439121
2.83050933885
7.67478439848
7.86111337481
4.19234528892
3.77208086715
2.67666958825
6.74510166616
2.02637972062
3.56422681997
4.65488358234
1.90438830581
4.44525682239
2.42029056146
3.99670244992
3.36270037935
6.57520823019
7.01708286731
4.7741208829
7.3725055913
3.66236262868
7.8547088606
8.00157211446
3.11553436744
7.98745935219
1.12805210965
2.35004628577
6.06110978284
8.12223860267
4.52272361712
1.95820980612
6.5304829835
5.32386704725
2.80727402257
4.00527548971
6.2852757032
7.20145030353
3.61643505011
4.73476894746
3.44105065969
2.28924787516
3.47611973635
5.7692116955
4.84821573457
2.89628330837
7.05966331051
3.00551326227
6.6248543465
3.08829075662
5.3027277958
1.74438946645
3.97664070264
7.38039495653
5.08282711974
4.09797511596
6.42847145561
8.98006970819
3.37134323689
6.76478411923
5.14188697533
8.32026397653
4.70447152451
1.71318668689
4.53146112806
3.80490554271
5.93416251964
3.82125612365
7.37933961699
2.98182963515
1.72033210662
5.15537701137
2.26871066085
6.33374205418
6.86286233399
5.0922643668
6.6819935949
6.28439483172
6.17858597398
5.47831214255
4.12336681343
6.14546418716
6.35845539212
4.77773123866
3.05383050788
3.00583290353
4.10215889537
7.68085565434
4.49562821843
3.40732767456
6.16574359145
9.57482746689
2.46543263661
0.411827327333
7.92766887942
7.95213393888
7.05961535611
7.71517399591
3.47976941462
4.93627961903
8.50773025316
5.901191982
7.60093087906
3.7096816441
7.94225365022
3.37516001068
5.78976078589
5.61251563386
6.93870861713
2.33389335078
3.51086097213
5.63954712012
3.8970985964
5.73949500255
4.5415420509
3.45525590931
4.35043120611
8.39189768017
4.29635128757
2.33763023938
3.9759673211
6.12350850305
5.7280310306
3.98139450908
4.68179659451
4.1383365568
3.82215855836
4.28735550844
6.77739203948
9.30538625684
4.20064077547
5.59375254648
6.25781463911
5.74866769665
2.05235142074
5.96243387074
9.49086379994
2.79988863547
3.34902420998
6.04145130406
5.49948307955
9.33892861758
1.99514186596
5.84796065562
7.17147262683
2.62417348929
5.42571881156
6.47945737329
2.21276490989
5.60933849235
9.17650153716
3.43251119798
5.42350677657
4.43497380616
5.45336144505
5.0198037977
6.65649995508
7.57529566429
5.18899985399
4.41908987405
6.89429117774
0.417376486216
6.84202259297
5.03325920123
4.69602274453
5.65070580025
4.70124853161
6.91119951535
3.63380123812
5.68773057131
5.06139530151
5.51171033668
5.62639999109
4.65081448573
4.37149753004
3.94170014473
3.75840636708
5.70045114266
5.7579789854
8.62001628724
1.94323216713
2.89009160206
7.44102013224
5.81457100861
2.84678227877
7.21208972094
7.43725677669
7.84154088003
3.67821014226
5.66417033484
1.69191707016
7.29926766657
6.14443971526
1.0874830245
6.67668467069
4.92429473816
5.82817865697
5.89010397918
6.55630532281
5.31071993026
6.9717853764
5.45002125759
5.34086526924
3.36413238303
4.49829147408
6.35371172155
2.33898433183
2.22902122179
4.46467605633
5.5843731471
5.17253525063
2.28849668264
3.21507916552
5.06057624856
1.83746703935
3.70968299432
7.11216088034
8.83182468433
4.07459065748
6.885023348
1.56046832199
4.94835729181
5.85946702145
6.3941974739
5.96702929276
2.02274033056
4.05524438574
3.85579460244
3.78539794313
6.4581019279
5.10966067233
7.54036968675
7.24750235738
6.75712473148
5.41799392123
6.14027503822
6.88215334319
4.78639217512
4.94613226814
6.2980484113
6.46022117675
2.72080452519
3.58078501231
4.6487744977
7.58757453239
1.57125932416
4.30414786369
3.31192101631
5.04757288451
6.71388131318
4.61878815137
4.24581296061
4.51390829493
6.1743433948
6.18426815509
2.96344297475
7.33656202932
3.66593563837
5.02662586007
2.07946474254
4.62426980309
2.90715512352
4.42534720242
5.70706546128
5.06511357979
3.62019288621
1.61765936607
8.64447344679
4.57486119413
4.11056137364
7.80898778722
4.90960480763
4.42104430486
3.98170220829
4.68284976981
8.15286756662
3.76923204064
5.15017791729
9.48345295401
7.83282883921
3.56831549479
3.5713710822
7.93945924068
5.2289702574
3.10327486297
7.21055130865
0.900290440875
3.86643825963
2.26411604005
3.2306021699
5.55042169878
6.90507882228
4.20811356127
6.22566349796
7.70266571102
6.85422120571
2.67022219585
3.86036914559
7.49021677153
7.55484125964
3.98886925073
7.7067631336
6.48656670107
0.418315164206
1.30377217913
3.61491611795
2.67381403031
8.66305263986
3.10548227148
5.37699641099
4.15226018295
0.397006550613
3.02037250043
4.20417532656
3.73385288115
6.53888660834
5.7334782918
5.35380156145
6.37784850102
7.20049804545
2.06068547216
4.06839580849
8.28538387071
2.59662187607
4.84357512433
5.36350261205
3.08034582752
8.17957159883
5.80873897151
4.58178462229
2.15280583115
4.64798598825
4.31957776329
6.79546477514
5.07851018056
6.98380358068
5.12125513121
7.63795645769
8.75790508249
8.33591486317
2.46999471175
6.95264476021
3.4600908853
8.13153974661
5.59950318878
4.24019802622
6.22128373003
8.97132169068
3.69851267904
6.97451340002
6.20923173676
3.40444219501
5.19628912903
7.08879282316
6.63759032603
6.02755886759
7.41775224434
7.97469998876
5.35018407745
4.60529210429
1.51213460224
4.98675910913
4.46429019929
4.40087451641
7.30308253908
5.59329894892
4.37254134391
4.65926621243
1.78359926391
7.52897133645
0.570475695564
1.65534818368
1.34184218405
4.84788530399
4.82124047269
3.1516434108
3.18428531316
4.25293159815
5.09514322533
7.04685498147
7.20848219286
6.02238591633
2.38785735361
1.98029017938
4.18575861046
2.91821774639
3.56895322312
8.1417420981
1.46696981013
6.65963799671
4.38465137819
7.65766891046
2.66617332749
5.99091229863
7.96974902632
4.55108936225
6.12318694866
0.889832717495
3.54278798517
6.49268238804
5.40160679161
3.61562361887
3.58457067065
2.95200908583
4.83961613471
9.67368761008
3.48073543282
-1.00099106833
5.29987980101
4.12794711438
5.38730106545
6.71496527774
3.68908567926
8.35843010695
4.20061332049
5.8520643932
6.25519702389
4.73297583479
1.3773001943
5.05656080862
1.90547653635
7.60635557523
7.97531903147
4.46396837079
3.86507552957
4.75463278926
4.1288042632
3.03552887534
8.28020330966
5.82452729511
4.54158489417
8.60210401828
4.68440726145
5.14758777307
5.36832756621
6.54901907216
6.08900569692
4.12102300885
8.27600419575
2.44797802464
3.72362751952
7.92246108332
5.34051078019
4.02827844786
3.39838589561
6.22567160441
4.38526826568
8.76733328073
2.84013728455
-1.86309641133
6.06183721725
3.75155949198
1.75371870725
4.02755758347
6.31390534391
4.22520855348
4.09294453329
7.19751937181
0.514814200095
7.42028425052
7.63218753897
5.02726312216
8.39423842041
7.50516742645
5.8627849612
6.60408025134
4.55407486605
4.84479653728
6.06529847848
5.29763886641
3.30326782657
3.08553230386
6.06649817842
4.48141504617
5.58679095158
1.53416663734
3.68454765195
5.24198267721
9.10658521141
2.66183982213
4.18309911697
-0.244437641515
2.94819500616
3.6268539894
4.50920285318
3.97163024703
7.96799369483
5.23278994518
5.55045670221
5.50794165405
2.33595369051
4.87142719277
10.1082666291
8.93596879173
6.66842819989
1.94311883316
3.59843983396
7.20938312405
6.52709926678
7.42013281599
3.99199464589
10.2441386664
9.14461081558
8.08112062313
4.53085600405
3.94875317576
5.74928462054
7.24898991225
5.32728435591
3.19260571639
4.06492062316
6.36767214186
8.70632512402
7.82134835365
9.75446602023
9.37762323344
7.17710682094
5.841497828
6.56898483879
4.19185984022
7.69987343115
6.65876337309
7.29672155981
9.18872898988
2.28497752519
5.2812725264
7.06514105508
6.21140050793
5.44051654613
7.92561348846
2.13614199153
7.42823245186
4.80040593167
4.1842448737
7.51397658692
4.60205794338
2.42507391025
11.0421893041
5.77163132042
4.5144815706
4.44958459044
6.12841744062
4.45360692957
3.74991884202
6.63294242445
4.73711690959
2.54741945727
4.50534262419
2.40681171017
1.2921436349
6.13363591427
2.48711548854
6.48136230661
0.509981310485
4.60131908785
1.96727214591
3.3494152885
4.6770287983
4.96061030791
3.62135568657
10.6562738635
7.61955664806
4.9820376831
4.95594368017
8.30927121033
1.13490625589
4.4072757304
6.23241428434
6.01094546676
2.16862338825
3.27624281281
5.63131364704
5.35879353546
2.81556840658
7.82526933739
1.08867572713
6.34301787769
7.21904855296
6.03750838784
2.90461533466
0.155017546235
5.48164536137
3.82445389638
2.58975252573
6.39651557724
5.53333961635
4.67172935794
4.46718319457
3.36374921494
7.47879722573
5.6294196456
5.93734992401
8.0158218692
6.25536987678
6.30382483132
7.14410600975
4.80086398599
1.82662198536
6.16294603452
4.24050292928
4.71467928404
3.31136747649
6.22976334832
8.73937276135
3.82970707795
6.68247868578
6.41694943046
5.80976838539
7.82259007162
6.38546132969
0.126446716441
5.95361456081
0.93070858068
4.42570765136
3.71173540317
5.97146152968
5.05260563536
8.10907309897
7.46782513152
6.46897444782
3.71331913778
4.73891130858
8.09881057626
9.1787309518
3.41822103539
3.7487891401
6.27323587954
6.16821540503
6.00278095404
5.51490703766
4.71032418108
4.011545447
5.65264766998
5.89964611281
1.07454353747
1.33574419541
4.62711991141
2.88758930223
4.52845295663
2.54931258959
7.31008014571
1.40418505166
7.37450559937
5.78003645837
2.51002908358
6.0222750007
3.66253851428
5.69178522795
0.340765995008
6.60157485488
6.28489779342
5.25058553204
5.63936284187
0.169554923888
8.72219058491
3.87028824704
7.44739813565
1.62552239385
2.79122506192
5.15793319584
3.19497447221
6.03825356436
4.42035934769
5.36908300217
6.97529096668
6.80030852665
3.02395107648
8.1071261053
6.50930691245
6.3997600103
3.58814849716
4.19043639924
5.05904491409
1.1644834202
7.878216046
4.30721181651
7.81653472238
4.92498615663
2.25823968906
4.42971245898
8.77807564861
3.61341887529
9.2135030455
5.17914952845
4.9292603949
6.40307233113
5.4067685903
5.7812552401
6.79790260495
5.12597440488
4.89569574112
6.42954092061
4.55640971569
4.51931187819
9.27096212495
5.70402135646
5.09241281059
3.80280006399
6.32824806313
2.53781898933
5.96743171598
2.46101494348
5.44087037771
4.57297444664
4.00859516277
2.65778721075
3.45292932936
6.64113963948
1.44246977167
6.18887455157
6.53476431185
4.16510964922
1.8772580316
6.96671116467
6.40009011404
2.51795774073
5.09005486951
6.51257843444
6.48542146344
4.1160670364
3.91968426499
7.05790350709
7.36640836766
5.48301509801
3.5288946273
6.14617980279
4.16193755681
5.89512414959
3.7860527889
4.27999259028
6.70387248818
5.36336200641
6.3274003462
0.411941794605
6.39411464037
6.7788491799
2.55964630759
5.23531556229
4.31047683801
7.64783842182
5.84974661426
5.55316739577
2.85204402492
8.65587248568
2.97235164489
6.63070284427
5.14402662532
3.9779901149
4.55690423738
2.05099629022
5.11725252647
6.11204544095
7.40713425297
6.96992702189
3.39412295811
2.01367410193
3.83942074484
4.3731037802
6.36879838454
4.21069595916
3.38889925534
5.47607427853
3.94765097661
3.24709958995
0.518411230053
6.19091689975
3.00104981894
6.87660137283
4.96645041263
4.45439338434
2.54739742999
4.62177180781
3.23455877302
7.83553128775
6.86856557521
7.07956488151
6.24721245781
6.05222192491
3.84856780919
9.51693114606
1.10623437934
4.48103292659
4.25322311588
2.96300202544
5.92946624514
7.95990391957
8.68795036009
1.44060072015
3.38685872176
3.28534586011
4.03822019955
5.26486930118
3.55533702108
4.51515039198
4.55001770595
6.02068639598
6.57012987237
7.18303152019
6.85461149243
4.09514530817
2.07094037995
7.55577995898
7.33551581363
6.5441419691
6.3424764936
5.98967598517
2.53878186348
4.87480156071
2.6217400817
7.00729204293
5.64093132229
5.18202364518
3.67753481871
3.28587709904
1.65314983506
4.05612207724
5.80533547065
0.887433373722
6.57196112289
7.02965962672
5.93962560691
2.37716922156
3.20912643467
8.14783561665
7.4984396825
4.58627529473
6.96132851028
7.23272296524
3.78804641468
6.4944736822
5.93878501732
5.22343045871
6.83612747658
1.31525432903
5.48431812619
3.44715517966
3.73104823999
0.0506043914544
5.63659021092
5.066856854
2.76794216177
3.19990759958
1.61870911885
7.97565212644
4.43940363856
4.89212098442
3.71214250021
6.02577449654
4.02222398357
3.51058815828
5.95481909025
8.17584974933
7.55068353341
3.39938334031
5.91932911222
1.55769208802
5.17541552916
4.19050476588
8.20146459663
6.26017563288
8.38737775059
5.79676762958
1.55295843145
4.32801719093
-0.0485734295105
3.4138097409
4.58209456517
1.4715158516
7.26788129428
8.71816373441
4.56624896978
7.19074703592
7.25658789177
6.28961329597
5.59800966262
4.92682106594
4.85250814897
5.83730994059
5.04240108033
2.2063619794
6.3467140382
5.66701203981
4.10104873816
1.21091903289
7.8501870772
6.42222724774
5.07299644435
5.67390063104
4.69585807528
4.67141618292
1.84600449713
4.16112574223
2.1813945223
5.70909881074
5.39838652498
3.32100903876
7.04080575183
2.59856592129
5.53115612262
5.57930774449
3.34636020886
-0.29799520586
5.3777025484
1.95846226846
6.21425039205
8.45319362111
4.49924685698
2.04206710061
6.62689715806
5.29496995055
8.81390931979
5.40084950117
6.60172157866
5.68433861006
4.66242445072
5.75854233515
8.20852905054
5.32694622436
5.79894193808
6.94206133111
3.11467638501
2.11546176344
5.22674371402
4.20258374831
4.59371189771
