3.4668989869
4.75328795668
3.19756574479
5.38639148707
7.40045345838
2.62917959691
5.35179943253
5.19039982088
3.6148541096
1.51753327463
6.23571941549
6.57621758577
8.76805604624
5.27150995187
4.36417974468
4.72214507022
7.4591483584
5.51629124197
5.583477103
5.41269134988
5.30419104101
3.89590670092
6.53417558075
6.71680219495
5.17418544766
6.72711445657
6.84752716333
7.02528314074
5.73554900359
5.77161146008
4.36933936834
6.78792042364
6.96691853367
1.50580138742
-0.405477798424
8.5854883982
3.32430842892
7.5811819523
7.62070525745
8.61998068125
3.93728135846
4.84959254184
6.2636894598
6.0426409911
8.46723276582
4.02444836339
1.97329548138
2.1248513842
2.36081522231
5.88625002442
4.28966177974
6.65733072782
6.58379064607
4.00341136766
9.04720669435
4.13045405613
6.27436757238
9.97053811918
6.53808743577
5.34827104866
7.96927438684
7.01847921519
5.82504097032
2.14733344242
-0.686492359841
3.47153164838
5.47072816214
10.0497974503
1.69059273037
3.83209764999
5.5533738961
2.05003491223
7.82617201989
3.66890310516
5.5375142982
4.33544183152
2.70667183399
4.92655348853
6.63002931522
6.2709055939
6.29737464196
4.892568768
6.45176287106
5.13603427905
4.2279949322
6.56904475692
4.62495363709
4.45905265033
5.23902679799
9.1668459171
9.29429980073
4.7980781335
3.97569379996
4.2453292477
6.67328858032
3.36372029204
5.23736137375
6.12190290739
4.90103624229
2.82621317829
8.58972543223
6.8024163243
3.88397152171
4.75644875089
7.68129260442
7.83367786629
5.48480029558
5.07132346588
7.66193120611
4.49884247174
2.46934928064
6.60026667289
5.14876714728
3.41680062301
3.35410941122
3.7759528561
4.57973250464
8.35793416352
4.26273194098
0.81644445752
7.78818478486
6.23256866338
3.77003077304
4.0777184807
4.79591833671
6.80756307811
7.72036148987
5.60420488034
3.06360043551
9.09984937151
6.37967853291
5.45597487127
6.38513279004
6.0527426654
1.3684906677
8.11765897196
6.32487546977
6.07090117466
5.8070755683
5.67135583265
3.84699843612
3.36717154188
6.34049375411
5.17620557681
2.3108563127
4.53897203498
4.19011280608
1.85857173217
3.6445635721
5.15174802441
0.437912523793
0.685501037576
7.42738389862
5.49398152279
6.56602198042
6.24985170732
7.2261164341
4.49872336644
7.36700498674
7.28948088807
5.93835144704
2.00264336643
3.78394751102
4.51354720061
4.00806603368
3.17126913274
3.82699157512
4.21328199902
4.38089571932
6.51453836974
5.66933290686
7.92865073031
4.81765815465
3.23116244658
8.00651635467
5.17655230805
5.62187980897
4.17324881141
5.85118770682
4.29284916244
7.18098912383
7.69578912371
5.31324316584
4.95544884561
6.3847876256
6.9159826796
1.2248332851
4.50718125612
4.44876247354
5.21824223738
1.85806178593
6.04338642402
4.27294817513
5.97574321719
5.73458619704
1.13983378852
3.06227190745
2.47261759189
6.40014989339
4.51893034179
1.87368825772
5.70075427915
6.51736824395
0.344068944089
3.76777943799
3.55195151271
5.08793396929
6.58111041802
5.24229453277
9.77360416247
4.20212635247
7.14136127934
5.43489534971
3.75202386659
4.79157070954
2.75127808085
6.43874139499
2.26203658059
2.8804150054
2.75012655296
7.62622711301
2.39152110821
3.9039621921
9.49488708428
4.59229460022
8.0495501622
3.90705094719
5.73229768913
7.90807177073
3.7300644435
3.25277315488
7.94927016604
2.02515502966
6.31425571271
7.35887833887
7.08094375324
7.0201200129
3.67977641349
3.26426686668
2.90157419543
5.19351689983
3.70330029629
6.28110173462
3.92880706219
4.8662754794
5.0375788153
3.33814937315
4.1293269339
6.00677529266
4.10858403004
5.45723024537
4.57588346339
5.45578375348
7.74033442287
4.70590869267
5.85078600654
6.41630818095
4.00686509034
5.32219889459
5.7279418446
5.06535036379
7.04506632216
9.19909508605
5.03865515443
4.44178313862
4.56305099841
4.27004434808
8.31703531702
4.47300441036
5.14585327218
9.05801216181
5.95061684085
3.65181046314
6.39667454902
8.64726591193
3.21000432157
5.61565786608
7.13031664236
5.75545913515
5.4788198717
-0.596435630335
1.19637105588
4.69927368047
4.05420075992
8.52903184759
6.03820143368
7.23285921936
5.27050902858
5.12620805096
6.7949835034
8.86977083857
3.04972806388
4.51143998219
7.80835635235
6.68146181953
5.2698606846
9.39830917979
7.96590004409
4.75536338037
6.00646403942
6.28832689443
4.7202059284
3.07220155419
3.72783340238
4.17764072391
7.50364262893
5.96935916761
9.07649857718
4.41221103204
8.5816520006
1.3735433561
2.06195131285
4.47301965065
7.1401753228
8.19466832839
3.88850068787
5.44051734527
3.01001531753
2.41316066977
8.68000368688
6.83680860312
2.49324031641
4.51150323772
7.60847667406
5.02750704862
4.3037888952
2.44408538424
5.24847556532
5.64374268546
4.97653502848
4.5230687464
4.18624405417
6.24818102153
4.41946411902
4.64736117096
3.93096708574
5.30153859518
3.89852594392
8.96635501954
7.31816138963
3.83310993098
5.70917150582
3.18213231484
3.20553310429
4.00809807661
9.86175397392
4.45579947193
4.59756697631
4.97012525215
1.80616193511
1.79563064352
9.26731627771
5.74867328373
10.7707790536
4.09467161963
3.71462678091
2.35307512393
2.39617218753
2.16514153762
6.2364893726
6.17431261058
4.33121121025
6.50851139558
5.68452213275
7.4003790918
3.97729281551
4.13019721729
6.42770019326
7.4433078567
2.52367496251
5.06063756318
4.42967015828
7.91299463287
4.50192836261
3.98356346051
6.87696268047
3.02703745837
2.82942277185
4.54025701478
7.76713392172
6.21664234055
4.94405721026
6.85044170469
3.2311078377
1.0531449777
7.04073283318
6.44876500447
3.69440371745
5.10590273081
5.27181661465
5.22350028454
2.94593686323
6.577806869
5.17401768151
4.07028480739
7.41352108715
3.2529747883
9.17753598976
5.40883498226
4.12443436915
5.91698928585
4.68381456601
2.45826054888
5.50131873152
4.49845517292
3.83002857881
5.94459967876
3.13519955881
5.58359021228
3.1026883409
3.99318447702
2.9173899286
1.07178079126
3.45559011523
0.421134385167
5.67914316908
3.88632116424
3.73524399971
4.960409492
2.29437827269
5.73627328536
4.47973655932
4.08844754515
4.48551714456
5.08174293617
5.45269508275
6.10276422506
4.38807446908
7.45473266668
7.88239700095
6.95856156014
4.46632754836
2.70021104528
8.32505560747
2.57794598567
7.65576473298
8.68764179391
1.88698667585
2.46184015931
6.8109500245
3.70717298907
1.46523286156
1.8930422244
5.23291930305
5.64016730409
5.76940944122
8.80774975118
5.170988309
4.51486367407
7.14986865795
7.43051296243
6.35107285316
5.75101739355
3.0465685699
7.18028318728
7.6480912946
8.68660026892
4.85801730535
6.48622536346
3.85435959424
3.97796530672
5.69204048228
6.06711259547
2.20549477158
8.92716985693
5.26904374384
4.47089859736
6.94166504874
4.3242191306
3.15701653827
5.6299102378
7.59517983892
2.71138672483
2.88154346191
4.06810777833
2.83445969864
7.37254425532
5.56638584287
4.3785167151
5.3645314738
2.95949931947
8.09470450416
5.79053323798
2.38182472487
5.7986058985
8.42793670373
5.58602111161
5.96781835028
4.6722895975
6.48491482638
6.97514614392
4.55294455325
1.67402444102
2.24184411021
2.13813271995
4.86721323165
6.05737129133
6.47958045753
3.56212549198
9.15349328647
5.29922997314
5.71368751075
9.79274510067
7.69301218949
4.94072128912
1.84067013481
4.50573923116
4.18559793817
7.70440907474
5.02162437287
5.78330991788
3.61735386007
2.7867671662
1.81826775244
4.47313073387
6.69025542536
8.71485361577
4.90626577015
5.48995004563
4.33150419461
6.30064489486
1.54057367397
6.25870692538
1.85575511777
8.76361467164
0.807960391694
3.04906429015
5.88853268602
3.89082966013
2.64530677668
4.92590260428
3.3110454977
3.43723826557
4.80766289023
5.12091024612
4.73554267569
5.07184998254
5.98202111376
5.58038227795
0.513173773753
8.21478808094
5.81293457403
5.15159552415
6.96081226677
7.64724714541
3.03943666324
4.88968033669
6.65220393916
5.08127831679
7.36121276875
3.98468708612
5.41947867549
3.53462397035
4.69191619652
2.40453438586
3.28250362352
0.455816851985
6.71470977557
4.5231875153
8.39602247886
3.54264125464
3.75610756001
3.55415329648
6.20463140775
0.909399376452
3.60053975741
5.49945959142
3.22173472383
2.02680770447
4.04806244733
2.33003960776
7.35183567765
3.64364651329
3.03742084158
5.89579050517
1.74480221795
5.03238547391
7.79306239386
6.85425901126
3.45200869274
4.14638025941
3.23790801829
3.57027225563
6.40985489156
5.70173194952
5.10925554801
6.91407806574
6.61874396982
4.24704618074
1.47450420932
2.67392055497
1.61738781841
8.27370516129
5.27442568003
3.82836945214
7.79096460206
5.46908797922
3.12005694862
0.622527753321
6.76740845234
1.73534247225
6.95256515481
2.96937997416
9.31086441593
6.68950644642
5.36697892339
5.30130245771
9.19780958866
5.82581561872
0.575602806965
4.56634801758
1.60186939416
8.71958210386
6.31459784259
6.3927552231
3.49943311421
4.74753002352
2.59670869275
4.90255871779
5.04766821752
5.021000271
2.49978882838
5.93102022644
4.19823259399
7.72371807992
5.9030115466
4.11566287859
4.81107960858
4.69954244967
10.1150993701
1.83418393986
5.69547775814
8.61747061976
4.70275030981
4.0241181201
-1.87095468384
7.41268424238
6.80451849155
4.07266471438
5.90104007834
4.80396954835
8.24382499972
4.75964499288
7.76601992298
5.24471453396
1.52186519634
5.53747768736
0.945985335067
5.16954899644
2.91870020964
6.35261754183
3.75370333486
2.6471664785
6.51301303095
7.91554076093
8.02883362351
2.04096869715
8.21193098159
5.81285961807
6.57169996286
4.07943841735
6.49736111592
4.11272398912
1.1909258406
7.21284989424
3.62084440272
5.87570247225
8.26679429647
2.64568914351
8.9202888536
4.52196021139
3.33545266828
7.16478951992
8.05824691682
4.90137917099
6.46005456885
6.02977270818
4.15757063459
4.53008586566
0.899413769939
4.48991878196
7.60924272658
1.67271842884
4.56864028824
8.32048060019
6.01354906679
8.29691619487
7.78658420312
5.13557503821
3.71715879077
5.79092684627
3.94728379952
4.04581163433
3.05122990866
3.07468435745
5.88317123386
2.9757021148
6.05919706902
4.1458604748
4.68015116755
4.9975595453
4.32750299841
6.23580918326
3.35012993087
4.85506147155
5.22907206368
5.41964164139
5.60069467515
11.4307104748
5.45708346946
1.89925169113
5.40083039474
6.95671454494
1.54533504638
7.14981535643
8.30765860516
6.19986926373
4.43012892985
7.33953942672
7.36698880954
6.39961543081
3.87922101546
7.03738311332
4.68328263432
5.92008741497
3.96663008313
4.06737519217
6.44666355212
5.31067623047
5.99364784412
3.84764027298
3.89982613972
6.69905906684
6.77380208596
7.96935224516
2.58938733142
2.83472609511
6.6117141205
1.70062529141
5.12101094565
7.76628358526
6.09313563835
2.30889198118
6.45150667761
5.14081606842
6.25893984115
7.54704835367
4.2161429718
9.05289209139
4.58389277206
6.15124276208
3.92622861884
7.32904289719
6.96769631822
4.75793431264
7.87814920893
5.77914360569
4.00646287335
7.3626188506
5.8742851435
6.29376306488
3.55873809361
5.93734706121
4.4689452024
5.09854277422
2.94717413937
4.96979616944
5.35148171545
4.0721875181
7.03509041705
5.4555302111
5.58474679435
8.40534270519
3.13776276445
5.59385832082
6.0593291944
6.85159299797
5.50168164055
6.38089428046
5.5035197286
7.8382140871
6.1289435369
4.45310014018
4.15243036953
3.61409340216
2.46220054029
5.44749677686
7.78367504627
7.03609922122
2.42643322544
3.70667305392
2.89170745915
2.24168581495
4.49151350475
4.32325162052
7.57761467661
5.74733201554
7.58374463191
2.5439405822
5.51691036261
4.69781334995
3.08626566835
6.14325174188
5.21806156563
5.0254053095
6.70502217758
7.32657292517
6.98969315607
4.391950348
6.50126616467
4.58429637419
5.14668012524
4.95236079549
3.3618040603
4.51493467798
5.39988427848
2.6190436738
6.75594992492
4.08423430683
3.7866062605
3.68007316188
4.73566023074
0.955250676754
3.41126900257
3.69685783792
4.93577709928
8.40497941638
4.14561734374
8.45452127685
8.81854504118
3.55817672911
3.70400393375
3.78636367345
4.71939682295
5.00245161871
3.52037356511
4.38512635442
4.830574742
2.71621423893
3.45385935954
5.65515634303
3.41047455276
7.11032174313
4.30907448612
6.44872215295
1.0420491508
5.69096767728
5.23761671645
7.98862930425
6.83140448236
3.80529338647
4.09844013106
5.20622817106
5.16254322088
3.1003842955
2.72160231811
6.77159097678
2.32055317903
3.25139828163
3.83826834239
2.73602899046
6.21684996068
10.5987235713
4.77690704804
4.23463139478
6.091165851
3.63560491848
6.98387895632
5.34225468108
3.67959566977
4.51485736041
6.03716708081
2.4543804828
7.80675626792
2.11752526319
2.28643816942
2.45277039276
4.33167514719
6.99470545477
5.72959610588
5.94781425233
2.48787565227
8.26734523603
5.45698916276
5.12406484165
3.44653959122
5.81364818892
5.46566370414
6.1983858605
3.33912674381
3.88491285398
3.02475443105
6.51608687009
5.83224440056
4.90497713208
4.5827698018
3.50784147656
5.61515282081
6.13931016311
4.92489224422
5.65235882941
5.40683454033
5.92485559558
6.38872997499
5.77835046457
4.14357630138
6.51305873412
6.45670140731
5.60159832996
9.7280525426
1.22055563724
5.07648219392
1.94604740808
7.31685591459
2.41838199023
6.92950464923
7.77736811977
3.95981000345
6.03377346782
5.16976293538
4.66816723969
6.79381548321
4.99059439654
7.89668785854
5.61660527283
6.36465729686
4.83464225163
6.8733040761
6.39649428813
6.07430146291
5.05447275468
5.04597543071
3.17524697596
5.08511779357
3.43005884232
5.98303484514
1.35556336157
8.06489670943
4.8881475775
5.46454526112
6.25523461409
6.71211704979
5.73365032038
4.12244100937
6.41866378264
4.72589462542
5.09974804599
6.66291272675
6.90248184696
5.6940403357
5.05766748493
5.76552492648
3.94577514968
4.08687238187
2.84311469571
3.64481602644
4.93415706895
5.46952767241
0.683595900109
5.42972806476
6.92472014045
7.41422182938
5.28599261484
3.78480568859
3.14848217624
7.75627489389
6.51052952087
3.60530291142
6.00821348516
1.86279625631
3.85421839585
3.792146152
3.38019149364
3.70970670796
5.59937205817
5.37843763373
4.98388165808
10.9597539048
4.25030605762
6.79344982327
4.25469255483
3.62382304192
4.56795211839
2.36565359855
8.59871906947
2.6616373463
3.69006236177
1.24392848083
4.06349131186
5.09996866579
3.08876760248
4.38849349878
4.17193290058
5.76483804198
5.75659496183
3.1182100438
-0.663533574991
5.45590079268
6.41663387487
3.79493276881
