8.54069715935
5.71483344575
7.88681695596
2.28475179867
6.98899555314
7.15067363718
7.12257689819
6.10675375715
1.93909471446
6.37984894049
6.74075344275
6.02169077946
9.91253575982
4.94491264651
4.34718153913
6.79694689428
7.07413128011
3.69906087195
7.49769355824
5.04221514023
2.02473265366
6.4192633979
5.3610192347
3.05109119273
7.34256291192
8.11844210865
0.0196396513704
7.24430566771
3.43109342392
5.07108544605
6.5335683044
6.46939791538
8.61519884518
3.7156756411
-0.103596454378
5.83505664965
2.98281535502
7.38877510275
3.41376592977
5.23322952699
4.45450204043
5.4544784385
6.18546106291
2.31884383222
6.72540289667
4.75690666522
6.9935868475
5.36438694726
5.10679046497
5.25202068767
3.97869388339
2.86666480042
4.42389290493
7.09133547834
5.53351290732
6.63364467781
8.66327581156
6.55977340665
7.30127755821
6.67426651827
5.0062877044
5.91463992625
4.70426173899
6.39098902775
3.66741600755
3.31657787506
7.39946544208
7.48641970369
5.58043289842
2.36695594737
8.36737169708
4.88316183732
4.98716747825
2.79757400319
6.11046798767
7.27266295038
6.17106038948
2.09648892851
4.19469003888
5.6466157559
3.55453419421
6.15101967452
1.87652969786
8.18260385429
4.14060170064
5.59266061613
4.08998814103
8.70835203861
6.79197963507
1.57582361978
0.425687086931
5.53635467476
4.63920757245
4.78554045769
3.17201814445
1.7108641316
8.54238168842
3.92295595949
4.56002245538
5.33870194004
2.58763976417
3.04299947272
7.54142320423
7.11294348754
3.13384099689
6.63317665921
2.27416167477
1.46130156548
5.92648214023
5.4377076965
3.00987921464
3.40290545261
3.47015559173
5.09173455619
5.63604791234
8.65272544687
4.56557763955
1.86540568134
6.72546677344
5.7317496129
5.47366729219
3.36655912566
7.44465113663
7.99971219834
3.46918455591
5.44527298274
5.71984554363
5.72578186735
6.1706174465
6.37244831659
6.5059508593
2.13971590762
6.26514775818
3.98158702592
7.35724135459
3.72563421329
3.88538089095
1.4837705555
4.42841946062
3.95131679275
5.87882777614
6.7649168106
5.14490169669
3.35962315886
5.04678828049
7.19102908366
3.81422639435
7.03563442003
9.64487465303
4.18917004319
6.70211299945
1.67606896355
-0.137266559631
7.1332349315
6.87456847486
4.22822734828
0.80481197849
4.30001893528
4.33260780835
4.89270105608
4.61626540058
4.46897799337
7.20236741481
8.43396338254
5.24759061424
3.97653429633
10.2054299826
6.0163497519
6.45438150256
3.02911943229
3.40983945528
5.16295483913
5.03969849952
5.35888523293
4.93830659354
4.62272300981
7.70354729747
7.44011166744
7.81548082312
6.42323445881
1.59830031153
4.86819792815
5.00250064931
6.09511806129
6.29058775454
1.34426180161
5.085278819
4.19226317967
3.96368156356
4.85835860002
6.82987549226
7.67072781357
6.03971815249
2.82903801402
5.69015445356
5.40822829456
5.85860373374
6.58623316415
6.05629216967
4.86499340567
5.95773253814
6.67316780772
4.8256180201
3.43403395445
5.85652056169
1.40489554727
4.05671608003
5.68333416896
5.46830480923
4.74378806475
8.04563646899
2.25583274622
4.67099948625
1.87836636134
6.95456652099
8.81638961086
1.92610645851
5.4596397496
5.28862354219
3.28362057007
6.58522871839
7.04148419598
2.71777380204
7.14112993454
6.1532172195
5.3677896713
4.05080569124
6.56357676996
8.10850166992
3.18028412426
4.93101696387
1.23823652934
5.5862077488
7.99792114925
6.84553049711
5.54200922764
0.202286698359
1.28083260061
5.00089046128
7.46485315663
3.07473927126
4.16880543672
5.37187688769
3.64677677992
5.49129176199
5.06441113582
2.66715889556
7.92965746975
6.20277653736
5.08593520659
2.4508093705
3.51160984766
2.4193035903
7.05390006032
4.03199180722
8.0050167238
7.82610701938
4.10402801316
3.61208165401
3.34846420444
2.21437430136
5.49263306502
5.71851120173
2.6546889491
6.75734003874
7.70734837806
4.39469884557
7.71825307689
7.23491736295
2.83098311875
2.72790649061
2.39615965447
4.58289423441
4.87100582322
2.95099915357
5.01272598334
5.37356743153
5.97357261027
3.30346917898
1.73487877534
8.07874972475
6.32789404831
5.08303451675
3.53571215492
7.33206127914
6.16501840627
6.08031327341
2.24130742833
7.155616494
4.09423429739
6.84072579712
3.84757762361
3.51362864818
4.43447549914
4.30316666782
7.34972948465
4.25722680183
5.383930042
2.39317730831
6.3936326384
5.76052412177
2.61465428245
6.55493390383
4.48989984247
3.57113802297
8.37885381687
2.20659939002
3.34239444434
4.98386621763
0.716292970212
6.51986392477
7.31087429037
2.76527292764
3.61639777886
6.98319433632
2.95703990488
6.35597414139
4.79731999104
5.38398416532
0.364578908052
5.26128954838
5.23564365358
6.88943172254
3.26813491308
6.61206991354
3.9581538426
3.991925121
3.92160505418
2.51313971424
4.83428656957
5.68073145342
6.73247331344
5.10589103583
6.03267114728
3.14806139824
5.30598831571
5.41632553802
5.21272450641
2.43190429187
6.70620935308
2.27740530907
5.29357934369
6.57017803468
7.67966627947
6.81959103411
2.83232897121
5.28600820969
5.49661812201
4.28045446833
3.98213501823
3.45309539108
7.16645542493
3.40190039418
3.07038339687
3.48852271236
5.46293240174
1.49444208667
3.94030934272
4.06882708313
3.47124125619
6.4334211915
6.81224470428
3.91232236832
5.0208306579
4.23588223165
5.06702231297
5.05292785763
5.07859187703
6.67158969202
4.18033269841
3.56110308024
5.99355690979
8.96526207677
5.72755079746
5.19785505348
2.43260090483
1.60704129248
6.01972804407
3.97886481958
1.99041933885
6.6537251319
7.60616383547
4.63092478317
5.22868651052
3.31381136083
5.38438769063
4.71076286222
6.67708549402
4.68150296803
2.45902071841
6.44372717148
3.61611535642
6.57347014517
6.43108378827
4.73395902608
4.44251226303
6.29588024061
3.7791195341
2.59188419281
5.3671113428
5.61681733418
4.53176448916
4.37501234238
4.44890967624
1.96443077574
6.38997685877
3.01430998606
6.14626438613
3.6780674262
8.97108590055
7.43546892292
5.61873348325
5.61516173695
3.68009609517
8.81254354045
5.09186322591
6.26265060568
3.7574780709
4.16731360572
4.91552480946
10.2689015257
6.23968174334
6.21450931131
4.20690520271
4.99216515105
6.71289775047
4.45903377879
2.33565238088
0.798363228434
8.31463202163
4.62797191718
8.58505825761
0.865409986346
6.64675160595
6.40063222508
6.73568037945
6.73962866112
3.23242166378
2.91931721109
1.89260775822
5.91933907948
4.45795308796
8.10152098818
6.78507186832
8.19428578749
3.78323530443
6.17241875246
8.40290699222
3.86871975886
4.50409696062
6.32118185945
6.56455813625
4.30008381358
4.69215412384
6.43519330049
1.87704368885
5.12192315537
7.3469961779
4.12734500692
10.4389709913
6.47272525577
2.06033091081
2.95353435932
0.793084869568
6.28186002201
5.19292459595
3.20637751541
7.48054004719
4.22828596805
3.73554291756
7.34703582365
2.9349115212
9.77456082342
6.35309107496
4.11239094383
4.2066694138
2.88410367166
3.86074512411
4.63930097799
4.44314325975
6.87450806486
7.64678916128
5.59241540046
6.93932739659
5.19659691253
5.93761648453
5.53392290048
6.98720754569
7.19565335855
5.89069714597
2.85840779558
4.3056404822
6.74348684547
8.96344764151
2.90004248768
2.42373219761
4.68173678533
4.52336951291
5.89474885932
6.22066796629
4.6157865031
3.8933657795
3.02448419029
3.63823174888
6.52603604725
5.62784931451
3.79675362373
2.93457339562
3.54388292372
3.57266385927
1.72398690831
7.37100291733
8.2904166132
5.68700842922
5.26653600434
2.91533630637
4.76814261775
5.3513853494
1.97984523445
3.38582047262
4.34640934368
2.46660218228
2.35356415666
5.45484556306
5.90191087813
5.60169612579
3.0229797739
3.89470053853
4.78334699552
4.28669141785
6.96610399475
4.75620133387
1.46293093505
7.29693082373
5.45114790491
6.93815917163
5.55150322186
4.30374925547
4.42289578352
2.98001977754
2.58475549265
3.60261110547
6.44625905143
4.65244357429
4.51136686325
2.4123059699
5.81807305164
1.91988832469
2.82335937183
1.78598388718
6.82632998612
6.76728157525
4.7899264708
4.29222873378
5.49162563411
5.31955476451
5.25616620105
5.89023579224
5.46634781529
6.00032070158
5.11091599991
6.76160424281
6.38083216118
5.36029045131
6.09314670041
6.67489157902
5.26682005744
4.30138287058
8.03023514519
4.05402007991
9.42884714335
6.93888606481
4.06295539442
2.87716514239
7.17145582665
6.13704424791
4.42600111612
6.05736583553
5.98908862051
4.33989941082
5.14289519809
4.13112427917
5.15051235425
5.42357590374
5.67876945828
7.4490169922
2.87978156111
9.32320071076
2.55576899047
1.08480363958
4.37260659871
4.59281025673
7.18973199241
2.81704959017
5.46585373088
4.43012335485
8.4877258721
1.65130367399
5.19157544801
2.14235698965
4.23695916309
4.26906363328
7.59400222112
3.92138603904
1.64097951573
8.49599014684
5.52698087354
3.5142332256
3.4147457496
6.658897109
4.19191287961
6.60149542682
2.65558777883
5.77597193772
2.35187626648
3.96805488202
4.97614104652
6.10521470287
8.54927869604
2.47152910145
3.58458977985
4.80712868085
4.66609048562
2.44961997032
4.03280812401
5.00326917553
5.55721336398
6.57465116223
5.95937460284
4.44713491876
6.85398943236
3.21032848469
3.29185396793
4.07390627994
5.13608358572
3.54755159479
5.82815878428
6.97936948994
5.97038546137
6.57586103554
4.016929617
6.92399700088
5.14396312135
1.04931277206
4.37900679318
3.47273870205
1.54339120723
5.76902022386
5.16698042899
3.55300430568
3.63178265919
4.7877608735
5.37723669694
6.95638059703
4.34917308068
1.92452083604
1.81776871834
4.31175202077
4.0149620829
4.03630192502
5.45363489254
7.16312435285
3.10912699277
4.1499202482
6.65649462452
5.85167867789
3.36707307378
4.85554476715
6.36418069303
3.20034696829
4.58196605465
4.99508744027
8.98196849529
2.81128252572
4.29096683561
4.79111913487
5.06414282496
6.33320754954
3.96716757853
5.06865749604
6.66426933203
1.72296046226
4.84020665394
3.86439860124
2.3227512711
3.4445378843
2.71978465092
1.54858518256
0.966800806985
6.65257029429
10.1340525148
5.49535566885
8.53703042279
3.33196845338
7.51956149778
8.22407003906
10.6232927306
-0.162056969558
1.29689773276
7.01577101742
3.04605519912
1.26987482189
5.69182520367
5.19761163461
3.7032488904
2.56786570665
5.41858655142
6.01979483141
3.74276524779
6.85095354321
2.36759137667
3.88903044734
2.10054163228
6.87876051552
6.3374656387
9.59804380181
4.74787592978
6.79746614744
6.39137733255
8.02264159152
5.79341073728
3.89559284155
2.78855763893
1.73854068432
4.6807019593
9.51051410367
4.95418187769
4.45201831089
5.42866264836
4.60760190695
5.87650354542
5.53076751645
9.77005507993
7.70473660723
3.72224907009
-0.0177423864019
4.46391227016
9.02828454727
7.10340775258
3.21065627641
3.55031706438
6.16154136344
8.53993774062
6.62101588364
6.26706610253
4.92530071292
1.90326894917
7.44982709664
4.45050198853
2.27529825984
5.36681859897
3.24535241463
5.88787678794
2.90224491194
4.56701552334
7.82205972399
6.89603956159
-0.0304467529386
4.45478643526
3.91129599231
3.2052614408
6.00963631711
8.97119466549
3.20735302755
7.75476276116
4.8188055133
5.12431168959
2.69028938183
3.70899856054
1.83908871622
1.7475204733
5.26835447468
2.56264302675
2.60705953619
5.47302983527
3.89355864623
5.45270038953
9.3423739982
5.48283804472
3.84533697847
7.58449140694
4.27377751124
0.555744078433
8.1180867941
5.94226792628
5.57532799479
3.58820103615
6.18487828353
4.48862208514
6.24423014027
4.24550204959
3.82573659279
3.17897292735
5.19461704923
4.70690422797
2.37375895732
9.80412726064
4.736179207
3.71083129145
4.80600530475
6.0229766833
4.64702176255
3.59375499316
5.2751377484
5.9700953669
5.91348648015
3.98994782739
6.39672109534
4.1763986731
6.90057836528
4.1688270027
4.40019013118
6.95983291443
7.95773134368
2.36030715356
5.65391469125
6.92349826054
4.95403255992
5.12227605711
1.97933980231
2.39706312976
5.85277466137
1.01105768335
4.33638749855
3.1150536469
7.3255493464
4.16272660296
4.12890072415
6.23826129211
3.7276323907
2.9259659184
4.71489806726
3.59569553076
5.33648994925
7.40815167017
4.29572390192
5.10221749194
3.15163092113
5.76189930458
4.09452334796
2.41166568288
3.66934101833
4.46701653616
5.86775249674
1.64367279806
1.6111479225
4.45826501784
9.54870278284
4.43792609976
2.15897446459
5.20590900372
5.89342128277
3.68745993675
11.4421151111
4.00299537231
3.61485446945
1.82761379525
6.26354958992
6.18849926244
6.50065191856
3.20224114154
4.55183258836
3.64905703642
5.93085134229
5.39607643469
4.21191915907
5.32148355695
3.07927157478
7.55464433491
2.13616904047
4.09909898988
5.91378559743
3.1409445951
7.76528029058
4.96790867739
5.31635514041
7.23446414816
3.56914854088
6.74698698718
4.65523687218
6.1239253045
6.8043685147
7.2296661854
5.77107360542
5.44049859357
4.81195779763
5.52891837757
7.75265308879
4.62751390045
5.83494690933
7.97316409316
4.96455042692
5.00176221437
6.99015312399
7.39473580621
5.20714632658
4.34611534259
5.65596968554
2.63117922299
5.99665290762
8.15655281333
2.52443776459
5.03101683304
2.96283796495
8.23241151623
0.26936919008
2.34200951698
1.24975016795
3.37838585768
4.51169986501
4.47595190331
6.5962421364
4.13522018598
6.80727052607
4.17988008014
5.28238236509
1.09034536613
2.65753529324
3.47198391213
3.72814528426
5.53448067678
8.18125664217
3.88818732781
9.74194725406
5.63635011618
7.9384500765
6.40076930087
3.16829825906
2.15626614246
5.0193642723
5.07842670565
2.01024236434
5.35486126971
3.86078067118
6.26133166195
1.55286389759
3.30437516149
3.37798193854
5.53704865147
3.19439414985
9.16224361293
4.06828166496
4.3516651051
5.27616699042
2.78405803196
5.5856312645
6.92664580608
5.62565148639
7.03500259441
7.03586007372
6.06423460992
5.29952473367
6.69411121446
3.33948877929
5.81380425603
1.22987872025
3.2674385095
3.34670971279
4.4058653802
7.28903300732
4.70334935016
4.2446711419
5.29429367373
6.38603547265
3.92653092659
6.20865256245
3.4541209942
3.45847977498
1.13978862878
3.3480298202
6.0236822815
2.74171166158
7.47951842849
4.96397009956
4.03649679643
5.72615769749
4.75195144728
0.627089942457
5.72494123522
8.58833297601
2.83684113499
4.88973302384
5.75642382444
7.1801227806
3.83700822393
7.33015932975
0.892927872896
6.0742533531
8.34140254583
6.08087583134
9.08283565366
9.53739863428
7.74018587909
6.5779961174
4.46149521973
6.99074627611
2.79927010813
5.30014864436
5.76992714964
6.15543956742
