0.007591282664373653
0.0004909395605110882
1.309026332633103e-07
7.26826602392222e-17
4.815101492263946e-25
1.7479872134666473e-38
3.7260850567954985e-40
2.0203022286353598e-45
3.7107330333435187e-34
4.0321790777054296e-24
8.955187293345798e-34
1.2168135415171321e-30
2.0421903984904495e-29
4.018712952133989e-36
1.9112820972317044e-50
2.2869622857640477e-44
7.385869916467548e-45
1.599858313083931e-44
2.0620012485264608e-78
2.941766587147469e-85
7.426958527039601e-97
2.8910819205706004e-101
6.081165808458045e-103
8.155552321931601e-113
2.1795413714646307e-117
2.6632700329597243e-117
2.294392492059477e-111
1.583697215422146e-121
3.690093232939071e-136
1.9243032861687035e-132
1.5392495342166301e-137
2.430573795681909e-126
4.7889219785470776e-119
3.672827181843262e-134
6.185900540997721e-137
1.0024813102665343e-137
5.8652515436049756e-139
1.5451256773486586e-131
4.7286352925203136e-135
4.040940566502204e-152
2.0619598230467465e-148
2.2649265332759533e-147
7.460074613651203e-139
1.978925758256434e-123
1.6696670561313556e-126
2.5243411605236195e-126
2.4628825942876866e-121
3.0833256603567535e-134
1.0879638627591715e-134
5.726989808865296e-151
1.4188411296108568e-166
1.6657585299311115e-167
1.1413934149718651e-166
2.2513615583112061e-187
1.2973214074878735e-192
8.394117964561245e-191
1.4321402228279844e-183
5.3719670821347185e-185
3.7308805964671616e-200
4.088175636939706e-195
1.8111395048820072e-191
2.563137338906378e-187
1.339920843809677e-181
2.271070426679096e-186
1.183757927977398e-184
1.771477210604858e-189
1.7651899629303465e-207
2.0081752791130868e-215
2.7671084343673245e-202
3.3270473729678166e-223
1.9791861466981316e-234
2.411165293182438e-227
1.417236884788612e-228
5.324662089663677e-234
4.079527973471903e-228
1.7297638420216166e-238
8.523645233099657e-238
4.1346892883933247e-231
3.833377029740669e-245
1.3366119010967818e-248
5.9521732946354366e-257
5.360977487740184e-258
2.4387384160984457e-260
1.0002517474929308e-263
2.6535120511985156e-267
3.8675838281323147e-264
1.43413889856099e-268
2.9957353047413424e-275
2.7129339405511138e-275
2.0037036425234061e-277
2.0255052624431803e-280
8.770457938023331e-280
7.068267257718246e-281
1.2373110927836915e-282
5.851914789284068e-283
4.0774171601201326e-284
4.201431009024612e-285
5.400545712714239e-285
1.0237707888585502e-287
