1.1847750142938764
2.736505565368994
2.671758426320145
2.299307391885552
3.190522111827513
2.4747173665128783
2.526340978765073
2.614831032655292
2.8668844654827175
4.64905179604758
4.554332064740981
3.813577868894335
2.5905286411617845
2.339384962485036
2.975185060768175
3.0410474049641816
2.9519013901594664
3.15101336283338
3.2097694884821255
3.2262662649712497
2.87037305438763
3.4356326094317144
3.672375523545493
3.5372765765222662
3.456777441718776
4.597262951626666
5.842675642901043
5.59322258704428
5.429741323048407
6.996574423100004
6.71312539940846
6.820422328037123
6.683932633656093
6.700294556330221
7.357476983646212
8.187746855687413
7.978665479978447
8.34151647623889
8.595403416195087
8.532990075761616
8.642090323472216
8.611977078323077
9.205294632785824
8.915167030807304
8.79056305082819
8.679702053176763
8.656068875926229
7.89324466218476
7.8425750422999005
8.145003889823125
