0.2102784332938783
0.4452694566760125
0.9063661928840694
0.09109485663531447
0.9091894015043829
0.25664399274202454
0.5277887819818985
0.14015611516002058
0.2636088030186512
0.8664133858233023
0.3565579156465306
0.5064684805272064
0.09236159288985935
0.1890852545524897
0.019759325426034202
0.29718028121920215
0.8475001592652753
0.5354364329858654
0.18072095042088465
0.7640148329026772
0.9838310321466275
0.39896772503635924
0.015096132944946827
0.2973958534729304
0.6954440160392885
0.05726090270563988
0.7882314543442455
0.11029188534703471
0.7474092169295492
0.701703472660812
0.5210768894057558
0.4171229074748646
0.12198435414297237
0.06578233097072528
0.42400396750961455
0.7213733278545127
0.5323868838901962
0.002123244682549874
0.5208717278435286
0.20357882757280965
0.00010251969506791525
0.3291772534569044
0.3597947752847186
0.1570131020439729
0.9413893183738111
0.7482060990074597
0.36351732607503795
0.20947529612968419
0.6538587541823468
0.2155115167110917
0.35976977374946273
0.23724511479280874
0.6017716955731691
0.028081889302950636
0.6867823457797539
0.45398307270506333
0.006599249509855243
0.050875618151942525
0.873671457579215
0.6497998865095815
0.11342937584954949
0.987606481593122
0.7289985868600903
0.7120120168759021
0.4195772335435093
0.012152989704871997
0.41406743793692
0.21201175505974845
0.012380522588202103
0.17046443654954446
0.5199982523412425
0.001679972061744861
0.9725816649529684
0.6547906083685233
0.041131544987510704
0.6044862310997323
0.07635030636382423
0.17615505228913975
0.0030458306339595786
0.8076061163801189
0.14289618126089643
0.7303035481151481
0.3428407772269908
0.20010072418844982
0.9681565798476914
0.6666869617556799
0.016661142747814717
0.42303231257020446
0.23533900113518746
0.6506775925755748
0.12359205914898097
0.8984933628510787
0.8046819521148212
0.3356298214756417
0.3853117047529908
0.02795654751230825
0.7366147486491701
0.9331064110655336
0.32143747314972426
0.502086770926885
0.3096218031878464
0.8326348229635581
0.03783728171028966
0.14136684416243006
0.4341487848960668
0.06608351955558933
0.5623849768008327
0.054737348070250214
0.050910960687622575
0.131519776509601
0.098487047002078
0.3697193966185801
0.1527171783946959
0.8230800489448056
0.06565913920197941
0.5648001415828101
0.8062033197573633
0.8188184128730633
0.16111606514767152
0.4483956426633986
0.40478076125063955
0.8752364475357071
0.3932549556470408
0.6742872986922896
0.06457272951570925
0.042166414694531085
0.9512879569923576
0.16131072640651212
0.33308761580535684
0.076298522837984
0.12369257079897533
0.24359581457634238
0.31087146726403914
0.01945689699161579
0.33318967696046187
0.2906144536013695
0.2966356528848173
0.594088359183998
0.4611777698462687
0.4129278321405956
0.7211979435239302
0.7284031750896567
0.02837914162263422
0.08234116913351852
0.14626621552868468
0.14423497653857842
0.5831425588515553
0.404609355585519
0.48951470974067846
0.6023279477246204
0.11855293381158516
0.5320134703185955
0.20837569378935106
0.8932445068755077
0.45932083828595105
0.46847210028744213
0.32385857297139564
0.028690413639786305
0.2521585669111701
0.1318072753601125
0.016787563480146206
0.25577701594638014
0.028358646210579597
0.474247595172846
0.017792484437420875
0.01668311679383372
0.38184580210080554
0.8099819954165348
0.9257081997757348
0.9450794450506206
0.005768090693538008
0.3343970904742599
0.2632890885307644
0.48975900966311325
0.48366502446565374
0.6868377120074143
0.6241484306620482
0.5526343469784549
0.5708087063415102
0.21919885947057627
0.5703190976546537
0.0301499914113732
0.07656172455259802
0.6542450596920004
0.06708997810313733
0.536415059559197
0.5076462484889726
0.5531222905303836
0.5741808785330029
0.03834348579436453
0.2788941772168312
0.012219936528081954
0.6257001357619549
0.6098777519235075
0.9679441693206883
0.731411475256929
0.5195494959156757
0.13652322020829222
0.1807301765596434
0.6032219837904815
