0.6050019635362691
0.4362932726658295
0.05669085436227572
0.26403485320168807
0.29619290180575475
0.5442919336896994
0.6456908660889966
0.626580039763716
0.030851617028058387
0.9223769559116834
0.4356177718835341
0.03346891065955582
0.756940295831896
0.1660001162715088
0.6830068322344727
0.9489975189710795
0.03737756388040414
0.35835189796637357
0.24533327203368516
0.008302108933724961
0.7647411879133832
0.9938048254512544
0.1005711851031823
0.015742268110665147
0.9051096751517371
0.5617965119261854
0.2737761275191084
0.00017414460062137316
0.4688715308039568
0.9162410489421366
0.07727438031697265
0.1944219486526344
0.7481409950070703
0.505125835457719
0.7052585017064579
0.0014550048866610599
0.7246163324715633
0.7966426200832282
0.9232525503626725
0.6413046143150962
0.6514589041876513
0.6650506427110519
0.14704922110533358
0.9754709455108286
0.9854268276252285
0.00309467226951865
0.7714716101549999
0.446808146354144
0.5821131116702276
0.35908049074463433
0.4583078510462042
0.8562833619287193
0.22592629035600487
0.26633987856138686
0.011966997165419047
0.030870420378826147
0.29741085017426827
0.5393754065601459
0.9382766164183505
0.47671185436055885
0.9150785033613758
0.6596799707392205
0.13657212168479926
0.9074437297605418
0.45920564482454695
0.1738279036692747
0.0017016533031890546
0.09822856150344439
0.3811717380491677
0.049337309443534316
0.48489273409932654
0.09130761776050544
0.41712204573326517
0.2538496231694962
0.3462681544478605
0.7490388405229309
0.021315504576128186
0.21492177551738711
0.4704022987637895
0.835523846746963
0.16459392852857602
0.5375822904613075
0.08596466227356592
0.37447965079491174
0.944744271875414
0.2276717894257958
0.0011208542440444003
0.034479645255725
0.007340904878167631
0.8895914535532716
0.9203769612661659
0.027323188533845633
0.0960278058080235
0.3881214273053224
0.67314267412296
0.7722660468008713
0.5977496281732069
0.07313325994127018
0.1117938017917599
0.7903466508211618
0.014528902819741507
0.11506587202074159
0.7342167279270886
0.12084665266677819
0.5263896484630113
0.040002283092202884
0.7922148500710557
0.22187872680886955
0.46059397403689273
0.025554591561649964
0.28061343502167846
0.5422808534015269
0.2213223854958939
0.12403909657744538
0.06129042238178983
0.2981497050055457
0.30820439992588056
0.10483708832793881
0.4781437642601909
0.8152456380936444
0.17461650195838496
0.26989508090877457
0.045426638709861855
0.1729215199668348
0.13163700043065907
0.11407096834978847
0.3389318878162537
0.033351486219804105
0.8797070110386129
0.18075192132607132
0.08249094058718365
0.8992586346856251
0.04925330098584668
0.569196328630623
0.7743247424734032
0.2607205793837455
0.11301941850087771
0.19351703454080016
0.5820804101844312
0.002664374270385128
0.0537403066440012
0.19335773119834587
0.05443397866222077
0.6901677519570724
0.8462090730164886
0.5150096894698595
0.1356987596152781
0.10740726268933054
0.003496598365286596
0.15221327194786616
0.2593799136068231
0.9495809193265943
0.06092939876640657
0.2300055220466941
0.007497139282076848
0.0014428963394741423
0.9548403195762591
0.9223167122576355
0.6965930264322648
0.6308094862828644
0.9357627265570037
0.009547609126164591
0.762435498613776
0.29078953179332445
0.012704953618644321
0.257223979918463
0.10594593626024462
0.7379329117604012
0.7234819681630245
0.05634973876997562
0.7754142067932692
0.5746616099072261
0.05185270805133113
0.6150810464317245
0.933129707364569
0.4464330719641181
0.7323118373869086
0.5737500002575908
0.40586966306546746
0.504585507718557
0.09034440411246836
0.3481752118031425
0.9070714123343571
0.12629756867933084
0.31726051745391803
0.6910273162770408
0.6643387585840794
0.17545096249041037
0.1328308170864041
0.31337238056261985
0.24667031059694766
0.01173699937237882
0.047081439872564745
0.923631816512271
0.028384343378642374
0.11473741042991215
0.6817254441583667
0.9553837951396313
0.4825770831391427
0.638972964534201
0.02426320679330618
0.35109885182439404
0.39653668166213496
0.002536787925473183
0.2078268165986641
0.3202376721906961
0.7709611705067347
0.34864709629490553
0.7210024091727119
0.02733745832021417
0.0883041124808932
0.06609384949687924
0.15130639765223086
0.3315337979817725
0.72011338713869
0.00342858933150314
0.48871693095513047
0.03723004553968612
0.25288626866818564
0.2547284961005647
0.15535360734276416
0.5970169480844947
0.8535479793615854
0.35432074496682
0.37293897881232185
0.9503528163836028
0.19608717393662523
0.05189355134128126
0.43942186567976216
0.8959537815281466
0.10085956403713348
0.5245447291180239
0.026772701984130176
0.4455917385523911
0.0857273264838736
0.5815059913201699
0.953551721325778
0.8847575710693878
0.059750770363908634
0.024098690612480933
0.016718276271689314
0.9705269260216425
0.8594955541968288
0.27383791521439416
0.8266308051593492
0.08168236255323946
0.4744011250731457
0.657662514043349
0.716314755071477
0.6647188652042164
0.02465556644604794
0.0686290986755167
0.0009964002362441438
0.8430071812845401
0.5945266067096293
0.18545747142574864
0.2619552668381362
0.8722608914282006
0.6668022687458623
0.7708245505074707
0.5813712715496224
0.6442780757559985
0.13013476469014407
0.7239761648375476
0.11497282773307727
0.11193250176417568
0.33173048833616603
0.713376812887301
0.36494600065959304
0.04064114119679174
0.5497568954912184
0.33382332732768205
0.7360652572243764
0.37013339497563
0.19516176124676132
0.07580471357193064
0.27914748920118115
0.5728315978591842
0.06222262064289308
0.5037919589665902
0.38177524544844044
0.9804557492067449
0.7911382551333974
0.02474154228229475
0.01757766637695335
0.011554834079810172
0.3451758038403303
0.39454697084628965
0.3597984988167222
0.6740225743073576
0.8660320578757899
0.18503435435310722
0.008355066345016038
0.014242549431681795
0.059948436800469906
0.878379268295006
0.3263639323895293
0.006509555769406816
0.09653174446732682
0.6726146532838277
0.9030286859820165
0.2570918636253139
0.4046472726672523
0.003075368085974306
0.002213127047004715
0.003200865869319003
0.5797754195378666
0.016761207357826935
0.001795578932676678
0.2551050796603902
0.004101592271472665
0.012396769216951986
0.002083319078489021
0.60514945207448
0.02929964540345731
0.006263714940500931
0.03505342624601271
0.33275228334830476
0.0750854599599009
9.9247082092635e-05
0.0210277671551804
0.0786145498431352
0.4669192236368209
0.14208057532553386
0.012066351754580706
0.0325158488076287
0.0016849526609565846
0.006691160515773342
6.395904199152369e-05
0.037195556323642354
0.0031199986725776174
0.002375485237920749
0.41145174406926843
0.4599448008583369
0.1736975072985798
0.2847999386316902
0.010635453282197282
0.33601378684892014
0.17024797451568752
0.02645192495865878
0.1532142647826551
0.18771288837755518
0.005499951284911209
3.1355564067414576e-06
0.023144736093891227
0.00035770319207650836
0.034756505067494725
0.0024175795744956208
0.05345286158256202
0.06844899999719445
