0.07184917970633031
0.41133493389515796
0.5562837317372487
0.012765408206616868
0.6016818350211841
0.46483893441193436
0.6081774924003369
0.8639242525184749
0.4111248404813108
0.5665107054498411
0.7777140098627384
0.0009051393275341102
0.19425946003378725
0.2672719158203596
0.01855973044788195
0.6874219097620506
0.03638861407377636
0.00832394366397593
0.22677200953100995
0.9325840296582706
0.5985148175221526
0.18614566274637223
0.21423458382917548
0.3011004409420419
0.7865551417935015
0.04159595549653039
0.23063032044485032
0.7791647932523078
0.029416720702646115
0.6079644728362381
0.022163331093335792
0.6651928724642964
0.8280569636269515
0.991234688188734
0.6123990033820463
0.5485728688935301
0.7776496131565502
0.9625978992509878
0.11362286282259082
0.7392338822023385
0.8153884142516499
0.9171246107142541
0.6192078610720593
0.02031666489962758
0.9416930590727808
0.17488896100531237
0.1357780573696663
0.4003866757269816
0.3910619193110527
0.21300304471543052
0.6864149255757925
0.06908283388668646
0.7668561540054197
0.22959754053738468
0.22580762501909946
0.5057686465617344
0.019973981006784935
0.940790502988633
0.18369475283666525
0.7706364821589651
0.1879370695836995
0.31448875294925216
0.9263291323162903
0.38998317662949744
0.4146166859164149
0.4903678864772778
0.538764306161235
0.991336208437374
0.01439116893875303
0.02850034463155149
0.3490869472553688
0.6985794077316472
0.5342908446720442
0.16768643675360684
0.8621692387641382
0.002959423517330473
0.5663499539750334
0.8703637648248428
0.4774047795473275
0.06663979328849479
0.09766641991667724
0.6567892746673685
0.7036377304470633
6.481618516351872e-05
0.5621717129347696
0.044820299383135254
0.7033238744945525
0.0008327783204402639
0.5601617944675885
0.36904323138374306
0.6404152847020519
0.8832943788773353
5.05122610405806e-11
0.20707960666035174
0.9795099439266854
0.7761333163099013
0.7868931543765951
0.09394117378699063
0.4559040759771449
0.0843502387637014
0.682220313354257
0.26084244864252737
0.0020865805810486027
0.18106103288659092
0.4204576874609276
0.4284023979965199
0.5415173874381143
0.9138654352284761
0.1443486499776092
0.1735467610730792
0.18872575558973725
0.6607369971509778
0.8039876210803658
0.9607915097982902
0.6983372229054776
0.23993950690167742
0.25786334871281014
0.8712067240097512
0.009904161167926251
0.12916230071617796
0.7463706101801433
0.03956032911545582
0.8790117187577087
0.08096637702827425
0.00032929078141430423
0.21436418640431265
0.9364888614447924
0.09123164704007092
0.8099475490277204
0.9235207521178377
0.7089878642771725
0.5852961275228215
0.8710082005535145
0.5640071665004458
0.39429449975454833
0.6713711905729203
0.782908235848611
0.39079045861706385
0.5219787086155667
0.07563590761993133
0.9778238447478251
0.6335327069348331
0.0001559406874909186
0.07467062705262095
0.49616512269431423
0.4094916568106264
0.7475483345109608
0.5553115363143069
0.7529697131729125
0.6023574041847954
0.3204099005508849
0.21205398692468447
0.9088000262971467
0.29907010203274753
0.05788165798466505
0.8123086207418868
0.8593443895432966
0.7909393572604884
0.732045898792802
0.18181038078611733
0.731231899151674
0.06874396322808729
0.47018096585356206
0.0023923978353441733
0.8456866031800265
0.41463961582715436
0.8123762059570658
0.04502450177096473
0.9636067783600459
0.010039513839882996
0.3713309357346486
0.025574084033354483
0.025024162311775067
0.20362008519675712
0.3037580657300616
0.5956798818363338
0.44318753832640967
0.3476214259451167
0.24019521208468042
0.7010767556009376
0.11872879105382528
0.757800399057734
0.2832991576351396
0.5345873400992316
0.8042287613867671
0.005179550320387971
0.21476830740515718
0.8948684967349421
0.715628765220961
0.5356240794760763
0.802759505141384
0.626301472657272
0.5651119447254667
0.35895143585262623
0.3029405793359021
0.09686692133760721
0.7500474292080221
0.9503738558709647
0.05006864643677722
0.7640450769218083
0.76725059734153
0.5979786791249644
0.08276885037928228
0.8796623762599936
0.5009225421442487
0.001153836707349809
0.30580721139520306
0.8132441147889597
0.6050501064162526
0.70080072004347
0.961150997782227
0.6498461117721401
0.6991359234508274
0.5286082898626643
0.6512177443798666
0.5031121170616917
0.8875402482453223
0.009703039046445427
0.706805746826016
0.7193253607371044
0.2384672287675602
0.059335553705082145
0.8296227537382332
0.5918471983951081
0.0004964729595493544
0.14481766525046336
0.524075386659568
0.12002281595940789
0.21505176319169683
0.21180954703686083
0.4088096122145499
0.7212522152550185
0.15778224518965023
0.020505117334448597
0.07634576051360087
0.18060970886907413
0.24268533225310995
0.2453368189261218
0.9980000157250097
0.08830328059263781
0.46746611279105177
0.5090846769235022
0.4374801317638024
0.6574944629530519
0.6874072452780411
0.9758553898808993
0.17154205935306122
0.6028375043833454
0.05741348469405905
0.02704814226006924
0.5788358661031952
0.6328345128691715
0.03180321395747088
0.417103905038986
0.8205439767056479
0.11864354338838945
0.0011970934966656355
0.9380758192069285
0.04967243414510403
0.009557914050078997
0.14494071613982618
0.25838819085192855
0.3271835545073518
0.8990733376918667
0.8710192908135135
0.7483858957903728
0.17265517191502955
0.8790436405842859
0.5052513120665103
0.6107004998531249
0.2746139194241297
0.17621742220120407
0.8370099346301363
0.19218174091357798
0.83682800900612
0.25887701155895204
0.050022656053513304
0.6918870985790426
0.7885016335510509
0.17098824757162578
0.2122806663074419
0.5711364324589749
0.47873087331508213
0.5449014551763303
0.9101709734783396
0.4275922080494843
0.9476799884223277
0.89435617423517
0.7498289326018801
0.17158520982519243
0.5805435574303217
0.21550974445601412
0.09180513060629392
8.684977481276945e-05
0.5079120420268883
0.6907615462240282
0.002118384659328454
0.039991061467880895
0.14557858161954274
0.1627393596697264
0.4104610664222643
0.7279607015841154
0.704226579541128
0.09934227326624812
0.8366313885319412
0.2037912795496608
0.8708172840704871
0.007772751833146074
0.3294990797056332
0.1535640748544791
0.2129930908540727
0.79947737652456
0.8403475098924547
0.23960422517132796
0.1811969641507265
0.024474091714896895
0.6980295885031518
0.2454750370319716
0.7005044604020048
0.9534328260672271
0.005186311926761666
0.019721033054057147
0.14935755148934327
0.7300854187635439
0.37343061936383015
0.8843058007150599
0.8681559888461476
0.367790450922749
0.42369083793425055
0.6849524284588884
0.07096198629946393
0.15283762651171906
0.7211518501749663
0.37951429298285255
0.02494708606592888
0.9170696438721557
0.7871709220125569
0.8150325265890319
0.0019928343277078042
0.15557401657533543
0.4781965986147043
0.407082118180369
0.006656308791312515
0.4134041188492763
0.08787379302148834
0.10661872160453512
0.8296123392812651
0.5762255099540023
0.46983526786113305
0.12283320647293916
0.01590305877032061
0.40226032145302115
0.13769112505799663
0.8966373901878462
0.6976534004022668
0.9182289392688507
0.013715789813963264
0.19612679712065262
0.8062977405380771
0.939853207315489
0.9128031812377608
0.5034884754676481
0.5375462302557965
0.8302699940690972
0.0019317634902431546
0.3183164605481208
0.15806538507748025
0.8216183628327387
0.2853595054337026
0.5191924890220454
0.8625100982791634
0.06651302531875092
0.9629334911576806
0.17097607819624283
0.15056805849884358
0.37875679930118333
0.018295565997217045
0.9795129434001384
0.2267835027348475
0.8573269614283523
0.5453743977523637
0.0013668795032397707
0.8304762910075163
0.4301043868458545
0.6559713973490133
0.5135959335496922
0.31851000582285494
0.8228547182241015
0.6407664207698134
1.7565996663915229e-06
0.36840836802965016
0.9593534794845548
0.005266697976847867
0.7813428302308576
0.02281735087540193
0.2616052356154883
0.09811660190926585
0.8714541145908732
0.18506535601375207
0.00043320800855273234
0.9320780961516313
0.09619259508139955
0.10042446309199371
0.4301706012144253
0.5585259987947473
0.05085484427571152
0.5149017559255364
0.20439499097753466
0.5015773338863201
0.5071305895755369
0.8898042738231962
0.9958026626802601
0.3216488870334848
0.5190954457114878
0.939006559656933
0.7392767335961976
0.6129757826815716
0.17047433370195608
0.9412667364424607
0.18561413368227986
0.3516332537779827
0.6072548767409511
0.11742664774909772
0.011369985691107809
0.5253360187074647
0.986206974682535
0.1817161830473113
0.34507647919916673
0.5391436968073715
0.00263962701650744
0.7637783977411807
0.636805305039905
0.5581001604903943
0.15481669142694
0.7849652512279499
0.7771429570879596
0.20012917362801286
0.4233709064452309
0.67222068485705
0.8450523351638717
0.40309337442382365
0.8289764861085323
0.10787332585511189
0.004046854309462278
0.02821027905346396
0.9576050080072716
0.01950273958130877
0.006264324094395812
0.4715128086841256
0.8645181267935591
0.3001685636828968
0.14334232449342266
0.7703063668132402
0.09714184134629145
0.08689795082952778
0.05152036251338599
0.2655169619708029
0.07667242803681562
0.5632868523404015
0.7391961698590586
0.4053755099480272
0.7429067630372932
0.13035217223787132
0.791589218316562
0.15793788279975818
0.7736162529419421
0.186959569270976
0.3513443228709727
0.13192619068312728
0.9499996912817636
0.6999609032644101
0.049427147821035744
0.8937162990236287
0.2991524333286386
0.2889612972832647
0.33717073548260323
0.881821253749796
0.41464448252389596
0.31683517826779317
0.0028592962925755305
0.6888597030596504
0.3338127074838253
0.9794055932376917
0.26465565390997514
0.4646626967374896
0.6440473899723766
0.050367612183849886
0.010526240664533892
0.11015130352358105
0.0036520382006957064
0.7676116921710525
0.18029518576315473
0.9006247603564235
0.9536914195335107
0.15868957051948263
0.5905110196844563
0.9388210262042676
0.023718456548482703
0.7274164057460171
0.7906136574498552
