0.268701
0.980259
0.109592
0.375997
0.412129
0.117506
0.411244
0.985059
0.519001
0.034669
0.583186
0.807444
0.100665
0.393297
0.762805
0.950558
0.383154
0.008570
0.920145
0.872543
0.412781
0.468907
0.428853
0.195354
0.224606
0.860198
0.741658
0.205164
0.010732
0.845338
0.144906
0.989735
0.417315
0.627837
0.960287
0.994203
0.815081
0.297180
0.910143
0.582998
0.134407
0.017773
0.124339
0.217339
0.798929
0.878406
0.009242
0.772303
0.645831
0.378564
0.975278
0.686431
0.729575
0.366509
0.224038
0.047144
0.461671
0.090310
0.906091
0.011611
0.745431
0.539629
0.135212
0.181350
0.773242
0.441672
0.751693
0.383215
0.129667
0.492451
0.499939
0.231063
0.085626
0.065885
0.220754
0.820174
0.238512
0.055261
0.300035
0.773236
0.204085
0.363957
0.401938
0.153429
0.658468
0.228572
0.970915
0.532346
0.157522
0.591787
0.815535
0.642872
0.060506
0.693108
0.107822
0.375774
0.146561
0.970094
0.869775
0.497139
0.128718
0.678806
0.792070
0.967291
0.519857
0.687073
0.933153
0.116877
0.166146
0.564276
0.656937
0.087637
0.262008
0.310802
0.910975
0.322265
0.387240
0.017630
0.113842
0.088769
0.570741
0.595021
0.764683
0.664232
0.896350
0.438299
0.667498
0.356463
0.740987
0.475489
0.353098
0.213517
0.950905
0.987219
0.723785
0.395530
0.383074
0.342192
0.562452
0.391666
0.627930
0.468793
0.225317
0.981606
0.967773
0.939959
0.124797
0.842770
0.451301
0.451608
0.969894
0.982719
0.740846
0.309469
0.410676
0.358106
0.798807
0.447169
0.894205
0.097598
0.579677
0.372796
0.074410
0.900072
0.133884
0.370479
0.052842
0.544785
0.523916
0.567052
0.149549
0.758282
0.518858
0.375215
0.674173
0.849785
0.513260
0.086356
0.455773
0.173144
0.965795
0.606166
0.629066
0.485260
0.427073
0.230404
0.691097
0.212527
0.365571
0.342778
0.320952
0.904735
0.453000
0.684985
0.457560
0.930579
0.288727
0.362812
0.165053
0.950075
0.038836
0.243389
0.042293
0.050729
0.334398
0.377844
0.584371
0.613538
0.733293
0.856151
0.821352
0.986706
0.105546
0.819127
0.394857
0.058852
0.458457
0.229394
0.974151
0.129695
0.949070
0.577715
0.612337
0.006688
0.820006
0.207642
0.040281
0.779855
0.063303
0.365928
0.236493
0.472193
0.114481
0.256433
0.189902
0.369710
0.195846
0.852514
0.559235
0.568355
0.331690
0.714116
0.196653
0.484591
0.593014
0.701159
0.711731
0.500223
0.452308
0.589834
0.579219
0.591877
0.420610
0.926326
0.250173
0.202436
0.068312
0.632939
0.077327
0.037578
0.591952
0.790950
0.347166
0.135381
0.182103
0.128712
0.774326
0.472167
0.210733
0.779837
0.791476
0.673281
0.473294
0.719239
0.186594
0.314417
0.541312
0.021323
0.182698
0.882196
0.142133
0.511279
0.283999
0.170215
0.937869
0.446314
0.976540
0.387681
0.949578
0.552054
0.190536
0.272907
0.170364
0.504587
0.733440
0.894731
0.192639
0.156556
0.728746
0.865273
0.867974
0.977667
0.577947
0.133039
0.363074
0.329540
0.629495
0.529039
0.421813
0.175407
0.672518
0.545470
0.119389
0.369162
0.558727
0.981554
0.669088
0.595030
0.421433
0.999518
0.036149
0.666916
0.567062
0.246156
0.714529
0.660562
0.601999
0.956079
0.884860
0.514201
0.399955
0.594543
0.113731
0.576658
0.600753
0.093483
0.322123
0.867922
0.804398
0.608494
0.034359
0.833918
0.693037
0.278573
0.518240
0.180202
0.450712
0.557217
0.194076
0.044308
0.896241
0.574235
0.988221
0.681267
0.276635
0.355800
0.745050
0.652472
0.491618
0.222338
0.172497
0.415996
0.897931
0.661633
0.599644
0.448588
0.611988
0.793049
0.695381
0.624387
0.491999
0.831810
0.016289
0.860077
0.207016
0.446732
0.745175
0.251199
0.526610
0.437934
0.828846
0.110064
0.334451
0.510573
0.555609
0.922785
0.568998
0.119651
0.742323
0.076152
0.456604
0.701353
0.607418
0.284611
0.808714
0.030493
0.073645
0.269294
0.331160
0.431657
0.815348
0.447449
0.083379
0.934552
0.679481
0.936726
0.792813
0.133429
0.535459
0.744989
0.679086
0.053114
0.032884
0.830565
0.604174
0.370644
0.921790
0.079290
0.148205
0.110934
0.028603
0.908793
0.267598
0.281150
0.629699
0.530259
0.144312
0.786676
0.662187
0.040200
0.079329
0.037415
0.611413
0.815702
0.027746
0.423594
0.856236
0.578458
0.172701
0.171972
0.629110
0.558867
0.121960
0.964992
0.259833
0.251567
0.260069
0.642041
0.423566
0.489594
0.780249
0.215767
0.512804
0.168874
0.626106
0.157172
0.617870
0.591470
0.057628
0.504013
0.676957
0.270725
0.058024
0.354645
0.279100
0.425116
0.692980
0.631357
0.096398
0.558027
0.509820
0.399072
0.321606
0.165925
0.470709
0.648451
0.858226
0.210110
0.303265
0.597874
0.481567
0.369333
0.846638
0.744838
0.642979
0.798123
0.455032
0.833786
0.475291
0.715766
0.077916
0.755838
0.997419
0.411745
0.806450
0.031746
0.969344
0.005684
0.239696
0.585174
0.623766
0.371724
0.832353
0.760390
0.368556
0.814766
0.380115
0.856350
0.583443
0.592062
0.055886
0.647631
0.375390
0.847112
0.634715
0.415215
0.021210
0.356900
0.868759
0.267273
0.708360
0.152143
0.329207
0.662922
0.934072
0.583800
0.389939
0.273578
0.938406
0.113256
0.021338
0.296559
0.595507
0.634135
0.138859
0.681542
0.609028
0.773574
0.342288
0.464308
0.149011
0.828557
0.810176
0.963651
0.840090
0.293785
0.697168
0.077402
0.417303
0.913044
0.084812
0.179407
0.675954
0.655517
0.279530
0.675784
0.746126
0.511074
0.145527
0.283051
0.672280
0.207438
0.845130
0.920736
0.429331
0.541717
0.873442
0.381755
0.465860
0.204042
0.548423
0.355616
0.523122
0.551733
0.919641
0.802575
0.517852
0.474357
0.399202
0.694399
0.156882
0.226122
0.522428
0.438363
0.413097
0.729647
0.874272
0.612330
0.245890
0.164018
0.416075
0.165975
0.205109
0.477572
0.613653
0.325029
0.218101
0.952149
0.019596
0.436093
0.668368
0.068974
0.515470
0.898900
0.724952
0.144398
0.310889
0.616100
0.966209
0.471079
0.450224
0.059965
0.232920
0.528925
0.523471
0.269301
0.555273
0.207858
0.540702
0.080879
0.379306
0.958682
0.315864
0.248608
0.503480
0.289965
0.786440
0.587477
0.214019
0.914345
0.850803
0.944865
0.236831
0.662864
0.251684
0.870495
0.365467
0.716844
0.480101
0.944575
0.491756
0.858879
0.858011
0.634753
0.520010
0.084644
0.258904
0.965431
0.039787
0.608486
0.220162
0.345228
0.628870
0.713419
0.640804
0.815174
0.556894
0.138481
0.701957
0.899292
0.130837
0.573910
0.209976
0.420970
0.659323
0.983697
0.067557
0.080197
0.238294
0.229341
0.333507
0.225184
0.759615
0.989034
0.184022
0.587416
0.375496
0.221500
0.868316
0.187066
0.058436
0.605202
0.956744
0.128108
0.683862
0.682381
0.252906
0.623155
0.118850
0.008530
0.068541
0.297809
0.665113
0.652330
0.400185
0.018828
0.154460
0.731958
0.739739
0.605438
0.783563
0.422965
0.356320
0.554891
0.434461
0.638212
0.724518
0.287944
0.813508
0.641941
0.139427
0.709173
0.606244
0.434688
0.318915
0.813765
0.056510
0.158335
0.800249
0.501917
0.821345
0.198912
0.710573
0.794755
0.525073
0.941415
0.292198
0.959912
0.459649
0.025141
0.096473
0.818606
0.390933
0.506274
0.117126
0.139642
0.086864
0.469088
0.869469
0.505595
0.600865
0.873555
0.586331
0.270036
0.064497
0.268541
0.253745
0.157626
0.007062
0.639936
0.553485
0.717054
0.291965
0.045005
0.600815
0.206711
0.808829
0.264350
0.924633
0.526363
0.190199
0.959661
0.022396
0.928563
0.042097
0.190334
0.846946
0.358013
0.063533
0.122306
0.289772
0.073385
0.752858
0.568439
0.023979
0.316788
0.979285
0.613064
0.338357
0.768515
0.741707
0.483623
0.098641
0.158215
0.630632
0.940469
0.900233
0.922463
0.553447
0.442014
0.060973
0.226289
0.436653
0.204448
0.917103
0.501630
0.731891
0.097445
0.586770
0.517645
0.315151
0.165448
0.125740
0.223534
0.081986
0.063992
0.048069
0.673300
0.470524
0.430439
0.868454
0.280219
0.192810
0.259886
0.029324
0.278260
0.602157
0.522663
0.966280
0.608214
0.037276
0.741873
0.104866
0.110995
0.932197
0.541914
0.984453
0.187544
0.112023
0.415233
0.055368
0.497251
0.012138
0.825906
0.238982
0.230061
0.482201
0.326013
0.183448
0.595469
0.305734
0.823090
0.196507
0.219998
0.438425
0.857443
0.969917
0.211397
0.132105
0.208916
0.360510
0.404951
0.094554
0.798062
0.941265
0.868983
0.061882
0.713961
0.626654
0.261845
0.964991
0.217800
0.184378
0.324643
0.596922
0.633811
0.087702
0.194268
0.083789
0.671659
0.399696
0.091317
0.778910
0.111704
0.645210
0.329822
0.233177
0.021550
0.976358
0.797415
0.719376
0.713951
0.875544
0.990009
0.986021
0.381683
0.810898
0.573825
0.125462
0.014258
0.569071
0.705315
0.007339
0.616086
0.930888
0.975457
0.737804
0.994201
0.979124
0.926276
0.957157
0.080445
0.904557
0.046880
0.988529
0.142385
0.012247
0.557157
0.966310
0.010618
0.570677
0.097830
0.050178
0.281651
0.891442
0.693427
0.706719
0.218639
0.336371
0.732250
0.987111
0.339585
0.246102
0.121381
0.399967
0.485793
0.418204
0.306594
0.663111
0.377911
0.933279
0.931824
0.310574
0.805868
0.500071
0.095633
0.792715
0.958910
0.231047
0.146296
0.437788
0.970254
0.285152
0.167777
0.898442
0.609254
0.195032
0.491215
0.799921
0.735736
0.947120
0.294530
0.832126
0.736812
0.950095
0.281557
0.493477
0.315946
0.509759
0.639502
0.396962
0.984226
0.325054
0.642447
0.576369
0.383546
0.712453
0.085161
0.905967
0.191118
0.086047
0.806321
0.989946
0.910035
0.486606
0.903617
0.996444
0.891804
0.025189
0.302293
0.227832
0.268175
0.976669
0.481785
0.988951
0.673437
0.447918
0.533720
0.354561
0.834265
0.705313
0.727827
0.676364
0.025848
0.884255
0.597936
0.667616
0.879422
0.830978
0.058931
