8.30256464579
-3.36219612528
1.31623780803
-0.219692047048
6.73312666905
11.340842104
9.13876096755
6.27848341633
9.61243699997
12.8061693677
5.98264160065
7.25673346264
10.1242637214
2.35648004642
8.1064443018
2.09043495093
9.2854859153
14.0604620549
-7.7756236169
10.2913510347
11.9038596822
-2.93730512258
-1.98135595768
6.42899875528
2.98500174418
8.27342732491
-0.696791799312
4.1217939753
1.40475744779
4.89672643282
16.3023555848
8.90792893057
7.96355004241
18.777307999
5.43215047351
3.64684347998
7.26176558676
-7.4131095558
-1.28762218519
3.60798250924
5.46529026508
8.01618626621
1.92054109493
-10.9345157644
4.7838751492
0.10293450647
14.677083548
5.34193994182
10.2109056995
1.5099603496
7.77934910744
9.3439297459
-2.91431546504
9.42201573454
9.10989477695
-5.21987648821
3.96517207183
-1.29122752916
5.20493251977
-3.82189815697
2.10443534141
-5.18879213059
6.92340742883
7.69549706283
5.94425089175
10.3039880916
-3.88950433973
1.02244934708
16.8602169603
6.35378853792
13.1855895206
-2.97519968697
-8.05444259842
8.01223034882
13.7097864777
-1.83711741385
14.3884997995
4.40228967035
5.2551748502
4.23151677926
2.14230794505
3.31852417058
5.25336188791
10.4531799084
9.73250502862
1.08285013206
17.6030304315
-2.09807088557
11.3708767846
11.3384499547
9.57867304572
11.1334285608
3.47779585162
3.6113799185
-4.22956720559
9.89616150542
7.54971809883
3.46354492685
9.95760053399
-0.404833814373
2.30316415167
3.37479429861
0.740485670495
13.5296848218
18.1033098761
5.70936370856
1.20787179506
2.48751131625
4.20043047094
12.15290362
-7.06180598157
3.73726496084
-2.5458683598
-0.554581782036
2.82703292459
1.69720357985
1.55820991607
10.0832281786
-3.8764373302
2.07840250462
-1.04269980205
12.9443193508
9.47188975854
17.8393426778
-6.04673361222
7.88003739625
6.37672552716
-2.97546578657
8.01512517924
7.62615951561
5.55033687738
6.50694221605
-0.633015799994
5.13725867979
13.9102895133
0.660773376098
11.3519789688
0.241891831133
7.58422312286
10.003133836
6.47565787735
5.66981947768
2.53632697002
7.69019920558
20.3470155077
2.74573499159
2.52986678912
5.64645766304
11.2167206537
6.76923378798
6.04305107013
6.69830076272
-0.979429775016
2.61243088295
-5.89152689098
16.8940789709
3.85123718305
17.2701759795
-0.389324730587
8.88376966757
8.80667173596
14.9676827561
0.175945784768
4.39859903052
3.72512563463
-2.03187782297
-2.85589835503
4.73302002842
5.19968803615
3.01835707304
3.06036922298
3.35227816223
7.16673462413
-7.44670373955
10.8480096085
-3.33029626215
12.0622872103
7.8738648745
10.6437465949
7.91792021079
29.2927474118
6.16164371805
7.91231023202
-1.2640668461
14.5278329578
-1.09224586882
6.2049743136
7.4047467428
0.818624960034
6.2978104513
13.7594594836
19.0484228815
-0.505302659932
-1.69767668997
1.93018225204
2.8894247391
-0.656305202126
-0.772235052734
-4.40815613475
-0.864717525163
9.55641855488
8.65075597427
3.31423154623
5.75292352015
-1.51785982938
10.0003897956
17.0391704155
8.60797430085
4.90845847749
-1.14869503544
8.43255151227
5.38166508365
3.92820539133
0.804789427612
6.94670511837
6.33969571942
9.99395376154
12.1913807627
1.90767216197
3.9548010587
3.64673853377
2.78898706096
4.53742389143
10.9093522615
9.5233006986
6.59500314523
-1.66903560255
4.29608431059
5.70456762281
9.54805029679
1.51979699413
3.24054382996
-2.81773596096
7.61786169728
5.90150126177
1.9119015124
17.7334847487
-4.67865291869
4.75581608405
-6.93432092656
-1.74952161671
5.04612675207
3.77679043793
11.0774928135
-4.36749571632
0.307641382045
16.5357337845
9.26755494179
7.91314339661
-0.0724085455861
5.75844203922
-8.64175842061
9.58005613624
12.1486735844
18.209038077
6.08308329265
9.48576285907
-0.851802988836
0.391536837842
9.62923492862
8.95677635042
21.7690710542
5.94013358575
4.09841883574
3.61268252392
3.63841201095
6.49204654523
5.74443917051
1.65542947368
9.4549859547
1.48255599591
16.100353386
12.6758347552
10.7183313577
6.45465903184
10.0743527118
0.130182854348
9.93548112589
7.1791203532
6.91216475028
0.332575382509
11.0150107488
10.3496883976
2.49187698331
7.70371956934
6.76229492249
12.2411806067
2.47394321318
4.48435143426
5.81810860965
10.1761731758
4.09823597818
0.832978650046
5.17117201196
10.8882904204
-3.34374990971
-0.20963938523
6.40764262354
9.79293497754
-0.55236256271
10.7618058109
21.248469733
8.43765029914
8.89899897419
1.10832732392
3.28062254575
1.5319847701
8.07471013852
12.6323156286
13.2247858587
10.3322840783
5.63960793116
10.6515310081
9.69754366933
13.7121381731
9.85579447996
4.04394205672
1.45051341867
4.01276334535
9.41919138299
8.40016691197
5.96946391976
9.98996949249
13.0096853779
1.44250174384
-6.29892422854
19.636998169
-4.91974222418
1.57674927793
11.1417696267
7.53796864657
3.55799155321
21.0090828724
6.86719007013
-7.77285007495
-6.76827706788
14.8422739955
5.28047784598
13.3176424161
7.31364107682
4.42874081429
4.29550617987
2.22160436744
10.7310100644
11.8654679282
-4.06539412781
7.96539487466
11.5589363782
8.55555915631
8.70372685261
6.47536089564
-1.86190169305
10.2265780902
7.70190290609
1.59921720325
10.9706091319
6.42450382777
5.06498924094
-1.01786411693
9.20823299567
-0.0151767652914
4.33404930755
2.93820885352
5.13713581474
11.5579286801
8.74405121675
8.20428455104
9.33618060329
14.2711873009
8.45649472712
14.2656463286
9.38432062378
4.22251069037
-1.06358784383
-2.78835397028
3.90227229057
4.82612682191
9.05519659969
-4.37955577854
15.895338911
-1.51403976473
0.348915679558
1.18303511915
3.40336169723
5.74627127787
3.06609835836
4.43822053953
6.35616192454
14.3842987852
4.19889564738
7.25774863958
3.15535173275
-11.2335540625
4.71609622299
12.1704964847
14.1707523943
1.79484505941
-3.28532535129
-0.735787381947
10.2288776264
3.32424649594
4.46535946944
7.62351932765
4.55995699346
14.5449415428
5.27864701133
6.21136286221
15.573849066
2.00368316559
8.41461578174
4.96946984035
16.4155834965
14.3088292942
12.3882307867
3.52315824102
-1.55389057982
11.8887482792
-2.83995593945
10.0008319481
1.21906170361
1.56633203937
1.09062609928
9.08392675962
0.880503942835
-3.86951302667
5.31460251801
-0.504798861957
-1.33569359312
17.8078995671
2.8639375382
6.1898191898
2.26279124856
2.38349396157
2.95353568885
7.04072586883
1.65615204552
8.62305042161
2.32675695733
-5.95053236388
4.42797199793
17.7400872453
5.7096354864
10.4321285391
17.4607620313
4.71405468428
-0.53868277346
5.33502110656
10.0254003797
7.40864937935
2.95057945376
11.4541463718
6.66640200267
4.83738172167
-0.539167813957
-1.60716322935
3.84411245414
-4.86672246439
2.07448523202
2.6087584328
4.22108656001
-1.92104420599
16.5122787417
7.8875533467
12.5005470669
-0.678009505545
2.20171457853
-1.78244194096
-6.56808940523
8.93162982247
15.2472825647
5.81764355667
5.34964127773
4.62539353599
7.85230925841
8.78990864873
3.19557668787
4.30276535887
-1.10794985201
12.7519457149
6.67078023674
-0.742383924562
13.3814352689
7.96677710177
13.2167108746
11.6216915468
10.7855589174
11.1818811478
15.1253084264
12.2866034534
10.3615220011
4.2518449264
12.8285238009
7.99050838448
-2.6479034374
8.87517782144
7.51670855208
-0.36115855077
5.82344408452
-1.47456184822
-0.0767360339975
8.99897735723
6.52104772293
2.87168346249
4.36198395542
-4.18458163519
10.6028399163
11.663662373
5.03981368237
10.8878655513
12.7527234612
-0.841576707708
-0.693259730191
12.2436347167
9.48365019028
-0.251104941668
6.04141182264
14.1299926496
12.5188707882
-2.00909271608
10.4512436582
5.46706189182
17.8797663099
14.3977328191
9.61792357377
4.16553294936
14.126347214
-1.19918139036
-2.48697226713
-6.31411140078
-2.57586841676
12.2106204902
1.84372164096
1.17249180153
12.6714909937
-0.291111318693
6.37563092539
15.6093155932
1.56489450351
7.78520159993
4.2053543567
12.097427242
5.50697420612
9.32287204998
0.423063490791
1.57505715609
20.6185339263
-1.03041804802
4.75077893195
9.86483913102
6.29411081985
5.65364167929
4.63787752874
5.00804960907
5.8321342387
16.8581608908
15.0372228743
10.8565033034
6.40598860201
0.597493105119
14.3925354696
3.96613076678
6.65527554397
3.40104154955
4.02388907889
8.64152511044
1.95045644994
-1.46068038079
0.477572809223
0.226443219827
12.2134514181
7.11497826297
-6.46292981602
0.0743003731185
5.15009957983
14.2281964898
14.3354560487
8.20187353434
-0.719788823947
15.0540809469
3.61532599429
8.60133164941
13.6933936011
6.75368327652
3.56874527055
6.53291019673
-6.72769400334
2.47478171075
12.1927118977
9.2534586018
15.3618896158
15.4125671992
9.49304235468
6.95673682503
1.08583334671
-1.34747090865
9.23409331585
12.4803175356
3.14563115105
3.85369633745
4.16346837359
-5.21192639934
13.0012005777
6.80001597513
-0.0778592723178
11.4918719705
8.98158811952
10.8749493779
1.72566557147
7.68666574169
19.2230431313
-5.24231162407
5.35574088226
-3.45932904152
7.35975172486
15.7764184714
4.90890214951
6.31867189216
6.27930342457
1.36488009943
1.73412191404
8.16875093849
3.58674858069
1.35735113745
7.00548851212
10.7925499202
15.9595788468
5.79745249587
2.37820719193
9.99108162285
3.0105493758
5.44234682177
2.85598461234
9.85756163801
0.646891352133
6.36901017363
21.014558695
9.74560231092
5.08316378871
9.4471906598
15.1812578258
7.778818859
5.18757621297
2.81504019274
-7.15473224738
-3.62512200157
-2.75941950311
7.7905340734
18.2315846272
5.02226030648
10.1171358843
-0.0984954840627
6.13934390276
6.95761135511
0.0250794827273
-3.7222948711
11.5525815801
10.5169249838
7.75922861579
9.38859386559
12.3527526128
-0.397487772267
3.64742900335
15.0380055542
4.83346081846
4.20352802407
4.64377290009
18.6386403779
3.94849419593
-10.9076338043
-0.692586359335
-10.1856987059
6.08582073855
9.9728692056
10.6705937558
2.75082123022
8.35594107912
8.86026242203
7.0813915853
17.7887458544
-2.22431361562
17.8645013272
10.341940754
3.82100527359
5.50398401
-5.30659161182
4.0553548356
8.3832740028
4.20394830498
10.4089127405
10.056418671
13.1975830305
6.2521514529
2.88782287476
5.9495328165
1.02261296596
3.88934382443
7.23359052158
2.65528518806
3.98302580248
4.22973051256
17.896949819
3.94735036286
7.3797541606
4.64750008002
-0.410554041344
4.55182285699
4.72663859255
3.59618421873
7.10813507182
12.4914481814
-3.64586712932
7.36422986927
1.55835939902
5.3195031365
8.35339744158
-0.581019820397
17.5153684571
5.95846470647
-4.28859409668
3.92024282365
2.35668834991
12.8267189698
5.66331761252
7.28418938825
2.14624707619
0.679919332675
-0.586282841663
3.18588790938
4.37407865258
-3.01188067937
2.45748563483
12.2884194869
7.00659308442
-0.471360465198
7.23198958922
16.3862531253
-4.71360667614
9.74090040212
-3.44632320509
8.43390756688
21.4093986045
6.02046424467
5.94148151563
7.40279236176
7.45921481519
5.13547577638
3.22812895222
-2.40648606605
12.921621061
13.3903766938
12.0028540432
12.543064463
9.72139214054
4.79167723531
12.8598022978
1.40018535725
15.7285895576
2.15018468656
12.219515979
4.25756840554
13.5149473066
10.07732306
8.76178106528
7.08740658046
-4.39228003866
6.02414808193
-1.14367254122
6.20394851688
2.05612581793
7.05989573549
15.9604107779
7.68528670523
13.3649612251
2.75217485439
19.0058452068
-0.180635608126
12.513871214
12.2376284398
1.28178473107
12.5997351578
12.0382143706
7.26543949042
4.33780568949
-3.61224791784
9.61868111818
-3.82469353263
7.48327144844
-6.38033133004
5.94461784903
5.2848813134
3.82006295647
-4.55986240338
12.5962197557
0.0552467278082
4.5934260368
18.9395714194
8.60505932488
-4.28975272738
1.91330580764
-0.188380125163
6.86233836963
2.77423439335
12.1398707518
11.457486668
0.764878317313
20.768808897
13.2300402348
6.55450507324
4.94474786339
8.14778693002
16.5820433599
-1.37696464232
6.8484090125
9.30255214267
-2.84987703208
9.72903491598
2.6721399694
7.87250708669
-0.465131094561
9.04931869356
5.13936385106
-3.47866164438
-7.94313485938
2.03961719564
8.32144958663
9.69577819305
-9.38223007135
3.99547764577
2.57130124421
13.2460430821
-8.72277421391
6.94951724219
6.92815088454
0.731669917583
1.50920468756
5.19844653404
0.025847186672
6.60507740129
2.17763773659
0.452161561398
4.07271593165
11.9342844024
6.91626167831
-0.389175415059
2.85795254823
0.395791919867
7.15353472764
16.1664933965
12.5210806032
8.51445312954
7.51727630259
6.45880578901
10.5006522023
5.49966321
3.07847765418
7.59823769062
12.3292935751
10.7296518658
14.8164238333
1.67518269241
1.81700858901
14.014227961
5.93930584827
-2.12915750781
11.5901365134
-2.95467515211
2.16194547402
-0.311739644036
0.393579487693
1.08876879957
9.97178607629
2.64265378748
-0.535346079257
6.40687776614
1.46440534738
7.17649753487
2.18039020563
13.8874961947
9.837799405
2.44327052277
-6.14004566055
16.5348797347
9.89871014675
8.15076834071
14.0508191447
-3.59191600733
9.82279037213
4.73886296897
11.7243723873
-0.27961201939
0.105300930236
12.0974790253
-2.88608257934
-2.44232485051
9.54051161192
4.19790579602
-8.67191259688
6.90723434332
19.0093159821
1.08524747201
9.17801387446
0.651665211565
4.88816166976
4.43357189475
6.81203580683
8.51854900331
3.50667456567
4.87967702649
12.9667364938
-1.13770953455
12.112376102
-0.0251612365795
6.95077995434
2.37315282877
0.257862461513
9.44468183285
3.9888638021
12.1108128975
-1.57458598374
4.78821766826
1.88851132272
16.2198712931
9.92920487942
9.58937881335
7.27942171851
-0.693626527078
9.49908630543
13.1276386233
0.109772152089
-4.20256810302
6.80042865786
-4.19113778873
2.89863485356
12.5158472797
7.76877378348
6.97648915864
14.5954360964
-1.18765550324
-0.820552765794
7.25105208432
0.863983274656
5.56347372489
-1.71983203945
2.7476767782
7.30269603808
25.7649382334
7.1867479304
-2.2845287024
-7.3231374551
10.626084855
-1.50991794205
-8.52746148007
-0.29650486163
3.87232642125
10.6319464959
7.96677326671
-7.18370295452
15.1031952807
7.53501169396
2.29347961656
11.5027056707
6.62230957296
-7.08347305182
0.902906692673
7.47357661091
4.1442992048
10.3122478303
5.03273868819
4.19862237167
-0.506206158228
5.34998900367
3.2615853792
4.42619171695
2.47996417738
15.2835914076
6.85644862661
12.9891361395
-2.15337654296
5.37563930646
1.99543055342
18.0565218035
-2.32467352693
1.91785264891
3.40096522717
4.87219980635
17.3213474192
14.3518226244
10.6700716954
7.49964435745
5.94165558198
-6.13699075441
8.82765660499
1.34967286899
1.40716466093
4.94564302399
2.33369126472
11.1145530277
15.8472429054
-1.60607161899
14.4684496365
3.82421237479
1.04848275063
-4.09955184344
2.6561571076
7.67897730747
16.2176075233
-4.9562329253
7.47639359177
6.80814906836
14.383442941
14.1693492879
12.3995395505
7.01682142564
21.8299549167
1.63627919358
10.7708655353
6.3459425959
-6.58356663106
14.5031412778
3.92169348398
15.8793012275
17.8760142856
7.89702807008
3.94335761277
11.291369972
8.01450390367
8.74437523688
1.19529290083
1.95850194992
15.7817096581
-7.47529663218
1.9839630812
-1.41220596493
-0.320469661793
-2.64755640091
4.60995617649
10.3857997632
2.04765689164
9.08325510823
0.935586029146
3.32019880202
7.56450333091
8.32114177153
-5.91675735442
4.93186303437
6.49156375556
-2.58460761297
8.17578749819
5.85869247871
7.55114498835
17.1130363081
6.48072393175
5.79638904019
1.2575589476
14.046233345
-3.39559272291
4.77507742927
7.87807411623
6.75955989109
6.65927165816
6.59484510117
8.36277860092
-7.33918487936
0.475652228964
11.5627681954
0.148428076321
-4.82229750483
8.24309870783
18.9025521924
7.4623705911
1.22356835462
10.6258387629
-0.681517925105
10.783860043
16.0341977794
15.2784952789
15.6613991897
6.38015203532
1.49265043654
1.20102829022
14.8177987339
8.88447588036
18.8909483617
14.1113622121
5.84279495807
4.19667062724
0.190015631401
-1.88077167597
2.16150013735
-1.03938771619
6.50033290091
3.36097165098
10.7159527631
1.24229847398
3.2187532808
14.7416189028
2.45317923012
4.33027284622
4.31226158539
8.09673926688
8.62418048888
1.6037105946
-11.458171992
20.4278228517
17.5187338223
17.5920920819
2.93870334535
4.85423797096
9.87722727964
3.5201404167
1.16057850261
4.64750101777
10.0479452656
9.89581332583
-4.87805486011
-0.741372480907
12.1345182737
14.832690476
10.4563698247
-4.07555141964
-0.204834967299
15.1889468359
-1.3306413355
9.45478883632
6.10430922808
13.8316503603
6.804360418
4.38920376184
5.72261319618
17.0115600861
13.9644075834
8.86676474812
0.113639715768
17.9586056038
-2.12490300484
9.0872156672
-2.79560621677
-2.6595548382
18.7964231453
8.46944067599
9.10507141706
-4.78414858652
17.3464478973
10.3981011479
3.22095626082
-2.06918244692
10.8875587953
1.71801971145
4.23403171272
6.76637869471
-6.97630662927
4.04127392348
6.105030249
2.50890367584
1.17680469129
7.96423246095
2.48335879292
-2.92337763482
19.4604411858
-8.42140295652
11.8701723381
6.72731813847
11.2961363674
5.91376114274
9.80373290308
1.77512957606
-3.15781689361
3.76349336052
-1.25590341333
-2.09453418884
15.2645515747
5.84187254484
17.9542073105
5.07140284433
3.52864625205
8.40319987927
-2.47885391328
2.37999407564
-0.306043473053
8.55803381273
2.12853266268
2.25526200923
7.78908974284
9.18020003885
3.67580721506
10.2925001287
-2.89049601676
7.30194065304
18.6548550148
5.72715117178
14.0088641234
-3.37466353732
12.199569695
9.03450263263
11.1916979875
5.7607156354
12.9635129549
1.38613553629
0.0721111516239
12.8130129081
1.64073856998
5.9720989629
8.39872554481
10.8900614049
7.94600735944
13.4494216183
3.17217766051
11.9482698632
4.43981136666
8.41621358556
4.98181966613
14.7483713977
4.96578408275
9.07758153378
3.72019317081
2.33016193095
10.3819259073
6.46375652779
4.5851903184
2.97146125419
12.1681001795
2.51251587728
4.72755162239
8.84169432521
5.71964192044
1.17495230226
4.73643980555
8.32812817442
11.6693312936
8.44323770112
6.66999902057
4.49540998269
20.2273422321
14.519534443
3.60553152895
1.6453193176
13.4609685292
8.7844445487
11.0178874365
-2.21571787108
1.17714672315
2.54508343296
8.62949593595
-2.39451040151
16.2225350453
-2.79561078871
14.3150146683
2.43799535774
10.631651211
4.35620276424
-3.78544939771
20.4740814728
8.39680027187
18.3568692358
15.4494580277
13.130434672
8.30221186192
4.77940222785
13.1728914081
3.52510931722
12.7217064855
3.36494435736
-2.03223837775
1.59203835915
1.76314314996
3.12782934848
2.16635947734
3.7921396123
7.13465182075
0.439716741772
7.39319099193
8.95749029024
10.3445154099
4.19642009874
5.79166712252
1.47122892303
5.46536833797
2.12792065296
3.67685791671
4.01202625334
6.87773007745
14.2757404204
4.61946569036
7.68095647129
12.2299972521
7.71460255586
3.79678248482
3.16681112361
9.17574066994
3.54830472095
6.11645360635
-1.23096862556
12.7239806552
4.57921927856
16.8512878915
7.21253013074
4.89894322655
5.45985705016
4.34374612533
10.8752575506
5.64619815182
9.65358496657
6.3243396554
3.59530495542
2.46741098027
-2.85824860894
5.80682904949
3.71506650158
10.5985105735
18.8830624361
0.890247861439
13.366136919
9.72367086801
-4.06757594457
13.4668927358
-1.90092320535
4.043178781
1.54971906451
9.52479916018
20.6536702192
2.58808088463
0.601979001915
3.52442463782
15.7497629756
-4.04087231737
-2.92597397707
5.17668085123
7.26338445257
-0.567967153417
8.65788808054
14.8974096199
-0.798350799364
-0.382858068155
5.63726899056
3.06753684312
7.43372035778
2.77332167562
11.7114953633
-9.09047098869
15.8054213326
5.75809639237
15.1995747658
-1.15804499466
11.6979278085
5.91627298407
5.35648722071
5.55995814216
-2.81685911793
-0.779437815024
2.45814858791
-0.1698366401
3.28077750376
4.68255177978
2.90627682952
14.6155468072
4.3560354507
10.0693076142
13.4309897042
0.676010900207
7.19074947575
-1.70695354451
-5.3953855315
9.58904387373
9.9934039062
13.7413691988
3.88623685491
3.80771170082
12.6373113332
14.758259306
5.3145067425
2.55710288146
-0.274828786296
9.46052873829
-5.22628950126
-3.13845951585
0.233800794573
6.3624386451
-0.789210950832
2.59283405052
5.09238511363
-7.09601709518
10.01968043
3.46150597793
5.07211390364
10.7049591775
-1.30919633538
7.59451443819
4.8966394612
7.99418013786
10.802392829
-0.878311939957
13.3226744673
7.29435059326
3.27250959981
-3.46552353767
1.80370242385
11.6257637942
8.70869876327
3.77545068272
3.41641169777
11.5214869526
8.74384844053
-0.704421067179
-3.10641377326
12.9536833937
3.1216438414
7.27181943379
7.58180683089
7.37381749551
9.63534824795
4.1789722801
7.23566619862
8.56815127748
8.85856774696
-1.06279593759
2.11950246655
4.38615438619
1.65243830965
9.75058931893
3.27510725267
-2.80941921417
5.38726766656
0.299459795844
3.67236425958
13.0956059221
9.4243382837
7.6944029491
4.08920432742
3.93390031391
10.8190147803
5.4665991889
6.72019596999
-3.34097119754
3.47188809066
-2.89766881497
5.1653243839
7.88292333199
8.17789734313
1.05820379499
4.66871520544
10.8721869407
2.66910193887
10.252342362
6.73137259582
2.77757222434
4.80937152214
5.56688523057
7.20997734687
-2.77590070524
8.25416461717
-0.0754069770256
6.9299940911
-3.9324922185
-2.08202647408
-2.82447276076
9.65751189408
0.721528316461
0.733621307226
8.19806442126
1.79781345332
5.06345024825
8.75171318569
5.81688725045
-1.41076546365
4.79399936029
3.57507742502
-2.27863335941
1.45365554851
2.92947747163
7.37346587706
-2.34821180443
7.36028243889
9.07206845385
-5.12036489055
1.34236668597
-0.423034396213
3.47526479639
13.3587711242
17.0214306475
7.0973314253
6.80418351854
15.9833608806
10.7381943174
10.8254455727
3.49602822407
8.39923719358
4.61306072398
5.17013026557
5.11687704555
6.6920121338
10.5639061955
1.48841240675
7.06016309941
4.54310399519
2.99927299194
7.96925412519
18.5337583142
7.886532197
3.63696939972
8.45615718618
8.79872229718
-4.63255307031
-5.87946310664
-0.392270266147
-4.8292749234
1.50099435135
5.94196614961
8.61692308676
5.38947064023
1.48281740206
-7.37246523616
11.6527132448
14.4792577793
9.53475489858
8.86077329382
5.43736054782
4.98116264072
10.3303462651
7.06709740485
11.3864349735
5.22023133777
10.1115285478
2.07789900864
-2.39623565644
2.77768239408
16.2113274059
0.165963609861
5.45227318892
12.1930519012
2.36645120859
11.241631192
19.5212265037
-0.729041806988
2.55710295368
11.3010638419
8.19334059492
3.25642341951
6.36300198915
9.64770655228
3.59722096101
5.09255264509
12.3863125454
9.28764263073
-8.06688490803
0.586776384128
7.51277387912
4.32156816861
0.115310059379
3.07744924805
10.4046416952
1.748951329
6.14548002601
8.85051058373
20.4893424621
1.22299061644
13.0513004526
5.5189812837
6.18111149573
7.48764485513
15.7702433491
-0.341782801048
3.0307077729
9.48426908733
5.12590364183
13.1818728489
10.9352142309
3.53369487643
0.393508576558
5.64281468391
1.38095184298
9.73306015984
-0.0722660501556
15.177184168
3.02416479925
8.52310317729
14.5310892182
12.1761952484
7.42282884562
13.1556057992
5.63268958558
-2.97785897468
11.2527571549
13.7814335913
7.07502399393
9.97191800439
-0.808436882053
5.80938950612
9.70599069807
12.9048071932
8.56616856747
0.48292768893
-5.15826270382
10.0090183047
10.5598172174
5.75119708561
2.58575892069
2.67913469688
8.18913260107
3.40125295428
2.63508659568
9.9690884915
15.5389561654
4.55167092823
13.2694522538
4.57818467224
5.2617063003
3.36585747818
7.96664602292
7.53482367875
10.5788698608
0.458824149515
5.43631515449
5.44034563148
-13.4022738589
-1.97386632951
10.1495864905
10.8449335704
1.46891844309
11.5052187447
-1.00805048162
5.35974142707
0.677137181473
5.9234131708
3.44347034205
14.3090598726
11.4444743373
-5.67768489917
3.41761700672
10.7011886
-6.57970136139
7.63056711257
6.20195425547
7.04020939425
-3.35968162288
10.2903203038
7.15372795713
0.5787133603
14.1067094121
8.71395954789
-3.69111833699
-2.25628312529
0.0427617029727
14.5199915226
2.14102639211
6.0934771413
2.68725358675
-7.19855055334
-0.805450364569
10.0560665978
8.17574747333
3.76437479467
-3.14389976082
-0.147210078501
7.19575807446
-0.300617705878
9.607790363
10.5511228945
7.2855895339
0.560695143688
-2.97606539096
1.79487451293
3.30062517406
12.3757330093
13.5768492034
9.37819651778
-4.28043758368
2.07508711852
15.5374329273
9.5267252176
0.298929789411
-0.531998794617
6.33552333662
10.9547526606
-2.99821173326
9.48116430112
4.80618513745
0.39865500287
1.66400844158
18.7464152124
0.8012801156
5.88982639904
8.29884257574
11.1633670875
4.00550461305
2.68923055365
21.0855959307
0.728952181771
6.18498827741
7.36558966667
2.75387570542
1.54305108575
-1.28359568701
15.2416837461
-0.117606490317
0.243855254254
7.77721546621
10.600718881
-2.87550413339
3.39236949493
-1.56865314558
1.82932663558
1.70292205531
6.19651789423
16.5748649993
-1.86044360095
5.59976698282
9.40048247677
1.50248849611
13.498117022
7.8883799633
8.28425308328
0.488164255641
-7.59834581282
-2.26810581254
5.66494000848
6.45050853086
13.7604204962
9.42542468515
7.08839664415
3.1865036221
-4.62962610435
-5.07749633692
-4.31112760542
2.79651268072
-2.81757308343
-3.5386104953
7.07740067481
15.4732879203
-4.73304920871
1.28550201463
6.73742124725
9.35575934314
11.757345929
4.55292989458
0.687833436446
8.08489323385
-2.79582191772
3.8930374631
-3.55150220103
1.14505128789
9.73921297297
3.72146124791
9.18859736653
2.55458766252
-3.0925507903
15.0482078159
0.484485894939
2.66652409716
8.78908964656
9.38214828667
11.4498318911
5.49595048812
8.23567387192
6.03128423491
8.66299082572
3.19600701705
2.6472086217
-0.755785676196
-3.18354261387
4.63026827434
-1.65793588598
9.49077452793
6.05783116102
1.23048927281
4.42925724328
10.5427357462
-1.19560474089
20.3885898378
0.117959949382
14.5595160042
13.5448442219
10.8446710647
10.2212055369
6.30510202074
1.63712494688
5.32250917993
1.67260108251
5.71219986797
11.3206425204
-13.6412602416
2.5930145801
7.88637734537
4.8679097871
2.61901907923
-1.31202317126
19.9245394645
13.0357239051
0.699984093527
-9.90633655884
0.790633062388
10.4761431978
-3.72071482874
5.74974921465
6.82328954427
-1.30604072495
-1.23364399556
2.68340159046
10.7196250633
7.60855206064
-0.467916904497
-0.718805102709
7.61796596047
3.50745364163
-1.97324006779
8.28996034705
3.95731789992
1.8821247598
-6.5915353929
18.1510632422
-3.00629238807
-5.17124148314
13.7610138875
6.58856447101
-4.48829218665
5.35432663801
15.5901210742
3.45705102457
2.37775981608
4.21531057179
-4.74351357358
14.4418215561
5.92240003167
4.73248675093
-1.26387292249
11.7375156623
11.5390800085
5.56507750884
8.66402940143
5.89254826165
0.173022528305
-1.0241830985
0.648773650073
-0.0194855626732
9.4829966136
4.86697016696
3.66191955436
-4.31794438357
2.65984424992
10.5569861131
2.45984395006
1.7946556912
2.12675131108
0.236723376859
3.36962003784
-0.629028094847
6.28065846542
-0.57696932317
7.44211609737
1.69005434992
10.3310788664
9.11105961691
4.01985464315
7.53895257256
2.27280813856
11.2340687215
0.929917937986
9.6163196786
2.50006106261
1.84630649046
3.71740650223
-4.02094695428
2.64725006884
-1.94919442481
-1.49667705649
16.6823449506
2.62437000435
4.61974236634
2.16967440842
-2.50411262616
4.13293330299
-1.30654290334
9.51799907567
10.134303256
3.05562330044
6.52292949135
7.02440291263
12.6433605531
2.10560691999
-3.44674559998
9.20049438467
6.26954355594
13.8987504645
5.09788671032
9.65150910689
5.34330173482
2.01733482526
4.52418713957
7.14746306428
-5.19226392381
2.06777880133
15.9024295532
10.6641986728
2.97616658044
3.14490238264
7.58853772271
2.001364722
16.2322801207
0.563484695137
4.13269366073
-4.76290399618
14.4764248251
6.80284927194
1.23283506668
14.0492576283
-1.08379031345
8.35248201479
9.44493238873
12.5197119297
4.99026946636
15.1002738357
15.4495369196
9.71977361569
5.49463089854
5.60144358584
7.22558514973
-1.0941432413
7.09646492726
1.49605997856
12.265097834
13.7893062922
5.11736321824
6.19198015891
11.5709289697
14.5377640304
-1.36450775948
-0.369675667619
5.29288318969
11.1013059003
10.8448379349
4.19017885143
8.58856462538
1.3647849899
10.6971252802
-0.91913125975
15.5703133852
16.4645848046
9.80830307044
2.38618479976
2.18214700968
-4.71340512756
6.89890649315
-4.67369630523
-6.4551315571
-5.52891687498
14.6753650484
4.29400439863
2.51665062398
7.51872343919
1.76541139266
4.27528445868
4.01704611311
5.39457985479
3.585015013
1.64247929472
17.1510386559
7.02367466248
13.1636806077
-0.821507194281
-1.91418284151
-1.04472000567
11.075220205
4.6016626669
9.60376118476
4.67898761529
-1.67391514195
3.50910592138
10.3277100857
6.50748950923
8.55096446514
-1.86853383636
5.78679042668
10.0180691219
5.57067601491
-2.40850092928
1.71477658519
-5.63952996302
2.16294286662
6.38720127773
4.50399176128
4.28275644434
5.55659045204
6.98029107123
11.1455780216
9.37261718047
11.3180046354
12.3733647293
1.08268329907
-5.63149778728
4.41158721894
3.94964720594
3.47433200644
1.37512210533
16.3079367902
-1.77638659038
8.72872074646
13.5150018716
-0.330312253174
12.4648003309
10.7686977525
5.12485006048
