6.22194888459
10.0600515815
8.79330554062
5.31154632249
10.3368394862
13.9745308389
-0.0140602390725
6.34158709587
0.903951474906
7.69019579276
2.29529730176
4.62595784525
-1.83483448326
7.35418723801
1.747475714
14.7817406092
8.21478506041
-3.63895648952
14.3067037076
5.64901837676
12.798887027
7.58087686289
12.5284854709
13.4058213543
-5.28514083427
10.4969416394
3.93180197167
2.01532930602
1.22528267903
3.49596358058
4.69686606516
0.590831832788
13.3513986016
-5.0888738131
-3.49288334842
-2.80357622704
1.91048558417
5.5076443172
1.14342111746
13.9957607521
1.14503319724
7.0782613839
8.37641660605
-0.975190063859
7.29288280578
1.10011383746
3.84778584472
-7.0846059965
3.03230915943
7.27601600854
8.31699168669
4.54470121659
5.14754491502
5.3017252534
2.25826549982
-4.57268054014
3.99839999505
4.78822727389
10.8342709945
6.47402121058
6.36026137852
-0.639461646729
7.51232908975
13.0152046542
14.0328831396
7.46271248828
3.84362914672
-1.65999168801
3.94015237276
12.2475920531
1.10212605129
5.79295879002
-2.68753160121
7.09407351585
0.880484642446
8.82173650868
-1.83676554548
3.81720566338
13.8635320154
8.92229080433
8.55782235644
-2.3666413992
6.85880966598
4.80822996896
9.44951535407
-0.0968722375135
12.250298481
7.26826309016
3.43138957855
16.4994584986
1.51734062945
-0.9962758095
8.5265508005
3.56042861638
1.55266331861
15.0741045717
7.92751955529
-2.08716311633
7.39759637913
-0.11770361492
8.09499354099
-1.44917572017
3.37183222346
6.81805035317
11.873104374
7.69705309097
10.3384063331
11.8757354452
0.342946486987
15.7061316597
5.53792468488
9.58972166737
7.07015431614
4.12875376996
1.0480612002
0.748697892623
3.72539031086
-0.242383052355
7.27427444428
9.20848181408
3.10362746858
-0.900263880749
4.68216194723
8.99908874181
6.02012408533
-6.7168121686
4.65980641211
3.79320456473
-0.411622270706
-0.835975148026
-1.00206797348
1.11529349803
-0.928410182616
10.8989181407
4.87295970184
13.6811522844
10.4140501151
1.96407500089
10.9991848504
7.76522175173
-1.61870068079
6.79017678557
10.614663062
1.22983719151
13.938002717
6.27980482443
4.50459250848
-0.999459498064
-2.05963136564
9.2027528621
9.79403630867
-4.95825535171
-4.79518492056
2.53094160639
3.61423125605
6.05426622335
-0.551035306967
5.62234396493
10.1025009671
1.04042099337
2.64309135747
4.35573632574
7.48280473058
5.84538076672
4.30594207401
-2.44892857171
6.24859892688
-1.46063877569
0.356507720222
4.6273856148
2.30572714389
8.98676641767
0.156755726755
13.4805956502
3.61663550105
7.56299849363
3.83166832036
-7.03847265137
4.39836560064
5.73212955823
9.55225124786
2.29667051897
3.16841627884
4.82578857613
8.80351233026
-0.479484135584
17.4874101066
7.96104322441
6.43514824997
10.0117259034
5.8485252271
2.90006557393
5.63675399267
1.01429420368
5.69968715703
2.72373959266
0.424853240764
-3.07115059147
5.4958543831
2.0616608698
9.74372689648
16.251534197
2.93884312058
6.10480622326
3.79591012265
11.4632633285
8.96268903085
6.8533194707
11.6997590239
6.73067711438
7.68747197525
8.67573967672
1.19109332721
8.63276658952
-0.942995368039
4.06297878466
8.70806304923
8.29679711157
4.09561768221
11.2483507301
8.24157616164
-0.370811915323
-6.61601079034
5.5183363141
0.129887058041
-1.1618066391
-0.0986129052148
12.1595268367
1.70804196799
1.70392067251
-2.69108677436
10.845713913
1.23148710995
7.07767242321
-3.3528206026
10.7073520341
1.24817257909
-0.784517211631
5.47735467682
8.91514435705
3.98583472835
0.676099531953
4.54610243579
9.57315695909
4.13835341996
10.9527604846
-2.06220733862
10.2915473208
6.20976646147
7.96512128202
7.39742815294
6.20843331563
0.461725459976
15.4256985192
10.8680407199
11.1314828652
14.658957594
10.663482577
1.88824496917
11.1484093324
2.83277029013
8.90680342618
0.602426696721
-0.833054140798
8.81871114227
-0.944812183995
14.9780455128
2.64361505457
2.20068393135
5.1261523934
6.64493951368
3.95272236833
1.85196696577
5.7876729263
11.8155391468
6.18236461402
16.8112844613
12.2974528046
5.39128212821
1.06194258232
2.66846665178
-4.15145991989
-4.51950593071
1.03585342806
5.39272481536
1.78688076031
5.42740302252
6.87502008335
4.80273609991
2.80218256861
8.14601469346
5.73008830643
7.81128595421
2.36049196544
6.06180422829
2.77415715636
5.32950050584
-0.253409059385
4.17384643898
6.07592011796
-3.14376958324
9.9699356384
6.25044957821
3.85675528644
6.50478391546
5.92568072673
4.69618928765
-4.91772642687
-10.4623290454
-0.319446652499
-7.43089385792
4.11582738986
7.67922626116
-1.10423731275
2.82571316709
3.82376614073
5.35141798057
-0.252043763108
4.62186871533
0.643796440726
14.0222256362
8.16559916765
1.2865834748
11.0474616018
2.31029914251
6.07023867898
5.16464007172
10.6521244278
10.1045390394
15.4936677493
-1.26203947373
7.08555960172
9.98485161266
4.10463080975
1.48616258688
7.62745206978
-6.73410134309
7.0818246266
4.2357530754
7.72001945542
6.07641926508
4.22577601386
3.84045877292
7.38021511366
-1.87666464675
4.18046240388
-6.71777137597
8.1060877732
2.24741263929
2.07719076065
8.78240205859
9.0168016331
3.76762263129
3.41712750658
4.99230711379
4.52501859957
4.32383976619
8.19046130324
7.23510613431
3.80384309176
14.0188631528
9.49435923163
-0.143979589464
1.843529532
3.19410203752
2.0088413116
8.95817179292
2.86309275314
4.22733361348
8.93449445423
6.74330190894
4.46685868352
1.74665277001
-0.21439246702
14.5300455976
7.84792272351
10.3705842629
0.711445015938
9.07253936598
5.11453377361
6.69818252838
14.7793693141
-0.811573142005
0.98129142964
11.3955666777
-1.29347747928
9.12159191469
3.00299955623
23.8150254386
13.2826270946
11.7487590702
7.00844697607
11.6141855361
6.02207102258
5.47978069835
6.93419696109
4.55430330998
6.84226356311
2.3944802613
0.0704137336052
-0.140776301068
1.66468566933
5.59025558728
-1.91850254683
-6.63464228487
11.0588667407
8.70620439058
3.77252513963
5.8059460112
1.98576492707
13.9890949874
-1.63667117617
17.2505543046
1.7920192009
6.23743519919
7.11083736763
4.01522518885
12.1574453746
3.54084023302
3.94001822437
-0.166250974696
3.03645267652
1.1465238155
2.26495776613
7.69803235115
3.55596886221
3.53324978146
7.68628498148
0.074664950321
6.73545648895
-3.14816103678
12.6964011844
8.31477739785
0.232561607015
1.62194964051
6.86982777885
12.0166941844
1.36921197752
-1.84663501713
-6.73377285215
12.7806471928
11.9559205471
9.77736990439
10.1724768221
3.26657856727
0.584777720066
-0.47872600657
17.4477914595
-8.05314257482
-0.84913230253
3.43081072887
-3.42473459507
8.603653218
13.5702114835
7.89121441436
5.53209843163
-2.23508208954
12.7244464515
1.63939883224
0.721462787013
-4.17183470642
6.33985435967
7.14827776035
11.7626756409
5.97578620106
8.66419013175
3.43159738383
3.59465637396
11.1103031103
2.46068197019
12.0238372687
7.52972386512
13.2668749341
7.35938582135
6.5599791188
1.64468726784
4.91002857702
9.01607382899
1.21291634333
5.54531863528
4.88574287212
0.489000275201
4.84617782648
-1.63393919933
13.4567048112
11.9159857416
4.93890215372
4.65157245553
23.664471423
11.1387242532
7.99557416028
1.94093278888
12.2563470846
-2.90286648187
-1.82414563777
7.59034802503
-3.74791740785
9.45638469156
4.18886775512
-2.99100815075
14.0437027896
-3.10464222181
2.4581761514
11.0886425708
15.77507331
0.689140550132
1.31947970711
13.3768959813
-0.600698452228
-2.40178632824
3.25467316259
7.37519536124
7.90635725045
5.2990130449
3.95466203585
5.63820823997
-2.44956351061
8.44665054237
2.27025407712
2.11008507686
4.92199934681
5.03753301241
5.46120946571
3.5327296715
-8.71647632388
14.0415075027
7.34993500877
-0.912624042449
3.18664196933
9.72014072236
2.94915952843
7.47558384096
14.2110815233
-2.43355758336
11.4349253387
19.370029111
3.83675105626
-0.788092976165
5.42104557813
5.88940174269
3.49527981117
12.7277494826
6.40181733688
5.5263839335
11.1803608933
-1.28002027777
9.94616200847
2.87095969683
6.85519137306
6.56396448436
2.84711089994
10.6458580874
4.9628616295
8.19416499791
0.974830753406
2.89215065747
6.64231510759
-2.00512076354
2.96887222917
3.16202163198
-4.04036179266
9.6172444272
-0.617265517664
5.4431516784
-3.20140550159
-3.94183988766
5.55933738914
13.5341279946
18.6886073055
2.50432399433
6.04689009749
0.953089397106
5.42614917239
0.586147941368
10.8185452842
6.01013540686
5.7683886923
10.5236525959
8.66483019328
5.22291297275
4.7760866892
5.96728407915
4.94164556172
7.08174388088
0.289496096177
9.51230664382
14.2566347814
15.6864287572
6.76632086545
-1.86098117517
13.1984304682
6.69888982356
6.93517746226
5.67452331938
6.73687842292
7.4450377132
2.17142449379
4.21469511765
3.50521432584
8.37313294001
6.32225711053
10.2545293169
-8.90443833359
10.4553122374
3.39371245007
6.46008290243
3.51880801408
7.007986492
1.10135153163
4.60898393717
7.17882762493
2.69688221867
-7.79632809662
4.23085295014
7.77173532525
1.22358511651
8.10171122164
11.5623470304
2.4561779588
-3.04417457218
5.4878518908
-1.00485918733
6.7304409513
19.1156627324
14.549681838
5.06092936085
8.51619637182
8.29616601868
3.1334444665
-6.51177234353
3.02900719544
1.24322637562
12.6768392122
1.94364843253
5.95393927364
8.01104052559
-0.22111273767
6.92582346479
3.40601550025
1.57900967014
2.26687769383
6.55342536651
-5.33868187534
8.57770223074
7.59581599997
7.96315883443
8.98123345114
-5.79048755233
10.5004723552
7.34911628854
4.6907098938
4.68524958811
-0.601380685443
7.55994911449
7.23729360264
11.8446279849
9.1693056068
1.23687894951
7.27919576336
6.58721286423
10.0859365896
14.3935858387
-6.23253927138
-0.433138122661
7.56488564113
0.882880664917
11.5248608776
4.83151849547
2.21329834493
6.63982920792
-3.20018504369
19.1995701493
8.15375338547
2.53485042238
4.12932852755
0.813493682393
5.35227370249
7.16464092106
3.76622774068
3.526791848
8.77480109595
5.3065594442
5.57519202937
12.7277648399
6.97819961936
15.5544128374
-0.617709479915
4.20043007764
2.68579629587
0.463116866601
7.78648877073
6.6235951179
5.20454583246
11.3728022799
1.30317810358
10.206008983
13.2976591278
11.5922605607
2.77555821836
-1.03472535382
7.00918303122
6.1730189509
8.0240281434
2.06871954359
8.63295669262
6.24161732789
-2.67524701855
0.160801866647
11.8328759993
5.35109997197
2.49214690455
0.901666991029
0.558039614883
13.5887033411
-1.58701110798
4.04988127533
-2.73222144407
7.17506108138
9.21192026376
2.805238887
6.48428398543
3.20594117988
16.0488764766
2.97291053758
12.3290951662
14.4610377279
1.89476211053
2.74663811923
-3.73961984195
0.260323337939
8.001352674
3.96727701539
17.0544529454
6.81099927791
7.86121746295
7.1607440816
5.26703036448
7.21527106869
5.92194352769
7.22265084828
-1.44242859487
9.35672594223
-1.26651365194
-3.50763361993
6.35587563209
10.0493500713
15.5293193442
8.11574515865
4.75840543341
15.127757489
15.3283016321
-3.88778784373
4.99074278054
3.44150642341
5.59806195154
-0.923795103672
2.57263918956
0.451093704014
6.97736419091
2.11206045084
12.7684218393
-0.860660399686
-1.18950647532
4.9672737054
8.80561614212
10.9113258279
11.9253512937
14.5766184462
9.77559757997
10.090526776
16.6782880578
-4.36151096676
3.15661312642
5.33954211072
2.10675670878
8.77905833845
2.39052108388
11.1437193649
4.90731187171
8.96355389624
5.19473973436
0.173990971243
6.63587887507
5.87937848695
11.2695558841
-1.40204605874
-4.47451867744
6.67936248426
7.77834190814
0.20944826389
0.369886143545
5.14774531055
-0.322951446087
4.26333816773
5.976658489
6.9971358584
12.3953534776
2.32512485703
4.17916364352
4.67356823366
-0.498700265337
0.354551960724
4.6633529129
4.06109735644
3.21713428936
5.77078624121
9.53163773753
6.04227054724
1.1014001126
6.05075251312
0.307149095427
5.9147853598
7.79424264035
9.82608010861
1.76796912453
-1.74220112528
-1.94711627098
0.127273052656
9.16661872462
10.2814730214
0.907405467968
-8.11312873087
2.74302673204
-2.48737245556
10.6217261833
9.221283349
12.9490221462
3.31932775645
5.34862801132
-4.76830879791
7.82779680682
9.61739912888
15.3644679406
5.42010848927
4.83165552206
8.93262654931
10.0352200869
3.88721784592
10.242604498
9.30542687188
3.88132177951
-1.10538457129
3.44150725789
4.98744720167
9.3939153311
13.8230672556
7.01291129377
4.4087101184
7.35947091033
4.41050042906
1.91008615202
12.4483056176
11.3316956608
2.99396370668
9.8557672578
7.07461517444
9.97273303185
2.42863457113
4.28103955164
6.6388733695
0.207420947009
6.94900897981
4.33651008931
10.1985710827
2.82673901276
9.39185995847
7.21841887567
2.18589493044
17.2863686964
5.69186974531
0.999202284277
0.488770957656
0.152405322683
-0.393834030589
-0.608385410755
8.88602180936
8.93474988195
4.31711231485
9.46137300469
11.0259484027
15.9625432325
15.9908414748
-0.910466849997
-5.01937262089
-4.38436939935
3.98450950732
2.44372816398
4.33261268136
8.42305738351
5.81893613208
4.38020972119
10.0216614033
9.37046958023
-7.34025126969
10.689051602
9.79648421043
6.65681739468
-0.045309080536
1.19777897289
5.71891350154
0.192401152862
16.607357489
6.55072855319
5.03270779728
9.5913864695
7.22628873798
11.1983939969
7.47221726117
-0.107263573143
7.20373709961
7.90379949911
2.1021019626
11.7859594205
-2.74580483874
1.47199942874
8.0895335236
1.55562902648
3.82882835152
3.776786772
10.0700807329
1.85054009092
-2.78708234256
-2.00126899158
14.3440428616
2.73565265554
11.7120692996
1.52763334905
3.21031051828
-7.9589047265
7.23074022705
5.97982316426
-0.646808960882
7.33087294179
-10.4205683985
2.52983107718
14.020312857
8.01801911097
9.80774973444
3.10357992334
-1.32076106485
0.447555054592
7.32596747719
10.4565852551
3.18682952573
11.1244721986
1.41714205309
7.80403285417
9.93592801628
7.63950312175
4.30542150873
5.53354697665
0.0315170012744
9.67502913858
12.717506831
5.5993948772
-1.95581478664
11.2386250325
2.28369258897
0.923235040859
-0.218385211071
0.483553589456
3.42415280552
6.64402271126
2.8706550829
-3.50221594605
9.41621001089
1.24766602815
2.91941382995
9.72691356504
10.5079775575
5.31069371818
17.558517155
2.92076021986
5.15479701485
-6.38011736322
11.6445049318
9.00116835638
7.45286931372
1.50037050695
5.62540435043
7.66251313056
15.4714184078
9.06794643091
6.13655764117
4.85854885773
9.37127793765
1.11336100596
6.15855099361
5.40165968865
5.05399805728
11.2969551483
7.20523547282
4.28891387724
15.6666044184
6.48060378346
6.96807863465
7.6832347911
14.2677135573
1.93292093894
0.463614830321
15.0305748952
3.2561208622
2.93511518933
3.75773861298
-2.53176278363
13.6338466595
3.85121069299
0.0928739757087
-0.1562114867
2.81959810194
8.83765218756
4.68089892335
13.0711631094
-3.8266730564
1.1096508391
8.05627262995
2.01412445621
6.65046923517
2.87010226423
5.66768362298
6.40398071566
7.05428030374
0.454184854206
11.8879743175
2.64767630613
0.44661400204
3.35413630442
12.4001384939
1.6443498594
-6.27571847564
4.61465174852
-4.48914570101
15.0300788173
0.534282169762
0.18771392689
11.70283912
13.9622915505
0.199218103911
5.43948433967
15.4042258026
11.7556607579
-0.608436212223
4.17743492135
7.55079316336
-1.74157025501
-0.314764236471
2.31935033601
4.18768438403
6.07025238163
-5.36380688691
17.1986810908
5.69955643338
10.2137691666
14.4900623794
-4.29942615083
0.11592627273
12.2135239414
-1.70920240703
-10.5541382402
12.5118016297
4.76589976686
-6.54832788515
7.05674904492
8.57949980029
13.2206893888
-1.78432174686
7.51371445089
15.219453833
1.45583161322
10.3282968803
2.50811197729
1.0375105621
3.44871326367
10.0391387967
17.605613013
-1.86375701707
8.31176464291
12.3815356367
8.01564509627
0.968413490605
14.683089489
-0.957837116671
-0.339468747428
8.96901550059
4.8507030577
4.0032336718
3.7655363674
-3.19339904509
7.19420105885
1.34039713644
6.27072531963
-2.2076042773
-1.79680380311
-2.04662864036
3.58836165622
-2.32776276844
14.0312390347
7.81834248486
4.48630966751
-2.65390978721
8.26951951971
9.66728290592
7.06362552774
-0.437944115264
14.574136592
-1.42085477812
-0.912298350682
7.20520360335
5.76824284903
14.2274239907
3.03482317573
-3.57072041782
1.6115149318
5.20065151465
-5.91430848001
6.87162432323
3.83703457249
11.7904126173
0.288351560664
11.7890970156
7.67621438668
5.21638479974
11.9480788669
0.549777963915
5.6658932243
-6.60793239752
7.70369180961
-10.2069962003
10.5311449044
16.9815829232
2.625995463
12.6214643047
-4.19098015436
7.77160541381
5.57726973432
-0.148783429293
12.2022054755
8.36072750899
4.56511419024
7.46418067957
1.39726771202
3.48646653431
10.1024771215
11.0307222063
5.44221100242
8.04881245424
5.1719713622
8.75148194844
10.5566023523
7.50202566311
18.2978240042
1.03550969561
3.94699886521
13.9637856513
2.01912243659
3.94299854576
12.8814706662
8.92018855864
3.35788558875
-2.13521921394
4.06281199796
-5.30116145561
-4.07494996749
2.04269403098
8.58773642722
10.3841909954
2.70629200075
4.74499647367
5.14427557689
8.71367665069
-3.4431104695
7.74377806936
1.75739474514
7.5679495769
7.66559033173
-6.52352662657
0.890820009287
9.96768533958
-3.20233807782
6.11387792376
10.5269944158
11.3936888477
5.35450188213
7.19668894063
-2.51094523239
-1.99671214221
6.59051239499
13.7352591371
5.72613606121
-12.5310421648
13.2711518193
18.136117744
10.4917618369
1.24402172724
-2.27579914536
-3.62512110863
2.75085966338
3.93727958694
5.15297556858
4.62613062254
6.18875225066
15.2270189097
3.22469995073
5.11097045522
3.93340339498
4.58802305009
4.02169229729
-8.22002373809
11.9339815583
3.3190197099
2.4555899623
3.51647977839
7.75680450439
0.532378914969
11.4144954659
5.18161702744
11.5153746371
10.3118931682
11.2694238334
0.510331360665
1.86366110164
7.08462635568
8.06483509292
4.54582541491
6.27673677882
7.53215001905
14.3412900313
8.8714402059
6.2567272467
4.85650865223
-2.86014534079
-5.54990875568
7.28484756487
1.79799065966
7.13321541184
-1.49434444733
0.787710762932
16.8066498676
6.22515523985
7.27724942862
10.3296433222
8.07294307753
5.7832827705
-5.98687321285
9.04395367418
8.2536491449
7.48853104818
17.6641674044
4.0079525836
11.6965108803
3.09633943229
-1.39442269449
10.3339767761
5.37996075042
6.61972180726
9.79739528299
10.3030944184
6.0857025743
4.98315917954
11.2644008314
3.18525376762
6.66895784576
14.0731089603
2.70540543915
12.5498876843
11.3123586381
3.86702034148
1.07704244423
10.5984856671
10.0443374939
6.07400299404
5.64766641705
9.55758653995
3.74221765934
6.8500782757
2.79233083834
1.52804058673
5.57972467982
6.50992875943
8.2531795393
-1.19602861921
1.42284927748
4.14652684683
2.24707008783
4.93644008447
1.20600486842
5.1896154739
4.43155155157
-5.49138481367
0.273117950513
5.95727233847
3.95545250683
7.38654152767
8.81624490948
1.38778664642
-1.27794819178
8.21044287474
12.5316471426
11.7207440842
-0.00105551562754
-0.962395744331
8.15396329375
3.0668201707
4.15582513761
-0.206560160829
2.83105418632
5.47714847484
9.27420343696
-2.89992248676
9.79191275177
8.40260491814
3.21815202611
10.219772973
14.9743075488
4.58356091473
3.22338506178
12.9512505441
8.20947339171
-5.3864578189
-6.60699168128
-7.1665144253
1.02623090406
6.85695883924
1.02684578182
1.36003275378
-3.11067521211
7.9718195194
6.78423223821
3.71627881166
1.94587625919
2.27640942927
5.93306162764
-8.82435234998
-1.51943089234
0.47936625098
0.0239177979183
12.1594989897
2.8265549273
4.6692253326
-3.46283912537
-2.97353578014
-1.41086102024
-0.0165837677563
-3.8568671365
3.76007328908
-0.860721079014
-7.49682193175
7.07825705785
5.32374591771
4.54890483191
12.0325454587
6.35451247302
14.9452093563
14.2261057893
8.36109887562
-0.677400899858
2.67267469698
11.0533803089
6.46078547755
4.72102435117
-4.5377508023
3.21773871371
3.49785495018
-2.5329283199
5.33051026541
6.79287106861
-4.38841821625
1.35209729407
-0.728734037687
2.60667622114
3.92147326224
6.3194039473
2.94334099537
9.97655253614
-1.85714314045
-1.43372526636
6.80985933249
5.53370044892
3.47495456049
6.2205777214
2.26268187542
-2.17962436022
4.946870127
0.589525823826
-0.359128734503
13.6014628991
-1.68349060195
5.80040830384
1.93284293266
7.37266447534
8.06966851128
1.08208183269
-2.85401948031
12.7551735115
9.46714805734
8.75487040706
4.04451675446
-4.17804033393
-0.473682396846
-3.13823856455
8.30854895152
7.78909999466
14.4848597046
7.33985763375
-0.539829665246
9.19263584113
1.41801984517
-9.61465224591
19.341189398
8.33442509017
9.6909430417
5.26022319449
9.95759868506
9.55694388882
2.81025288366
10.5792935504
19.6774685001
-2.12729482687
-5.68089852875
1.82678910255
9.69602097442
10.3215753923
8.20807741573
8.95628637703
3.80403230184
-1.47861070415
3.94594821853
8.10706052253
11.8103248932
-0.617191304874
9.12106971264
-2.20208958162
0.648570642808
8.02837511653
1.88882008411
16.6500121422
-1.32591509263
6.68241074617
2.72062851946
4.99289132841
8.55981522391
10.1869156579
6.00345011819
10.9947849425
10.2002161462
0.718672419196
0.32267678835
8.58868957615
12.2135573824
7.7198215542
5.78769584508
4.26786204022
1.7183435863
-2.54464449166
12.7175866826
8.98324585416
9.02231113007
0.36839288597
6.20656182721
4.24261163994
7.51803389247
13.7523976871
-7.5153062887
6.14133006987
7.04971726103
-0.890936591325
4.86415669968
4.99200722729
6.34944987185
1.18078288531
0.41547496275
6.46168110368
17.6689385484
2.69584787249
0.208033477021
7.09175676771
3.25527400821
7.9631787884
6.08313747205
-0.869854362777
11.0689362636
-3.94861804214
2.15817380393
11.3607713157
-4.22455574337
7.43406415158
10.227731982
5.6262165972
8.77665667115
-1.67130808529
2.69695073374
4.34359985688
-1.87154010491
4.39475209477
6.24468097158
8.50786907379
6.80763389416
2.50660016111
1.68915287103
21.0402599564
-0.161998139693
6.82024616722
5.31217557146
-1.85353187582
5.40294213453
1.82581962383
6.71347155073
4.79181735489
5.35628726078
7.04654913985
4.76107310392
3.06651989067
4.89083536553
2.356554264
5.94638314112
8.85100603285
19.9892661861
9.54021048555
0.856373915742
3.03284567493
-1.82752032034
-0.880734372982
6.17461664779
8.20110564813
2.98941253197
1.51410873811
7.95208979925
10.7811099655
6.58436188029
13.2995837117
7.95272698336
9.01000586686
0.41812463316
10.9877176602
11.8091272571
9.41654537899
5.82364720819
6.19218582774
10.5046415011
2.55222013896
2.60253762416
5.54233764045
9.64840727454
9.96948700099
0.264509506012
23.0783402706
7.40399667812
5.66024657026
7.52178628846
11.9675964418
9.94433583548
7.68753854814
12.5135112669
4.93846128982
6.88235965793
8.26632527023
-3.31772132625
9.93112367087
6.27607945076
-1.68224442169
-3.53473579122
4.32720565405
1.5999700254
9.96800029214
8.17137792707
-2.71292223016
4.92136782442
3.44523223802
4.5117537174
5.78654450445
12.9484013866
5.05057568527
11.8627412064
11.6816390766
7.79913366789
1.64809414847
1.55650734239
13.1454744296
2.67071078847
4.35917727941
2.73945747034
6.38483659583
2.03626076147
13.0028973162
4.06133515279
6.30071027102
6.48008239375
9.17708511269
6.21351701317
11.3655886924
9.11589898784
14.1919048997
5.88946625649
5.05588031347
5.95306779175
2.47552121112
6.02971264953
-2.39326587617
15.3670156783
0.52174049709
5.58522379223
5.41992045738
-2.0576737857
10.9138136202
1.34847946037
6.53246433582
14.5309810667
0.16775944275
10.6573107657
3.62091692999
-0.245320867988
6.66484092735
11.8474429044
9.16841008453
-1.56132695209
1.14269377954
-5.90465320161
8.62438372673
12.9513755617
1.78614392765
4.02461556695
-3.25788514056
4.98161403617
-1.56040294248
2.28668709121
5.79988725346
6.94565184938
10.466991887
5.28013707119
4.93200122677
11.508920021
7.87767888656
10.5642640516
-2.67277784837
11.9573582736
0.659449907163
4.5476801804
8.14741962119
5.86297737952
11.2417904224
6.43069145292
1.12959792535
11.2081319642
6.97106139922
-4.224356649
0.00247076367346
-6.17314307411
-6.59497046866
4.55391147037
12.4937701252
6.30090264681
-3.64783855849
7.16149122735
1.17441280272
-0.452172068393
3.26908367404
-0.320742486523
3.66964334918
-13.9962300442
16.931059115
-0.976230072965
14.2797895897
6.2222661343
4.41294660046
6.91418430995
7.46696683115
-1.5422608246
8.11734416733
-1.49414256878
11.3144984424
13.0658325043
10.2876164418
-5.7707522609
-2.67193317578
-5.44873396963
1.27438374571
2.46321423695
3.58449754715
6.15754540349
8.0530651266
3.76275987847
18.6321795247
7.03241094781
11.7243586282
9.50685782938
2.35005495777
3.6297767447
9.67511969512
3.96935149393
-6.35962496224
9.19145389527
-2.26357422382
10.0136444112
3.07581476957
3.5785716645
3.61243851184
5.18307199638
-1.95197272284
2.27562770942
6.78978990301
4.26144033031
8.73330645645
-3.27874763329
3.08266852531
2.25395285339
5.71872577714
3.91293467644
5.611517198
5.73882666377
17.7293173039
9.5337557511
7.19076390828
8.13195064147
8.98231504421
-0.165537691609
6.10653186383
10.0871935483
1.84783403715
10.5235619175
1.71978108385
9.58691737835
4.64282408208
4.17525431961
2.16659451222
11.2646625543
-0.399831688657
7.47238934351
2.88478203859
12.2038964931
9.24635341047
-0.403221731431
10.9239496792
19.1177697429
-0.60007984602
3.36054419529
-4.32825273868
6.47936134904
7.62629829899
8.95787921146
7.21592288625
19.5439321838
-1.73929355353
16.3175617947
0.633017722792
3.50960578661
4.07716452366
3.56041701764
-0.947677175369
2.20920850598
16.3947171564
4.97023046925
-2.6041534621
5.03351021369
0.456414591773
-2.40162668322
8.3609531197
7.2476171395
7.61934995361
1.13940110364
13.229528819
7.20510683893
14.9157826788
7.34928278742
5.28195593009
20.869863775
1.29131561679
6.01698754667
11.4701027919
11.0677803169
9.19576437897
7.39786279434
0.197232662447
1.67795517763
2.52429323039
7.66806662248
7.89453845746
3.34122658914
3.3706848668
7.42367907716
1.89639942333
13.9098211034
3.04725076819
11.9027052288
8.43182224548
5.88065180281
2.99587570404
14.2017635325
2.12600754301
9.39978834939
6.07471544556
4.35271384348
12.8319092571
9.14092710544
3.45063456445
8.16367400797
-1.10484665788
1.93802153404
-2.89207425992
2.38713732923
12.5587916187
10.4794841491
-3.99608039997
4.71901608627
0.0579052113969
-0.838345771763
6.35761647342
2.11861818783
11.4633241461
1.2951734291
6.92257687319
2.71841901326
3.47273904437
-6.49155414561
3.36050547626
8.29134083202
-0.600159161408
3.86962716307
12.6714147774
10.4998790998
1.60717755273
7.79682588972
7.91119465015
5.31417152687
1.93740506062
-2.37588623183
2.7445174334
4.10804645875
3.26873359314
-0.198518975291
4.34391570278
3.85663561045
9.52926622561
3.96233955887
4.72121202409
9.32565726886
5.80902124758
2.66363584314
7.28119472795
7.41090089349
9.48081753809
13.5595702448
3.26607731673
0.782356884595
6.08848650142
7.46099392786
-1.15133808326
1.16122166653
-4.3319650742
4.38917345888
-2.12238611614
14.3914623979
5.50865057952
-6.10427297761
12.2044233336
6.01271488137
5.06880193925
1.34573868513
1.19467283547
1.81869988925
8.22783929604
4.02327001259
6.36629684116
1.3393970793
-4.03780073784
5.52850619392
16.0353142056
21.2888209206
-0.673083794578
7.90496858678
-0.789957332075
9.18225992636
4.5722857398
5.53136915827
0.974285441122
-3.38898052859
8.54493696704
10.8806757173
9.70910424362
8.17559562709
-9.82988360259
0.959727198348
2.96509825166
4.88313713622
12.5808054119
1.18598160418
11.8910261767
16.6442468601
5.95925174372
9.11264002007
8.25214608361
3.32515788167
4.37893490408
9.16882498782
1.80225481133
0.107794577033
-3.87330270173
1.25522605783
10.4962544187
-0.749451594141
-2.73230474495
6.36394075746
-1.01873059297
4.26016991808
10.7441878861
2.23711993717
1.83768213341
5.32348519064
-0.280792897459
7.863758188
2.47381456771
8.7004683315
12.6381950218
-1.27343365487
10.308872706
0.0684518004121
5.7691098499
6.81049804987
5.01472394709
5.52253787663
-3.24305631874
6.20995710287
-0.347313810843
3.08891199785
6.48201516952
-1.75572270914
2.60479314349
5.30346070159
9.02174136916
8.76866186822
3.21633206798
6.41674111889
8.92492605296
3.85244716355
-2.94929190878
20.8746481344
6.53103393308
8.33666412793
3.76752618732
7.45497030791
13.0395384014
8.03288245622
4.2401370212
6.71740151265
5.66300163526
10.9068046861
3.09304007048
-6.3428994033
6.08580282182
8.29475345242
7.70496535658
1.97112207239
-5.09133546715
7.81217483393
4.45635990366
13.2648502919
4.09252191177
16.0814151626
7.08754979391
-0.641609171143
-1.18759623838
15.1866344724
-2.00063414459
9.19102609871
5.49313565921
4.23728294564
11.8061759226
3.85024105655
16.3803568985
7.20859302922
6.56620046016
-2.610214051
-0.591980345594
10.0248652376
3.89020864943
11.441489169
11.2317819082
-5.26551288155
3.13129564555
9.00171255904
6.10283722052
-1.71964056682
4.60607336821
7.03093669778
0.457047203104
-1.54284257255
9.99449191165
7.64235634659
9.88955348444
-0.94410600073
8.80786485572
0.827073672722
1.01898406746
7.05599323472
3.74807767745
-5.46796512745
15.7104303256
6.38111517254
4.22190192892
8.59531340335
1.65642075149
