5.962130641535875
16.28922807757352
7.04157402659242
6.063237282122454
-0.7683502303767362
-6.136454081646857
12.374714965541607
-1.5339211824101469
7.8360668336881645
7.2785802817084555
19.300856249991895
10.191706576259467
5.981576817043949
-0.47169414861466663
-1.8946263143907167
3.2133181344480626
13.190604783904583
5.204121893943338
7.00810318216482
5.931632657240268
9.96158530203927
-11.049826052746841
7.909023386191604
12.338174109895217
8.371344561647737
5.987309278701632
3.7692866970126317
15.186302095028166
11.948984711815015
18.37664267278356
6.368787201063075
8.863671167033866
10.579557413294683
1.9116117493228595
5.5729670105892035
19.151082727968593
16.132361827187594
5.383250826334328
3.2374081833087724
3.8236226665685544
8.901235093461235
15.389528385928362
6.273646635945743
17.430660164294576
8.692702525910644
8.946492558118646
6.856340060528044
2.3828143626842504
9.373279521106216
10.328725931001244
3.267854382325826
-5.634648600903834
7.088452975352017
-6.009293349273458
11.768227528647172
17.14900942183222
11.188709681806667
7.110594893154628
14.91368231168773
3.2454884335172265
4.3904377336381994
12.134064310995292
0.03893053863366003
7.139971051196466
10.86651034421363
6.552302123245195
12.692351592017284
17.54516771036372
2.0999226285665595
5.303994927557017
5.338285240576362
1.6442033665574396
5.128267460038009
-6.088188038561965
6.898913850606811
11.740316001743984
12.769967169836328
-5.515695352343963
2.15707071726665
10.656238398794759
-2.087977891603492
2.483659109059153
7.71958873345688
1.5547403405977365
4.8071776981475836
2.7329839767498174
11.414063095849201
8.59347310095379
2.0959204230115134
9.482307023398725
11.880925685374773
10.286984637036404
15.997182721229317
5.331676200854105
14.954962871352027
5.199755725518814
0.4314572670266852
-1.7933283232322887
5.419737772099177
5.590232724720458
12.637232061229215
2.095089113073209
3.1070110578605017
1.2080460055282352
10.193451283532122
3.293731436738275
4.740910885085949
12.627000686987731
9.90873157417204
11.113449697246777
10.17450790880213
5.174706690797963
4.605998113967294
9.647318022385159
9.876813995975661
3.077438055862075
22.499310257762588
6.764237348528527
5.321368836280608
1.8028685204498878
8.743450685079202
4.690803759765266
0.9299397833994059
12.596781424826714
17.06686591087469
10.459526303442892
13.688013242996643
18.729116112932363
9.884159159373112
7.9476084101981
1.4580868488063103
-8.536029611183626
8.976986553725803
9.332608461177676
-3.8735486403880888
6.512827700300811
11.683810564173172
4.2788941710508395
10.469761536967361
10.102939751356752
6.208603649725933
17.49118967356215
10.965158271892452
10.5001338345902
8.326446516621466
10.01234084811541
15.133826128656885
1.653221298364672
7.445224189931078
11.128869144513379
-3.392170553675024
12.710508966674496
11.270279984569438
20.544330486073214
2.770109804961355
-0.12984233964756697
4.011728774368582
7.5072310396821695
10.29451452688938
-1.2887555077625343
14.123409853556103
13.579359214305867
6.691833934022817
4.999768145569725
3.298346474642562
8.114526250746817
7.93149996542401
-3.3061752096746293
-1.7351859184950698
20.29583623854029
0.3722494301441994
5.694344746345169
10.913649115503254
-2.0917872378125644
6.727817736937526
8.650710280228793
7.971250989857204
4.685964263769696
15.446084799375987
3.6482988612399274
17.06033287262514
4.275296074639862
19.402695404632514
0.5716974713789513
3.036186382877996
5.5560153547309215
1.4865825346853647
-4.20611177761716
6.202060765647571
1.959508787651628
8.619552964296147
5.543479930911577
11.97626835879703
0.19412435607028478
10.641964542642683
7.244613630687242
-0.7010571972484225
10.718054398079953
-4.490899860600013
2.8442726840112003
12.775921397587352
0.5444965163282367
4.955978359812404
10.33579100314625
-3.919982732617278
5.391649220725482
1.0296420208102495
4.275591042549832
14.42067420546343
13.678585302929903
0.8805245267753472
5.139776295786444
2.6281159655283095
5.53535244746931
7.237309171604393
-2.7607441619622275
-2.4331495537552907
-2.904817328054518
8.283021767479772
9.039193907398205
1.1297074395240694
3.892324496376331
-2.500129497514104
-8.221160136246509
0.5436580725255293
11.301202940038854
9.110934892989643
3.199068656874621
10.817083784364478
14.82424361667322
-0.9914251535927612
12.235513978211422
-4.675631735505526
7.242617346764887
-7.80269167439622
18.088885370828358
3.924581251966193
8.434697341775363
2.276386148592834
12.119265805794718
10.235870722857788
6.056879749405722
-0.2921110378412619
-0.7927468659189589
12.022324879389663
8.991900053752573
2.4536847890374665
5.968711806070198
7.328281035814708
7.800494189107418
-8.189795307340782
-1.166130161947338
10.171112416171997
4.5102571468145065
5.300454282690535
6.574889170419918
-2.70866241857426
9.396151616746813
1.814592423001483
1.6721523240625213
9.61121552706625
-2.7312701958976042
-1.1782784427788888
8.044660078199698
9.209104675585467
9.50277991516631
2.471546645479072
-0.427260771529971
6.623688059064695
1.3257846348215967
-8.398424907662571
7.311085282252985
-3.0105937358670225
-2.3300378756605955
13.601788584733756
5.764119361010161
17.21249667195054
2.9460183846482946
9.553258964628288
-11.107665136975335
4.209057205511801
6.852290575148486
0.6626842305434053
6.631159152779506
-1.4243693853431143
3.2205792976937087
-1.780870612823592
15.069870329295746
5.330496547164047
9.005088304069872
7.641523888755062
6.095966060553612
2.7746471201967
2.9535087154539466
0.058912419024935936
-1.1467395557301794
10.351309068763438
5.8967878319226275
8.456247140042805
-1.6523528101160618
12.036528580307412
8.701167755619082
5.790786166728341
5.1977069438085195
16.663727006512467
12.95459846052271
0.46756693635956736
5.252922364741625
2.831269358689689
0.5304970992783993
2.7985634972388516
10.469344506351007
11.713742429541892
12.568926596402388
12.680208639012664
3.683086150683205
18.27725855203554
-10.451884898612043
15.072106283600302
10.300409114467994
0.9065867968471624
7.752575968835659
13.071665985958568
4.302549465490968
-2.8177059432948006
11.052132173516936
12.294516198483466
6.243701532383404
0.7761210015607487
-1.7197653943280082
18.021365248082766
10.459532284522687
-0.010460840120551929
16.423702985282596
14.026438416419108
7.303080486703345
-0.0314822618257482
1.8718110205235936
1.6151609858083038
-0.09533899759236597
7.3293642876351655
11.608388725203328
4.7941371018344
12.647440109266732
10.896829125237616
6.133206603759201
0.9602392615185584
10.418522957442832
2.5256484026181036
-5.13566263490177
-5.333456054013947
7.120289618223359
14.49315816805312
5.518910845012884
14.33287449456033
11.427816930882654
9.152926438973067
7.304207977556419
9.685446824357683
13.049911693975929
6.996241512005393
10.991778949027783
1.5312112296701708
5.1936141918859615
9.335568111545914
7.818772579910566
2.5162168164099974
4.8000785564936805
-3.8393704523564764
10.419563863800676
-2.436717445545881
4.877067111120644
7.306453257309403
8.413004803374811
4.386226272505736
-1.3334184617931992
7.925791659779538
12.586114116065701
2.995987303971433
2.2403942983194423
-0.35089697798133734
2.081838542111823
0.8534411180506067
10.49433868124291
3.9012623512280364
-1.5380665804884677
-3.140725768847904
-0.10860715773416896
9.458764010646522
5.030342329079349
6.959262914249284
6.504617025738863
8.21305720394628
9.127839108676369
-2.4166465673162154
4.461300200329493
2.4878233161859793
11.293890967058308
7.689592430214292
4.903315277829431
11.546319340728868
0.431363314689432
2.1476747137780636
4.465784492555068
-0.21808101627774334
-2.9105880696291475
15.324408292841818
2.284466279436585
10.38943923053124
6.655554217657405
9.535414740558771
4.170250692837339
-5.751916986499266
15.382866179994892
0.1377941026247793
0.6606684787926591
1.095402279162938
15.219651914481094
1.8412849952555934
13.549175228266671
2.656311266862622
14.687290074109725
20.056810495221278
8.25852932350927
9.684628683385025
1.3498337519965782
-3.6520651042510686
3.4012945297211137
0.7680639142506553
9.109326072841325
8.328842704588398
9.388226407376886
0.523140904932708
9.941636611523522
1.9834733720715283
17.113642468782146
5.36365654376689
8.07281037137384
4.793356695288762
14.026152678996146
0.958016636244925
9.87020827183047
1.1402299105112057
10.771511687310344
10.193096093319307
0.7106824265498286
11.140334913391701
3.558313708300066
8.81449506879704
2.2925844559728663
17.666531232239176
19.63722645441736
6.426790730384419
5.912817577061894
5.557755919061703
6.713460877681775
6.508096249020503
-3.0746070705803916
14.820620486401687
12.303648501987404
4.044011903455481
11.755806766925954
-0.9250639691617115
-3.44895135909783
10.043189897858973
9.554991715116085
13.194604755766484
15.42784032186269
-4.124451391236889
-3.6701661239434085
9.755084673944932
5.504758849908369
16.11162798196814
8.574297256490638
-1.219995575399798
3.2332591720110897
6.8014559949285935
9.889963887337913
14.737066420892516
15.398643866766268
-4.464542105613107
-0.8833472130336384
1.5836694801769484
2.3481381232197043
10.434818780043862
-1.5130606376612654
8.56652657632824
7.790677708054602
4.384901009924246
-0.15654631173098998
12.491299277561431
3.0508701291891818
-0.7503668154250205
6.8103385803570715
9.154624732055344
5.971786292483368
-9.151374310489294
8.904779394866907
8.589475669788659
2.563008112843567
17.437040862822315
2.4951113231592457
2.0518176674346154
0.9746867154728873
2.5546823535251044
0.12339902944554026
-4.569202573938348
12.172647358683832
-3.5860230503427264
5.809251124303767
7.842628340691677
2.4412498650144956
13.953639403533142
-8.395643922795252
18.106759706999487
9.930924361254494
3.761856979547115
12.192987470236641
15.909255589359883
12.050517824640368
-2.0160005067038274
3.662580994358413
5.319944922034823
-0.4429044047394255
-4.766317921756425
5.432063158333447
11.36198292514112
-1.063695013930455
3.917474227167148
7.811840658208449
1.1286955033765063
15.136974737088675
10.26312959855967
11.03710438380709
-5.392830433408969
7.21911307317896
4.706618329470273
8.719473949794786
10.546291951350227
-1.6305915984067134
11.478743002729416
-2.0952973658075873
8.627949115861954
-1.12926829496877
8.542412553948527
1.7622684283497954
17.04681005481664
-0.8957071078684411
18.700780356402205
-0.05882039034013253
10.59463640091854
9.158978528594696
1.6964928476504584
8.626633203958418
-2.9298066761771935
6.365421054507683
5.103651924783632
-0.2910525024009054
1.4822834081700593
1.1213330189781212
9.688690781749635
9.43345503419294
7.079948491599277
5.48959430248128
1.225783266045691
2.417027106315245
6.868587076881029
-1.5523847585692847
0.36275409149123394
-1.0438089914294917
4.025767836012978
16.91136596981567
9.441832130624823
10.030143288514921
8.238786552646651
10.283978575157693
2.6256220200682012
6.731947925179578
7.194107833755206
10.300553127274444
-2.3140920184227003
10.732733810148776
3.355906854809553
11.382748085316168
8.528145487472752
6.9547795537406625
2.594276329686608
8.958463040604805
3.5510635769000354
7.77503254927224
4.987511249505207
2.266108772883295
15.00440476074342
-1.1341767691191675
1.0445496838056503
-3.3250831315393903
4.887636729141749
3.939433194082161
3.7253502969611096
12.465159926891804
-0.49385178713233824
15.479211601977047
-0.16086269998540015
11.987564673826078
7.108905204275824
5.946476772249835
9.039932353634564
10.271448105978527
2.849314753415698
9.199031169620431
-2.2952868162698756
11.470961979007912
12.083860060048837
-4.563018171763403
2.872463138213702
4.22550381551025
0.8189004402086502
-2.6234035293852607
10.887719027137727
-3.8665001797277974
8.662622243742343
11.704058136476647
16.019670249224713
6.131081597625595
3.1578303781641432
4.434206421143711
8.748069484256638
-4.604060508428606
0.41412215225871485
10.745117103320712
5.22632809242886
5.326099580293164
1.9726389853977881
7.638682381579493
14.249876578204988
3.3751823500017704
9.463662684818289
13.38398569189507
12.117530268742609
4.013722837782695
6.620750495581128
17.761484114860615
9.877663795125455
7.447015102426279
10.013705625207837
-3.258425164166356
13.208258084612488
16.702835508811127
1.3466417404948325
15.749313407233602
-6.463135777441671
1.940753924383226
9.356889479079072
7.3291562889621655
4.492443359615432
11.740446705844445
-0.8579434173184515
10.545706445969625
3.301998583710702
3.4640555925755754
15.504936667460449
-6.445832333477414
-3.634528602189368
11.28304482327438
0.8299817290199645
6.122186968802543
1.2385089700631617
12.031806294417745
0.6843281467436126
14.56041326006908
10.032320628228906
5.5449710560476175
9.82114852771096
4.383509980210625
14.27107767770595
12.093852300889223
1.374078197106063
8.925544494142752
16.328366542317422
6.785843655660542
11.85826162754736
4.235326352449637
2.2973590969766886
5.804683477467112
13.771756183984564
10.403059147622553
13.70059075061494
7.557120464325616
1.0184619100923324
12.966652557241472
-6.7692280760592585
8.676806659001446
4.032825596560052
5.481219146517814
9.038623107195736
6.2285653202380225
2.8636600731021034
11.987836822328653
10.938806760827699
-6.160803100212515
9.647938041297865
3.3633267643346114
16.785019986956492
0.758749413952402
7.135336800710174
-0.4723934462461825
13.017990358755052
2.59923599628605
5.582232179188553
-6.331249463311606
8.973666020311299
12.500661375423448
5.392685011505591
14.88181928117831
-3.8792928132219853
1.8423601230495024
8.71913381142846
16.1656301969425
8.97087278721974
5.327976379967294
18.638542559594995
12.365512446565706
2.5765006736427423
-3.8884627923078554
6.517229331272652
6.389876201249813
14.809492820796482
2.9123588367084103
8.60953570818604
-0.9216858135834061
17.622411065828786
6.297948647535768
4.78594454167925
4.402418721811713
-7.924459819678841
8.847836162712326
7.956657761087186
6.1986597550183165
-0.37487860818556573
4.910761838152532
16.383407883815835
-8.456798147539947
0.7612876034504419
-0.33219276931471153
8.850468148265806
20.761827407896398
3.6834248936141902
6.944010275846412
-0.3244963420374054
2.8246208500733205
8.739370640079443
5.794315516566147
-0.2806768874027368
8.404640553226612
5.720047287743846
7.619607755960159
0.6647097946996166
4.424966035019985
16.15252539379022
11.702731725515678
13.083348808007603
13.763116643822507
-2.500451803214208
5.517612352933268
4.630002453017577
8.53556855091199
-4.9750284139371
13.44280321762868
6.566452023984357
3.3117867712325983
-2.703722760997941
9.893612568187159
9.553122602471241
10.193983652892221
18.417379642108102
4.440501380466664
-0.3115378216651221
2.9306599492235605
5.54328810574493
4.50259786245794
1.8084694836947506
-0.19142721852764844
-2.160358188897934
-0.503660693836216
-5.701259956476189
11.328600980929515
8.861361585032721
6.438526947235486
16.79371652808058
5.792312210555107
10.81298085289328
6.312356781494031
4.340621518572362
4.434715582525686
-4.823886131791275
9.251164146817933
1.980850420508979
8.882148359012941
0.045043626507577095
-3.9903660407175607
13.287493293134478
7.623146672682058
-6.647346806175225
0.5278664845642052
1.21470590630748
-0.8261152870697384
-5.447714523441157
7.849712193950962
11.676734882915103
5.95205205890885
7.887469427770794
2.7821440924524583
14.762604972830887
8.489498381892592
4.600322666174539
21.015472545937868
13.192597422410248
14.826195065477524
5.076201610416462
1.606710402450684
-1.2214709905858774
11.029461546976425
12.871156357521055
10.700505883798295
7.642451938260939
11.284618525083529
0.028582956613148802
13.294359387999696
7.200253595909711
7.750308373289023
7.9488060489752055
17.398028947730012
2.5635555828324494
-2.899482459453184
2.8020411057572647
15.861183980897444
8.986608198869662
-1.3923590352526602
17.119655523053048
4.2458992990593245
8.050611639000909
4.6644167003139385
7.204304228633376
4.287443654142374
-2.9407950580951923
7.21691386960433
-2.9516214558387066
7.787500388852702
5.266133668060654
17.700296460637816
7.26893223087123
-0.3380458168432954
-0.19722467833135315
7.066952188772481
1.2292914009122375
8.44763529997062
12.796179993638532
3.1163664696290656
2.912562381806789
8.662719657429324
-1.4561218147309072
12.225861628011105
-0.18835192792765554
14.130494557858322
11.925906444373197
1.5099523824958965
4.8263640194288815
7.179771570691786
0.9947300896765006
8.695091828722276
5.348906948110221
1.6374818528457613
0.8717338828404877
-1.1184368319590101
12.639615965882584
4.57647129074733
11.888842003185701
10.415267802739876
13.242289587579812
6.011954894398678
3.29607242575841
2.867367253870947
7.162928545397877
6.875155600401699
10.227833847930459
8.759376218143737
3.2063582127843717
12.423641507384211
13.45276443921816
11.108511067988978
-1.5242500450892766
11.218054467431717
-6.277743154001069
-4.839097631637831
-2.4081613765893515
9.076671726700974
9.071758199882957
6.232570787754098
2.5053561910848576
11.69800086572253
7.999604618506058
9.626696557464868
-0.4208770209897743
17.168331183500335
8.515155454498808
0.9145309060984079
11.593273005909953
7.101909319267138
5.689387438703713
8.126625485765757
1.7573838067966143
2.063668925478646
3.61385827182632
9.588989338158859
8.519354360891548
11.397652416988668
-0.05466817829157744
9.08021821490253
8.695036117479717
3.511412711370471
3.9223613115972964
3.246782384231028
-0.33329863835451246
9.741937992757189
6.950837889711106
12.603376892431452
4.101468793068145
1.5703933988404053
2.794121991334669
6.180991485020141
11.262927659042951
4.350861883420453
5.610748037662737
10.446903948314556
3.9028241220381763
11.56727582895076
9.348048712947142
8.06997462233318
13.220643622906167
19.49790980835432
12.97235472664633
9.173807935330109
10.067361012358354
9.842731195091032
9.201070061482447
5.24449776214091
7.879727159531644
5.394011481683535
6.628174568843222
16.602488893353467
7.8557806689971175
-1.9783015396682124
9.672427238145534
4.4622632964034095
4.904610656846852
11.093209107574882
-0.7822236592501781
0.9745412862688951
-0.22791345973120247
6.003167014394906
8.38608273557568
4.938746481556129
11.246734146040929
-4.092301568731431
10.074219592995966
1.2089871745127843
8.949794919048875
1.7259873269187205
-0.8152655845892189
1.630739827286039
8.577699369825083
17.778066813594574
18.691753246272356
11.17801657052905
6.167150335739443
9.702499239349546
13.840310756373789
2.0006052505957816
-1.3309373616876616
2.4937644175471436
2.394597971842564
3.6243075973887198
7.389740041553392
9.950981232320965
4.806197944887433
6.998083864515806
6.637022179204694
8.521194994507189
5.911677817064589
13.889116707908808
9.828524910278535
-1.6802712031897133
4.844840982065725
9.855459223102432
-0.1475382170587345
-0.3296827798250481
-1.5052453973307598
4.9898037797299075
8.571266201936284
-10.896395298623947
