9.85732862424503
-1.239617596346939
4.5808630565977255
5.2538640727487875
15.77009206677437
7.508185697037673
8.966005862100086
14.829668866788522
-3.7043325971754957
15.617309827653182
0.5504233436880162
8.42598354754009
13.76191701716388
8.271066067247226
8.579751414787768
8.513400444717856
7.089484778280048
4.424392555034055
9.626960317277895
16.70835443508191
9.170086371976948
3.531279983911608
1.876642040618382
15.64838044847923
1.8599354784079862
1.7749793124582043
-3.3932546148734968
5.862261923806815
5.747103064224724
1.0978333004534324
-4.287060332514683
2.067458574679527
6.214259529619079
9.811350939323523
14.397505915984372
-8.07386784314882
-9.421520670904746
4.008712203060009
8.48168654790727
-4.2596865612682215
0.08750886148155068
6.441244877723708
6.588123416035023
9.454136985078575
9.605333579912507
9.135041240020646
-0.5798813128531677
8.044765082954571
16.475788053627216
6.4744772005468665
8.218792213799832
6.994747848585307
12.14119693432049
11.011060218738237
12.123291126616987
4.460622996861049
0.12149895905996999
0.9829601470675042
3.5274016345876755
6.775516177874228
20.89650858990708
12.359327981409306
1.4475761030876644
7.981547068996937
6.45970569911575
14.312820301878308
6.741319564222095
11.558657178925035
-1.4096945544451973
7.53489750749595
11.60491160587166
8.411832530126947
-3.6676505756834406
-2.6955877207320817
1.0226684957852878
-3.5728836458631115
8.440524046507909
1.9133279795407034
8.353448218766582
12.91825447999431
14.332463584276308
13.165738980408124
3.4495415779129526
-6.659512423760287
-5.37849830660058
2.612418258038614
14.80603567872411
0.5121216951435352
-1.0668290154124156
11.203552469963538
7.970317067794486
3.5332165853980335
2.6076552639420054
10.725706864501568
9.869562829671459
8.566745302080594
4.220454975925234
3.240620236409555
4.6700606973155745
6.713420062808582
7.98928762675019
0.18195798694067378
11.164238340390334
0.38466956356650783
11.88312929895527
8.140548417608917
-0.002157403644274858
15.436384808928311
5.935529812255554
2.449128258484818
15.632173720410105
1.9796943226407029
-0.7122112498882505
13.436896050052058
13.019098124936093
1.248200708599641
7.091415344134096
-3.0677091513445784
2.573477508858154
8.683949603098924
16.352841882257714
7.578475126492858
3.792572355362009
6.273042180985839
3.554457420521485
5.773200445737082
2.747828599219077
18.76754397551995
6.469862168829624
4.146246489278227
7.748815556635337
3.442750816623994
7.894359305444891
8.246891514399369
-5.657696595931471
11.315568042156126
5.143656164782046
12.580489227730805
9.449511529949296
13.185674661812758
3.939177928317759
7.006623486845012
-5.529778289585135
11.7097470538807
4.554333853090803
8.803498441445171
10.557277712489817
7.044761145752199
13.182908027765677
8.252572185185407
16.072754576332144
20.403810120261994
1.7913167835796937
8.24620193743727
3.406520828874925
4.488602753463306
5.138530012223539
1.687310232280601
12.97903202175048
5.384542768921318
2.9542703568293462
4.538253781297599
8.38662996658815
17.172091347569854
10.352314351257904
-0.6640190392036143
1.461512318768131
8.86861934797971
5.600898899288951
13.959507964987372
4.599712878620026
1.4204929607030206
-0.507439728811252
9.347052107168583
1.3484251025662095
7.909365551684793
7.658005938519064
4.951482464580784
12.98535152386902
-3.6179045166901798
1.3166666599599992
10.656104150238164
4.100028963155993
15.297525607753583
11.132433399394806
10.058792222283738
2.4464995412641923
16.20097371131571
8.724213986755831
8.231173297904732
9.915085568670559
12.093162728844764
6.528314458455464
13.215906749716979
-9.767346311574045
14.39070196800957
14.601988454996658
4.628455660742738
4.902573333840623
12.457709712608048
2.6923224525726073
-6.993923340364594
6.485520528963509
1.4231833971487058
1.770159017614584
9.661811458545905
15.43387433000522
10.310570880318027
4.098317085658085
0.8642985094992994
4.9209334672789975
9.60550880313187
2.606824219262757
7.827304458246917
-0.7152082215256037
2.3481512708785917
11.096205769776855
-0.4175194862570413
4.702638722587916
10.073354990717732
2.494289561186097
23.98332188910735
-2.057160376310991
4.2959560510673835
11.152641723641423
8.436403479998633
1.4173987217943047
6.040130330864156
1.1583274552506397
-3.804582062399046
-3.972308727330626
9.95759613424432
1.9158204819808846
-1.6446192952595666
7.969226996599398
2.8223420272001003
-3.982134622239137
12.04154262922243
7.117702274744351
6.290011303041318
-3.301367569935122
5.452841994013699
8.403882082692977
8.760835672310577
11.200460184930371
1.1465681354854453
9.838429798672017
5.7667283436767125
9.561947213021952
0.8497304688373335
7.000926381088105
3.4067280895570997
-3.950246834657097
12.157250178599803
-3.131689306414346
-0.23339476622567012
3.4664927355178072
-0.6734049264449933
5.204095465747598
12.551754369662378
9.244905916888523
-3.9545240568910316
-0.9483328176136459
3.1206829081188445
-9.100300754026613
1.1963203664475746
16.29901415221091
19.18515252036732
3.901381677750838
12.383130723139196
1.3064313394390243
-2.992177876251212
0.036906521934302994
6.235091514663035
3.5895969615162433
3.5526100243013587
-0.8867087721261688
-0.6726394551497661
4.818365739172194
5.85713470174035
7.584584806086643
10.850939645308118
-0.7170208396893427
-4.152282349210219
16.90447596299579
6.395012834617296
7.443992897978538
6.026224749014415
2.131693953472463
6.508367565982306
11.28089653734155
8.193917303623394
-2.583263207945853
0.23728482940726892
-2.114903444325334
2.3858288286690694
1.849390215138861
11.799816262672318
0.38704266993219427
18.174815694148535
13.119798986820134
4.565419599475558
10.654960552811483
-0.7173364115757535
8.68481856939044
18.037306677456023
11.189274470549726
7.829594078017711
5.736116976057917
4.832465291150798
17.630583529558557
-4.986576882518063
4.3996832708489375
6.431190031125497
0.2524085413062709
5.589004640233773
9.337395656232104
8.285009644810321
12.672803121457875
7.373596507088364
-10.142674666195642
-0.656129249798103
3.600183335857246
7.442279094996959
12.81925847603382
11.789403426073871
14.742751986367487
12.335542007558342
8.429144162747551
1.020196945754999
3.749101116348321
2.0556020883369412
7.939554249839497
1.900265105605759
1.5919617732120255
10.958512474055844
1.8498639713412395
8.89011832148104
20.309880540997355
-0.37288147608238464
1.5927575991301133
9.365779746000081
6.775479054499381
18.018546684299096
4.389623743855472
7.200153371452519
2.823340140710523
10.549147524167527
10.067159403016092
0.048757517731297106
4.942503088542601
12.714729058516534
8.568520759329278
8.848611283346326
5.6552245894066875
9.21244144198864
15.339819979516307
7.950029325539591
2.2742957310832765
10.804669007510148
8.49692786107935
11.25976818191284
7.218657377280933
8.104963210920374
0.5228306279386938
10.640732243033042
-1.060980767329915
16.722075174477464
4.010895207778503
3.223366257554442
3.614005904065474
8.395355751746367
3.6245473460990945
1.3663525061475967
16.008860423682673
5.582115987884401
20.772603374600283
15.680368532405573
5.570580056073421
0.34918935375756277
11.511336460240297
8.276855593720985
6.473582756616971
10.07278441942235
9.328604288905758
10.589701604277312
20.182683567140607
-1.6526763903304102
7.729092250031079
1.6954696809900032
4.855186566101122
8.727802862058851
9.976675484601346
1.6533526131239915
3.790303685523199
9.834103432241879
-1.9673357692316555
2.1098396856804738
4.317260410194989
-2.1688686016866576
8.049000024543457
-0.1804772458217032
-0.325005891037911
4.659188676222881
-0.24676585391727013
7.666949456555733
6.009757273215363
9.947081740035145
8.041152111230183
7.696329254066738
-3.3913145041890775
6.351166841715509
14.352611900941586
9.19746234271757
12.669139825340867
10.947738513425612
3.7998155820865334
6.566757404798761
5.775941485759521
0.5935942631260795
3.2644343961776037
0.49765567117503995
5.0148567773344865
3.9866229845687884
11.814446492871555
4.902375493330741
-2.8095926001279405
1.792396335959694
9.762542180573758
-4.013702743379552
7.920344646234727
1.2461339005540095
-2.2214708712780187
3.647385144659233
-1.6804432474954636
11.333777819222457
10.151792295766413
2.452902453843256
3.251734554080454
10.05148636848137
11.021148916260476
6.770874306563174
15.396783028529113
7.763064025650514
5.617230580662524
6.114489665037741
11.224993922179301
10.313382539734047
0.26479944797302934
1.2481709984540403
4.243321396441779
-1.073154727996406
14.267559432142107
2.616747703292887
-6.800847615857283
4.78543040485008
7.727552219038536
-0.49407279022377004
1.088810953285054
8.450784846935353
4.331522943712397
6.57079265041004
14.151196941377528
12.783490219596178
6.963702129239265
7.433106877607184
12.93847166522955
12.564483665575858
3.7028115259604024
-1.2332834506972103
9.777742887811543
0.6642216930336833
10.01293197419122
-3.989358889411431
10.375500947927089
6.331732577568776
-1.940582825232081
10.408592927815128
5.957630645940401
11.073159897464432
10.627474121811032
8.947714365511871
8.938240966872119
2.316883885422969
11.668383781402913
7.277121969275267
5.090220485505347
13.202859676236809
-0.47524444399914323
20.331255665397215
9.921784918738835
9.671121767335798
6.7345786858100345
-4.159995089071183
10.112297625139282
0.027506343779720943
5.654151313623194
3.237961698300573
13.645802066537088
-1.729642469685425
6.021612564190947
6.3372583284465085
7.440662377509242
6.453065321320873
9.175444805170063
-6.052895228198613
8.797366305083083
0.040305695012966325
7.21485682121242
-4.525234006481229
3.9630610141107514
6.914405563330794
-4.523633872655926
0.8417157473677355
11.073681153127492
10.407115847949129
8.442781159140933
12.933749643624848
3.913941950875023
10.621681463073017
11.39279572205515
16.229967858966702
-0.9156716014891808
-4.433558087350901
1.2651652509313802
-3.2453197536880296
1.5122200610855723
-3.9706769373885393
13.561160097878252
2.135783340023676
19.622094214436345
1.018806534968813
8.831771519678746
7.12676923724073
9.355914195746935
8.800681595801152
-1.4589145715104648
17.269028159949386
5.1825095559138585
9.0381851322648
0.7904994033819026
14.341180789071725
8.377207334355655
12.673873091309837
7.043084797011782
14.490892751646863
15.251177243095666
-9.235285432855651
8.679795434192535
12.971206048907067
4.633538754382358
7.694226989139223
0.15446909334451764
10.707924605601637
24.603475494900618
17.58457354105753
-1.4700213895458134
17.133068944495882
2.596115765673565
6.586393301063973
2.1598350028600874
8.589814990652375
-0.5671816717956633
8.192177075575641
1.1351164730641434
7.974834101450408
4.128587468561729
12.710797676712232
-4.660393434279671
-0.8043585807865306
1.711192824580654
9.261660413320435
9.50675250802001
6.586935092007059
4.6088884543823125
0.3536249590393936
6.585368540922432
15.247092161724991
10.829563224359905
18.711073262969865
-3.48350780783017
8.909745375317899
8.51806341202369
4.352499992209447
13.833280099398273
-2.1878217664760378
6.197202567279741
4.24544406128307
-2.491989688986271
15.107732539514473
-2.280807592537977
-0.2660423833549981
12.262884016899207
1.1497640785615184
12.014996178476402
16.451072510219106
-4.773668575914742
13.754700625835863
-2.5613678220585356
8.770803024406797
4.675033036771659
13.540309422349441
13.56319544389741
2.2009255309234947
12.312787797991678
-6.760095631964475
-1.50670201548804
0.5196739742527905
2.011510314895698
13.091446101376643
9.913861043761564
6.509351221032551
-2.328827593211388
7.508435847066012
7.717909452132527
13.867401419371927
-1.2872428360670263
-7.448563068032902
14.07052391851578
8.649948499746873
3.254048769250213
7.193899397096802
2.747937812355922
7.099798166361628
3.9873162762122414
2.7995546155773634
12.392334101816237
-1.1634626305826599
7.978070178241083
15.109718930217777
11.33374422137653
16.748406225769976
6.1058650853403105
-0.7222310168459751
4.477132964593681
7.888613361588175
4.32381251483392
9.710071680311495
-3.576613595108581
12.638721761533887
6.536820196038539
11.49890130668547
10.61209107065654
0.41213476791674086
5.436439495067493
10.466310432843184
5.7240539254184375
5.367271557556368
-1.0047181286392313
6.2021766559356175
1.0164397202663862
-5.200960641753115
5.4578018684010114
1.0793857029360279
6.6760752236142515
0.4628709870739165
-0.8489861850559652
-1.7498646350936937
5.9849450412773
3.4648982045623424
17.414891433001728
5.384543170811284
9.30209087507567
-1.927693484608616
3.849967909004545
14.567105804211188
11.140332046532686
10.075527258872777
10.945694063368702
4.360963380763818
13.25063919463806
-1.4569074581132035
1.6838224159289368
-4.702699378165626
3.58207017577887
11.018234062835383
-4.354628642118051
10.108375824515281
-1.9687924270971013
0.0002927466962390213
6.8107988174365435
2.3232833559433117
7.664301374515867
12.261673273367279
7.691458239432829
8.140495409106233
1.1560303007651456
7.478246120328484
3.32337683553119
3.460861765689696
6.605924601744523
6.976147904889026
3.931804872010943
-3.330510026703342
5.224548258341563
1.7724904614197046
1.7249099805103398
11.33165812222536
7.065944864981143
12.203611286461676
18.058126953113064
-0.7135161404761403
0.6552701326327677
14.143954288582655
11.378928759264792
13.890552768505508
4.38281174926226
8.905961640355866
9.574177108426305
2.4878260114164754
12.625218173608953
4.701001901073045
5.266753519348333
18.65480526767545
9.28838991798964
0.09347226836098255
9.064077893878228
14.002212288523152
6.378226810867873
12.696455747918698
2.293589724580269
13.993230320124896
10.773808138837872
3.1073697582152717
1.8011615565242378
6.864408192349527
11.37001229391257
2.7042198573698824
7.352836440717224
9.184417802746427
16.198601277544547
11.964442939929917
8.046049121092075
4.570943250403592
8.6092923366238
2.648268866852049
9.986151439466036
2.7504533002452924
9.035944692152563
20.107539005829764
12.46160384551996
1.9107465032676085
5.524631628533321
8.861758801649115
1.9821906283942408
6.41646298642443
8.689360656997923
3.593338353349508
0.8131090860604999
12.077475544187342
6.584463408489654
12.831221036698793
-2.0781171725230116
7.288867153855575
6.081812690744724
10.025037433830956
13.001179287576033
11.864791516575712
3.747455138773479
19.435109597264805
8.318856334478538
-3.3268813786048117
15.525529813910948
5.629953019597531
1.094371119105383
10.902544575165795
0.7242122526579742
16.729523978027927
7.580662029804501
4.860831755984208
7.699931219676927
0.6698144627171141
5.116489695209138
5.63850150112373
-1.8123746527947748
-0.29478809611262946
4.099792900202486
5.341348192119276
0.5310814448012788
-3.7029306323517055
6.260616621395099
5.370115021475346
16.262530541140983
3.1094499313164086
13.793419315009952
4.768184392229806
9.775417772863404
1.5872474028937615
12.149642416609565
14.605396347448277
0.33515099223103473
-4.673517449930538
7.706460404197957
2.3188067617652686
16.335586475789214
5.934456926483554
10.181041812533998
9.479376794851495
13.509324725209435
12.456461869767967
2.5660629801980748
1.3006489896351932
-0.298975188386879
-1.1001074621004934
12.682568442407984
-4.171743835789869
4.1630915532351835
12.505898604782267
14.631886247249632
7.602868606532489
-0.5365077305453214
2.383971980208549
2.5327230446827174
2.642247811717196
4.202099595155195
19.705839428358814
0.2207268260443298
6.844384920331509
4.158086638548777
4.364110192511728
-6.585406969532238
10.296454289019898
14.90261812533056
3.9579042123840917
7.36816652879895
5.405311011012408
9.747166854916156
14.151527175805393
-0.8338500963669366
-4.525198318643319
4.65639626754464
-11.532164419613299
7.696351409171539
8.480660134007962
4.4401913447478725
3.678180746624754
3.042288317041449
21.009972794431214
12.970633326392404
11.11904859441276
-3.249126453530673
20.954182638831135
2.8287515036824376
10.418030068386228
6.619343257610211
5.389134261913101
7.095018940948785
9.563804573844543
4.7263754894167995
-6.577715291239418
-1.1944119197783003
5.266523747530634
10.36463783391304
-1.234602066728602
9.043198549388567
12.396611655551723
9.783820998225458
3.5306443215700636
5.493336471585303
8.362232589886705
5.604158375882832
-3.7424716793545247
3.7666470582068268
12.48084790566763
9.560764791462978
-1.2782738714588655
17.74358381934733
-0.03371296227193632
6.129458700071069
27.728542873231177
17.553996253845785
-0.41704182439972737
10.444638745609275
1.0013184785187645
0.22532249220081813
14.538814135752895
3.8452183973126908
1.535176309882889
-5.342358314873151
4.312226553841683
11.834779508418833
16.214041569304854
3.8060431239762393
8.215635536978434
17.454253831313878
13.771258887869529
3.6748984467854116
5.474085459741743
-9.955563456357705
4.441290280454245
-6.895602036398797
6.358491783005677
4.458680151364368
-1.5841108103396522
6.416601209788297
-0.2911114522303899
2.9163005413959384
11.504776535252198
-9.505048704068702
9.904722809328451
0.4968245711574042
-5.129020042856148
14.94298932418083
8.94486006545617
6.048220329940859
8.53456032365241
0.07883298149194484
-0.5078931239392785
7.576635983168989
11.966320919601909
9.458036604631815
7.570700651008533
4.529630772806723
8.559416537364648
8.671158446167887
7.0122096810813295
-2.2567321835148046
3.9917940507183265
-2.2900838255354756
17.237056318308635
12.471236862315642
4.536853419126583
5.074368826838127
19.310299869859584
15.244466299135661
-1.1450433429228477
-0.09907165554302999
1.5481916092654107
1.126991414923956
2.558500113027114
-2.5358353828849705
-0.08484768824905409
1.5096747878810897
10.952523780103395
0.2991991293994287
3.9078341992363663
8.53880585443341
13.6139628647215
6.545526250358145
7.026665300039612
-2.83613697254893
4.42772072751608
-0.44044148893413926
16.67423976834455
0.3370576527544662
8.809198310078564
-5.3514778598035555
4.406816126216099
11.253001345039964
-0.06261708572832791
9.13672465233842
9.385903800571981
6.038365310451399
7.7991283840308165
0.9615831213889008
6.239940735171439
10.518736933271132
0.7844715536092046
8.115665896191967
-7.957730951444768
10.80387265103629
16.129852745330968
0.12489671616648668
-5.9639880371728164
1.2913573880677145
3.805547823267138
10.208334573979966
-0.348925753087431
10.46134623814535
4.383043382592578
10.983273696107283
13.117782765155006
-4.868129344007926
-0.119861943343059
1.193372749961716
12.036129992172793
12.592717415206522
3.8511473745153117
1.9744415699978646
3.863698197977046
11.676875531127177
5.2801910408412684
-2.0011568946876874
4.237880031544753
-2.9145497390297255
12.73865283927594
8.308850871202878
0.9995747089162901
10.781175100552698
3.662873654373715
-1.1123436663657849
1.8418760630711866
3.5631938593073818
10.451060270123232
3.775137553613949
17.361363859260788
-1.0232302613171669
0.24448757817320388
13.034298792658674
1.7793740864030863
