-0.6615049319246822
5.437537945737061
8.867420777303593
7.307148675876368
1.2160025031597295
10.912047651622512
13.960449729754085
8.717251760190067
9.059771560238893
1.7515598668028178
14.699567171265379
1.458383493160543
13.595274105773703
3.1887543074322164
7.441455800144634
-3.075116797360417
2.835857937909372
4.952592049884622
4.422622798578557
-1.7217621770324874
-0.19976313198203766
3.0771526612518847
8.536327437496618
-3.833826834383534
-6.602988973192838
20.718355399780137
6.714341464416404
8.929670671863025
0.6020025526646866
14.58891063708597
4.7138354909931275
12.720451198404541
13.664766305513133
0.8903230850023078
11.81752842648648
11.048435166231252
6.125084289150101
1.6207280762619307
0.09598804054928944
8.629342655917874
-0.4905573973584527
15.022620868041946
4.948038716177061
11.43885023551895
5.301037636105841
7.462289336143545
6.61554211355945
4.120762766729193
0.6131635112614617
19.18824578862077
7.408908433985613
0.5532576211677727
-5.227402201619311
2.0952052452620427
11.959964028855822
-0.9608705248044185
5.654912595889122
12.12046184235274
-6.221703805180958
3.345410990863711
6.577260954455348
-0.010685924921429724
3.786371236866275
1.5407250503484855
3.8379660484460487
5.002620682566986
11.832832868120997
3.3257390822427495
1.394641083205559
1.5116342528098823
14.94370440181196
-2.275950290383479
4.234418017375901
1.484112472582519
5.240159128005484
2.1683895834621634
3.9974535544101797
7.264746744696739
9.730319515057039
5.770571600681578
1.0648132168175906
5.432341395920939
16.82599568812573
5.917308502196575
5.730217268205941
2.7130333857616153
7.481694629894573
3.9103376940009005
-4.736517740828405
0.2618221674192531
4.386295785068334
8.19363324649551
-5.684817459739856
7.023836193646454
11.400756141899926
0.454566412408393
2.7598963702015866
3.761315949793428
5.670205285247196
0.14771857042365877
-2.4939189377743025
12.791073737717138
5.554304510105943
2.6848919971389953
12.949524373745087
2.947116644940439
8.089854924624257
16.914717133582528
0.06271496003591714
3.8040222301708213
3.2624376804390165
9.10622037673411
-0.5770451266387431
-0.5332730080511867
8.152885746340084
3.440506689110713
5.612667709805977
4.179389294710239
5.9713617737277636
-12.45746923668478
11.591245665875793
16.553912891177212
3.9156203297149266
0.21295027010696277
11.35975063636496
-3.6495318289366354
3.2274419882694203
-4.603190715976193
8.642452229977604
5.661534686290094
6.590572002685387
1.7785294610497986
3.6361166532453586
4.991031502211267
4.473807233487184
6.725478890890953
13.477134506267266
8.217905352963962
-1.6991040214510047
11.950672285065092
3.7227792543882634
11.634312324524435
8.580281263020867
6.4610527949442735
4.077860452019674
7.106728838367346
3.540979698534257
8.94295078068949
5.019577734575219
2.5283548989911497
11.434851629542838
6.603399244907214
2.7081300364970184
-2.6905007601647624
7.995847819470916
5.428592843671241
7.2402717048157985
7.694623705330045
4.273537309089476
2.3187158893389697
3.9606440578639104
-1.8772200914797779
2.2071342350866265
7.962779135059946
1.094374233961537
-5.16239367822388
2.8922785064667424
2.8908932412784645
1.896757530062768
5.596343194899156
9.741621058780382
8.400920627619161
2.402172138140622
8.868435047343743
4.953315431623024
7.667337376928731
9.094412768741295
12.05478735362671
3.601353608994558
-2.5717144357206774
7.769502671858569
7.577774097810872
-3.0986486034063807
2.1412448077725585
1.2463344599538169
12.744443165028326
-1.6603235148416795
5.16560303063693
9.139118782322765
1.5556086958471367
0.8949627491967078
10.578110307600191
4.084154488755994
3.3297078394108492
12.303824803355138
4.996335275342514
-0.3179868471843559
17.541079618490613
10.534102069676436
6.311670056484177
4.580026143069539
0.9520409896299826
10.272683199516504
2.9184152307349285
3.1005911819100804
11.47047882378431
-2.604569721969006
4.935095453227753
5.878909322917628
-3.6558651200754495
8.788894437863052
10.606592640798148
-2.9898358639472757
9.30651882008501
3.150809440013377
7.935306200515866
15.394163950757491
15.889242757379867
11.44392511479331
7.509145841491982
-1.8475779078106909
8.246912019685453
11.285922791688634
8.378364537410643
7.116122623475835
-2.1606129837736336
8.919911153535262
1.7344653082295367
-6.536457961709409
9.200646657476398
1.2157163335694787
-5.660005545949017
-2.9317465209909352
6.517784928574896
4.668153615013739
5.146242589605899
-5.582435046981496
8.141886533507215
5.78930509293062
6.565753843892643
-2.937962129492787
2.623455640994752
-6.360290086782946
-3.480587796984657
-2.664915776889723
5.860020761124818
7.224559437763553
4.553027366078141
-4.9047876862966575
-1.2948634116218827
7.093398038585921
5.6901718638414716
10.985369576315863
0.25199548211452116
-0.20711675632620175
6.278510925882971
14.068599649420879
2.854385720368803
0.7093655985394529
8.94626935646387
4.062938481198582
-1.0915984562825916
16.261833973065418
1.6716328708423118
6.66289369483305
-2.3562859012621153
2.1442355372549233
13.371325399069436
-0.46696738571359475
3.415311533842546
11.32526052622822
9.343322243623744
11.80527265686159
-0.6534771810015192
3.5223181078083474
2.868974410251063
6.469118302670738
7.773036015993027
5.854963596875606
9.008309573081174
14.644064987664681
10.608131160298345
11.834228837296529
14.951842181700362
0.4840795732028118
0.1693455221142528
9.054528119500276
13.215672060813976
-1.9259864818257029
2.0169602563935003
-1.1849214405639987
3.374079873512646
4.551588496845612
7.575398161092753
1.6438125449390855
6.740318014241232
1.110651620496942
-0.002162490153100549
1.7347001807866271
-6.325617816722257
3.211239812821803
-3.776236430443886
9.982952963032277
5.360913184543595
2.4220843087281905
8.442508748893054
2.9736697345444876
7.356578855682187
7.222012907673175
5.3917362625301735
6.533776948388516
1.5815243893891413
-5.918651089208364
3.287056243491173
-0.5398033060508194
4.736099285217088
1.7376366302746349
9.09646133217708
-1.9262949634591102
1.8371910145006316
6.968836339076005
6.268738224030395
8.257480197009505
1.6996534839807511
7.630878982367184
3.91993898748911
-5.072110025356915
16.172946696713034
1.8428771752303659
8.38474929113865
12.056312590127064
-7.840553606304191
10.76259655056565
0.6948190922155577
3.0828231846509344
7.338276795234936
11.499283731024349
-4.584537267572166
0.4047150818355636
-0.547994912834044
0.1019216703898298
8.96194448875393
4.181494244214298
11.01647726812813
10.088927002499933
5.746938797919958
10.205311694103525
-3.7356723444907978
4.373520944898004
1.333735482361165
5.10882186312
8.371027077457896
-3.3995802367210857
9.947926256700631
1.0999709814098684
5.326823660947399
0.5765535595520985
5.873927465778602
-1.806086057557625
4.845551336962757
4.725162500444805
12.559878377638857
12.31439438005166
1.9525325047757631
-1.002668931127193
1.7652137759481237
8.706083683870776
2.22196766448226
-4.967583239387382
6.461561170037911
4.255501369363168
1.9616568343541605
12.030710227277787
10.418422109104988
-2.9148504628930016
2.5172700648828115
4.866638577697951
3.6308501336772054
5.003223708377812
-2.4841596373042805
2.6706540832017094
5.443473101884628
1.3252904819702258
2.556901502196104
8.294369216945917
6.405061936323048
4.193197720180366
3.657842030169437
12.18776097064153
1.2904641782681914
4.011639149032084
9.728892809019005
4.336643739457212
6.858172220388493
5.647315187445326
3.803220396754853
-6.712470871084761
-3.0811380502896863
7.956580267416022
7.509943529148565
0.4102116714391024
0.900926700623625
10.153260471658166
3.593960578523271
3.262562531403268
6.883752450030235
12.669428479776503
11.242671797660469
1.7485486599978062
12.360129408532199
-0.41301654125393483
8.658331762738882
0.052747652881665275
6.529569294287629
13.189289254710566
0.012524706193073776
10.522509788524712
-0.20313335170178703
5.954403216032523
-4.145024962925346
3.4071064968129847
0.40757596568711296
-1.7405565457858208
3.110400981319395
7.096956075907373
12.17663794287959
3.86871085169098
6.815079513871653
10.949765797664405
2.2035037805639233
7.398046192989755
4.701331104191218
7.166543539130452
2.254692347228929
-2.477394627287982
7.359255801998384
3.082993736625366
-7.381688716369249
-0.6108762071837415
7.445998232406087
5.402625940510701
13.161524400217777
7.134188476457746
4.341770850507201
2.82836116760398
-1.2556101291541202
1.8264758625091222
-0.8676048313778253
5.141387241012523
2.001362147270236
0.7947756962071071
5.1072534743670435
3.098018776661161
0.9608859985237599
17.19142152256257
4.116799476668918
1.217028083077901
3.4575720765222484
-4.6453558636688115
0.20469541951755854
13.637994716119016
2.990618871457099
0.8938452950013573
1.9844714510354042
6.261976991675947
1.9332501789075365
-4.3581549140892655
6.814544688447889
9.819167651748025
1.5774140779930228
-1.8883689158467174
7.290929905615476
3.7439958641835482
-3.913434268269322
7.02469557613206
-8.996804828025622
23.44413160662048
0.23196646784718888
11.789967954325547
4.212436096592545
12.917763334647475
6.0786058724169925
0.9302732843330563
-5.271131199287593
10.013915243243108
3.9704634123278364
3.6631594464340935
3.8549729133015074
7.901538433988886
-3.3473906843528614
-4.82826523246805
7.020568156263137
7.462463318421953
-0.16210574404116507
2.978366322875719
9.436895102857676
1.975211869578433
11.238313605696815
3.7003500481445193
12.149142155443272
16.393015780954464
-4.029755983807332
7.080644656687852
3.0872788410509377
7.498628726361803
-1.01752380383744
10.674368681556963
7.651234562574971
12.009946940358043
11.183655065996462
13.088669998951426
0.06546043159787285
6.098928475016755
-2.6435019868875242
11.263985043104729
1.9826785120613704
8.262018469258686
0.5835868031404856
10.25232419884695
0.06457812285526421
-0.514727325751402
0.716857911416251
5.349694524455483
9.861829296186093
5.930652356401549
8.687848495548941
1.989334695560694
7.768896120341449
1.3802635842781243
11.518862958361673
6.203167988492043
4.752675816714598
10.176276885874412
10.438767039356815
12.325907949039246
13.419851774049835
3.6837968539937993
17.233846901978566
9.932108234156479
3.8359569293865334
1.1070979365857605
-1.9551297698926096
10.445246199187899
-2.545954159818682
-3.319963693368668
-3.0307314933663765
-1.234711027509479
13.472825715349707
-1.3026321243233978
1.391948632067904
4.538628480468099
2.2190997120686973
9.109422235550163
-3.7352931011663424
7.838188353863432
-3.691634803566485
4.193884841422232
2.835316965532859
2.2782794320405015
9.494141840183708
3.881059171217083
5.029057938694114
5.211635810011191
1.9459158028794743
-0.22015002109896908
5.29088584403985
7.6477484331127235
9.710038240705046
3.7261495758536674
0.2790415173596781
6.180291289402096
9.882900462103454
-3.5673287792141437
1.5094566584161315
5.247066460328064
9.201094199363666
3.718839814830377
12.328333805624432
3.8232093558813482
4.414089819644451
11.905434608510575
6.450229725611361
2.7492871458013446
4.42239849753311
-4.115503781974075
11.431352293428672
3.7766759967146175
9.70209768067324
1.1576228949341694
3.8143552207037534
1.3359906079702686
3.849110480637881
4.213402678167551
0.9935979246656252
-7.693927057466313
13.10790271641098
3.529415681269448
5.334179864422046
4.734940827996107
-3.3430232987386104
-10.783306577378672
-2.323194420113226
6.062410392690938
15.952263014128757
7.714781927055
6.203718809303747
6.3082823426900125
11.107732035576758
2.986832337496704
1.6736997196339978
2.2723286977048467
0.24285699575792252
5.933991124715574
13.36079219795839
-2.634949033037116
4.8138178215563645
10.116512323684448
8.394542059746446
4.631752587830125
14.216348808514358
5.354928462268394
4.038867284169702
5.120076075103163
13.701719548852935
5.490539599600215
-0.3505554651036711
7.075184025324058
0.7853780390299381
5.967710287567628
9.801098962259637
0.6645354258550018
6.853741426494102
4.035401631857378
1.833917856096078
-1.8452493584501664
-2.1589094820796877
16.355477181854106
2.315587308567686
6.312238945798261
20.22407378781125
4.259075897541228
7.357332836700694
14.31350954978992
3.9663152215448414
4.495376625948398
-5.68465406602208
0.3399233870100362
0.23853336908507838
-2.8697185376436636
-0.6722472850356596
20.88661494201616
7.255435422323686
16.31805205302883
8.532106930298426
5.251080040575077
1.2675707491614494
1.181433959399571
7.4043999476687565
11.092914479321422
1.518376046366575
4.902648336835376
16.328331835840928
3.6362002334199124
1.4154293889975862
22.04979138171727
9.003797144860822
4.078212578287958
4.079574284351337
6.208675973528673
9.290209838114528
6.899583426618622
-1.866074739800169
6.928670732697347
4.989476277480939
13.894193269089119
7.478840823345273
-2.269818823877749
12.593058659720873
7.298491620583162
1.5876694931094537
5.7094338797119
7.241753671848467
11.031659102254228
-2.9729110182662524
2.0111574555473424
5.376108764077361
5.507346807277335
8.919078686845005
5.113983990961304
-1.0241323566592744
2.9688294667961928
2.62888924956525
2.042492366543602
10.09943439620698
-2.0723619195349245
10.780308292637685
-5.214747072624027
0.3318429427495504
2.076207797740003
6.705052453706451
1.800683287735274
10.64695564001953
-1.7294364385184409
4.382582694328669
3.377720453302682
11.364456464781032
3.3329197459706346
8.15827029567742
-3.0079975946632835
-9.03805668849228
15.87503738591222
9.950296869440395
-0.13214211133782516
7.329981236627827
8.752184358332357
8.644353953965215
0.022960454256880425
4.354509681627879
11.076831355432835
3.490615823989435
1.6708763682928962
1.26763796234947
3.934045062980256
-4.118970730029297
3.189937707985105
-2.2514342156055847
4.285158148497544
1.1730070040442087
4.593042078783345
13.15530696697603
10.053823884586336
7.449293890305013
5.196727269379826
3.220793058385468
4.743314523645988
-3.4528062190222126
8.112815442692611
-0.4905850512568781
-1.0572336185697768
9.845411645387523
4.370429650833601
-3.278355237158414
5.050798671689959
4.997195233951631
7.230907076796873
3.7705883251090473
5.644130815983069
13.390890131502456
12.08603363591125
-0.581538012210264
11.508040261114395
-1.286906590015752
1.1526888334770673
4.27837441275074
4.701854092979674
16.960843032161982
6.835402126040938
13.507819835624426
3.9890404491622413
1.0828330181974728
8.939703963353928
0.9512092270992438
3.184029104180787
1.9010310888720956
3.7983962355163623
7.417650945042866
-2.557343485742109
7.855944728473599
7.357005920593911
1.5354786327099612
2.7490560540227493
22.443425397920223
1.6499990272967366
4.917195001949199
9.147969394679354
8.925992123164669
8.121925264457644
2.7377150660991845
10.460213941172402
2.832512138281405
3.2793559005792186
1.0131427938447448
4.478780235523226
4.081274360067974
9.873298518211811
3.683586533415183
10.374372640512917
-0.17523018127879553
0.2782575857518641
4.468329674065476
5.423267352498689
16.969885288507783
1.7617485596726499
3.39325268915505
4.100623339996511
13.160531695033372
-2.520867504128434
8.591114966916436
8.284419727305169
0.5778472151433025
12.249248050621905
11.586394670278517
7.547687644244768
0.5596267793092906
8.679609424054117
7.148116239050953
10.336913043006286
-1.5249692531365513
10.816777835507036
-4.606103357425615
-0.005433129997489239
12.578367574858989
5.893628443806082
-1.0729473545932908
3.3315186624540765
4.125044652158486
3.9130210369609246
12.1589692160372
-1.8095387699293743
-0.5473361224381792
8.597903487620286
11.015837148848238
2.5646062624297734
3.8169981858649793
-5.874436959373934
9.162077075141648
3.7446978364298324
5.556059566006044
-0.9922530231748627
1.8619902913878983
0.47250620508484165
2.6090006375029344
2.522907827291884
5.949352808674968
14.096665535698063
13.77397057392333
8.263115908786649
2.1052562224189426
4.681942739925757
4.233077631060087
-3.0227188315000166
-0.2763946650201685
-2.1743369574592997
2.279630369820309
-5.718073859958038
2.2224534939500473
12.161835558461352
0.26880426841214433
5.3942399557215355
9.362022765323726
1.2397021153441297
0.030789134873327573
-0.7579348273716908
17.585810460500344
-1.0397689740563143
10.273036152477662
10.839636577430237
17.923417059306047
9.225934535131195
5.355780150489689
8.767299641669634
3.6593197701525426
1.8421948643075448
3.417953152010178
3.2332716572214037
4.896430496304704
7.873050021572222
-1.1027713529429537
1.3028159323223485
5.939141158980114
13.512191942042705
5.7643103474586805
2.4648859008114448
15.375951590901929
-1.4547952588611546
5.765576697156283
5.479932523449284
6.135798172327004
5.637042715368875
3.0597427087759015
5.730800951784477
11.52987252899976
1.9178994256413238
1.06005617851014
1.8220827047746437
-5.369967126578379
8.60306138225509
-11.93359384156383
0.5001052331728233
11.044694673618075
8.894717084862329
13.455925940612293
6.6054421710951745
1.3317045075802016
-5.653499691086477
6.315782933904499
13.327251394732455
1.0381190014665669
8.841565074156499
4.166136225449487
2.284662950413486
3.6952922718551964
3.0477221476689067
17.998693833802527
0.4422282284457104
6.695914429834417
8.424160929197631
8.457458440137428
7.328042366984015
11.518797257001204
2.3289454522403825
3.4881361460267257
4.696653212958602
4.462210653485127
12.674521148052172
4.918438442781911
7.725763415811697
10.066763380222191
1.2583546326694726
12.169388749584165
-2.5049641485828253
2.48060895127776
7.25272378937602
3.435217759843398
7.198525040239058
17.66314623968139
10.717992063983306
0.2484102675736537
2.2697611780571227
4.6984154508096
9.517306874422616
6.130426821706586
9.688700850797002
7.691022049896657
10.900554948155676
2.0317584201026433
2.8105784962340534
-2.9872350910235905
11.531104798507442
10.872049341387221
1.4968747684275066
-4.340915248726372
13.686524959765556
2.51755840865697
8.358241111818398
13.11762276394186
9.199214171730151
0.5612393622540317
0.31333928361093655
10.548407986632458
7.752632543876872
2.358796755752551
7.016194575344484
2.801114650273637
0.18032364036764115
10.592484650191532
4.775671605096948
7.185789441589816
-10.594692564210561
-0.5978049300727069
7.643809157934978
12.60341887437368
11.99012608137516
5.850969819866024
5.790635877571469
2.331611692467916
8.473525120066494
4.0564226650908
3.391726881829583
2.553511846475952
10.230445582138586
8.011483645082977
-3.9420368826034125
-6.702216386672552
12.739783900469142
5.5114824498533705
11.04997412043105
8.20966035609887
9.594209772032558
8.34504734132054
8.015869221726234
8.412475218133189
10.635907300898328
-1.7372794812631707
2.5387512647142003
5.132784046356354
1.4489214394547707
7.780584681441063
23.850105966383072
1.9357297159361302
4.719253164222793
-3.2757311788121193
10.042891772679488
1.6507399777681584
3.351552527950209
3.544465933813361
7.448188695347554
2.2367025360576234
2.474682914150058
-5.061029090431285
