-1.6117198414934375
7.315773838163403
13.897779060347114
13.122290950634772
6.949319585794048
14.565195030951347
-1.981270139054356
22.77192185240926
3.3380487892077424
0.8668665721909354
13.3738860201764
7.2433527708058145
2.610173441635228
3.839251040447414
8.541839647255326
2.2351540618007015
13.829183285137859
14.529672489486947
2.417142700366381
-0.1316617075295472
0.2196688265863731
-0.38590130835393754
4.338251896628094
1.8867006367223986
5.39600003244883
-0.37467454598214456
7.336250697964551
3.7406221366655235
-0.6561287882246836
6.222353957014637
6.334305274861117
2.9372532691428117
24.849508159170206
12.348175645621918
6.126301711310019
5.277783683222417
7.345031238182141
25.987968770612326
4.181394901031738
17.311278261943947
5.034177603908313
5.637818843294159
11.816919472467353
6.640648616505431
-3.480508300080487
4.908864187037219
9.262631049181499
3.6681543998826003
1.5985657761556533
11.29871209816282
14.007361482790179
10.456916477394877
7.188806605272811
9.516846444653073
10.882318162162598
22.297301093587457
5.4581973363518275
10.972134565240662
12.115782993021273
22.950489855017775
-1.5452935991086854
10.823981720767883
16.891977597739597
8.227385635474949
9.604638687611546
10.724234616239961
1.6633942461192577
13.708516673827397
2.8384194281076556
15.298741053616547
0.3789517464741987
5.295169998175527
0.8460157895862936
5.297278574190968
11.420994139959856
2.9196502703264637
1.7877183793386484
0.07319847698858606
-2.119143198395605
9.895040722297091
8.7280706632633
-0.7111307145263481
18.3413786166279
7.998010783303668
-8.52680819084696
4.18786839467505
18.21735093918307
9.474521727745753
5.935126218101478
0.15993987024642653
8.902728812916388
13.592226638901614
12.437818257970747
1.0834530194170826
9.962006429529596
1.202041789886672
3.311804809127001
7.6301091948207755
9.027538425709734
7.860669457076434
6.7285954477122925
7.271797759260176
2.816585310496703
14.624792650616719
0.19928983430519143
-0.4071085633132432
4.511000135634925
3.13434984132642
12.58253066638131
7.2515546331332565
-2.0939611716532855
7.119936717780694
9.659722947247968
-3.9970285825140337
7.615208350374363
12.742561096277608
9.527106264081464
6.7644022659639145
11.662717062958107
4.328272654286599
5.4103992841885065
1.343569427768295
4.970766307605938
6.0943657599022165
5.476318890334828
-10.832440518989348
4.942424310260787
9.14651248993776
13.604667275410986
-2.7933115034933103
1.6590403116128467
9.060034621044242
1.2764727975776875
18.12346143136058
4.990219137858992
7.5134671064207055
6.084327174896771
7.7530717169212435
6.149062223150673
10.305981271581768
6.929416996131551
5.274082067970219
3.895823895509994
5.865284684361846
1.6227652077570633
11.411291583364658
9.71315490579097
8.644280421441147
3.2297254931594983
16.20371045198403
7.9560662001260685
6.846243681802111
10.47791091469656
6.906390842127128
9.210261190922177
6.56604624759112
3.174288424941479
1.1840230085399304
10.580185146000819
15.136424468685943
3.2662745738202044
3.165997512141649
5.528671868267682
-1.247776587686376
12.98594892384056
-2.9631001323876482
0.11897885250108153
12.488605610972922
12.271314020134476
1.8177524634249282
8.15749676215023
5.889237035453516
10.182956866345506
-2.170370163247277
14.912601297965812
15.007687370924337
13.225097613474972
4.294160885118648
14.210063968961029
0.3996325153076272
-4.870747154367075
11.922120903168619
3.906246417734644
2.296267930641169
11.181310594066272
-1.6948870791511315
5.947561305909621
13.427376170108257
10.520474144569743
7.176519943686206
14.153569164004672
5.440723579324924
-5.925592080586034
4.986049324149839
10.862983071133232
-4.455134903138042
-8.649264951432057
14.93006540237927
6.515092377994779
9.640444221845609
-1.4496970251874215
14.314546076105295
5.687127194864754
4.839746250187807
17.272107527925233
-1.297949786295983
1.3479198836422537
4.995317655646357
18.27096566745052
17.92183552018306
-0.2724038229603156
9.23123724771659
7.417963048613232
14.162181300525749
10.242552669628896
-4.7510105484132445
-1.2952921506209103
3.238523078677111
5.592027990481523
12.931153686124862
10.771274935502785
1.8327171955969748
12.517340735824888
3.45290625068474
13.229977104165027
3.0555245595169316
6.253904315710745
8.56041428603284
6.56330450485174
-5.436546769669386
0.7259209650625422
13.526552120353344
-7.63076838255296
8.685422334650363
4.635026741087826
21.128987464698064
-0.1897961955239218
1.226675673296013
9.044547138944338
-1.1686652000370676
3.420395134953672
4.42456367641516
8.417503288329433
-7.101951807663156
4.75334969883441
5.168828913688405
2.9075041012784277
-6.572190963411719
0.14980445761753014
-0.8522588920262022
6.729219945070467
9.053122928912524
5.768677796973809
7.019279511218503
10.935373806282948
-7.170732002391377
16.349313150972854
10.429377035038588
14.780625894418506
2.570871237487959
-1.2808472323571305
3.291553716397086
-4.325681032877197
1.4485925403758673
1.8593174399385601
-2.3821278285221705
9.743539813919277
11.6678849263115
13.244508776801435
5.563558888075248
8.009464521178897
18.93185314982162
-2.7435515074060124
-1.2175901535888807
13.165813891679571
9.035019271134173
6.965851016134939
8.377311359817558
8.401344547329012
5.492565063014011
2.1926056792976354
8.534190943740187
-4.40692567201663
8.081713094430798
-4.079581531808193
6.833993919898987
4.7320647174969945
8.146041517409282
9.951222432500312
-3.880943412128767
7.7889291964773895
3.983136942494308
3.9921699196664333
-3.5564632150641025
5.23315499380572
-8.795339606385948
-0.8771265884068162
-0.9468834498971592
15.602148653428884
-4.304908449875173
10.119321952047923
4.5447486527370735
1.5941283555594508
2.707192502749174
2.293875048873531
12.35142475485928
8.220110252451756
18.899187968405663
3.2930051381022545
4.757270840202979
-6.1919145161858395
-1.7201651177094046
1.6898306730835193
2.6921597974283173
-5.3885410826344575
4.594824637358199
7.52676790485209
14.093295165469907
-0.5116284731458167
-4.8125297129100915
5.864463160996414
4.993398728327512
9.715388798277733
11.164036065447254
8.706436056847433
11.080967130456013
10.748525746480986
10.057043326004788
0.010197799555230702
9.430909009444223
9.090245293166003
9.300829846799878
12.491039158623067
11.144493305628135
3.134819239844326
4.441448018911072
-0.11805059478204871
-1.3306558897046479
12.405989231334384
7.007406594639077
13.431028039595986
2.4816543179267385
1.9598149975101293
13.054742262852624
10.386456920076984
11.543653456396335
5.451962089167598
3.8775415427559
-0.391414801732318
8.472758613197719
11.448917733703446
0.6332476172978412
10.52312286391907
13.21100296975724
18.452488833743587
11.951736897863597
11.62093630864951
1.0117328394871112
2.1587404533856036
2.2440020761185777
13.898876121912615
5.117237184402683
-6.402856344136913
3.992474774137624
18.794397464568945
3.9282132259029083
11.876405457199262
7.718324499546794
2.5479603835789453
-4.478525288285569
10.472561904717502
9.910140520778247
19.90721088086255
-1.2102909817829648
1.511945522142061
16.835347615756056
6.693207671195965
5.736389033053129
13.177158549096076
1.6491560070672024
13.011666962735967
4.196678936004642
2.520861195358707
10.266869758414185
2.309022508628877
4.592800991487878
-2.2344773803406888
13.190948964276483
11.264572288620608
-4.762219060637634
11.002310325943693
15.27127866236893
12.246597463246186
-0.046623940169662426
2.0911462195962596
16.458069420900777
-3.8674727812432668
10.73386002436336
11.470840801760207
9.207570887526282
-6.520261218956991
16.94252545738989
15.36659168706395
-7.777781052614774
-0.8557303887771095
5.5562994775528765
13.457453408192759
0.9550379050714648
4.843415475493856
8.683336512301844
17.842932890270284
13.212574798653076
0.23182217362024193
10.746687738031355
9.370971945813487
14.351230671608219
0.5687580600950524
-0.3189411826534583
8.10346618738331
-5.5585256121592845
-1.919263028544008
1.4693854379967881
18.05008209575911
-4.888374528693694
1.6303324753031685
3.5402609056582035
11.891006585152763
-5.56621308505326
6.784348224401626
4.72246906230246
-1.8944649820210708
1.9593416580050622
11.15829462273317
13.369333236945643
7.946031073896696
12.168504308400854
-1.6983340297033482
-7.423016109438857
13.490664392328897
11.740190933002337
2.4910580399146838
7.49839713272768
5.194173894402858
4.463043022975375
5.844191738044605
4.128597561294182
4.832794322415819
5.586815654598954
17.55033879876583
3.1456023068741508
-0.1342375540643097
10.5620321090344
5.220562076146052
-3.4954460589930783
5.918493362621263
9.113965826419886
2.4024581477393627
8.117061955497444
2.1891011947596914
6.443021645701229
4.727273188133671
-1.0099858395812902
6.79338146476596
7.334710987223211
10.193864516342842
9.625364624420406
5.21189234614094
9.20752248797523
0.5229536734264899
-3.7667378631518016
-1.139157721980748
4.654228461684643
13.57707868357156
7.422369932742299
4.730235396188155
-2.8712463325458
11.900952788897804
12.735572379306213
21.48339006006521
7.411320642061439
10.438051438626754
2.0180039963055094
8.021971671566076
4.596741860566984
11.09440934244984
19.52823979456246
8.358775690636143
5.483789985354447
10.988129301564141
2.5809800455543703
16.698427211838258
-0.059173764889974834
14.76237981744507
12.092460298229916
15.920394109468207
9.442572847674533
1.5335421593426757
-0.042705327972548446
-4.142051567138818
11.493656081380138
12.225966190818479
0.9343445290114865
4.592242559351302
2.0167924003577764
5.003554320023223
13.003082244565586
-6.275826609513691
3.5402103826320914
9.755665293344386
8.316637992239418
0.8587706213245889
2.3657765552780985
9.477285388946468
6.158722573493517
-3.060566417128383
-0.21800563805611262
9.027608680824168
4.330693405826735
-0.6148663477554424
6.322044817409374
9.314000969472247
8.13788990799036
-4.303696085429641
13.164615060103886
7.949211685959719
4.529086948996591
7.0803515082029005
17.416158921923227
5.437651362220912
0.9903060106200856
12.920829834078678
6.488558707182064
17.5672814907588
12.805722160396893
11.64889723881533
-0.04468505239345433
9.7789865105964
13.355934243934644
5.294476824658213
2.1491272941465636
2.628023905687491
1.781746597472769
5.117397471708757
10.149456363751437
5.974217015663121
7.39686277410209
13.537280928061453
4.901247608110394
-1.8614680666961574
-7.352735584823408
0.4913031060789441
4.334133623989992
-2.7434841862806447
-3.4207951576817184
6.155296801028333
9.09033586174383
15.785909852406787
1.402599543332717
3.1111457109621643
7.994768759737292
10.834350639133769
11.725183995238607
2.2884852995589617
5.665988574710238
13.435786729628653
-0.613221544476449
-1.2354548751996761
-6.125746677767227
11.653081680685968
6.213718870544005
1.9519852035712493
-2.4811153529097147
2.734706655362253
12.767701513347081
2.5352207469853676
12.159231294253225
4.316177890919352
8.12087893785791
11.430533145060831
-2.308404176755994
8.034571515958547
-1.211219792360878
7.558933390085111
10.585042177236105
7.242447818544874
-1.0201020467621964
-0.23698804247682936
-4.871568144705412
-4.5563365615621265
7.062629337704006
6.4366667617105655
-2.7655409690065262
-4.9362382884813965
4.239350000622448
7.879594428587988
-0.15436195116142937
9.788383114183349
-4.683975759262918
6.654273338740752
16.036832524194494
9.457380480375216
11.861153382824396
-2.202186336212506
7.407336947016028
10.7900416427149
6.447131984214328
-3.2804894818192487
17.224971404474076
4.072673786724971
-0.4427351902308132
6.666660626302917
2.256773403405941
2.9919265307899745
1.222422099133487
17.595337811583867
16.58142266137459
11.924517591828817
3.1776796389383306
10.873815522456521
11.184841603423408
18.93049494436196
-4.439567287637313
3.167823410451415
9.943427719445975
9.101231601758101
6.355386068542933
10.35535248930631
3.612908489700686
10.627672204896243
13.38199216493936
0.885400866592831
15.750301706019656
-1.232868285280225
12.110808819506556
6.071388417203712
6.249250640937448
1.3887377354723505
0.5923444456768276
11.124518358893951
8.328618075296697
5.2393509641769755
10.082376475293316
7.827622241112377
5.733052541389943
10.124584466379485
-2.047785151820067
4.612617294917225
8.347097889160622
14.500435111672275
15.011657658737652
6.806164478939168
9.979951266574485
13.868536032890411
16.87675007353596
-3.61545469569214
1.5277033672153646
9.529856622490994
4.442579333850816
14.914614689819278
-5.666681089305923
6.211199118537831
9.979185062725392
8.106816551413612
0.9759474839566691
8.376778924909175
5.2135885616949835
3.2382999354879667
-2.912075094529392
-7.590718286037976
1.766055282867872
5.372803442090015
-3.591853317117618
6.134716681858814
0.27494541490097024
17.03492817393722
2.6725950635751636
2.11698973909707
3.4534516602561283
-2.5921900264796722
18.453755324726494
8.79462584504234
13.137453201813809
2.2162259866787752
5.27570031685625
2.256105333581483
1.1227723046069729
11.219008238093041
2.967966864814776
9.518942623686414
10.540091774903319
13.307781223602674
13.282448911052033
17.385180696193288
8.656122489092514
13.466625336503611
13.67677248320416
11.583612795061693
3.225627213627347
4.259310138116033
4.994966967821095
17.31542111078423
-2.900324243902338
16.756636946636064
3.73716118483629
2.647731007361939
8.258857453583355
8.39388818134454
1.0453027133193968
-3.9635913479479203
5.495773651001125
4.097968543231939
9.751084787537069
14.424903237147504
2.9541687299645543
6.652679034496311
-6.106157018517303
11.74794225107286
11.119540991794747
1.7153938136315112
-0.6757329307483397
14.120652771438863
1.0997465286730046
11.385721272276605
7.605507536817497
16.52540216266009
8.799598661856052
4.333552447773911
8.841060327561546
4.670991774143592
6.692301243969843
11.858055378984576
13.131674798482386
0.976992903255665
9.395500828728839
4.942263958419302
15.38026361443602
5.0998123656695595
10.169230042543123
11.231567957114455
18.249503534179148
1.5432311812714108
9.271186563533481
16.588232738303375
4.833089047787281
17.12893568956074
3.5031653105240443
-1.6997044971424726
7.1691232244014795
7.115522423424012
7.572286989314504
17.763139558539486
18.215258720920072
11.31406952597445
10.369835412680917
-0.30256671880854125
1.033464617097608
18.00438235352184
-7.787116680671673
14.563244350938215
-4.838360781820139
9.80983283421817
7.4957157425719245
-4.640038225293766
6.115612577803434
9.580042449745033
6.746944602667338
1.5226382568626295
12.328877518945333
8.39270998223275
9.72384907982147
7.769326676372116
1.2465118292160966
16.196175979895827
4.2184237530784
20.12086853089444
12.205196416064584
7.918020636982138
5.980893931780082
5.3797287021231215
3.8866915786672047
14.873549005039832
5.742521844824289
6.884033603291487
4.404370256167783
-8.612209762609718
16.660061759913845
5.289871308449333
-2.3115895331698013
12.0599132492484
7.94251963724111
-1.434885800127618
9.846975968841022
12.03437996195984
-0.976512272954408
1.4346020275263713
10.096158670851281
8.375499250390163
13.071552888464005
-1.8156840252686406
3.953147028932418
-1.6912393843517561
-1.766139170136741
14.910373060977207
10.069588240834891
6.619340316439806
6.035052699894937
12.763882883649899
5.698224214164734
9.533988609800346
-5.681642425279705
-0.29481387989957053
6.711535749859194
6.312280647227329
8.05545166533357
-11.781146262298115
0.29242946422597704
10.670405712871741
2.166198750021301
5.323951651889639
-1.549669810533013
7.387144898199441
0.7181115760813075
16.999188178056357
8.056131337022931
8.570614922626813
3.8544727721487977
8.40400274012075
-0.7552345935221281
12.947422317114398
10.898179770571835
6.875859746899408
19.130858127526807
5.943149498455727
6.292692752347214
8.876245818100394
7.105009465666685
8.314363514513973
11.451282306479104
6.641888814697524
14.375063569303824
1.6231787785184046
4.257629531386106
1.52402050934466
11.58606271126187
9.85641320719654
10.425728581331166
4.847838333257469
4.768687417739202
-6.525107389715847
9.221696287451433
-3.9435075210022426
-5.477865888176961
6.159280443442501
-0.35123974600538865
5.215484296450042
2.323585006068905
5.285083435204084
17.98971254184223
12.137142550378151
3.833909833309557
-9.30448681121012
7.015934559989684
5.036803456195202
-8.86973838943543
8.180857825420388
7.946311273891051
13.039908151046816
8.264027302768362
9.422378447890463
4.5798808510013655
-0.04669437306287705
7.8157427937557244
8.970176579757926
3.498445255023489
0.2592779948597226
1.4949652170875893
-13.584209561763483
2.3832364715526193
6.6137147232423334
-0.35245129704720846
4.431155565123351
-3.6336840152235794
8.836971745281863
12.809374279301814
7.059674700585639
7.248933235137106
0.2512066181981778
5.38723674167176
-0.041315543912715746
4.194414887347212
-0.6696456311876782
-5.68717879812427
10.266549501133287
19.34537579012812
2.614692817354554
-0.24594177637446002
3.3301194629049067
11.238769732352132
9.993613680215471
12.535585301398392
-2.7203923884079515
10.808954098564637
7.1605762170018314
13.874269669680901
14.16550921256876
2.1965691943448102
12.173475389224926
7.541426473188924
10.091706544424287
7.273506343473898
13.03346539537242
15.790226197106652
9.431794126803426
11.470145975535502
11.071232385321899
4.833219183200988
12.87895026359033
1.9123676912373293
9.225836339380217
-9.673590851199151
-5.27272582836347
4.003823434898835
4.016651372945164
14.566452265997993
10.696374910477621
5.854189790294659
3.2911980173262565
-4.336987265010121
9.229352422505407
6.842635676985609
8.510486520929126
9.1763729446165
15.840619116843532
7.918391266784405
0.056574280724215775
5.518822617751155
5.706257085118788
-3.130022331766696
4.913775397804951
6.141184481419433
4.2099722112783375
11.393070440077256
7.792698716474245
-3.028708588315009
0.9583456752510751
-1.8745110087484553
11.568304744156835
0.686596537468458
7.865520535031769
6.063587907325332
8.4516831607446
4.22336811469936
11.974477765827697
5.970841122606529
18.97028693435502
6.385676477844637
7.010696420741477
5.129785940488149
0.7022121447995024
2.9518890639552846
-4.08865011261976
-4.637762416151782
3.7110068857260066
-3.490448439178145
-0.48707172856548286
7.3518959674293765
1.3834557580867983
1.0322546811399995
2.844141582216593
4.722235612864322
0.02818852456640286
-1.629336504679907
10.613781367869988
-3.622672941973457
9.267086261268533
9.973099789157782
8.882579337009009
8.976915429351038
-2.4998538459493957
5.8487828420321595
13.209305599092975
3.6773711743131896
6.557846550280214
8.033142075457407
2.141007146201207
1.6428905599916943
17.214528559331804
1.5164308138825557
1.5561154186180186
7.509543522078968
17.044044146804815
0.23246126241678677
6.105325452584121
16.77342008889329
5.768693528431689
9.14406546242994
6.501135579232451
4.244461683920145
18.6909924755217
11.508425816564596
