2.077224794331417
6.476529564863818
-2.608250311252223
6.392882893145812
12.061873527383586
5.278837493734762
8.357770464004563
11.451658039748569
13.444997071544933
7.329871419640819
9.664349587776211
6.925496668647355
-3.9743530734597545
9.342491162204535
0.18267282630598025
5.251474494135384
-0.33311510472253314
14.808110633572173
9.011324977822785
10.082080195716696
0.5894109102915008
11.502247328253205
5.630330817104818
-3.05891196447773
4.890546904203603
-2.6396658057588747
8.479753319135453
1.9814445512716738
4.559065081785278
0.5827815903891711
10.923518228123717
11.875273116104482
5.560885754543719
-1.478481469477936
4.423170726324559
9.570102492242107
4.554967306337685
5.877375859322442
18.687697511976502
-0.9717145728854577
0.5160567499049824
9.08871043236664
3.4747896553427395
4.560092257978789
5.98728673464138
18.283300210343263
6.111930657328308
-1.4410995516265253
8.185211887227993
3.6768770654043883
4.9978810259939515
0.036956308215064126
9.254518030519487
4.788648145890928
-3.663319516054905
13.341576055988478
1.2577524453277809
8.354053809092974
3.568715231160033
4.008206878544914
12.837773139277449
5.074279691517308
7.48281178390769
8.956675163134834
7.451706433732285
8.212581144306187
-3.484733998548239
3.85712103100656
5.3969809035891
4.4296189597208615
15.197336003344036
0.43985027586445913
-5.420161567104353
5.330779679547328
4.711148211274974
7.1634245328863795
4.801869039857872
-5.713468551552852
-1.4091172209228056
6.567556369935103
8.112529982501568
8.775651151093353
-2.1886618838695355
-2.2391400586547903
4.454475719627172
6.708824655067772
7.626915300903249
5.355998699196613
6.306552540702393
0.48387273229559025
8.553072948387612
3.23917615338089
4.821130091045014
15.101298013941786
1.9189337119783696
0.7774967709695417
12.735283261441202
7.351641738409368
-1.427912748214391
10.57059630654971
9.211534467126818
6.7841319697834574
3.800676232585986
10.929910819067265
6.643112485565395
3.868694712925852
5.698350668558574
5.523202220790475
9.369760641658326
4.72141277474832
7.631048180931048
2.223806471096651
0.5562737503946229
-1.5344046195456622
10.605548116369029
2.7641529315163713
7.230776453276716
1.4552919465619674
5.0382404321857415
10.135405611874205
5.0265415282259855
11.950969538490147
1.1900141689481039
0.8105520878712316
5.88195250225833
8.409372340627954
3.362216743103246
4.994845757461161
2.3522890667477445
3.0882470508179702
12.547170395958199
3.785743607873819
5.377536289372892
7.303264944314201
11.03592494935593
4.3777158146752235
8.155284813844082
-4.87488935878617
8.339373738173778
0.839338397511801
4.433574161510313
4.868371374174468
4.981382926710231
0.621634188066281
7.406610716548943
-3.298620617372655
1.1624100422010735
5.968020194678216
-1.619370874274578
-0.14435953803891222
9.857564937173981
10.307234786176616
5.695564030122676
18.882419793481198
10.079327623121756
13.844442188938359
3.9241332732678065
0.7638591093227864
5.054996669241664
8.62374924265971
-3.63716895012612
3.447699721476856
10.733891412278954
5.89557998117956
3.048374619712578
3.287720990596387
10.473900550212289
2.3283628895818085
0.1627934710903416
5.218974085124685
4.704547142354859
-6.635729114964217
1.9269434314741005
4.8867693913050125
12.145071427269244
3.460232096414085
0.6980040850816662
13.848471543075933
1.0577431455130186
7.554961396746674
10.239554053940669
-0.39588260459564495
3.1787693007915934
4.124451584954711
4.249049787462452
2.0296421990865126
7.832763566688184
10.32594354492721
6.0535411983684675
8.25582581862225
12.187721162174018
8.018686038190435
6.452255355989225
-6.677169555539148
7.112252358464748
2.599243701255762
11.562621271627282
4.829941868013357
4.266518068227015
-1.0132884023813054
9.723690354466015
9.935752143275058
3.4820876414933704
5.5498698929264485
12.693215795125761
9.510577145638846
-6.209697289180221
1.1352754075437193
6.450155391087573
5.977696538835651
5.413389613426639
0.5015611928030954
5.92407959230265
6.096579968566205
7.625110646903131
-0.8841069351133504
5.638092555107168
15.629701827171532
9.519198270256034
0.49812710726819454
10.171667142959016
6.015459505163805
-0.2983576508758379
1.5923684252428307
3.395248478091356
4.8367805411000155
4.288556840922027
11.739807647219578
7.271218466652869
5.497587376923068
-1.0050460059840836
-4.2791277749492895
2.961197030821981
7.233537196727264
14.858882898837084
0.9015915893046227
11.035026274407201
6.718451820698379
-0.43651282801597
-4.043236486809835
7.023632210483276
5.2773776760460205
3.352812106197366
7.36023384618602
-0.6836791343459776
11.971261909661422
1.658727767629939
4.405860423766088
11.347760420286306
5.916821203581893
9.286114097763491
18.2880147813416
2.3683685810272688
5.627794723086571
-0.916472421509118
5.103587159355541
2.5220892831913377
9.167285562072033
5.106662706871161
7.989921754570406
10.736169511301263
6.791596492388324
-3.27975409706697
2.9015623600378673
3.511188833849046
13.051988898990071
6.945352397491927
7.568055382869149
9.102491086809907
5.267114918975707
7.699225644474785
9.799930672044091
-2.2729067883796183
-3.7844571159719784
-0.43185248070417437
1.9984826169844032
-5.834023001911136
10.184917843807245
5.5533267962266075
12.63108483956884
5.122849784025438
3.2418172411555526
0.04591362930364573
-3.1873217005030607
3.3997173850729285
4.645141316043179
1.617359666345779
10.533009215691305
8.436329662737103
-0.5272315407730526
2.4716423493935378
5.889792129901513
2.8547728319751786
8.552709231572646
2.247621143832297
6.14385117270907
1.9195090063668392
2.1846064869544097
4.642351786129587
8.297873395700528
-0.8737499167610849
4.927315512611795
-0.4372969862902334
-4.239163034859626
1.3615123464461694
3.9133195143142667
8.415598543230338
1.6044796527842538
5.501827751445402
3.0985265333665732
2.2166032938308233
-0.5200264625085502
4.722724027101286
4.691369811365069
12.75258126868152
0.591098945263675
4.351969896491142
4.850215384123015
-0.500146039604636
8.131593969778704
6.101963926906097
0.04914307791075467
4.812284679305238
2.144981474791669
6.064385581536415
-0.5001188028944865
9.176869011305214
2.980781575781266
-6.109573551509861
4.721142221163322
3.7428840294671506
1.5363175228614505
7.997978038783915
2.416679823303378
4.563158410627604
9.070787814644678
5.348272912065474
7.8015995347395055
1.2308471242783883
2.869945898756116
6.489948663623691
3.493669682475307
6.854008323594957
1.4692185426837432
3.8384470148479295
6.264590101596272
8.573759494152139
-2.5358146232214267
-0.1609467085350622
7.807337005829785
-7.322132837584727
4.456010379733366
3.988855054741473
1.3701973019847387
1.2131342709166235
11.088613286511123
-0.576744274242623
5.425247485966998
-0.45076163524974877
13.16252871150121
2.0826673608553485
-0.6325990822460783
-4.989206317683944
10.722964667641826
13.18558950700147
2.7043944315714628
6.461619166854681
2.603660837785252
3.5843850279239833
3.319082785686815
-2.229102355949377
7.149350090154908
6.879407566754682
8.940968767395141
6.478559634951933
5.289604147946646
1.6658547894918696
4.796250966426221
7.249179739828696
10.964159720761499
-2.199153591061166
12.181453682169568
5.361198029885524
9.583010598798587
2.980782875444464
4.29856516872606
-1.6646236305479443
-0.717849524148197
15.796676797419009
1.9356725928975802
11.162601914962622
6.699032100039264
7.934259520589403
-0.5710143034785959
3.5037061920259824
3.193972593193182
6.502371117502141
0.936992537681661
13.739510589581478
8.387728717527567
12.867057725594945
2.0752555227032206
1.9480737168462556
10.71854567385428
4.325215705376721
-1.1247731978009323
7.095290396874716
3.890618896516094
8.639854520196664
8.293603576397468
12.761786782098467
-2.060122833927033
10.296626519198586
14.002434469193512
1.8121762218079305
3.6233650182560657
7.520823423920017
-2.7187192576511663
-7.581632840359191
4.2399927793663394
7.662946128499643
10.578330162876775
5.952098721647969
5.719528204773688
3.9250858468304943
12.434170141717534
4.253566164820116
4.203240211285649
3.133664034071808
6.24646066276419
2.6732148338171102
2.6674477304271322
1.2065479771489116
2.5454741118492077
2.9232331345128832
2.13223696369751
-4.702613646062343
6.431292052730181
11.109765526808197
3.702990779149065
5.503671851454444
6.440103921358584
-5.763327657612713
4.585504746329086
0.14069089577574712
-1.7976632119073832
-1.188949904886809
-4.342527631547252
0.20044793591930876
0.012505040615436336
2.1463697535149597
9.799333038651987
6.08554976954083
-1.9616336671629169
4.9759977841964975
7.362747210645591
8.391965135754582
0.08010922382396313
13.571455270089476
2.7756697429035238
5.998913070130468
1.1153867221683194
10.769191699768456
5.488938664052336
-1.001185250854303
11.645518009079675
6.79011529124411
4.3278324183726955
0.10277813646535616
-1.5788685490454464
7.209677316601947
-5.303982230320621
8.374511017222135
6.165884290355915
8.702365719898424
6.946547612031138
4.3069750987640125
5.589551574663212
11.911874990664241
11.557717756870925
5.277582852602891
5.183661073046601
-5.687088637424251
11.886836201357564
-1.442715081567358
6.0810668193995
-2.11947637007803
2.6038310003950027
0.5732164543052152
-2.3442333088700584
1.8214517512151858
5.886989545842518
4.130795531424903
5.221184240273044
4.309839087916967
12.356134353432875
8.789169379226093
0.44756991720096284
7.502793560366275
1.4223362320145414
9.375069558406938
13.825713711418935
2.04575493665437
2.6100544507238452
9.090207881806084
7.977448288148649
10.533625841551274
2.306134252861418
3.9486220186368013
3.1335085771897067
-1.964705559251649
5.881322515922734
-0.09159873800399598
11.431632770751737
-6.004274405013792
-2.784252255578738
-1.445451357805414
8.023582016563964
10.403274725566266
1.2316091461042524
2.7912603771228723
12.107230336439793
7.102962530725605
8.718221434078764
5.241391308671907
11.162751351469009
14.285799167414869
2.285356875546368
4.410238023344325
-2.496814790953878
7.174087362853111
11.533350274630013
0.4393219527064942
12.039999261045484
11.42411350385156
7.525119137779921
4.553277473207672
-6.97228809359205
-3.7819803540811936
4.787270105459549
1.5651677702064686
4.468545422207493
6.749966827443583
-0.30295913060956536
11.819418479187053
5.115420968859714
11.860398230996864
1.5718015577834348
-3.746990175099487
1.75986841644976
3.1141423727503135
5.120295295424933
2.9215233059435564
4.514363675284241
5.049324094842673
8.137453275668815
-4.021623812720163
5.3254459010693065
3.9330640515168573
7.830190555734015
12.17172156880729
16.6143503472329
8.5827765304391
4.451621182232046
10.53510150361996
8.591444351399243
7.769581268752395
8.731060340174063
10.535312616005378
7.922240747928858
5.692151705663709
11.577967913316066
11.695711432455731
-2.141744065202058
8.18480371855772
13.115957308600176
5.17657842460647
3.6649142970189574
4.066298901868469
2.1793689014454616
6.0752628382483245
0.0696695432339367
-6.993987482223913
16.798682264763592
-6.493407834723323
1.4963427830970617
3.789154275985599
11.342227633497988
7.901918128632255
-6.213421978168292
12.559561236397496
1.1599036019771236
8.330364888174817
3.1377011621250883
4.20627483453174
1.5424163671157682
4.531686962083452
0.21254181512556602
4.133134051960412
9.159403889416422
-1.859874356499521
2.9147656530115524
15.176173673257209
4.648235868459021
4.349863830603549
9.632727344197686
1.7713633340682864
3.3786828277270313
11.03252116628953
8.861225761287976
5.919650440974693
3.7137013882169514
6.343288898151537
-2.341364370058499
6.270364863619136
3.450172625993366
3.093979835272798
2.4461355937015776
1.8227229648697354
4.346637780733088
-8.84602886175865
4.718987907930172
0.903865343535065
0.22516126278838566
11.533683004608342
0.11263720279780642
6.7832701352262985
4.896904155090802
2.5586566259928776
6.159433755905237
9.280157589072397
3.886431790345556
5.147790725004089
2.7716520077765128
2.6031014910302024
-1.4593205619296157
0.314979199695375
2.092292262015936
-3.043114385204184
4.3735837582811765
4.1417571907680255
-1.3904559180319112
2.063244325239787
-0.7236123636512994
8.440817262554559
-1.9936570977962242
6.937291559502029
0.5046831301742785
6.133363325082187
8.662107973945448
4.959394245365167
5.32999393912305
6.448408285147963
0.0640314410390812
-3.8738052905367493
0.4643990133863518
4.627778977605041
7.399929968318327
5.147442661867489
5.857812920724054
1.592627063690954
6.917098693528169
9.81317638917194
-5.855575384492134
4.099578127438656
11.035606936390902
6.549352100263612
11.257311504933293
5.8456238028156084
11.611559310103619
2.4724811020381527
8.16495613251331
10.591151799926397
7.854826797904185
1.392152029983124
9.215951759473601
9.251968386621932
9.054158875166431
3.1994382073983694
3.6155251774271635
9.22264577639104
10.667777576563559
-1.236461606170856
0.14927979806843217
7.9226646017219196
5.666020157368932
-8.876161463407644
-0.5236375639016138
2.8475334813360016
-1.4731956183297887
5.142334838336044
8.096484212278435
6.935623503160109
4.112306572999999
-4.7634960855581525
8.360723288118233
6.575961830499526
0.7489900563853098
2.5057439882049253
9.364826650163225
6.145276137887267
0.6597954785286464
8.729732688152835
0.2878359563308024
3.920880571325066
5.803981020924886
4.220889790256816
10.308729034903493
14.743436857112126
8.798543207349164
2.3576048553934132
10.484734743164687
7.097487018451824
3.199397898010338
6.9290949179379355
-2.8951809111332842
-2.247344412198064
6.2200950905605445
9.831389651247694
12.901298176521841
4.356443304755122
7.811351181958173
3.959245004571647
15.069546076820119
6.050163732901383
6.9582812470515645
6.285653761152
-1.6837360797809584
8.620069450753412
5.902829146877655
0.19507873759751293
15.645228397289658
5.550567123144747
6.567316022751553
1.2690768140717572
-2.95448457764674
6.070968714260772
4.900318119618601
7.807382402668392
10.794936654528579
-2.1316904924462774
9.798432268334482
3.5658954218543033
1.1882821704605369
6.4389524655678265
10.414376453354269
-5.6354481879533065
10.391236306330637
7.087372832019949
11.53400854978922
-2.532280104862668
13.721516695877135
9.173005048236377
0.960850059801083
0.21498000247411397
1.3672379509132155
-0.2762882831935842
2.175762308329305
3.804722473457477
3.200689873898377
6.7921438146649145
12.985788109428771
7.426793590503491
1.9707754528136405
3.2282061246678797
9.151782234574428
4.856699403894221
5.865976921128737
5.864024853066683
10.391219720735892
12.076397564488584
5.891147442851956
7.17432259879703
10.347916344402268
0.7637844936180436
10.703168016910432
5.839943543881049
8.18700329247
-1.150005502310524
7.293936350848832
12.407235508101952
5.629224126949777
14.375918454450453
9.600333455473365
5.429246654910504
0.656714849776713
-0.41076119582020976
-3.183122304236891
2.974466755169092
-10.431809555757363
10.311319332621968
6.864721142164545
4.355123568335515
7.3870998937198395
6.541801127925556
5.605007895828174
2.7687752175400306
3.127847470694411
9.60216986564
9.08612761764373
5.311917157306092
2.4960914343080023
8.679042741036216
0.39804121672391446
-5.396515715386189
11.499147562024653
-5.314722581609473
12.10313289202514
6.155407595701671
-0.7277987646064563
0.851828265584551
13.14255457292409
4.760113295679973
0.06821876543860794
10.3592618249431
12.058828589878974
0.6731885912650046
8.688166303427568
7.092109683584576
8.998849733788658
3.4168515739975707
2.5132954643936434
14.976175790680136
7.6386104572303495
6.553519101712251
7.583497292391165
10.0760648049737
-1.5773519372197464
1.2343773568304908
4.353045714433489
7.405522005300546
2.262691764196881
11.315384523560077
7.7393120570077265
-2.0526808029540904
-5.78490060664111
-0.035610390893961785
4.840125630606368
8.574116526926447
0.9980824190474227
3.1841733498856093
-1.8717139480245022
-3.0650785906320603
-2.4060528646059733
-5.819438750303673
6.772079093789624
3.174455008875851
11.126974893988129
-2.5886367525246
0.22489650840664233
10.885472266788087
7.048727096072501
13.300270415581132
-0.32345295179574407
-1.490248201641009e-05
-3.948458415890811
9.808030140037276
5.709689351046646
2.7147190462637574
3.320142179672597
9.599143974798118
14.379632769520876
9.593286860231188
5.396103988514304
12.50196855505157
9.007784472662355
6.757929464742399
19.58139664386324
-1.1039679595129561
14.460650105349961
3.472378838859049
12.067880925752384
8.11797290178785
4.192245458015938
1.285462629580521
4.627423395293057
-1.6513235802063413
16.456631342240428
5.1335801230083185
6.83717931267076
-4.3136594930170595
6.103445695553329
11.720209789485178
3.435796842681426
-1.7779529886405925
9.78433245822741
7.994400252859749
3.0697113746960754
1.6233903100123679
9.98689731483659
6.460422816089331
14.310586679961405
13.651350546982837
-7.756639085186299
6.2736738653407045
1.037989444214281
11.273615839041632
11.230876728273559
7.857849584966125
4.674914422304651
6.293956340009465
11.007974881055887
8.099145352119837
2.252140494705868
7.978457781812633
8.204313677555177
2.435094097040883
5.879402677805902
-5.579070897395203
7.718159993045128
3.743975955731957
5.418195539790003
7.61898519301742
5.113159843360488
4.871349018822985
4.253270890805725
3.8374858380657413
7.000647211234315
2.3372640237598286
13.17698993880063
-1.08718236588272
5.733155456925093
2.4011834645285823
-0.015190945665113809
2.611187273035849
6.470291806910448
-0.5227888365764546
1.29005709726838
7.028076118908455
8.619132214500018
-2.714550567677673
5.5309672952587805
7.268584486436115
6.826345864526663
3.873665303961387
12.407029309336899
3.764418200060722
7.5623515096377325
6.366423839953294
8.139343204958655
1.580605215310504
-2.4591570588440055
2.3791803676483467
-7.462499226096497
4.930048402587617
7.398320382407544
8.687706432025681
2.6547966190425036
-1.4569336223625822
5.526328333033838
-1.0876614104816054
10.774956756485182
7.766978764371021
-2.22680781586887
4.22347906695221
1.6952556048317602
2.212068968921235
12.048793560511626
2.9472695499915034
-1.783493623718023
4.964027078395523
6.4232341688281105
8.418660549330182
1.8674171969523772
0.36847224389925826
5.88086597842233
8.165151854421547
13.035846673996888
6.1211050976632855
9.625553700792784
12.815999888774002
5.674981085842923
0.25566068475600723
9.909771030071898
-3.83014005805874
5.572760649781538
9.154859732794764
5.444190530374503
7.024997380727411
9.444751876269114
3.127885716744562
5.976260883279911
8.435646626270376
0.9541541686574191
3.392754093221341
-1.6598045753701003
7.558203266735682
14.821233655400388
9.826850391998848
-0.491552137048644
1.948010959985723
-0.35394093558360495
-1.021670597390412
12.890793362337483
13.149075625814241
5.888969844074165
0.8437492700116067
7.141063554996262
5.540887183425473
-1.1428508570360663
