13.343575464023058
11.179471776365649
7.873562366264859
10.865309359020518
14.84917915853494
9.969603726854565
0.5454107791717959
13.744731751151217
-0.895386442803229
1.9123369593202169
10.46529094623116
17.0356778409215
3.023416436157571
-1.8397095801272387
-3.922829578347754
14.435171951257207
11.51229522510053
4.248910629925605
0.4384744612982683
8.971300267043823
10.83326038677457
10.691452630540795
13.736722944157023
6.565443871996952
14.826952491574007
7.369984457621703
-2.7876825278220903
5.970140508924163
2.555038818136516
3.7277359759272146
2.5391493777833287
-6.663101994811507
-2.2299441325933795
15.376565935416751
8.620884411894691
7.424075034998202
9.335038847549294
4.248191963714149
-6.161529160805404
1.4702341935723506
20.50409393064609
8.121672126517218
6.488032974002246
11.527972065740066
10.74728426018768
5.883945063539365
4.347974709335803
2.272443700147755
1.4875790338773038
12.389743444720361
-9.152360208801221
15.473864508533936
-2.1683162977969292
11.321327642202409
4.473411440915219
1.9041427787630516
6.967455872347146
7.093950168778771
3.6580198104570254
6.384220925942501
10.76891973547379
10.189284697411205
4.155182687816649
8.226050891575555
-2.621928433411613
-5.563322952959176
1.7246628488256244
16.39427035546101
11.53530373905889
9.890953701671314
-3.5199738573397337
11.025844757392173
8.841727063815892
13.194129195368959
9.068105299083646
4.444807670032945
8.157825512321603
1.8448286705954375
1.4586951258954715
15.50545440867638
9.158815007861719
9.075754279950605
2.497524808150943
-4.2052790198912025
0.396976793799376
6.321159960753444
7.613592923342216
8.965644382365397
-6.8586537837257815
9.921843137064856
6.804131257435527
8.692047367343013
-3.8531471997433737
3.353404846975617
10.659007422261066
-2.1718711260384307
3.5907150927229097
-2.583760846189552
11.281284886444109
17.150831792196776
14.618146814581971
17.72047552494142
1.2943786994109363
6.225987397355885
3.3749297665076563
10.132462494795769
1.0869333025222447
19.874982024751333
9.599154643065656
15.224441791603283
6.057685633674746
7.0809709280632145
18.18867842064688
10.324157964201348
8.533759870183115
12.867419199270534
-3.3235549685427657
5.300158676454946
12.177615775721112
2.092717185722494
3.0657929474730445
-6.542313415795077
-0.4234056002825666
10.657008802660435
7.505452573998437
5.156987464728305
10.395353339599733
9.381285560160816
-3.754327232740769
10.5802431419315
-1.4014933495179234
1.6620023994672302
2.681205879140663
-1.394027416311479
12.949393667128028
-1.2745447948261548
7.8033219298016645
21.522188109556346
-2.6637934930974154
9.455339232390381
3.7258267527115234
4.093271908090709
4.219930471168258
13.03687172924349
2.619762312265014
7.53843199978545
13.184493509909352
4.659216021653883
6.21048628919037
11.275596463236605
-3.01744784030382
17.37064443792025
5.713647769950901
4.142954848189728
11.605085777713132
9.940742648064663
11.486923649094393
7.337347374168083
9.981583813499874
-2.170943001075086
-6.057129643501515
3.8195548377183886
14.054960778133857
0.9662403390038392
6.287005061866008
5.9192899549143965
-0.1573548381401526
12.570295836061142
7.454817186398394
11.896439235088103
3.9344111842317564
1.516339885054701
-0.19887145460768618
1.3204333289464918
6.614540595073881
16.776213684210205
1.551567577629064
7.809919174252361
3.419163651475208
-3.922983331028499
13.80847840211535
6.781292370094689
6.3593803024005275
21.243225155099005
14.164205479297861
-2.4357451250047273
5.5672629145633294
13.406665203880243
11.679745664262963
-4.728898110382021
10.353926922532619
6.466470496646881
0.7675310176268209
8.830696582370582
-6.071703115302082
-1.9578444244048727
-2.9447167058684656
3.135997773266019
4.537221025394624
-6.196816973791906
13.226909756296287
14.395155479601975
6.129583004987794
11.256522376536555
7.148324110408911
-8.199902040977866
12.26524894151358
5.325976054395047
5.686760578186258
7.040873855547311
-0.735925530039502
1.5028000003048367
24.662798517017464
13.434598412103238
16.142744641745153
5.389446922926375
-4.368161542803296
2.3614625316995426
1.2123745538168134
4.238526875892503
5.969717993461993
13.36036100837888
4.455863559234932
11.21501163204428
16.499438812925398
-3.3931154308232454
7.24156205704412
12.310871456480559
12.421932803583385
9.061361626154374
8.178747147945083
8.982345958973998
-7.7004068794751745
15.568580805638895
6.0758136936436955
9.554544633589636
6.436953458349689
1.8632943604786556
7.262520964422926
-1.0849129784910572
0.9961130639261198
4.7169383943968155
3.2532641044078914
10.332833206892838
7.827891289969019
8.260352436316445
0.198879817834686
8.017376379665425
2.7565996978403704
-1.0428438925300272
10.094619662701803
0.7976694492636476
5.870577660164548
5.705683775251172
4.272579390818008
3.510173084649429
10.991505275543723
4.330680349976621
9.838274181286774
16.85326232980628
11.126627687790698
-4.590121642400145
4.712154353393279
9.220334455400863
3.7161378931259272
-4.199284899521777
1.289291197318887
10.543753763428342
-0.21116651903226558
10.640982934797876
0.9097960997857601
13.3913205580049
14.85015271868346
6.975501110132583
-5.135591143112837
11.168204438236963
-17.388163138926473
9.997790275210313
11.478329191430237
9.023412477727206
3.8416665370913163
4.239255028612111
5.678960780998259
7.091747280576779
2.1384890890851675
8.643232947008222
-2.4202034116928672
11.46527439370308
9.639062799628457
3.0883627529481807
8.16951684232813
9.546256536358609
6.672201933552019
9.260231789274838
1.258906754123184
9.099657064458684
0.6325275352250062
3.9187600495086645
17.965066095304874
7.251658401464681
9.87754770470767
14.423084191851645
8.245974857398606
17.132167207206763
2.5455063199248524
6.427663021174075
-2.4036139443697575
3.5588485174103184
14.414484595807382
4.844008208073088
7.223754452814539
15.438662510675657
16.600854274361687
13.890360867200268
3.753220023334211
7.279870904506108
8.9433829652021
2.9156003097993155
2.7450353695292242
-0.876010854876573
-3.056012663319155
6.835125431127521
8.155712519798065
8.475397106615707
10.132469286298758
-0.46300847502695497
4.359981844884494
-6.036305793984779
6.372148356494659
-5.789302987176853
-0.1917126495232786
7.3635202521371195
1.9698099961844848
10.991846502006233
5.380791201524109
-7.899783741436938
2.259712188579462
0.502381610924445
1.455713551890419
3.1235963037202903
11.278064717636344
7.604293093764213
-3.010171259154685
5.186412880421732
-2.3160191174865297
15.400201048038657
6.3001403415491515
22.420739657839707
2.3494605869411047
2.873871933558359
10.506227456508721
10.716497779833595
8.51381782380953
3.558422627657703
4.776624841479193
2.860501462862334
8.743921855343936
13.05255343492546
11.05634998108274
9.838051155266353
7.942731255487746
-3.823733444922727
9.119388002009966
7.621043470626335
9.468277645954997
2.8545948219037567
14.710920303886121
13.247633356852138
2.075385923736822
7.861274623858706
-4.925586230509273
0.4621888638364151
0.4197077680687036
2.4231570731046213
1.4611336094266187
6.951011168283886
4.343287891311531
5.238091338023461
15.16505218865009
11.656180693156434
7.035673824012888
11.828447249433847
0.9456933898073352
9.152125089412483
12.47623127101361
1.2882260630126146
6.666311577840242
-1.1177652854868656
3.9549890141991684
0.30692838300424174
9.21720462205245
11.517317904918508
4.556213005244657
12.648959318516981
9.899538242594016
3.760599633785112
10.274131212139189
4.501798290846784
10.071671939948729
13.811063044065168
19.3454097073661
11.883283510384292
-0.1083997931428371
2.9892835677314094
13.269694474699548
-9.241875268976836
-4.640675764251823
2.9241039164128813
8.871563930084136
-1.8988974886036312
5.773215696786331
-4.893738877485701
7.477080454712851
5.328780454789851
9.965858236670467
5.981214463169086
9.645032639947004
4.298696779093264
-0.16143355573298024
7.991837472500355
7.331376598698318
-0.25520316213290517
11.383964502449341
2.782488840400113
4.427806536064074
-1.2071916429913783
-1.769304269087332
-2.7195402340618386
17.143701071094043
-5.6631903765474725
11.687030324086237
4.665728129077712
5.812103202297058
-0.8129494863127578
8.468656566237263
2.1996784753083474
7.531966034645042
11.621043554307798
15.326717518061217
4.189035573115654
16.098560690046035
6.104198313705309
-2.773134864835045
11.9162045726852
1.7449698577741932
7.412591369640163
15.628612604381374
18.74755044056612
3.434640030696323
4.87158421046142
8.474566762160052
14.567873605575477
8.754675048771757
16.517002994383645
6.1417649587199845
11.234739639366271
7.650667175444069
6.793940376368759
3.5910978116632037
-0.5019145193924466
5.904100082197743
-0.1782168475157766
11.79970964313684
1.0505573583789793
10.985725345926397
-0.14236095217776068
11.092831075792134
-4.702417672554555
-0.6156397142874557
13.343741402513949
7.234021563522678
5.110852805086046
3.7175558977052385
3.9983289219347036
-0.504514410273039
2.5322510282507333
4.7468988890541155
5.378056088805742
6.916656971730905
0.5691259886892341
7.2202457111610965
12.294155710613005
19.67975658268955
-2.899621274627444
9.871484369893823
2.3714637215146372
13.10460457986664
-1.6156177220271246
13.547659509962415
7.595314416086483
9.58466436106933
21.435061185926457
13.37972196997044
10.860951785503488
6.058405148787369
10.995074563180678
-1.0134368291248101
-4.711882951542748
-0.876249228558093
2.8186010684797655
4.4712239459890135
9.312527447871247
10.974048565147111
12.298920309054253
-2.7350332259446244
-2.604430893072138
3.861591106708996
-1.2180099327000802
17.292528677565592
10.615714117064147
-9.589191047646542
9.603180532694658
4.424649602873281
8.496555709027596
4.140708843507316
-9.038201511954984
6.827146929673599
2.63420239639521
-1.5663350926577913
12.756539690387477
9.398899988546487
-5.289894398874328
1.4690193965658995
6.516255465027738
7.66332453966674
-0.19297770277956428
9.235263473586429
2.2729443632362334
1.9817360454070938
4.480626563569643
6.269727733333525
4.633815992112211
8.301440444919741
13.340346580337478
3.809058654869254
-2.379147918341122
-6.387035485071724
-6.498048647138949
9.240984206623137
5.014115324691031
13.62659816203595
8.651817627698584
1.8340671161445412
5.921260589077886
14.40055364875192
0.4828070543337599
10.09965861606879
5.911799090927216
13.671937778007877
17.596109074121365
-1.254313983385119
5.806297885746793
3.1981699757696744
13.738376285424795
9.703321802915285
6.6824619158934135
10.729949717504956
7.825080457434659
9.828328154521518
8.805230902959888
-6.915016058758656
14.218757050849423
9.671678503382065
11.44645747560337
9.246304291747839
3.85295689695976
7.049521435507117
19.4527862768877
3.9554365318587816
-1.6720573394488714
6.6122829201244295
-2.0374864287055274
14.957952772303347
7.901579857935845
-9.03644548145906
1.744268317156
7.927981364535971
3.677924206613837
3.4350151190461564
13.728403456022075
-0.33222819629136957
6.650331291448398
8.411539702387579
6.911081085127206
7.591580063846965
-0.9036686114215637
-2.03438095556335
12.549101550344272
18.32694676294649
6.523965604531174
5.438929504073721
5.48529981946143
0.5571854104526777
7.875294657225568
8.286618008758891
7.419939290785972
9.628194389289767
6.843412843972233
8.599173562753512
6.720609244313383
7.126426686354524
6.24563583792624
2.9006394906557262
13.84726803158066
20.521308347581012
2.3163144920120025
-4.8791181627067175
5.543037717177881
0.3915282051444464
-0.7484636354102685
6.492160459951948
2.157889522535148
6.345355903258996
9.529719915525678
11.319210884137407
14.286415170024187
12.243244850001128
11.649805157093304
1.229832868909658
5.329765757348651
9.752067562113522
-0.8422167155534375
3.9727515838238663
6.254322037107726
5.042021417958516
-0.002029581345809106
5.64500888490186
1.386161219701319
0.7326121489502109
0.8611651464798884
4.774568836741653
7.418315682936817
5.085266908439655
-0.5927848341350082
2.2970007951149873
3.7250146208975257
-1.0724150508614523
1.7502942822383973
1.6045555223860015
8.290317944359867
8.225974265013408
8.533435837238624
1.619207840415446
-3.0146675561214433
1.242400498097723
10.577557659196376
8.625833062312314
1.7623368898647591
13.243209627589927
7.596769369051002
9.874724635429196
2.7485740280659106
7.575359188630408
2.9834837517940254
-7.182444893807487
4.658834650311519
5.740749525390725
18.713685542933437
9.187139670155068
11.081880715895133
5.376794126536963
4.786733613338532
7.845341282111769
5.689114336183501
1.6190979499218585
1.218138629420344
2.0874198704510425
6.586185581423904
8.512849329852395
2.9166525244896877
14.642002629858016
9.83417170765701
8.074077520252521
18.276920858906507
14.458957563858792
3.2595029750610123
11.113506237065643
2.6410361344049766
4.095424564064357
6.201577933117932
9.401974584610413
6.941924814030618
-3.613281934540092
1.0011286795041352
8.86740960974548
8.331802255484762
6.228211830735189
9.660402977315636
8.527223317490359
-4.164846459509329
6.659647931863371
6.836298678253838
18.097072408311067
7.633952097650832
4.1140740364545
3.5433873619219938
-1.5463224323023628
10.14183909341168
7.490672794643713
-5.266106048483712
6.129915764723107
0.35534265516986974
1.2362863259828325
2.018419753849464
2.193944610173306
10.70021436133095
0.016807151446943003
5.527497417777082
13.614371978118147
-0.48065763666703276
15.527798345919514
14.466186857943063
9.389987691325402
3.55893046449207
18.691105420483034
-1.6700267356667888
1.9797013813954685
7.853986074127173
11.351454442195951
8.52337112033999
6.755327309581238
-4.250274885244227
18.16420604976829
13.523605692597188
7.72761268425914
9.50931991619554
9.427798714324213
-2.891416085290974
3.753467607851858
2.246333545868076
9.717823761495193
7.525576903749691
4.879258534867553
9.434018053231215
9.754128402414612
4.106238086458039
7.200102517009474
12.883904996824477
3.747062533923744
5.012104708812128
7.363204710332261
-6.142931186808127
5.407628870583798
5.449523267385213
18.323465966500677
3.6994939264323015
0.8461668316066762
11.470371932250607
6.843189263933285
2.2399324385263766
3.7699261509922595
8.40744468155949
-2.560225462050534
4.600410627455457
-5.634148225453217
-7.029000035210302
10.816442453815156
15.261878124472991
3.9736870442598238
16.663689266273046
0.08129541307177934
-3.1803017515823164
6.825566489093383
-0.36572678086819455
2.495411530292729
15.051294841545685
10.038331846005143
7.805105811904751
12.08777431025121
2.5275523803814197
9.932208985977491
3.1724900178834905
-2.891119030745429
4.722807180498319
3.6342281811675745
16.582142459547605
10.204199217168053
-4.620608302831743
12.763741430679332
4.399344900055487
-2.5065892967788166
3.6112089643309964
-1.933767333914231
-7.77046357661148
9.672606518391559
-4.860569840801919
2.0162468529599096
10.997836314113542
6.16047746150875
22.560372410025
-0.8469973001112727
11.537968765548499
3.9924719001942246
-2.1156314278551047
9.64854553074105
9.922622249483247
6.021911294336976
5.61742940288002
6.158644790459848
2.101168247335847
17.56658790572537
-5.878435577749157
8.749044060082289
-3.481235914358072
5.128093311062037
17.055344444136963
2.293147143751254
-0.7617163530166238
-3.12551842473845
9.970363041942095
-1.922898410731861
5.769742606481936
4.096711650389734
9.524046393336302
0.3015804705920493
-0.438191212641418
-6.7007735636146
6.697209364289651
1.3641943180826877
9.629476534051525
8.764338587297551
8.048511256426734
13.339632039985746
0.3002132198367242
1.9485751249718586
15.30952433707464
9.54578401307339
5.7578212277468355
0.5241852728084533
15.090149688516032
12.03345154616827
6.569578997453509
4.593515250073565
-2.870294873188806
11.31583220617275
8.973172045285311
7.318447446484639
5.008416484758294
4.44982123944631
9.08921563036968
-7.413067033073343
7.87861747538814
14.686019519475824
-3.55914926299009
7.472324099171591
16.792162670637524
10.751687272285382
0.22622485591526864
9.513494790916003
25.906005939442366
6.006987155087861
6.945463129426775
4.422824617497224
14.86552330945743
2.5691266027325836
3.272171074962043
-0.3961534931467998
-10.405045580878124
14.500463826410105
8.442791136913705
7.4559022161791395
14.0581313651466
7.855257064402885
5.452472453901486
4.015356964882309
2.7888897040409097
9.128437459111828
-4.186214689206203
7.520956895699642
-2.7537652390516527
1.182981988845988
-1.0161239007706886
4.091409945208155
10.47727176906397
0.46633726271954146
1.568307077958326
-3.1188526034612796
5.200763365474828
15.689228837489985
-4.368338930884807
5.018571617160245
6.17375404544907
12.554254646184795
15.989810869865034
13.913185084319196
5.534857001629116
16.564126353081136
2.4886264843802213
-1.5484409943486837
18.990716587234683
-8.078898569790361
6.6163397485560305
2.1828257005240084
6.431710086508115
5.026174534517404
13.11699283621127
3.995938236119931
2.2893537262938133
7.992816312690119
6.807678635061098
9.134908219393097
8.821453921715877
5.838900562989765
-6.356869307330449
1.3524060147889552
19.573840089765657
-4.294082421322644
4.990126163588149
6.858643263293491
16.470169473191476
-3.317887315640087
17.555251469488038
5.562616765905677
10.347645146330457
6.207888269085695
14.984530428873066
6.513746327302318
8.308365872550887
0.387139512822662
13.52903419446374
-6.2441819533240945
17.48118125928888
0.049472585458056884
1.6206338684292136
6.099485557414766
7.435135196227455
8.2711630674867
8.214324286278044
1.091052203751203
2.983177708431811
-9.116635020523951
3.6478424802057496
2.591451199369537
4.954042215599362
15.580060550360631
10.950244973636838
-0.22798716969703126
8.496284125884504
4.512166066047659
3.5421927179559773
2.3638015033114383
-8.302993449255027
0.6695264001782606
1.2013834388421927
1.5955148370060783
11.485908357849429
-12.623655974750946
-2.883292233061267
14.783172597616197
3.944280282091886
10.504812997316554
8.030114320169819
5.514496399547589
-1.3342436888414042
17.43101928925691
15.185108137167274
7.6353521846673535
3.097688658613357
15.215419607672516
12.591725993047078
1.0275243787541974
-4.729943905423962
3.5140383995303104
11.642845397518283
-2.260427530395381
3.594186839987461
7.252051531215858
4.463967942651999
4.9141944893668805
1.9430887160199601
9.995720358896286
3.2593714003059797
6.896461593934794
7.296858317893651
13.022764589678658
1.8444134882290033
14.128318240058888
7.1641707735268785
0.7709638548656468
-0.22304699593364585
6.35395912480161
2.8599973798134584
2.886547664326323
12.610203350991148
-9.410089768171773
5.747865742678375
13.409138121713854
-3.1689698318495
16.82840972280294
4.814464832698459
10.706329074801214
4.905609687166301
12.782617895548722
1.1963458140369738
7.575210474487527
1.722767293328249
14.285435634407182
-2.566524575221992
-7.0774422097238965
4.213699665288741
