1.1367468265826224
5.973658413806552
7.506612716891867
3.8426718036371965
6.680677446945693
15.40494712101529
-7.1179523817788155
7.9920242532596415
-1.4991667714067622
6.615583019643818
6.315025553864891
10.140732222551694
8.444535839622352
1.9655313501810232
6.753494066044825
-3.1881631593732394
6.340911236653048
4.783635154785694
-4.19794247916141
-0.007519607249503402
-0.0013514464386927827
3.5881320559074523
10.456522049276096
6.029654414703135
1.5265867787502838
9.456128118182782
-2.247538641743187
11.311345575719127
6.621635646900822
13.237490781012575
2.1532310318861474
8.111918989666092
-0.5130585578885434
2.49005720356162
4.112893891810534
-3.484064645075307
-5.418764951850633
8.061414965360928
2.526478411752816
2.193415525771022
12.581843506002052
1.5228813349091768
2.861689262994192
-1.5973529400044297
1.470866844361502
9.407521040214132
5.523505271954324
0.013851838572337183
9.889425944947758
14.032492587571593
-4.2491763291363185
9.265936300152918
3.3253104987289337
2.254655505102841
5.599903523597862
-0.9735849674536468
11.97151859168282
2.8019020157303167
8.86904980240505
1.1901014874778988
11.363858207136042
0.8001708508926653
-2.0816527264261717
6.929981976035058
-4.613982880502121
3.748462181260588
6.174324482030586
-0.8791282975324481
9.063522684909204
7.909504414105002
6.120012405618389
5.479468262874873
5.680378031450174
2.2833997808807798
-5.178751567648282
4.15559463971219
4.2670682991187245
4.234183636228838
-0.054905117645289714
10.242382755205806
8.180297400267019
3.0185470515526096
0.6569781008471178
9.890946847994528
11.873763593148443
5.588398805010116
8.492076298042301
5.396724214828263
10.96908217347564
10.939146344807675
-0.03220963466285509
10.912660414904984
3.6220694320478994
4.374713311449265
0.3633535066116904
0.15494957850549973
0.9501776326309486
-8.219042372801878
2.2611792904075037
14.127139469712175
11.286207400652302
2.2337228326351846
4.5865684370234625
7.234892358886418
9.880215521885685
4.760602685677133
3.0677760113169588
0.4292632720881566
6.634111093085702
8.39995512276598
4.9649461645469515
11.952664884003298
6.372335768731682
17.84671006135082
4.892528902594655
12.391122261583236
-3.807067651835487
2.8124395027000944
-4.288590726079992
-4.142515848275696
6.722685006093967
4.972169743344873
2.702135428510687
7.458622270755058
1.9043971440986336
3.561318201931214
-2.4497396139946845
13.539290118061142
6.010785035984142
0.8984936669784593
4.94923273670225
3.71924096036229
-0.48227562738924057
-9.323291490030085
3.120309823907892
-3.4854106529132878
13.87075008200588
5.6256243129921
9.243434310021492
-0.0842448549320407
-0.5349228162789368
0.03170583211971589
1.640374879717558
1.160531330710402
5.257787439849512
5.680300029063815
4.701037948689426
2.191250658095182
6.377729729921835
2.699994146028601
8.064273515997987
7.464149997076756
-5.012249450622747
-1.091911134633209
4.610950427100274
3.93697157902343
1.8770877354929434
3.395210429957823
3.063345897643763
6.892383189773103
13.294805479222708
1.0771580776359313
6.520183233657808
6.988797272319287
10.451295804051744
3.0973170120074283
16.63020200373954
7.089823861778132
-3.9908279233176316
14.707967314346439
14.654715419467612
11.831810090165348
3.4479897152130934
9.188339220538541
-2.063820740211039
-9.474653447404355
-0.9784678007119743
-2.2792604961250156
4.153958941829677
6.160645722108066
1.9957842478313825
13.149769057249689
14.60238262948862
9.119604870595118
3.5728298744594267
-2.766261062328266
7.978737432768266
6.90612120325329
3.3562815388459386
13.830091200026372
4.669276623456544
15.645743945919023
-6.656436362397047
1.7060435602688595
6.886581188979235
3.9454075315118278
16.27702434985345
1.6978578113792224
7.500091069591417
1.9954076408017651
-0.2821157386951434
5.153415202294968
8.383118464922234
10.178393461594744
11.378925339936384
2.1649152724699547
9.141156853691513
3.6234795505346913
0.5749427906318463
3.792515005050471
1.6746434045920804
15.699404556650453
4.79598533772949
-5.071618154608874
0.7573118255414348
6.845753361849276
-2.7642264027303227
4.429476625494734
4.458912308925164
6.21605915506209
8.803491566545404
6.713528311459102
6.174496771078547
2.420040686780415
7.607744819846209
20.15806570490269
7.134468283374071
11.552563423400933
7.733405136106682
4.653794631572493
7.019176149730735
9.466582880577615
11.044979130183673
-0.9888553999675458
5.226055214845913
7.381795053937281
9.224578618946781
12.53597049798445
3.313717263336942
4.147323645506894
14.942678815789717
8.296258874294264
8.509796739741024
5.204614165246779
8.284528295935997
-2.492281165213867
9.507773873356166
2.670792773640986
7.222785260092464
-0.3618126695247881
5.8392433295347885
6.474661782537343
3.642886762853543
-0.43821362479602755
7.470756038587915
9.388840090417856
0.2447684567296653
8.896982898040228
-0.5773898255129355
2.6009933361236404
3.2249058191681526
10.285762749575484
12.821620999717284
6.2001898947878615
4.675711602746935
8.95485230760083
-0.2820184896396727
2.956415887665055
6.8351772999061335
12.546017377430623
3.810835749489891
4.538327408967759
-4.802865593514774
8.231372843043646
2.2731848040481513
7.084809220587215
9.97845946864939
9.39622477923861
1.8167300198008745
3.4047430099661815
4.930592778275393
18.729583672321315
5.2004519594783485
3.7544694533653398
-1.9333617342444631
9.823013469856782
8.985507469278874
2.205673908286988
5.836731642560207
-2.2555265498660457
3.1721707432059594
3.0602080389287147
9.241496630739029
-7.797386345490846
2.56135871468397
4.345678676618244
2.061329742486218
2.249130341432899
-3.3335283582557693
2.2909507426731968
-5.371276127093481
7.753547336094642
-1.4306719352019037
18.944001394129824
1.8695804281180828
5.987943059060145
3.622459096926913
9.246529439796143
-4.268906978118235
4.560376448737895
1.3205561804537993
6.841115004457853
4.574671424038533
-0.2810696096710026
13.532199977833457
2.9394701281701545
4.837101205802308
9.300820870246174
-0.11364895085473226
6.642509895345479
8.113349373738153
2.9381089853960427
-5.623490519993661
8.352420527291947
-3.7991360839835417
9.002081153961061
-2.1479178843732196
5.662036671729584
10.441863275405762
-0.609534131136245
2.9064639752333497
3.1331491886970912
-6.255356142394358
5.487818619375654
8.184565969715909
7.354821135517542
11.161059384289793
-0.714232940259774
12.439639308359164
-2.505639155346527
5.671615187383072
3.555760715628584
10.156835719465306
5.931331075626845
4.9276932368043465
12.956988980841391
11.643700864855187
9.212829634197112
5.208973064009867
1.8241247324800351
-0.11656334123218581
-1.4833791816518316
2.196339090817247
3.0137715030555223
7.424545122828378
6.651146704441061
1.4136330701954583
6.505747036490597
4.317451219955723
11.433531011538513
-0.8534111683439161
1.6777675505598233
0.05792292666632859
4.06605957814494
0.8356893429957548
4.859441522720196
8.427896964527683
5.309796147924777
11.850834267589764
7.95364329456574
1.443587425429274
6.593619567973388
4.975035592906359
10.185495003993953
4.050843976963048
8.160363340730928
5.6865596012687964
4.112241274986979
7.0772122247524685
6.444872691822384
-1.0475785685054264
6.040966738211595
12.285623210761855
-1.9673319973151129
-1.9683390982067888
1.591052615316789
2.9189664457038487
5.686861944152552
2.08773530336049
5.315591124249551
7.925452661387961
6.0903088753094545
14.353499744355155
2.1298954634585807
2.468050168988322
-0.5145810996267377
12.45172604015048
11.673854834496762
-4.656229821911737
14.392239841007857
-5.26383663536731
6.723852433670279
2.676421906425278
0.3327247003859837
8.498322919245144
-4.862079535087787
-3.9988798649402506
3.6227339139690375
-0.051210952068410975
7.563999062414002
-6.620771867021858
7.057344034472173
-0.19101897887478714
2.502549149096649
-3.081923054605106
-13.015176399246368
8.767807045158396
8.623791231086809
16.6740067743009
5.9316365765303924
-1.2221960579993683
2.434516868810478
8.601546423997178
0.019507690290037516
3.739381930387437
6.179417515091339
11.01720938591829
12.959134658522672
10.403960799906613
7.43177143709778
11.521913835261163
8.842707295349772
7.9233312249010375
4.113950793340091
0.7105447642519782
-0.030526863685448102
0.439752357855665
9.612269079227831
6.08324068391538
2.3238748231619804
5.699500705467764
8.192066645684868
8.917115936724993
0.2401132722629038
16.223857708009668
8.828921685157251
-3.0111951724894244
-0.7591445444987963
0.10632935064676685
11.827627910304399
9.804397558742819
8.21050529530486
-2.2325586941755855
4.3911446747928595
6.095880949831504
8.093103970126517
8.599150599835596
7.0119942683131224
4.18338466239312
9.379478016200057
1.206879637166058
12.044590120557963
2.012664990161551
8.174385132152558
-1.786920646416883
11.969082706136568
1.7750560764097845
8.747045334625003
3.000892614910688
4.49751816692424
7.551503596274655
4.3993706725557695
5.381244694415116
8.577265853636046
-1.1741485238874612
4.73689104904956
-3.3465548165459538
-1.7302912623635516
10.01119895083049
8.525980884978951
6.105374179614818
4.924242492262651
8.496097136713992
8.40497761267386
6.3389670819407
-1.377965537423334
-4.1739390305664
6.886232755608288
3.867903733151773
10.949727982967392
0.09146803125294145
3.082911293998291
-4.895534728297385
5.190064938496694
-3.3208997545433574
15.656924243744639
-3.715545815658455
6.658817002260145
4.426297400187695
7.167439134748191
9.087519929247208
5.5092442953232865
-5.512805222879381
2.3616784719709734
13.606040618611289
-2.429462319956338
11.61764323901342
6.462799605603093
3.8197751467585306
2.2238775329624314
6.233704921810327
10.525347775505692
9.825613655431507
2.6368981676595333
12.466299340869897
5.83489866749647
4.968295704005942
7.565372853216524
7.00714322722334
8.844899969248399
-10.354178338664644
14.90080464164694
15.02684441924519
7.388827763743679
7.0729063036892885
0.3400174547052828
7.430519061257778
3.6987985289006637
13.332991129462084
10.009736967422963
15.849697530253
2.82964154097123
0.8212271477726576
3.8023529503932387
-0.0004976539006467107
10.343445375740473
2.584913585436423
-0.4154668149050167
-3.5624920074646402
1.043172931528221
-4.311552416142646
12.645554655894584
-5.042377220673423
6.571020104973285
9.30834915267361
12.219211053187387
-1.6765446904118138
5.85423274528782
1.511436552426094
-1.3548596783714002
5.251659170757156
4.759907151051814
-4.273702546700491
-1.738956651598473
9.785004931029878
-0.5976833035119427
-5.783247146079328
6.155187730465707
3.4234257677049076
6.738991349989899
2.5653760840827524
4.753894232530741
-1.4409198598320998
3.7593904301977794
-0.08719072836620434
3.495805894756278
7.859333373993158
4.6018899575939045
-3.685299882368387
-0.46859063163650383
4.690889461904958
-0.26016925379666755
0.8137667076605091
7.692747050240038
4.361693729160114
1.3285633420034224
12.792536921667274
1.1370420288500096
5.55767631174831
-6.7101622222750485
4.223316595438792
8.295453196686454
16.41404144400765
-2.4674153424060137
5.113134792508051
10.783685201880434
6.844591271061197
3.241445717078397
2.208395032166505
4.474274116477115
-4.775164922498751
9.175309835183363
-0.419453294242607
11.077688464937737
8.113744479854498
8.315136932401227
9.698952262739356
18.73282213300771
13.39009895226217
7.779459431590878
8.39490648039012
5.692729027187667
5.7755546235609625
8.94627823019729
6.186133506003436
7.485370224051702
-2.7277066551896905
4.7703775657238126
-8.22280090233333
-4.7654652397569155
8.209986810739414
4.828299817957117
7.940760007464671
3.341483631570963
9.725741508416586
12.594994584810076
4.106507967207222
5.151098580195702
5.188668215976904
3.6315062845614134
4.362065370297951
15.425873505989038
6.422753951098902
5.019580747368298
-4.9226916124634075
7.365464330221241
5.709964579219964
0.3142142257855891
-1.713863582295887
-0.7271109507532696
5.911093565310432
23.942030288408223
3.649583924952587
3.184194676760235
3.561854430356269
13.769359050881297
0.3558690852830657
0.38289587455209073
4.3290556363976345
-4.345826289310444
2.998160138118396
4.478126743405381
10.221237794499974
13.264771248880397
2.713631797461869
9.972020270181012
9.855008882907256
-0.6597380280766902
9.029872024625492
2.9161873378002037
-1.8930967924831714
6.55128717132011
7.965139478203371
13.223096536724999
5.504253057178028
1.650313937164487
6.916779351493212
-3.435705964654968
3.55831268797038
5.578751840295039
4.396354616307816
8.769133566201564
5.645472352413316
-6.511875361774667
8.22108775736066
0.2630344342019999
9.875128039152273
3.7960935923412995
3.189014879688844
5.167044504469701
3.493579263574056
6.733120049466624
8.673741227156574
7.9399758991969085
3.0598750687017704
2.7811180255261294
6.396878646650102
7.071663182708853
-2.795894806922453
7.844093372612841
0.3507602695005896
4.602527921138756
-0.058440376070551636
5.466915623688729
16.998230685427885
7.065156331076655
2.832657923133816
8.383653841190469
9.705664489333518
-4.906930763638314
11.330594861881627
1.4485637572832846
-0.13963954675142976
12.295963939012804
0.09577814666991546
6.04919563256784
-1.746979953075794
-2.7940126014525504
8.481190502944523
-2.1558354120871215
8.666739943660357
8.863593915309986
4.806568379581093
8.390345929004287
-2.7899586493745456
17.053071283388544
6.123429016787231
-0.9630588378283322
11.313445111814985
3.194919566931689
2.4034284599572278
6.052545578247306
12.058090091475963
-0.931553319698164
5.344500312086843
11.922779021310733
1.364156751327216
1.6815202531925566
-5.210548630148608
1.394517148111333
2.9245741208445466
5.643946109199614
1.3233981922770013
11.910397567448051
2.411243621974457
4.818227435060241
0.19140962815672857
4.879738937593935
4.130086465123596
3.281378882511068
4.094275313970247
1.7663890403458655
8.805971933054776
7.466548436363251
3.551782644684036
1.1960855738327663
7.447190975708624
8.537365310560276
8.062611236574732
5.641461899463572
0.4755193229403121
-0.29991713303009515
6.202427350431646
9.193783824125788
0.222827764776504
0.3276821628465765
4.514271950366574
4.0587555151408115
11.460927137286287
7.193804722498303
10.576441319870074
7.691790179694644
6.508587472865605
-6.941485758161605
-5.9028172923680255
10.813514058382365
9.319591650068134
8.363253079262112
-7.881670740941638
15.310638192700075
4.732944555606236
6.502669595816897
4.254083600202836
-6.02191337735168
0.6295750565266398
-0.7867860170827639
3.1109606441770286
9.592525134858244
-2.6480449402287327
6.930180503477274
-3.7269563560928036
13.152838846108125
13.836350079618924
5.418344350602164
8.791631127589195
7.086614276434785
4.687839081201676
11.747900032217919
13.438281359390796
7.000906098814087
-0.14595175216429723
11.829379079886767
2.4842054927824515
5.201941794703628
-4.175841330769348
0.40129664169799284
9.379613795421424
2.878690229046727
3.878132345591494
-0.3625336478281569
9.654027083021594
0.5076823281158913
1.1864164026951984
10.37102524987237
-1.4949163994766463
3.1479475110817545
0.19777683989995687
8.529968130210314
-0.8401229118262741
7.782698847411166
5.473323100950939
8.212078051387568
7.486580115480808
5.160587806167763
13.818024847528411
3.3572683313582172
6.878936668732039
12.625903328980197
8.4156351535558
2.349606286549505
4.5662334246983995
-3.1518964365711017
2.125286809488286
11.5123247714787
-3.8990178600223473
10.48970621116992
5.81710758500735
13.731511000449597
15.978219755380536
1.6109296079666855
9.19278661623969
3.552147500744396
0.9132987938566539
3.11472054166285
9.020299585396252
10.7640779410995
8.255376008363966
0.04700215188580348
-3.4363947783095243
5.273035675166977
13.557224946605196
8.291565059134413
4.704076481895097
-1.033798322051088
19.82914621541857
3.408699505917694
2.219545770087412
11.78537881631985
13.941245685304215
8.363726776620851
3.972593141417824
7.963127265795992
-0.8769062811050201
1.5674199165457892
4.327231505981194
11.75143731257776
-3.560825067242522
6.53745205575498
5.47898616935428
1.4677827263891872
19.66553595521051
11.262941605796557
9.326543811336062
0.43871410562871826
7.154771565670771
9.381473664449146
1.8070384557444243
4.340457667769296
3.7233237872416813
-1.3819643970654862
2.9574976020628694
8.361095327942333
2.807311564521595
2.090548349551142
8.448308951590654
10.09478287043362
2.273667073961943
11.693421119482537
4.704514061357268
6.100068945268815
5.40007880336862
7.24292215427905
8.596656675318231
1.5678528194714723
2.4903424165349515
1.0452079253148674
4.177931403212571
7.886057832940368
2.1499646367501617
14.968619390650439
6.628085597483916
5.478213758994121
10.884834785213627
13.766509049018829
15.067849232632957
-4.032189768326292
5.09798709877338
-0.2639015859055549
10.843885384748761
11.026199540935151
11.152072106036096
8.019188642495969
5.921635650469856
7.8998090449655995
-5.142952350790191
5.427538686853416
-0.4837724312265195
2.015648429092832
-4.503279573415208
14.550478933451814
5.30198986464767
5.425430570480586
2.153380709326803
9.54408014273869
10.211822781134448
-2.1767517872993944
-0.1210020468558799
0.6307219741967529
-3.5897219100559994
2.880807672535911
6.113824946215042
10.71656516467478
7.265897779200815
2.4134053029128406
7.921418734430921
5.586524830237404
4.773581704980961
7.771023407295104
8.228153049227709
3.079748125980878
0.6852142828713532
1.4143221077468962
9.8854074393466
4.163586222037515
8.551748975499889
4.1968443243009235
-0.7373356766667474
5.888803188007633
8.144428670211825
-2.244962826814069
12.934633468249586
7.555087995673738
1.355381277444268
8.22341881815111
6.400064183592965
10.09813098913874
1.4881724142895245
1.4108746533498469
15.07832538980745
5.219517455422624
-3.6859851604033818
9.610881517810267
-0.0976910581531012
5.342046168159162
4.361907682935111
1.5526575360420902
4.783840166751316
10.213255667140864
15.245686144008792
3.0061263450834854
-0.9420424309719024
2.049516975364603
7.929443498923533
7.08310996240429
6.858186541716847
3.3971646283779076
4.7048224913162375
12.079984374078068
3.3316059991614377
5.147510097134353
5.887155737957429
1.7159003180084795
3.0094798079163376
6.183676016999
5.893367086643192
-9.284972669402372
2.534784492182976
3.8285108296246237
6.984391849858365
15.012076411298002
0.34135136359549767
3.411012364021759
10.404005455825427
4.715242747431207
1.8959586245726787
10.651331893753625
4.275562356044496
5.885965815072844
-3.8753666096517563
0.835619267206237
9.765216825418012
8.949146091092935
1.6345474275726994
2.125727814129782
3.651847234226013
4.34135966139773
1.846711854348519
-5.138793018717461
0.629798354960319
3.532484682735273
4.839103191065803
9.952460819417727
5.592830680359887
2.527086304306826
9.405219478669476
3.038603983368559
13.617776415404716
9.176256643928632
-0.8900814099122547
4.772483770518496
