5.25368789900641
8.803319175757583
1.476351687610748
0.8972823815131044
6.328016739056598
2.3300747120451493
-1.5291292954566975
-3.8453370230068327
9.373538115675512
3.6001056974172068
10.925685056358958
1.2107661902140912
13.284778496352448
-1.903754760355577
13.123952472779035
11.422835006565322
1.8096814535499686
-4.715504987333743
11.064206272519261
1.144521492578888
6.815331232488351
5.464629775619603
6.467322209975
3.0946455222177303
9.257020520832315
7.0091786284960484
14.720004171596656
5.652837927274547
4.8735386367804265
-0.4803864974093761
15.36608486126101
6.594326186357135
14.12829492362887
11.85469650727936
3.3003980569133406
12.471210045960206
9.399708034455688
15.226250926113531
5.194854104962438
-1.7675971474633076
3.7651344712551733
8.655873414527917
0.7172488289069401
16.88928209581993
8.074793812549508
3.2348863955816487
5.05636674427951
0.20083316091901615
-0.9446518420063645
3.134202956178411
8.476589422239403
10.862011530558437
9.580130175896503
5.148803152158642
-2.4798473971167034
18.20809064788571
13.364743804184364
8.22083649782148
13.547763269430904
2.4897460549930774
15.81360882248605
8.182484690599395
5.639617675808488
5.1166613702348736
6.500714063856081
1.7195435519025288
3.1543724911168596
5.416095368632478
-5.358475825172508
0.4694771673966587
3.685636196107422
-0.42077322762959835
-1.5930005887696437
-0.09138677902072878
10.318222130322575
6.602524193362658
11.71622537641793
1.2618679248384979
-4.989529289876412
6.941937531505548
5.686341881596165
4.738173217198782
3.021124202557543
7.757474195463164
7.221580209522768
-4.550478136716233
1.969759952312148
0.19642146143788164
2.190806659696876
4.784309108533616
14.912729900504804
16.610724634028635
4.669666534711023
7.9005300000430525
5.919276977086858
7.467318476321645
8.56415038431872
18.035659903661507
10.906782457813978
5.348332094141156
10.002460559415937
12.442150020091681
8.3554390075633
10.68775507609609
9.566418257738839
-1.3733148422833947
6.263912255148894
14.767527532779635
10.316958716273586
-0.8075414026446532
6.990818590014736
12.644206162425295
-0.6010979989909249
6.840809249042378
13.2710593739966
-0.3572131738955582
13.309314550596287
6.548353163285988
3.584306889115104
3.9716690242951453
-3.0812717333687747
-1.9196017207240281
14.59819208498074
6.566385418041667
14.057079539893076
-2.320527767855163
5.790377461594524
8.942048746159088
15.042513589621914
9.851355806886314
3.7366083995285466
7.235463639637385
18.538067148466567
2.272850605919806
7.285546934264462
7.207963056722188
5.1356690769212365
2.2720210762153
4.589653730025146
8.265088637048223
7.346729136217105
1.552865954833683
-5.5176318973357965
-7.710843667044005
3.2980174422461714
-1.8799923064627517
-4.391091261410587
-3.332274094196457
7.8427869465621365
-2.6467948332139937
13.838683564996177
-3.4457996646595834
4.946189483616911
12.83005884736237
8.791887271382757
8.276862269345543
-6.610089466040149
1.4481583905178486
8.671930993899586
6.459099676010434
-2.8421524140738548
7.002005290805942
9.39219872952464
3.4791534319311346
18.652614828325085
13.609216324240338
0.4313388892302745
2.2076521327626426
8.238481610727101
9.19412693837409
-4.296195049322334
6.178397089611806
4.7044476918999205
0.4371613596530475
6.130209550505185
-0.5746847067813103
6.614204171135497
5.865195190840579
-5.112849856068282
7.14070907744457
8.488632408966993
-4.483507931524775
12.452831752587667
3.979966986604457
-1.756184640131889
-7.178855358947613
7.115175625108389
14.909856565034111
-2.864329419209465
3.6006881216289837
4.1997603292873755
10.124060008231321
7.3495659096641734
8.196713396260254
13.97469128730846
1.8018314977405518
-8.50950233532301
7.871535855561925
4.31577782779677
9.038614931087047
6.8040229718855505
0.0771328232864592
15.339311183074997
7.446433805447556
5.475932978850937
0.361758373112095
5.594719401519542
0.7603964746487986
1.1070214615748286
11.348083299696448
4.104769037536125
10.323832917307612
16.361151098380393
7.704026788147425
9.379903699563185
4.68621534909253
3.6522434811657085
9.333887495311174
15.397412754002794
4.749934080808927
7.448187187563067
14.08620292644429
3.0571294968116765
5.887558229428056
13.085609549522676
7.117613920928033
3.2954448185240777
-2.2140800398976577
12.206192733717753
7.162117061041778
10.217670107148006
7.553314099835587
17.221185856636634
7.151551043275696
9.01403501007955
-0.7829778942831078
3.82926330611829
1.0574067593458807
3.7817878793812345
2.8212241854464275
-3.779583072289446
-1.2177196082065347
4.118105952500852
6.298063320866465
13.721302529339775
13.064867006531154
-5.377709937350408
1.1911728667183503
3.5689833575275465
0.8919132407484351
14.90243667933102
17.576405681878263
0.12510112930788875
5.011020755580313
1.4477111174132533
7.7963615820930015
2.6717427476292634
4.408794957758843
10.689346372791324
5.024456664682726
-2.878960237652331
4.843788456343635
4.955453244275742
0.12277283925666982
7.1409755815184175
5.923159984575366
7.757985448744422
-0.4224256701551523
-3.678608392566595
13.244054474454146
13.292740858515788
6.747619354523545
7.418599183411066
-7.405375508503246
4.5223716107363465
9.346423802211536
-0.40598300662680575
0.728116855545637
14.194615526405446
2.2166132957668157
7.275940338130645
5.398726482642575
25.330290712219533
6.711718543158883
-0.8214404490439078
0.4800984385198479
4.043927690780977
4.497665817953581
9.48478705591969
12.871406652818923
12.999685993852232
2.1823329473191126
16.68724015392548
9.088399815874048
0.7419949183571743
10.93276983860692
10.140145698167998
7.291911423699389
4.4793633158063955
7.552313242960541
-1.973194447281032
6.313646698219058
14.393519414416891
14.327090324525422
3.4981337125318843
8.722684319123513
3.912946030984864
15.33204881073708
13.438177926650873
3.4570312975859263
2.8980160539285253
8.999171856998384
4.5209118463629085
10.037694349595354
4.33445020975961
9.232443392013296
6.597516841781922
-1.5291573424889942
18.81729187958036
20.09658724131443
4.165401786415247
16.676097627646868
7.307644738017773
1.7861195802710368
7.295117773966889
5.14663348849398
23.30371051407712
9.147846803239212
0.4626478687033577
-2.5219931707307772
7.287791498505014
6.143474109252412
11.478931146763202
1.2046439877173736
6.071610333540126
12.858390982727393
6.787075326388092
9.491893247332229
3.5576992968455947
12.384021313548958
1.9167420501041201
8.209422749241888
8.835082200672097
-0.574450611585184
-4.036310373120688
11.945213555929746
4.8105987751329735
7.9928723914158475
12.49568270142998
0.9611737212246485
6.853061855360438
11.089740978431372
8.433131681653546
12.917558554934445
4.320324671520711
8.658837569262834
-0.13578956037866075
-5.516314225839466
0.9227336759423856
13.347749698018703
14.308672053450586
1.8553047301188164
11.892721916896436
12.03216484115362
2.8261578530661478
9.837231239991388
4.07516321389834
6.909575945814888
9.704355862567464
10.400672278129498
6.76698663034122
4.4930052918807215
2.895725245517089
10.867174762666522
19.200550693371845
10.095380369117155
8.687468940634538
7.492420829639175
9.03990983263295
0.10873998082906677
5.9059143667378615
5.392273813390105
14.270426601079468
3.7844218840708646
-2.972284607967442
14.706313663925627
17.60953230785477
0.5621516295464124
-0.4463485160172622
2.0579883583934326
21.227314859827587
1.3504102521291657
8.953131560773546
9.848723311975293
5.409308104736968
1.0721200575359342
9.494297032547298
1.9753275496990632
10.522677704265725
11.548338342957543
1.2894116279109555
14.113541945437461
9.050723534370757
7.913597475578274
7.737822739980912
3.381185810264536
-2.257689796047069
5.888111459099601
12.543064039015484
10.055072535877917
0.2358844953937007
14.289738115224184
5.071388245732917
-1.1735884508184213
0.32050130122898857
16.2685537224079
10.819895884203682
14.688015184588783
-3.0730983002451
15.40351959682514
4.071886984329552
-6.717258012816085
2.0988919509657307
13.94756398891029
8.212278952014842
5.911990823675937
-0.11153264542815933
5.027902213658978
9.49983756752034
8.316460335309841
9.120046566574329
-4.125401241975281
10.93815803791463
7.512212660056287
2.6409424855831976
-4.809561135398299
3.0029856187544195
-1.0150377545039433
2.1831015081820118
2.207480911558986
-0.5348711998150248
8.96660785587208
11.854282291408456
9.821582868615103
6.3084745422444755
9.992295418179094
10.589326240890784
-3.053963220996671
5.956724213126336
3.1555019587920814
2.0206740186954453
0.47506069705286613
8.79080409174577
3.724835075029857
3.3080767389221215
8.406442802169483
1.0871837962047195
4.050108445588144
7.855315109857623
5.720487534703502
15.938561004783315
8.427312412587217
13.790381530383552
10.50470919153719
0.7134847307835415
4.510144185153456
11.216368402455014
8.215642289802236
12.822322032633936
12.07240140023254
3.9325467334276527
4.0066532540961
6.849170133241261
3.2470524148054736
3.6102577054782814
-2.9139874981918883
8.995062955651825
7.247010402195046
3.1749859795904243
7.9068724962150085
7.061300752533413
5.749491173709644
4.6005273078419835
1.0139939134162397
12.03682735748535
3.4914574472672
13.497374591658241
14.57968624588876
3.457565180245127
20.648530908621332
5.744053125081525
5.68592774824025
7.137316247849699
3.8281627554598003
14.581713855622445
1.0656618042323425
7.754652777291868
2.63060198530958
5.1368678532480585
1.7271844110764327
2.74578964213124
0.6619265640094483
4.62872161487619
2.3956421784815363
6.232742218753119
3.8376825554599985
10.984835490429036
2.5242652537975836
4.155976922547598
7.835573693644179
18.89766500029907
3.54582705362018
12.936208979188446
-2.853117508950433
5.222910848237192
12.228453220975503
3.675332226552907
-5.265643214355224
5.149349980035435
10.731854728639952
17.73327075870816
9.696060618120235
15.193755611637403
7.34187740988268
-0.2846857446010249
12.630944883022082
10.672637914994718
3.15467146625886
11.2564950185676
-0.08633566067441745
9.323761804769456
-0.09363003698949335
5.554799787214943
-0.5968391228597634
-0.5155626729100398
2.4568057510465278
3.8542988554116016
3.579134972666106
6.034213644295894
11.02906591282659
3.3718565449759215
13.388756406850895
6.858526107240483
5.199407377299991
6.6996010112750985
0.67517424768356
4.256699000575349
12.197453340031164
4.352025481739457
-10.204288140774167
9.944164081237368
-1.8901769321467388
5.054640216679342
11.766965317414765
10.854404866333898
-1.7172236287824392
-2.2696013624616214
5.025127858742201
3.1257165134663936
5.505342739617445
0.05663708058981243
12.86795662746207
-5.450013377585778
8.974980283721724
4.342332935234547
9.572160839770286
15.149922318589367
8.272003170576562
1.3100041856562088
2.1106338953774757
7.43674703655807
22.007079798037207
14.559367877113859
3.11672956344307
4.3769213708491295
12.669226410908012
3.1713726414521926
9.907839843713948
9.810857728343134
14.216387173981033
7.464117009143705
8.858275079474833
-2.1991301673179358
13.481740485841453
15.010421788509126
7.59738476264727
13.418740760323
8.673460100861968
-1.2829739817151644
11.22316481115827
5.4549954672115994
-0.02246206976344567
-0.8271271424279414
14.508588661946996
8.868416239822535
-7.306248042271083
7.199903693492191
12.845625502812798
1.9522253791947355
10.471285003463304
10.748803648249325
1.7987663683779145
-5.014038449159683
9.649845162085768
12.970755876544047
-6.780983391672729
10.21266394329002
0.7964552200930752
-8.300115585784797
12.926901461081417
9.067632777544732
5.094379358919764
1.787769067677571
13.93669874384507
13.841985968831457
1.1607990534989332
-1.1728153642608463
15.90972932398795
10.629808466008345
4.029452667329463
-0.8276858555385465
2.61139825355571
8.524287775340952
6.191081642321693
8.008724050945414
15.224622482458932
17.289977899474493
5.588720907206557
1.2822987586657728
0.9887244928083057
13.158168334306882
2.9957290091510185
-1.109325958610051
6.2578447440983505
7.193099232163252
6.009540832115093
12.574955608904776
12.348285849362037
7.991411744218894
0.7440717632827267
13.107671402468076
6.434793583950865
-4.139126948946272
0.8332791526438923
4.178789081234261
9.399909027365053
0.07182652341665996
4.638091072444975
3.3443352909538295
14.231724817487654
6.8311510501663
14.248276542050881
6.8778942232536915
-2.6991221310211273
15.371430508207427
-2.2118483065982897
11.629091869294925
-0.41178378828499884
10.488984102780147
8.911895773093638
10.108392834612047
13.693642420747798
7.319852661891541
6.996857203807217
7.355624823487777
12.027704846617734
4.527388424177748
4.143635218773127
8.197714058778061
-1.123526564126359
9.918550007947836
8.643144770849695
11.980845394073484
8.071439774826555
5.490529863975021
-5.91371822570483
0.6194296944930953
13.944549104910205
10.94482799278662
3.8543656127725985
3.581095605672156
5.348006006682862
-5.095339807856954
4.625452676036167
20.178258608477805
-3.4811087409019255
12.91257065145292
8.787531135977408
1.495170366271295
4.758114962679314
7.4763123789344235
6.279349742343731
6.048818525607168
15.59230082062451
9.391140339333916
3.2727975270424206
1.9903514359713128
-1.098959717566693
19.035501673993192
-1.3907176202493732
-0.29955311078165625
3.1743394295657223
12.310482764659561
3.058880802214182
-0.7766171427544988
5.913069573461667
13.464750526148523
6.073077522939116
-1.352565708820408
11.205203487847855
11.593278735056664
9.653330106282372
-2.048315927585163
8.985074305779918
5.828677550150301
12.99470178008061
5.764316503935424
6.781673569900697
-1.6167577591815094
18.350281559231252
12.193940835411825
5.32347485018107
4.8961647468769565
7.72422344281609
4.129194250092575
1.9252357934480395
8.917870561287394
8.942212391189095
7.060207538742574
-1.3581545808828634
5.612756912137765
8.02763139688133
3.5767455170374287
14.373471001356805
12.74519687523321
15.06032664199953
-2.8445873881419814
12.559539103101832
10.533099212852282
-1.972622452491942
0.07197161892854975
0.33921742345305095
-2.500436257910648
1.2864787973343539
22.364593923644428
4.859796700952279
10.295069463168286
5.37667069792408
7.338427567859292
11.408746664867435
-5.516475554594821
2.4298079698581745
6.188701026735334
4.947675586263384
8.6910784024716
6.353759617690959
20.40101191417115
10.753739475034589
0.33561655377390753
9.113687210475398
2.617764584545628
1.7122790340529814
16.204217144060436
14.150966714205598
1.1626463846991282
5.888072111657247
13.903808401108193
11.599830624945195
12.67665068928911
5.563301606791365
14.13680744322829
10.703768624564123
3.094139081103293
0.32943981900275965
3.6693265992676847
2.29794359876051
4.666724231961303
4.950464499622808
2.995901205366498
7.62364899258906
-2.544541521539557
12.672423649078565
4.34299510691285
2.0138575454859
6.169022770529392
8.691787640939642
2.3552492490511856
3.584501817002998
17.775946167486204
0.9456921953139554
7.835820314726032
5.320381502375342
8.355797214485305
9.390131091128351
13.143782007275068
-5.848125095627513
6.73572956266493
-6.361265050059647
4.981234117800188
7.74384154986335
22.810153280559053
8.220581697077819
3.7579276527415812
4.5319302114107725
3.439706240556896
-5.766815598062367
1.9311184838657516
13.865139655909527
7.738482467832566
12.617865148764514
9.145688893370336
18.442649403669257
13.755810471075584
3.566356143386128
11.086520214123926
6.4389041209850175
11.47813336115151
-1.1330877148652725
8.918459961254031
9.7625150813577
12.089797103192712
-2.0538720531983774
8.89966082931223
8.309130143136638
21.107254647050908
5.590832143128311
4.949742465648199
15.772834688466727
5.008415509311152
4.6771253620143245
13.647309646983835
12.352492460799638
1.9309192486753366
1.5485119061136965
2.5351730498723413
11.244827993679145
-0.5222382446149707
5.231092578369819
18.517852053510637
-5.393982307169928
7.355063114973894
5.820451012990922
9.355080788236688
3.3121073573227764
15.779078576596591
4.144657947855068
11.10940356598201
18.71471363436352
16.519732309915916
-0.6797656980761735
9.12529085078844
-0.15359736557651704
13.845196375319759
6.736898496577741
9.328350327006703
2.4719912695091955
-7.155052748370208
0.04579410821339014
6.884457046559845
5.47424563165369
4.205483953104316
15.19319524173415
0.8933353500018555
5.520588269866405
5.081930999393417
-4.1454872302621055
6.31563777444769
0.01543163428287464
0.6863983855938383
20.45100188928418
7.384332176336937
9.219035774835012
5.375607684250973
13.871119156566015
14.234961240450254
6.672940006793812
13.890501771966264
6.3324487993829
16.541896922987178
3.0457320125383136
19.905598268303294
9.889977286667078
5.954139919177116
4.8637137481242085
0.07144754097036721
2.754374022900351
-0.7368434746057568
5.898880093202075
-3.131021208674838
9.80073455604932
-1.6689051610174994
8.419507240272571
8.08296933492764
15.4134407623908
11.369437253951084
5.5068490246395765
6.622371677159579
3.5685190927455754
2.699637936086589
-0.390501159620249
-0.05605806419078174
7.677098660767123
2.836503213595791
9.399845960957789
-0.5968904058531432
12.251270758627395
-2.3804087927891775
2.0235919786236547
7.9391006478802035
6.129304546188783
-6.077439442827366
10.434461673367386
16.95400707431505
-1.2075278731418244
3.5817662492490894
0.8648116955972425
-3.3328864986504065
4.9948362961875725
3.359526634804111
13.965872376156428
9.332467023030146
8.446309216231292
5.568172878634196
3.2897027674263524
9.958057554453985
6.630709449589373
0.3130156725395219
14.8619268681499
-3.473925791014425
0.6619973190845281
1.6887160084155761
-0.8923914151411205
2.147433440367383
8.959131268892785
9.246216886753777
14.92843098249255
1.706069677591187
-5.723423731197201
9.690824627944458
9.137634624831286
9.067758369719682
2.3141885968364955
9.891908821857765
-6.500719084359389
11.90701258724389
10.10995235249423
13.477656946337222
11.336569930658989
5.119680014861707
12.505802236659598
12.782152124544755
9.146712397043245
8.9134393677481
1.00129811433756
-0.8119684487212586
7.6718414685622305
17.455700480994437
3.139558362472336
3.8243945022827823
4.276188223975852
0.6567504171717626
1.0539752646266134
-3.9721606954377187
5.948480056961703
19.836486981793126
4.727594598664117
6.671109310408838
-0.2188432460369425
12.324874282120895
-0.7549507117587693
8.552800706703511
3.927570432226765
5.349895817391177
-1.0720340266232258
1.5182465856177485
6.893419424848425
-0.5930606884205796
9.275760777217023
12.013337830986185
13.244090730148638
17.810400361851972
22.91466226530592
13.426320813348852
19.30957129427646
8.708962898676646
0.28305953594413236
6.2861582571338825
0.9071767501024386
2.2678585948888395
2.84317182184
6.258284601666725
17.559643783476407
3.241414085512801
-4.686918579260697
3.0188480293589173
-1.0407842724205922
8.162028202250683
11.900329644931826
10.362079541424954
9.60255957760811
