2.622863335241955
11.815658221789295
5.737223640886493
4.658010206848873
11.286176858772318
5.839664790812025
-0.718566063536926
6.5425063001091415
8.006354783900361
-3.446450715591914
12.423461296803703
1.6744710442237656
16.62016526803785
4.656353187777729
1.3911142987925134
-4.920363018144872
9.685787256271285
9.258688133015985
4.626446233342832
-1.0500114633301845
5.092969110855816
-0.21726890115558017
-2.085358792296801
5.734107840769314
10.17526990963291
7.293676758916366
0.3086617198222523
9.012025945700504
8.548487499170648
14.89527072107457
5.382579583647072
10.020435987986428
8.188777518014637
5.508967420942401
8.1804625959774
12.772062692354986
-0.9281128963990146
7.526755474796276
6.946255731975336
13.168815950427096
1.3810342196233205
-0.8907272210424115
3.825063518193195
8.356543774209694
1.208112725140517
1.430476726007024
3.3085933255882423
17.7783379723409
7.572302703477821
11.18878411181307
-0.8001562342843851
2.08146559372108
16.755625750068546
12.969227546416178
7.627839397134822
2.155379867086789
4.180954149805458
3.260987033528072
9.51428080269584
16.103466446073263
9.832663488197808
8.490371040895862
7.871856159268733
4.325851148354831
9.749154799947863
0.9879670831719105
11.30158932599094
11.599896883531201
12.206567170813289
-3.97174598190173
2.6336836357806104
10.03099880623358
-2.8408371086191977
10.978677184937617
5.398339668891129
3.1179019242007957
2.496857267726351
8.698766296136828
-4.683807265978501
7.02759457356597
1.2092877833266753
5.781898293854934
5.227943023283233
13.017481511937376
-0.3972174703653435
1.9772746868565463
3.8508800808469386
8.757073400501254
4.691643811130555
7.52028517647011
2.1731187282043383
4.613099358566325
6.537459471890688
5.645312982976883
11.90463185224742
-0.3894895181787579
11.297040140947313
10.3719514337911
9.567235715171758
4.517518164589436
5.249145916120568
3.8025471688290797
-1.386065002158836
1.8486071927946894
-0.9871718967061396
11.565081872160704
1.838472935076807
6.257849650050439
-3.931311528208978
-5.228721160874265
5.319315333025949
-1.6851421541688785
3.5010613612286448
2.8357531250749632
-1.375033145400809
7.901589197469356
10.78733963381059
-5.55119703663668
9.145055899342013
8.12998831882383
-1.4919126535023102
3.3677701894399092
5.030251902988675
5.396007506252169
1.4092001810575354
6.427294135668871
7.894937638296927
6.924196132972585
5.238439866302386
6.240257460370727
10.678157969258187
6.451260308156007
-6.927829661985392
9.13564928725988
-0.06621359447552067
0.7384746248941414
15.270721969866038
4.346360756997679
11.204038832935936
-0.004457738621905349
0.5027812071206317
6.2992412770107995
4.723163691059809
2.218970777356712
6.8169703660947265
10.240300085818593
8.305758911904247
3.5247667268378544
7.313597327461514
0.17374187057501422
11.975439033657139
7.901960690058623
2.749757327665006
5.805540769082553
-0.0038542409899502417
-0.6159497634168325
4.775605724435645
11.421586972137163
7.9625220264389505
3.7176786435483566
10.946538208147171
0.9544621617183733
7.696281136666213
2.3656510171865714
1.8414492423892308
12.030527158634019
7.237045925453264
14.603243146504497
-2.6771978778957646
-1.1979942658987381
7.916401756163849
9.425789282595955
12.298924580536351
5.9938737149445
-0.9211597086707952
-0.44119142980382
4.1623164611846235
-4.16083446460486
3.850727984548312
8.681171669296486
-0.2616869971410889
10.37034049244204
12.324026599303192
6.875295876103827
4.569496159774681
10.010906966360757
-10.97236609710822
2.1595054441138917
-6.187583451569129
5.513128193181096
8.419468100753448
-4.1746724794160155
4.538332439459802
9.313532283414645
8.874282481489548
5.89650035565758
10.805834068755898
6.302342791015987
0.9793729918854666
-1.801540881886428
6.769300673165599
1.291433034440474
8.52059110335237
6.452887723286624
-5.340689853324005
8.275882902228084
12.032367246591942
0.9401635584475341
0.45481396923231454
6.74726413066478
1.0680796410254771
2.0549378605255026
-0.005285124415012277
9.653915339590677
0.022605781707555117
8.147046719105973
8.662833690094612
14.772085865023934
10.370161521146052
3.155933704404519
2.184540555492004
8.7915876008653
-0.20920627900370903
11.406282352646599
0.2880778943394704
12.768336339785556
8.248399860368218
4.92640971199088
3.9404997732497393
-3.852095104644407
10.367534161505908
-0.9697867216720812
7.272020259062694
4.35887624554057
2.347430005765002
-0.6308702762116343
5.743064914985115
12.575917281161166
2.957644667942692
2.0118126948280546
6.9145668736856765
2.7557829680300436
-1.7370301866942883
8.330398801176862
10.759500193520509
1.6676791165280842
1.6957800990705945
0.629080132070575
6.903540681127521
12.201004195612784
8.702964874681506
6.814134184225347
4.323852116376933
5.011826703869672
9.857651332581085
1.3277599548755652
8.213603938182569
12.466896315604798
2.638259588904975
1.699740493142488
1.1843109752666539
4.572232621561274
0.894755431564811
3.5358897241656084
9.636640953579558
10.467833313424254
1.9933902965353778
2.6354353236694514
9.935432209792884
7.88785013705386
16.42682387215109
-6.076975195403861
7.457389229200506
-4.898976519035912
7.808243835993025
4.497588482073849
5.689773571103169
1.9937192299719735
5.712632771417531
4.1281120063400465
5.911468107817944
4.208554848027548
10.127461398216902
9.14875840034785
10.530905360651737
5.572235064051213
8.82956550022898
2.592232093076092
6.586282610252933
2.0248190517885964
1.6735978709160975
8.081481841716425
4.705526676175977
-3.621127312311404
5.102576039631724
5.481269045975891
3.121705796649966
7.455326471654694
3.1631348368968406
-2.447377661600477
4.040920526437271
14.029428415221592
-3.42002447752731
8.449486808095235
9.746764970030146
-0.4132039914094454
4.216493804653032
2.998622864691061
11.188838308568853
8.60687759103227
4.7881735454056065
0.2513368221673544
5.528324258372587
6.748049243145078
8.05230009122824
2.5288204276729167
8.141310666181706
11.632732750401313
9.331611080225578
2.9006381167766846
11.863618246326247
0.7476749111546508
9.762715891874205
8.190535018878176
5.17392382279216
4.43671117506506
4.082957737089062
17.0931481474799
2.116749976092402
3.106086133659809
1.734208717416886
8.136779214758084
6.610039753690068
2.7911045867345807
6.452368857656901
1.2459956680009991
3.046072527022993
10.940716521481088
0.003522866003793368
8.21113862886385
2.1526720333046043
-3.4833042365725184
7.057540142762549
0.09247153575540512
0.5769888460613597
6.341690254925785
-0.8927778882395221
4.816271614676372
3.279062455541279
4.135177523671186
3.9522265171161526
2.858413694539075
2.101240900851653
4.775153931128033
9.428901605914554
-6.336965562711095
3.618994778313246
0.49073738067585015
3.6213019129603023
8.011192042261168
2.2032997922507587
-7.609266639510992
6.219802492171357
5.595507436541518
6.668296636033625
0.6526541544197606
14.68338236783682
6.632707990199545
7.221901648292587
-4.264570681994709
2.478639723292958
4.963625338714137
-1.1361144160799417
2.666838672345701
7.88022884444358
-10.781448124430844
12.665717650175413
0.24632202955278792
5.378747170600581
9.08891222921947
2.549344695133386
0.5112667852817778
12.96918468786314
12.250912972475449
10.942477351418134
10.158317178977136
-0.3047644356958368
-3.280423324024266
1.0087940289712454
2.5360705877034606
5.511926635804487
-1.622650098186809
16.248762715450884
-6.532192526504165
8.879454939016007
-2.322567697144108
4.506101712272882
15.494877931989244
4.635362072017813
3.6452189926676053
6.449942278176538
4.448990570587178
6.7360948369578
7.789080309295944
-0.2018502317342583
5.281387504786522
16.148564601540272
-1.3409716873558084
3.146457398073536
10.125079154583718
1.0310199681367198
4.09238694267616
3.1241098767393876
-1.5273784494421667
7.891463924324175
0.8219778383317644
11.327359600929782
10.370753389361766
9.06247761712401
15.299944852424431
6.5994894582447134
11.41330623037852
6.262844871702734
2.927546021783056
2.376651776752031
-2.3570798280597804
-2.4996649702221365
10.766707038309157
5.00132114673075
7.2256040715274885
4.663337039394055
3.2447632571403346
9.867818118275274
12.15969043416155
-4.63466708569023
7.498245913847726
1.5681813196865138
-0.18144440052833
4.2809555244786095
10.193630898234638
-1.9293957704934552
9.074947756179863
-0.15731505065940876
5.741072248864933
5.920906579936761
0.4652868987776544
12.19725704902412
6.437898850852532
4.75637899798307
1.4368145320520898
1.3727581254285375
3.0808193084627273
2.596111106543465
5.85119575251636
4.471180791991461
9.620155172050666
13.642965670286763
3.4737299785819427
8.58551515520056
-0.7373546375535449
10.19125131467793
4.949788938848017
2.4320942689330485
-0.18045731235781215
8.914638382096022
2.706862996475098
1.9911358839590894
2.4728159102350586
2.354310438503368
4.204218289955583
9.169745102098643
3.2925737572747527
-6.6508232871193815
4.762525551398535
6.149906940131076
8.304080453784962
12.82769762877612
8.088870769826693
12.987112481932147
-1.3856963547783856
-3.874590598229368
3.2512167853013105
5.8686474275479545
3.0999836104608596
10.305835077074832
-2.5801889048623954
5.654945973489176
1.7841516430074735
-8.412120550144452
6.836231600017249
3.3959964873376878
13.21470994622572
6.070923934872365
3.338572738913416
6.8957560226671895
7.381898283648866
-2.4424093517548036
4.7467152009808515
9.151413029716183
8.955102774515819
10.068037902042281
6.151303177366666
6.4668681323834925
5.561643504909821
-5.435885270021494
-3.9711229037938143
-0.2737451237782005
6.889091771647772
4.2120819402518626
-0.010120836032577962
1.6522692333402338
-3.8669979872198486
4.431060654835911
1.0770723359292038
8.208452209177217
-6.8805991247946565
7.157782508685976
3.5288038174031326
6.242849526127733
5.735726417734256
7.121529897048452
6.328109072961357
9.75008711260341
6.826068271792811
2.8168965628066127
5.788695869384291
7.53782621444112
-7.905073058756363
8.625080212081585
8.411710198591278
-1.7553720089932066
3.3090566597893014
13.032757312366538
4.1518343369961315
4.447409192607625
0.7570684642827725
13.063798200997654
7.160412821437557
-0.5933828485898225
3.9622752885119166
8.026710710508356
4.693126010619344
7.8847564538564425
0.80867486427457
9.204250547193418
2.4129853637820524
2.4207365883098846
2.9726815358262737
1.323934239791756
5.781451339530553
9.72596725459006
4.094939734808207
10.11832519443243
4.330813736557825
0.27590153669441486
1.9553610310373464
2.913390417498472
-2.5981117001027014
4.6313216253480345
4.4998921429709835
7.931205089796036
2.752791984932368
8.915186871243906
14.828261714333761
8.843542824982197
6.59488481928962
14.394034217194474
5.315350805830728
6.112892994628921
6.448172356127879
4.754442718325052
1.6737365909273043
7.7407184802984235
-0.0737334678818975
8.135930687810557
7.294331685442927
6.1621891383905485
7.1387345983496076
4.4898530354891015
1.303459252602389
3.0127321670382607
-4.418437593117476
7.110415673227916
7.351233104597722
2.8836201432525543
0.4467346866577202
2.3686273712421473
4.1872010126513555
1.7556021215660103
2.5773212844478692
5.691332609489284
8.349946293361983
-1.645229834871996
14.606366814504083
-2.268144154420546
-0.7736200230519747
10.92654908553467
12.015275423418068
-2.6350765814834975
-0.11724351864728977
1.3102613325228534
11.47841677607457
5.112300544936652
7.991337215554452
-5.218178083827546
6.408479768252594
3.7033802999393095
6.234462179833535
3.716730505927948
9.021553997871868
0.7476350849604847
2.1751661907826745
3.4442183819429992
9.63544627657256
-1.312925173326346
3.953234204260128
5.3112463791001705
3.750054945181368
2.745706726572613
-3.2633031550114397
10.52092634293146
-2.9289951632243767
2.81430526102456
5.520313161175623
2.8664841070523366
12.209588353049455
7.105907812942878
2.081951809181822
3.819363308835245
-9.779238109905062
3.2581037625939526
6.931075063124796
11.297161702954984
5.047742819847693
2.9699373781030722
9.22912606078821
5.339804852537528
10.132196526224678
3.6307493758642053
0.3335237546244487
9.410278576161565
6.6794269050882935
8.699799954543032
2.5372496966722706
9.402152579075977
6.503866057137207
8.321970755195409
4.893407014741453
1.8753354367046313
13.592247237546975
2.827086298018348
4.432994333990713
1.0765166791065104
-7.20964171037172
-8.451571459337444
8.19264329867434
-0.3295764827899377
-0.4639751103767349
10.91051648222593
10.626865995429995
5.0656477243084135
7.406785336269854
3.7961178257244175
-4.738835190380227
14.72407037681298
3.0832787850822534
5.58025178477613
10.267897677294311
-0.7785339308038841
-0.9844644328895069
10.308865697604256
4.190722620245894
4.527775583955944
10.555099161297782
9.407176476274806
4.0778339424249825
-2.441104032006736
3.586550961174444
-5.596462890570633
-3.3298601210991414
4.472903993802095
3.4219181366922435
4.646319285595289
2.5649529925645114
4.581193652126863
6.424687877773767
-0.45840934099330966
4.477482057476191
9.178128888363625
1.0754337956301567
12.304004723433605
5.170229209200916
5.124713021874976
5.732138619440945
0.18604986999301154
3.7735332162634356
9.891740396462753
12.07553790000533
7.2996649825616355
14.08006965777159
0.8561045085351129
6.055558613025384
2.272657779528117
4.573997753209405
7.239592533719819
12.28801400000296
-0.26998500987821483
8.785460115297589
-4.458798902389397
8.039842276944018
2.6355825345412676
4.497256570114796
4.666823788080296
1.5877339861696975
2.1669510128443266
10.0355301947986
-0.6726125945090455
4.40658194155067
4.963661152191318
8.833703420282514
0.3112620696582118
-2.9726075039173736
1.4085297517318438
6.906050632671901
1.3467477179347567
4.002510068277811
4.816780903630297
7.525643197587937
7.574991138181378
8.854809478338142
10.889624590016311
7.751504056791386
12.198086374009975
4.561593927734488
2.715013757553611
-0.5688565581755345
8.918592684937423
-2.3943288968253515
7.363383872520604
3.188741119514042
2.3078464420328717
7.864420965850397
1.8725560815592042
3.756875170060087
7.175661639248883
3.4114604103323227
5.17766225966821
2.5082375729063875
12.93266766941738
-0.8321535546057768
6.909277294993398
4.059279369685274
10.995203311694414
9.616698810779328
6.6451835340347145
0.030604285987208435
14.106970824403469
5.0136537663223715
4.9227906397733845
7.740825849719728
4.93224497175123
1.0552445674940731
-0.7118879938232983
1.478809636519229
-2.651052830970947
5.866673798347154
4.696114208188065
5.246872688041192
5.0341609299633925
11.483287294037954
5.241105561416898
3.3475606871706813
2.276351067271991
0.04345181657307151
11.036304887656897
8.947186563512723
7.484210996711788
3.395610807764539
7.306396864610629
-1.4180822943434999
0.13729869120195914
16.909064942180073
4.005218753239144
6.85375770184256
6.68505769389775
11.843806622134199
5.398463104997851
5.434413059162855
6.5981054904291145
-7.31087704050211
5.021881345697554
10.77130543390281
2.311503364273568
2.1943258711738958
-4.030464532175461
2.6733469972683417
4.845064122834606
1.343151675255597
2.81990627143964
12.090677402608016
9.532844849280083
2.9946930841675288
5.664992727400655
3.4089737970702063
5.318152619067099
12.18657183562938
-1.4031952318336023
4.436590440120376
5.982443748327309
-0.4154870179646353
1.3322747674851612
9.982186114849162
2.6666528142001322
7.914574776311163
6.333302757601478
11.350529331747836
5.412340489552585
2.891199938165506
8.488080159406673
-0.37844173202756526
-2.1036909196575166
9.57068185740526
3.7117966741808144
-5.840713998294991
2.9246519586822743
14.534307002088955
4.798417399191238
-1.095427609199704
6.744737391789152
7.54212136013903
8.042912856539202
13.12808357624441
6.992447044165315
-0.5697936019098568
3.264753742868623
2.2256820311107703
3.330506465492489
6.33877721648069
6.9696694793477185
12.807534808729635
7.530738126774942
9.216498380465218
4.588846152376168
-1.327794262288886
4.385153713206755
4.663396128060812
-8.001609498369339
-1.5846071115146305
8.465368941994054
1.9495455621398734
9.092877962373016
-3.0304003921279534
1.2538404333839512
-3.1604129611854503
11.361776784973404
9.483077666696978
0.6719257375586887
-2.4592620093038216
8.116050084534736
0.6921419730831291
2.5033241006477813
2.0333821453532077
3.4805881138712818
1.5898924195278727
2.5228857543374947
11.511519992938812
6.429470232425169
2.4638057890839358
0.9466935403432757
7.8773214989532265
8.975267911806585
2.2712339869111515
5.446885442539642
13.371925414709644
4.9956388584710725
14.088549458475274
-8.331958219445717
2.3491571114356056
1.1382227556680053
6.0193905543519115
7.857297990831011
11.062836664873661
14.154326631213467
10.748545510054267
-0.17013871904643274
14.867295065382201
13.56557951636841
4.326218740960263
10.752756163316564
6.097623196020402
-0.8219754822223457
-4.981116013051542
-0.6734880916564556
5.391119386135937
9.316929365593609
16.410732145035297
-4.648990423857843
16.247819929161547
12.79315319205952
5.669100461868997
2.849632545760104
1.8916194177016465
3.7465750313481037
3.1138330481726917
6.057091643133866
1.544750655228273
-3.1794124120147043
0.44424866056322165
6.908328740758282
-2.046253071782872
7.474420067330479
8.419746024725232
8.294823808691714
3.9480981332789273
8.841792485384318
7.33702568383065
7.457804466922566
-3.7974484437589338
14.562364948803076
7.750370992952309
14.267947692401073
4.819095162993896
2.6443594524885525
-1.763469665366812
2.4415421549839347
8.2908856359188
1.6962825356047482
8.822476886997176
0.6490539882441588
-9.602647038238876
5.400383895571338
2.756120970121352
2.7626638425403116
11.875437201399052
8.90733468645582
14.181702487526877
5.599361213359528
-3.488361218364254
2.973545090547562
7.2331626911707545
9.021000896206585
1.3610995319907522
3.4113085486226256
6.132065511226566
5.34179658960355
9.317296291274006
5.86638104950943
14.026103531292629
4.939826396660255
3.5493755146029566
-3.8851276001663777
5.157282039490267
2.6983482064907944
1.6561760181044267
12.841299312858629
5.500226196781216
6.395277794687631
0.09139995062638917
4.621316956469867
11.441695530043692
-7.780810163405993
2.801180024476593
-1.0621747750683284
5.425255151936217
5.030619996494121
9.313933107925221
4.263497957320665
5.651006341337874
3.414133250977299
-2.7756486937871747
5.997814032924813
-0.3869636900044524
1.1384978277359519
10.306535205246185
1.6929287091888865
9.071058806089718
10.480428788555077
9.585987237846746
7.061869035203602
15.471189123357227
3.505917657248201
-4.457476264826546
4.268124840018423
2.1396227436858237
7.858836922709855
6.550026040249075
7.56085861876435
4.8943820304691705
2.325286306795319
12.140014966886838
13.04975144089132
-1.6903030728961994
12.367387098690344
5.18478579808744
5.30261141208368
3.1283242506312288
8.139206684709212
0.44127423220023854
14.378303430631464
6.024166537256176
