4.148621382773863
2.129329123463571
4.147218176134158
13.794257006792376
3.7610491142664544
5.733296377545439
2.9252635676652856
3.998298633660588
10.427237638099955
16.098715167198087
13.866332924145489
3.6727484955032423
7.080704768363944
7.977755606104235
0.7490672338542268
4.1744437859307135
7.576834963234185
-2.154821514758998
18.139942693236407
1.626723138017347
9.851351579846034
8.830280740463222
-1.9117651726316236
5.1718254302228885
7.381274756452143
3.1982765257727386
-1.9115584869772677
2.2864444125595345
3.762930253872527
-1.430794696789568
0.5882696678613848
11.662213855568734
1.7447478102458174
4.806224330609674
3.7362985581480475
3.964679007821683
1.650427448849816
-2.0062684420723347
0.5556041872652626
3.0930835094882507
4.474897907180104
5.514256191084219
9.929094149512805
8.611077300288747
13.288601740690146
7.524049217108174
-3.721262823510994
2.7471091240487726
10.542719909389714
-3.0706256376446373
4.543739906890408
4.640932216445655
-4.2140970961301605
2.3428429936236554
1.5997318721330784
-0.27002149041641577
3.8277126610925465
5.734040671797188
16.916963823765776
7.671181731137889
12.00702718308164
1.4572132285967494
12.181616393310856
1.1693789981672658
5.327714370069128
21.991391759419216
10.268109069874921
7.254900373745979
-3.0984375333813574
4.786933205341491
7.312145477226506
7.717630632978504
5.6319612455776
9.110102371896591
6.166607559766147
4.904463801527238
-3.230750746095186
3.636561249321505
0.32409045846441487
9.345792155493468
10.017927611452768
3.492046190881134
5.496431962166642
3.7628545602878463
2.6607454160594144
6.021250306966772
-2.362644533843725
8.98991446171756
0.22581757564703597
9.359264597173153
9.470366878716082
-3.324679060140623
5.75156178178349
3.308822201899042
9.831066159453503
3.863055754760773
10.36251590267641
0.2812920872646827
-8.521785511284374
-6.762227490763724
8.529842693613475
6.497141839837042
-1.3424501223054879
6.641265100802283
9.96161788176164
-5.16794305228737
7.069236601165756
2.902931019850733
5.798204219100144
5.688122765326362
11.416065747687822
-0.331373179908784
7.957575161626087
6.860403608871868
3.4306523179674944
4.844851871735578
10.929371393739782
-1.499466058140177
2.2874919980535227
6.571013236681538
0.009878460147539236
3.440929495175989
5.792918254910294
-2.503466215703906
8.155760179506732
3.1716843965844426
8.011988600323157
2.7038126120029844
-0.5269416174289585
4.130129645666922
-4.298520714271984
8.671999805946843
1.364730128569759
15.058316791330178
8.422726947192084
8.466789822577407
2.96856169459367
-1.0690590786275358
12.917525351996503
10.44574214437289
5.041699086296703
4.645994412192749
2.036703581587446
7.422961449407541
10.010061090920653
5.85279259590356
4.720692227559819
-5.770866199183631
2.2592281114583574
3.885300465279156
8.19354608486329
-1.316841543055225
6.7229494704819395
9.252867050611806
5.510928713388809
5.668798358351359
-1.253633486612113
-4.859304592644444
5.79518342564501
8.649393816163824
-3.4936822792430178
1.1785568535757487
15.239273862165305
4.688531068297674
5.342625490016155
11.470635023071544
3.3445333652524276
6.92414798853598
9.039056082037606
9.72229738539422
2.569062142834824
7.419545535770886
4.047636058663561
6.177903680676812
7.453006053126045
-2.7724051526752485
2.810618018058757
-2.9890101648268113
4.595107932672951
-0.4476507103638028
9.715236429645064
11.770125230945071
9.473415686025525
13.121400749636042
6.5717532832862435
7.00257127986944
4.807762640613435
7.323100385596026
5.1435088239276485
5.1385519108794995
5.204396701133937
8.691893438284444
-0.4712231367254205
4.0774096166807965
-2.171120747025167
3.7137567040326895
1.8356837575060592
-0.2528601965469699
1.924049895080576
-2.010024894692256
2.0312794029016654
8.802985146587881
7.767130350430687
7.32659534562527
2.4092770154291294
-0.4839400816670878
3.335915386571011
14.487027255053746
-7.228769250510025
9.379556948078651
0.5688194510638358
21.652245670052995
3.419555763163037
4.283256937659299
-0.5951443187877539
25.08122867249945
-1.1959431383210326
9.151667628778254
4.774248680826384
10.30561996135049
7.137985980581387
11.659986446498912
4.780465549578521
0.6961079396290049
9.686940581943404
13.767901457676277
0.4980994380663457
1.5592339829457345
9.783113165355509
5.620774471958551
5.039802722508296
3.0043400575657087
11.058192299353703
10.385652229025883
2.3226146578676468
10.015439646279559
-4.102538027700392
2.4724944980604127
10.626446342487517
5.628210481977842
6.4691208642318045
-5.708063198852882
3.1509302385177103
-3.5832573998721307
4.609407805916049
11.169454966078028
4.0852462838687025
8.09451822896684
1.3565270693224551
8.868244733181019
2.3087797777604706
4.986078938631231
4.236333839404298
10.761216786936993
2.106161706633632
2.8516597747081422
8.177192168672647
-1.2039292349344821
7.642438287617167
5.530800255058951
-2.4107834784671773
11.65029527821699
4.797933397754106
2.8373710373790306
8.56596503255793
5.117884355104478
6.1681428932916935
6.729430552010105
7.240775265696795
9.669620389784649
5.619089562744873
0.24707122145276106
4.097652423013807
-2.4283178400946612
8.78645542645483
3.460420606342303
7.109093582742746
-4.760489674790385
9.96775764743025
11.008234882961414
0.020700225035493514
4.237371839033168
6.302374733475191
4.873037241012291
8.536350079971495
8.342714203739147
1.1724410956226121
6.268412840974504
4.083545123810141
11.048069374410511
3.5486165548372717
7.296850843044377
5.183038860523455
0.6270949429379602
-8.382598844893625
5.6974359288675895
8.038176198814803
3.452074320385139
17.81114166639746
0.07944718115071936
0.5177468886975292
5.309568248189686
0.9198182598109872
3.4274988541855858
11.896203074497702
7.283734096266334
-4.515216590102054
8.730738642686314
-7.221978848767703
14.665988610260708
1.7543005272194834
-1.731836624473572
7.768943385845789
7.943662064172184
10.765911881771608
2.1867676072927424
5.812500904144871
3.641167270705733
0.3579917194987332
-2.4009244122215314
2.965795842632745
-0.3209613612268427
13.333782566179677
-0.37495319472170063
4.084885655234534
5.012175590129427
5.6061822583431535
4.5202247418846815
3.612291150050993
1.679290650140538
5.292893462445692
2.2185620564297386
1.0490834908981737
-3.228904404184937
2.0246733977675166
5.3948869526169085
-5.130943546450888
9.511769432562966
10.501878527493577
10.20539415488372
13.254540991738693
-3.2452127616504782
9.261937612110676
7.538470628391137
-0.8035101278686652
6.910451823407552
10.577925492370756
6.737129347924697
9.321590836209865
3.0673385020424764
8.727852227728686
-1.6874056672806743
9.182448520080346
12.980897003984177
3.532910922212409
2.3923140683139206
5.593280589197097
5.36082105645436
-1.2985831203466995
1.1221285508995447
0.8031674529407926
11.650523811722413
2.94689886950509
15.666956600935578
4.794310860143408
5.759942119965186
-4.942223820312606
6.9465135222468675
-3.348908305040063
7.068668373837928
6.053346685722134
9.596931109179893
0.9526606716507571
1.6655324468623274
10.83360329719925
-2.3139240462730584
0.9261835955265862
-1.2503892983039302
19.452993974855804
1.3313718183757883
4.057958826080034
4.845751542029893
1.9479465114397563
13.270718386136972
7.97284248819949
15.650853003228262
12.682213976995225
1.3382767471507395
-0.7777908084610257
14.558553336132999
8.515074188795575
4.041601570067036
5.780302194774863
6.462647407887726
19.606432678188543
10.460163640806407
5.926262070645352
8.50822815786423
6.69237914645033
8.985990641788241
4.107657350227041
5.35478493780614
5.2519907436000866
10.415893572154312
15.501438576629313
0.4076061517524505
10.60860513731571
5.5386784967329685
3.9232497433451696
6.225719371005329
2.3335691546916477
3.463114741668642
-4.397265306035763
13.644846145427696
6.877201426429445
-5.549645856708302
4.223471948530433
6.360820848330487
-4.648218329607616
3.25943787704031
4.786437961507801
3.158092340281896
8.000086576035937
9.140712720557751
7.042387172974136
-0.5235169312475034
5.832712792470793
-1.6442089164587932
8.17283644683513
5.135496605207984
10.239278944262956
-9.280881202188134
8.489221699391324
0.6767265729088372
0.7297755502808085
7.489660811223642
9.05903496058017
10.12254455823485
3.662156408732094
5.169003268468359
4.264127057774599
14.037455117773089
6.959715008409463
0.8923639456476007
12.904220143381565
0.47730123392357204
4.115047809312574
6.02436201405189
10.760520525012005
7.601186136496388
3.261247969608993
6.145336137845735
12.350488690028008
10.57505003426232
4.449339350200389
-5.198655437316733
5.5405681128574145
10.69175731085096
11.291518105591395
4.885581880906153
9.413075678977942
5.6137816084191625
7.481791165065815
10.7499390311898
4.157174365232299
14.305739202078533
10.011332157420256
8.39980598981352
4.537874744316429
-1.3189190297531432
5.320693751910576
-4.451496692185268
-1.9064648478847648
4.178821552761454
6.618450091485176
17.69711473308358
-0.9662020542135243
11.641896254285978
1.5664128191635007
2.9945927049918577
-5.191916790116446
1.7924355499417208
13.324560717138233
3.887098206179653
7.876931073106186
10.516260949683257
13.009300440398215
7.441162675609789
-0.12954304600906452
8.031284544013142
11.450728031877572
2.09058895338843
-0.34281708882790696
6.816360296871057
-2.9700429567744973
-8.3409481397177
5.445838687986341
8.55118145517863
4.979894038759838
6.707961299960528
0.6283686386781917
-0.7489777011344301
1.5804454347288677
11.845461833626041
8.863275163639123
6.0524590188415415
-0.14477696920423444
9.669449043878153
1.9634734681458808
1.3597705096903514
7.831508638877677
17.448577345419107
12.666244953767645
1.9768901950692754
3.46786083173095
9.373037901453234
2.8360830951517206
8.125312885792068
9.173477699314114
0.9109441029424925
0.6553289587501849
-6.066221113130794
10.654521906608238
11.880438793590457
2.697468604507452
2.812047139488161
7.923073989300498
9.125553549819962
-0.7071833774785787
4.513290537967379
2.5944949959810124
4.147647381057967
8.38765599453068
9.52651496178699
9.535980393875715
3.7077524862303837
-2.434697632642509
-1.5095024040039435
5.66452202987038
-3.922077321286306
11.200244192902776
0.17537665901195343
5.189034109494645
3.6414781029618686
-5.571100404838489
4.3114178603376345
2.8182599270563125
6.987233239594653
8.96779576199208
18.577094266591143
5.224857188583085
4.352589791633422
2.4186995992895204
7.344651277588877
-10.03690316224992
10.788981341877882
14.542884558892057
3.552876114627186
10.167913057720956
0.5689443699695302
-8.048470088422185
10.943431210775136
0.9650013772957058
-5.250629775303366
1.780884997598048
3.4075109881936445
6.3022339221333485
10.582060702061918
-9.180454405996615
-2.0843853796579497
-6.866053851450328
7.82747731770818
4.81468225112628
1.9272430365150717
6.86486848101622
3.3029034781545556
3.661771595546541
9.653952048480495
6.0096994639252665
-3.8329967922165533
-6.264890570878121
-0.4108771546504051
4.116789930349406
9.88144442104823
4.680210466930569
9.313873181033978
6.588698310424453
-6.521234011451494
11.035516067685549
2.427259824926784
1.3581097870488459
9.733680601008299
4.103997723943305
1.261809879159273
6.335791107652126
10.159221580608795
18.9981744599625
7.996986298562066
7.274579575293862
-1.6622621676051095
1.44711121304511
4.544883098480478
3.835197201628211
5.4741836780795134
7.6471374914030745
-1.7263486057899735
6.4661037127551015
2.9645727468954144
0.9443653830474696
4.55597315172794
-0.9034214461011398
3.6814760894809426
5.086863098804207
10.648105623752912
7.549588301278885
0.3691510465227408
0.6242300035258346
-1.7051076487992747
8.357328119392372
-1.8180174135712512
-5.104169170075789
-0.0754991418053903
5.916761721038103
-0.3796712050675781
13.7830871588637
10.282697400999247
-0.46073144478826844
4.198278374365263
8.197774085988394
5.3100865460201145
12.59056395045646
11.843306661648558
6.452246371774501
3.1153494068461813
9.45628344649505
4.7548290982387424
11.757069153725555
6.018403027123734
5.933488380294532
7.4057956860102845
1.623001940053845
8.637555535579196
5.272108517405632
-3.9090062352768804
7.51374995007383
7.4168220499080375
10.484491721817331
5.4421794544960616
4.959246840215476
6.383162822415466
6.0252458724589975
-5.287374929224523
4.754130125549433
11.026281646090029
1.8332624217202975
7.487734811879932
6.622052044076471
-1.2032332357852829
2.892282721321415
-1.1064428357740548
2.173685384402154
9.214264216801087
5.892117142205778
8.37849757715981
8.43557264318786
8.739079025985554
11.530939562658935
12.07827591393325
-3.236152983555968
7.446149966233248
-3.6096805158558
3.200528732925159
-1.8529870941240443
-0.28150342710582876
6.924659154761855
6.199682116165194
3.4070543633765835
8.585298486732722
10.483525742381515
1.3882607706331376
1.0294676901884126
-2.4289749463145025
-0.9039249264666998
5.0812539476337015
14.280173894101573
7.758978168497983
10.727419073167397
10.628839624269933
9.203787635399319
-0.6963140527353975
-3.1234875009831615
13.371077452164664
8.156100133899319
1.3637797542718184
2.6578428367639813
-5.884678772773292
3.8696826447111348
6.662874462602931
10.759820300295068
4.639044512186656
0.3303423793664422
7.080347942566056
3.0169187269155833
5.969123339736994
12.463367166701858
8.236045822057244
6.827182380403965
14.999339206875609
10.913822753434193
13.221870963311838
0.49261697313014663
-1.962280592642852
5.047075683963808
10.96162163048237
5.112837758768961
10.059412005874592
2.0858451538035085
-0.7282761447675172
-5.603930969469026
0.2842162812791065
6.792410029717816
5.742854701232263
-2.813563507543254
5.519857958301096
0.33016513554903026
1.3933115163005478
7.118210269435658
13.676269924494614
4.704905773921856
12.01145230727809
13.081992696689642
5.706353827789992
-0.2660420641982659
0.8285038417502069
1.7099608479101427
10.521851980565932
-2.0651614688419118
-0.5933254037184872
-7.157097304057551
0.5035496886814892
8.890178446363752
5.090996151992013
11.09865342418673
5.013699512282216
10.867225464124294
9.75125853069629
9.913821000419787
5.758409376097985
4.405419931434283
0.6237616779703625
6.743184609748579
-1.5988099375862026
2.3367941397677403
1.6401523740131645
13.442808522039062
10.351363291364995
5.1292136819065055
2.876624350642949
-2.7496297038422295
2.890478547521501
15.730371554323558
6.992085770782785
4.546458557024492
12.336310845231173
10.74258402801976
-0.8188295877418561
-1.899829369217077
7.061838101081197
6.716571088200325
10.8935646149239
7.90783451982009
12.065778924968427
5.069007719695649
6.659233466724502
12.541529029829388
2.12448347298687
-4.528940460306304
8.311295805736663
8.864578727732013
3.0473628968424262
4.73376683710693
2.488307026347298
11.089872770982915
8.892914021525797
5.341511778497846
-0.9001737646442045
-0.5153879325934181
5.853674956610686
10.841717473293022
3.6365689003332
21.3862902833371
6.752429806871418
0.511757382174709
2.6273502614603164
5.717864048318553
0.9551072070878259
2.413996961381299
6.217224373690401
2.925260685927779
-0.45345153997061205
3.122891442083869
6.881840855707235
6.087723887645444
11.778297968981304
6.813935348700608
6.648531176316435
-1.8399727855413648
3.4579039129951257
7.910602393561619
7.9124191697667765
6.325839929973342
5.483967771221277
14.71493201395099
0.5376744598350056
15.585678661468181
3.2606479870062812
9.378318977800507
0.4984856486426379
5.242011230436081
3.118730920589814
1.7119783203533285
17.007232740318013
5.241598926305411
6.7082539883709895
9.075781618014368
-4.719106505644513
6.515992498341114
7.98098384075867
0.7563356604547482
2.0183950724487274
6.451310511972681
17.86793210412158
-0.42629869507086937
4.302841027957575
6.502917231467709
2.355856154322796
4.6912107541725545
0.8056947805986798
14.102712539356768
3.628356174784104
14.04332399773156
8.737651558389128
-2.96173914335864
10.654493687841889
8.91658010248035
10.485869698199457
-2.178034953035368
5.902128830981835
-0.16439618448603532
13.081913355841467
14.421113893490098
1.9015023949374186
-4.973599211521455
0.38349401000161
6.321484702227808
10.269606302908851
10.009816805143235
9.096855258764078
5.475121059320461
2.3984667198609513
-0.9881831181511838
0.8017408568070721
4.700897054646303
11.788173649075647
1.3240798663329558
3.5030103284407073
-3.7227924204194878
3.185085745614997
11.437010033328704
3.2665801623117052
1.1841697680372127
0.3041998483606623
9.903743431042052
5.327818044853428
9.300373581706227
10.381858165620596
2.247317715280718
6.579062820527109
-1.4657440540211066
4.033341405465204
2.2561657376983275
1.7399717456628017
7.56875053769575
2.684520931365
3.61443364550442
-2.0608298317209783
2.3345004257280313
10.728456090205746
0.5733412732442917
-2.237290105797153
1.2710100779085938
8.566617537032826
18.41898382982989
5.451754824146036
6.313318041956945
1.8194962354844488
-2.9884184920041026
0.9991790783925096
3.7673814623429704
0.49590119918050757
1.3570811173696393
5.557115284480803
5.377523848023751
5.454898623300557
6.64222924925835
1.3992943899823018
14.988004416290643
3.195982386691945
8.39177289698329
0.41041348185648907
-0.010079598960216707
9.198610813729157
-3.621582552351404
11.61934770141988
8.84106723994133
5.491551773089994
6.929868957245937
13.941447383925276
5.052802510608952
7.870323276586461
0.8781510690186938
-0.4162990042368131
5.7255484094003855
6.71009626346055
7.787698280570809
0.35642619173496914
4.785962965804604
5.739155600642687
1.7335560422075895
3.957439646034528
2.9494866102269266
7.344125826652373
2.2547169724167397
1.8650832549894598
-5.191197861590226
-3.664220011282426
6.337963058200292
2.2706522161528926
6.233874809037042
5.230198279672695
4.188919862477655
-8.453399258896447
-1.1552404653388866
13.694204343901092
6.182474734999612
1.2177594778029568
-2.145585898148071
2.7685259010922607
4.6941389601886705
2.6591302066624904
4.055405637550638
-1.6009117416279643
-0.5853553715223976
-2.0856103998620314
5.280580002172727
17.39444410168934
10.300363429077173
11.83847054719317
-2.377820657168411
4.856458203030183
13.299097586504807
4.966446673300024
10.693995017812504
10.11306666991927
7.364492839391104
1.4770158164103346
11.606871417678278
9.536932223512785
1.4949473733143557
11.2884902655462
-0.8167207901163298
7.059016728486593
-2.451478244137345
0.28619002613688416
7.571521009464245
6.906755552299093
9.435831981302082
11.90584616079283
2.40834255306332
5.5607000490790846
-4.328831508721471
1.4797749450639097
6.4897466708995974
5.321155733019192
12.057760174363295
2.0381552988215854
11.39857260838961
4.207182306776515
-0.7953361956865956
3.0788279727844525
8.95917994551306
9.345612514620868
16.199553829032496
-4.5722665131549665
5.277827304382059
0.8192144484096837
2.7012162763576164
9.295259876515628
5.18991102203402
5.764002422667925
