-3.1156705263599687
3.556456183823054
22.961341604012585
2.727856249168883
-0.6868194985821194
8.489192441181904
0.7136169982528768
11.498855159955285
0.6102366142233464
-2.5567740613579684
6.375726727647104
9.787308398192136
-3.163738473943768
-2.8627979552191896
-0.7617385572473561
6.388030204813603
11.912358784376416
6.295152286323538
1.8581792526304426
4.069766893077204
6.163049683420752
11.288832755706624
3.8192075267310988
16.162727406023482
5.98947065838934
-2.3880227758372534
7.046915802174658
-0.013078673985873479
1.1037289675511959
7.163622070986683
-3.7086178545120454
-2.984280709309745
6.389073994530455
3.394764713326951
12.826897048991183
0.07204746626836123
15.29262643459568
7.588361891577003
11.699352946601813
1.026951109928845
-2.007937358530352
6.002995300144455
2.6050056974856792
14.79150051489772
12.25803912447158
5.384182941423472
6.592716685586026
4.792490766864397
-4.113728663946846
8.871429179856646
1.4190912472036166
2.248998860616615
6.664982930978256
6.931620862441184
20.974944929208483
6.525940741923279
14.096887244268125
3.3634359739179076
6.328865550433827
4.462231380254302
8.451434624754619
10.62335297786861
8.077557144156007
14.106355476267233
18.190324067863884
6.637187946041622
-0.3084992258419428
6.467912428686085
2.795139744248734
9.702918799917882
0.4053863190067437
1.7477592297245588
9.979824729324372
22.454549756764944
2.1666435585080235
14.691796102381604
11.614441713594232
2.555300099533146
8.62359783857665
6.9060242412557935
-0.903307936914497
6.606144785463719
8.509563584129344
12.62210231073777
10.14290845426197
12.876129668850613
8.981643920019232
10.001850023120262
-5.5330048133392165
-0.11929503563916821
8.234484601698746
12.970877916103486
7.423698439310229
11.184535390866353
9.758312999326263
11.932260709388903
11.074288240004606
3.7215272900086136
4.740304700120723
4.15117178988733
6.8143804876557805
12.69415244030197
5.526557133565642
0.7215645325667142
11.781643176834685
-1.7248443973439898
7.385219771797054
13.88792322472922
-0.28515488001772304
-4.323934491131011
8.743178012766489
11.094827964110772
8.706298377095704
-5.087180777124415
8.656668828302243
3.2849102177803187
18.974042419567667
-2.573508259867337
3.6174235279429596
7.957113434581558
8.125797802207387
8.054077722253123
-3.88030294757454
6.3030607011640525
-1.0378888061532194
3.154760070327689
-0.5483726310603361
8.374889260032155
7.46909397785997
10.471050719701653
4.166911008457659
12.1883433628485
10.561134654698296
-1.0049975673229872
9.152461018634856
10.46060214836321
8.273623593794762
3.8148243128256514
0.3983002760185217
12.431116962313741
11.817166467837652
1.7067976370425537
7.278776105392471
12.394809825059463
20.36506274232419
1.2074663808351076
5.57343351179684
10.758350948414716
5.65120662863261
-2.241138941072734
14.73130792030398
-7.771049489010032
-0.8620775037823396
-3.13853079471329
-1.5089343160997375
2.8577045227879307
-1.249372702029281
7.430748032910378
8.079284432390239
3.6347715679054695
12.845778969610414
3.1320899238527082
10.678015093304122
0.3387315032727267
9.882313569803602
3.298933551943368
6.508132155161898
12.719580831345489
12.766958573701814
13.381762828325545
13.352076623223596
9.285205892328353
-2.57636954409589
16.631015639330144
16.493845215562054
16.776487488920324
7.753569079360421
4.568034860050237
6.700418177221656
4.52280842760846
7.320094948176244
14.45544788780113
11.48895919336051
12.594477809731229
18.828117577200867
11.572421295774369
7.377766937079638
-0.36674361451152926
2.1414512635768763
0.3507665182944315
7.563004601384102
8.164774754830816
11.566451226324467
9.302714586257615
0.9115068842669958
-3.5130734462949054
1.2774424670747297
5.185894149972756
4.4159147090906155
12.205867030272117
-0.04882239195418325
0.7394447862900142
6.642510739101782
-3.9844769215876017
6.823550024643139
-5.34377341090549
4.777941433290953
3.3054859179524727
7.697379591151077
10.255573514552728
7.861491782078826
6.800484569892389
-0.6104559592731134
3.570055822198705
2.3020267893044677
14.988865514648273
7.4180115441222885
0.1521422438214719
1.2463660566588644
5.845636972890899
8.477320103613984
8.378293042811148
0.6317554311094273
4.300422025281993
16.79535977569568
3.0590141513204454
3.574626847564575
5.8557753710954366
10.6402313596599
8.949866440481372
-1.0642074907715884
5.693129952692573
4.491840912584684
10.799889898700684
25.097097138503592
10.161038345202122
3.2299974197792833
10.287803266927046
12.555719737357268
2.2901243112500276
6.883620381414559
7.35157238502778
19.038940182542795
8.193356104773386
12.03918932399305
7.726251444193643
5.316869261513272
0.5228426301615965
9.635131078455764
-1.6237706768719145
13.856058667116649
-6.650424682950446
12.612669049378802
10.798138337334413
1.2895844051632093
16.276201740695125
2.7207250398314633
2.8452762669212976
12.84384706230526
2.9906450863590854
15.135916763979626
10.719457786922742
10.857451183533065
17.842605312597257
13.399738899814219
1.6279894892473248
7.327357364744405
3.9582719339827257
1.065526055430821
-2.4766658015026533
7.436028368217699
3.568811448626873
11.458809286551695
0.17784852621751845
9.158568189171614
2.557462166561461
8.321906486386757
-0.8746230240098862
5.7504383831861094
5.0785045031277685
-0.752094915032437
22.589002782565764
1.0937419353069844
10.134053527194517
2.8961860800595045
8.053817244040228
11.296009185743063
6.8525743462074455
0.43363390484480124
-0.9293774934414714
8.820492658700058
1.5294220569385466
5.949193511557212
15.286912279797123
-2.704177471051686
3.283171698366812
-1.4250381788540878
5.455569854519295
-3.794340564730472
9.77395021254615
4.748697685925835
7.552915934180063
-1.0184139712070959
6.540960720079016
6.159069765777113
-2.1371617104301706
1.4661036031733836
20.981385439396888
4.193228569320157
-0.7641167197874124
6.854801004430515
3.6426708403342705
8.402451086832363
11.739075807696473
7.908919725476121
2.1031763237734764
10.846428940924456
-6.53736266809087
2.6277162165219528
17.229846807188885
-2.4856848101966005
6.253439283865362
16.62970609139836
6.339190452979709
13.71521198829105
12.65936379021083
7.321408770767244
8.833727318459406
10.609040999207416
-3.1228882333638293
3.049229491659812
9.914215236679508
11.01932527193431
3.6894364141043634
5.379515817523857
7.994146000885385
10.68677883486686
-2.030757237495786
-12.123932226165909
7.279611142346148
10.1016225521014
6.412399359913908
0.37287294716977293
3.4557861981194113
5.214482232431816
8.811178281980787
-4.6055104988486
7.058168373801332
-1.0554014778688483
4.410632102669698
9.411801574695033
-4.382328466797423
0.8171935450529642
3.8167450841711723
10.72278300645226
3.0678675910140982
11.238867045914688
10.830022624963634
2.998565698793238
10.291431980212018
3.4356888463024395
0.717432385637701
-1.2028061885337662
14.014234415593043
6.475218774307229
2.750251875103573
5.962410717422663
8.233221895329429
1.7958072433921526
15.984044317578315
6.8190785117389705
13.511183140681453
-0.3953958957622543
7.80142199713121
4.708607177351506
19.015912103421535
7.2985239195223865
22.061332769566132
8.997344505890638
17.440435313552662
5.149088324554946
3.899044710717474
9.320640524160169
13.305388103578986
9.226763004065509
5.690315189362493
10.04547452931535
3.088443096614911
11.63082982554068
6.668671429247344
3.5573349052293217
-1.6457761316899342
15.376831864733338
-7.98111431261756
9.423398523961838
5.96246557668316
7.981779693396164
12.765863482745031
12.63347904301532
0.10034812214285971
2.7090177967138644
10.024757765128564
-7.587403662956232
11.140046221379492
10.47375090530171
1.5163762158961829
12.850272609943364
-0.21803991465739436
10.867900056068605
10.75462083841354
10.104833164137261
9.002148536880284
10.569722983256725
-0.05066193640063066
1.9859304734616794
9.144523645655216
3.1833674717720335
13.378436871685153
5.023034231288553
-4.900918743754072
11.583707507480234
15.18279802796858
4.102610463002179
-0.16435988007222413
11.345415014598556
9.23088409551033
-4.434760355187622
8.712984929795752
-1.5211456695093526
7.6850979011650224
4.75610221132442
-1.710212692738592
15.853886809912385
7.100042012559383
11.654965474495082
-12.230414417712524
1.528437598845004
2.6970020523390654
-0.3265712494301223
9.486586300089625
11.452382828882275
11.351724727736327
-1.141938128682976
7.341727959440275
15.895893570498618
8.58880392249872
10.963906211283714
13.613818021118675
4.650629414997102
13.460796864703989
4.421681510586772
2.7386281952451417
1.48712116948243
1.435006978562118
11.559587046619033
10.48235391672518
14.643723293950929
9.499032590093528
7.75823666068259
4.083385245545456
5.774623449151941
8.246590984600129
-3.1212813680607745
0.4188793463507112
11.484677772164169
6.214229099173055
3.660584918585597
13.946518674294676
19.932857002991135
3.0865025528852055
-3.08974557633746
1.8236894910378556
3.677022990175606
3.734022734552572
2.500100579633474
-12.31935541459692
4.697587643780193
3.641006133324738
7.400775816676848
-1.5524389301159962
9.51949960481861
11.941671574938576
-7.94789800629222
9.60832669033572
9.715595914541908
6.054715540859477
4.746812070205969
13.953220939871432
7.921834380851841
8.214668526373348
-3.213636849064452
6.307714232842461
21.475962890668253
5.743667742521796
9.561644524160329
7.898872974694398
3.880350185838883
2.2260576428053684
5.331084913617128
10.857537792412376
-1.9503060617421966
5.228155331728505
3.989353948947189
2.481133434982943
2.9363070701286054
5.648760826086567
13.318870534760226
4.406148710497282
3.3598041443510915
4.148255335715599
13.831327292842289
10.60363579586633
-1.6353837366088326
8.49166599566333
7.436182240564419
-4.801602930185611
3.5518356958661528
-3.562323702373572
2.7974896507497604
11.155026716468365
5.935837361315244
0.631231690930278
-4.8369321098491564
7.506850377910455
3.882797398181563
4.7036710128701475
5.17916618158222
0.2974303312200943
4.236323689416456
5.129600780124493
10.799106090860175
13.595120885763905
8.548056965884802
-6.051231629921194
3.463332185788373
11.898823087076012
1.9986710941372472
-9.271452017697984
4.115774341247841
12.980682855383309
5.999767480834784
7.362446860199421
11.404637750726192
7.673104615227434
15.489264791715035
11.709456917839159
-3.6226313859617427
7.630139045940969
-3.0536637015909207
8.551080211995671
12.826695069971608
7.742387975184576
15.583936362698777
1.6442152596017774
18.41343940569984
17.320748649935965
-0.18089606287523274
13.756093068075478
11.992031890795293
6.719348233270855
11.065394996955511
8.16073443832131
5.953899660362747
3.418593812945808
2.8566159081074227
5.822418822760767
1.3713235208591383
7.119543737562481
-1.9152889858979538
5.84655932210521
16.78648832725805
-1.8299483114680992
24.223129741685806
17.512061468873846
-1.9599941280374527
17.008084379534345
12.358480905631886
6.863175464736329
4.70617247189474
-4.384033622986593
5.308677779375483
8.305313614309334
17.12545833002713
2.3671293609131285
3.490637230737551
4.6603494845585605
21.608520962667203
3.21848341443403
10.124643038461848
10.737837006881268
5.933535998932029
-3.233969361055376
22.723163809019912
-2.260937436670659
2.0337946206509905
-1.6494581630910234
-6.352645250510129
5.861411931676553
-1.3622700621777462
8.511483459270565
7.830965752405592
-1.6581424405529672
-2.6720566587853884
4.75403530596234
6.901951117915745
6.2746191239221005
-1.141878095000325
1.0572711671573964
16.31505234988502
-2.959677654229546
-5.682484642645974
1.1265577270114822
-0.09159862061929935
10.48255483338132
4.387245621912397
1.6891436804582085
2.200782495328455
0.5511021803317169
12.652441157432687
14.437021843607491
10.246334178579994
11.319968601687513
24.179375279680862
9.447800409516189
1.0428742410014271
13.103403426287095
-5.869627011551259
11.659140215912263
-2.9319896999141104
8.142698813983783
6.570662197621083
4.855165348511775
8.48166470393058
10.666427309811333
14.867146209284337
4.760152713040106
12.734534873116887
0.6350024099300207
3.3835661883094534
3.0910291744102136
4.570546326629415
8.63395976956444
-10.15137378807972
8.032170227747258
-4.79951702264913
13.455116786063922
5.6221458775138355
23.607187585287534
0.4349417088689167
2.0538733899044517
11.317207680661872
10.940713247721167
6.405993552038528
8.274188494849668
6.568499166094828
13.631809529786558
1.5229296281936993
6.418953829515379
4.588298207807578
19.279245387804608
3.2467874246305395
6.223880639402632
2.6539786104748613
9.389525893612506
14.678597880224167
11.16853842023913
12.619180288058496
9.098635734916737
9.490454180627095
12.996797565424993
-8.77532415182691
17.77256534617567
7.4003248720387855
-2.3782912190389194
6.944556754498633
-0.8653761284642831
16.77827118836872
1.0489414787406108
9.7111545953901
7.985489160086165
-0.996634895347265
1.5810539748453873
-2.96064024342334
12.79147402444038
-3.671760917683322
8.110083288058853
9.982637982313062
6.782302551730022
7.243964177548312
5.218027365050009
6.914327656406287
7.046332668864171
-1.1936805131421337
2.805373231862987
6.221298208359319
16.028951266185384
12.005776722075572
7.762210502653323
-5.348107267858174
2.3807855325328533
6.774812925978826
7.6388070910694355
6.0510479907916155
9.368389958611498
4.15056630286243
4.850448749437752
0.9904763615138492
2.291283891607936
10.978353847426227
1.9045330803938905
8.783422843702446
7.6132249770297165
-0.47376669036763275
5.5425687100378465
7.322698079403013
16.34280661122651
-4.143382442539462
4.6703846223428895
2.2529119711583223
1.3074019135175527
4.653086638737088
11.754592535367808
-8.589708182670371
8.45762450111646
3.865753170320898
0.2633077840959164
9.505838353258742
6.60152155442805
-2.114028764430694
4.909729759552898
7.5074812625018055
13.23023308096522
7.650960031665589
1.1484163426306866
-12.74417101543417
2.340110294341884
-6.299367748162952
1.5762168274042354
4.973356667960714
-4.037604837653507
7.406690422038445
2.702649193158594
11.714998122084742
4.912180107409546
13.519498507083
7.407901519306578
10.427744287634438
10.074275604687088
16.333845170899806
13.661084076437689
1.9265222770518164
9.014409166664548
19.3790235515197
4.541631688590665
5.4528872096336665
-1.6822102242449333
7.027587100137458
8.841324357221229
-3.3483550462470113
9.765790576694476
9.893883657759709
5.340475088173735
6.813773934339749
-5.703977915961305
5.1148297962060845
-2.1140853839975
10.030454543788586
2.0009769601823133
11.877045722834623
0.7402850173761015
6.705226231289096
7.163509732485816
10.547848481451188
5.494073653938242
17.018443122293192
1.6244906657975768
2.4096296677888294
-4.359988376054398
3.098964733293855
3.711322042056995
13.941895526941064
6.007594192082863
10.39548968056867
5.980385279755069
4.3745396185924506
7.42458661300556
0.9580762810176768
-0.5807759137470008
7.481717681770537
10.997977652932395
5.424553893053865
4.396649889812757
8.87381013230735
13.87382404926565
3.6431670173353576
-1.6403669193406314
0.11461916112943094
8.080038496274968
11.971141873816205
4.530557951250301
12.8362447256214
7.506956230751703
11.843356194713515
-0.083627526654106
20.373327077601616
7.789213026688869
8.608067461329647
3.8879157570815446
-0.2654700885204839
8.106352073915511
5.536322945465544
4.181582345723493
7.962479943024628
6.572703779786861
6.1807284386118795
2.861266321635524
6.169038855509908
6.718547369548889
11.766443953954152
2.556759876757767
5.509114246762633
4.993208649317364
6.746025930268587
-4.45754274166833
-1.6942709346416267
12.031109233077114
3.73867430374945
6.667057549071714
0.5021534274347692
4.388109844578433
4.259078164664011
0.36043837389975586
2.461554475312744
-0.40275493599958256
5.321117354176762
4.685833180505765
7.056304477315406
4.392647342519254
7.743366945956832
-0.4546028712217556
5.715129340639752
7.416303912640826
-1.3226551932886945
10.907025027683506
10.88057037203671
-0.29385269162390504
17.43131821933521
12.613666591845067
14.533488223839068
2.0630020542504437
5.898713415939853
-0.18627993845504243
8.547872715393197
-4.529082390045518
0.8056070680319802
0.34035585932293433
8.141997059701847
7.871291444290758
2.251036812493566
3.6871503909090917
2.9572182595923735
-1.6752027012695754
3.0849005429495127
18.30762656862965
7.609828505255618
8.961702396938602
8.835175217988409
9.705079003402275
19.302828117319024
-2.4677802478087045
-2.7206719481467943
12.412775182126015
3.858008708880994
5.697672974874247
8.259236530889563
6.378828396444204
-1.9727386555455295
13.57443062470939
2.8456632537232727
13.812426449044004
3.778177908762048
9.803692630501649
1.9468167596084305
9.85937813533942
-2.186150046706649
3.268215780438395
-5.173754294100926
4.084884742803011
4.54922389221832
15.946015678769239
16.096336670790084
6.5038211526728515
1.5785039283940208
-0.20770453530204946
-1.4938947933282263
8.317498048726952
1.9947581489100115
8.455435078656352
4.426039030516105
-0.08689375220972906
6.788792478806151
11.321394824738412
3.7149549905317727
-0.3837663120022139
0.9651879011122944
-7.6209557736661
5.634903356474945
6.470253207381329
12.755945607240044
7.8012869264701195
6.209283214932509
6.204459189400112
9.780230998518919
12.515408434495388
4.316366799693199
16.695712669749977
-8.778822791005387
16.141086891692005
13.65329627964139
6.795050286195794
6.891912516500645
10.616191881107289
3.8918079530612277
5.728400667971081
8.544588048482682
7.894893694283569
-0.5163544108779137
-1.2490504126908792
8.884652881679878
0.5585549783418964
4.272846312947164
9.250744872239169
11.506734676724712
10.952390630239659
0.45711314067449926
12.093497250314865
-3.7345693372341184
2.59843771538503
12.800705213884948
6.217498672201982
-1.1135909561651811
1.5392156100637298
4.25260717117422
6.160178042671819
2.671905199475868
5.1470397405369495
-8.595712492500402
1.9847511990178077
-4.576041328160972
1.7218052123847896
7.212792847456199
1.235435703181115
-3.110627310785528
0.5812424322125844
-4.608885530076705
11.190559414061246
15.236433159661695
16.019045771976085
2.088298259851591
10.34028942734626
7.369458597634842
10.262508020954481
13.592838615687999
2.2744016551062423
4.475038674940152
1.0887945978981035
9.03620672840248
9.521747524594968
-4.260487150506467
0.1688487344683205
-1.0108150299268797
1.7996110970851493
5.632772597176745
5.037601763095896
9.692345913585267
-1.4932156810577135
11.569323212987623
6.324587765013079
3.705233661372619
12.384785425444708
4.371756012656472
7.900017239164155
-1.1358693082352547
6.523032482487901
12.097883365058106
9.215494728144524
13.092974111010344
-5.603908064890774
1.9990417986782383
4.8430209612218675
0.38769325471330696
5.897305078681325
9.602861710111629
7.2456228715256925
9.118555821036141
4.662863705247069
12.365541812082641
-8.793091382300483
13.640353407099632
5.059542218219632
