12.833660569560365
-2.1623621935680433
7.394153479372642
10.147133574345048
0.04569383338869404
9.577828922977478
6.822943362802404
19.69394263879552
-2.28727383076202
-0.7649520961553797
4.8183587682675215
1.3367212638614263
5.344877949512215
2.9230309485027517
9.732949556581111
0.7817760027257425
5.507030000477615
-0.46152376215755897
-4.5825790386196825
16.182894230121896
-0.11604937653192327
13.75816360476945
3.9169814193252215
10.911478641634464
9.387369063893921
-2.1237984842711892
2.4941255101843165
-3.7002073763894066
4.108717655322619
7.857120477042535
-0.09696136179075676
0.9873841403302936
10.04781543794987
2.7003417505825924
5.845885557448971
7.378847433935498
10.156746714600903
10.366389296561989
-0.44683688250839904
-2.8707160590733327
9.324429007804415
5.647492131628603
2.6214511665582125
11.153885858735611
7.758895839965888
-0.2254719031184651
1.4319160471575687
5.4626456432417205
9.111575619621565
0.06482815911977857
9.290576286908784
2.9221794118337856
12.903839776292763
13.693851438245758
1.5044588354261648
12.631512672777166
12.946830612437104
1.6140507118977454
3.174020400606398
6.694384005898451
6.566117041648639
0.009768314143926204
11.196844197162651
1.939341287364305
5.888317174740305
7.97497589971499
9.351040213387911
12.062790321797785
2.6443998324246305
2.8817418121341616
9.1275889643568
11.78710721198281
3.4999360916282765
11.460314120529285
1.5287227358921909
14.07705281955623
6.10660591951437
4.4479936271247515
5.074497463395015
5.471196580442799
8.978790619907162
6.86765332115383
-2.793661609241246
-0.8640337156027647
4.447346615719629
1.8885988320305689
12.876475196763238
-0.3340043487598381
13.655929266753482
6.844348256224276
13.711958583320174
0.582966665555614
-2.361232187218371
-1.7178855535480562
6.633554207602988
12.182078253427138
8.156198113436293
5.89250415184306
11.270573337622046
-3.158428121490161
2.7895980203756605
-2.8571788743618107
13.417228182725921
9.833215096405757
-0.24828777157152615
4.991086691272289
6.58383449555138
-3.164796084069753
5.93175397581846
1.211227653770096
9.298040672013583
11.118590599533242
-1.6398470763302742
7.9896572653666205
1.629688510234309
4.118847390666665
3.2707854837232455
8.98087604476393
-1.0180120859832593
3.7497471580839727
6.164437032245806
5.763243559194225
9.776065308109676
9.36862771310101
5.210158041056455
7.66279534349515
6.025377219953899
2.7556662404601804
4.965784521520073
4.481982405970497
-3.877861192513876e-05
3.959662001533007
-3.7304133967855257
0.3018647536223762
12.977858954076503
11.183687177748046
12.091397012421695
5.930041504676019
5.062473907787272
12.042693607131735
9.176259254462726
14.109161619834378
0.05847935793000314
2.6453881568947573
-0.9280428687131357
4.277416897141271
14.557915836954205
0.9648171394328502
-3.3749869741081904
6.551488481451772
12.807677783645586
7.76784396119361
3.4630381791601645
3.760558583546173
-8.244093910636575
4.168023195464394
8.417657561506353
7.1730843509271125
10.265566173167931
9.514300292340366
17.809434114059865
0.897481331039593
4.892092042094605
1.80116813931587
2.4773779441863972
-3.0397634483451785
4.78856983025968
6.593937237953759
-8.622796291244851
-5.495410743183468
6.530192646620119
3.845304657833831
3.525453476340318
0.364663627502269
8.571850267503866
6.523412645132135
-3.141503606284772
2.2661909415422956
-0.21498184301436307
0.5728925306287227
12.598120670234096
-2.5885864882299137
3.530153444481412
11.514240050039694
4.92950597050315
1.2619760541594305
5.05173878573966
2.748649438290898
6.10323859936376
-0.16038235231284403
4.084614836400526
10.48777599328374
-3.622237623351884
8.569155213094481
8.94337809064795
0.4667992343653635
4.452977946833708
-0.4954316037320634
2.297512705730344
7.105782903763779
-0.7880967553078708
12.474368392945092
5.736851794064517
14.410651388036428
-5.6749111452291015
6.567323009719244
14.535757035667295
8.667458679256182
1.0702976818638525
11.76160264318223
5.819333837190152
7.883263345186316
7.955494111684259
-7.918660366547446
3.3205469704081745
5.734734459178642
4.506913545554307
-0.7774793944710128
2.6522180660466077
4.37099201651769
-3.516357535574281
6.611354696126848
10.716552376075903
2.802696566040203
3.7878367395128683
-7.373475348936138
10.891535464216776
-1.5075003587435054
3.439780259809228
-8.13770237416554
15.153281614713658
4.4278697570625125
2.7316373528784537
7.252402622219996
-0.3842491689313947
-2.347468685716848
10.914662795460949
9.663759391095834
0.8095421288613043
2.953881243012609
4.429737209197569
-1.5736271113479123
4.725345157010876
-4.28291497323694
2.0157364414139325
-1.6051837023473317
2.5578263137219452
2.0923004404719494
8.375281428304788
-3.6430168967956176
17.68806845683887
4.145913660284397
16.59992880327632
1.1021582405260455
0.09718439210984986
16.20490337302101
12.034228729909508
3.7164751502105347
4.202074616129921
7.704022268252766
11.246789408062186
1.4329775371007827
10.258126878088525
11.00196498639805
10.108614355290902
9.324552349394391
9.930684186869424
4.625804726810236
-1.229953858455879
4.511650951358716
1.9074352286732437
4.196473368391439
12.37465592587723
8.805651452347481
5.699988402953574
0.7239671644363401
4.793826343301663
4.695775666477314
17.145746198483565
7.864409886871829
-0.05700887086459261
12.78952598485316
1.3840605442884897
7.386523557155331
2.2066434026155717
2.002932440948512
4.2151174043536646
-3.74891968222376
5.370010814037985
2.8711283295066816
4.509215713661651
-0.6483034077909462
-6.473166752334182
7.078247815449091
8.613825977955903
3.7261888611853817
2.456412060721507
-0.9924010310943325
11.2370562227964
3.9192613208341527
7.605466766805226
4.684758738887472
8.656348197501849
1.614690860320101
-3.629473541585247
8.716837967648665
8.495941346684457
2.2894476249805065
1.3986108255911847
9.205215189705044
4.200596030654109
0.6081365777718966
5.945123889373039
2.336925121341745
4.282285284996488
7.642298987253605
7.000028194823106
-1.2019513265593478
11.22609685806467
3.0251829065126667
-2.081047759336144
13.61320840245339
17.294310536192235
5.703714017393141
6.7421514476386495
10.001460393868197
-0.7389185780311176
3.0594454368481596
1.7628445991668338
3.327985199125722
7.09417100753272
4.4536290170956025
1.9193019586977456
-3.5633234573171766
-0.19414164080435548
3.5845106931845363
5.055782053631444
8.187131843450373
1.2701894493758896
-7.446893337501244
9.764006623050676
-2.6344155232098805
5.706024407119855
-4.888412994543909
10.750152052035084
4.905382276184186
3.983081332747405
8.233314981944247
-0.4230760602969754
12.303247120113593
-0.6618649727651809
9.53302683467805
8.564583765967186
4.338203375455553
4.368242316582428
4.008472026538013
3.1167048414840464
3.7669003199501905
7.666739672206811
11.39007115627496
-3.015161634312477
0.7909165688156188
4.619106273745419
0.9874165674787232
2.8193851241921224
3.2281686830002823
2.215126612685944
12.575894630859127
1.6697364630608083
13.44384785168161
-0.5980985073755694
10.492182073522613
5.651938358233387
-2.9832139735850527
7.381310064341936
4.084031189617931
4.042270022003478
-9.02372758062368
9.973777438161587
15.931253680084787
4.508486753490016
-2.8113363492516683
13.707010587372832
9.640870730333386
6.257674094810774
5.494052056816375
9.83821159006796
7.695229945129382
10.031825386206865
-2.4822839316050196
7.402011392403159
2.5367609977161205
4.888674902228653
6.093174141285648
0.12566882268312973
1.5493624196462452
7.5006530493167745
3.36427764646219
4.756360216296616
9.621101998887593
5.860464529749417
22.02241459740094
5.514583529699444
14.48858365183218
18.296383936423535
3.3075925471254686
4.4218246304642435
6.271860181808501
7.838331936112398
7.570152576430957
8.734565598310498
7.7407828672249455
3.905140572485595
-0.8358384836922657
15.946395866761705
-7.887029608984378
5.189898537221317
8.62114289472915
8.259065523603455
13.554278561773184
2.7069135603843346
1.637285871740084
10.870943476009524
1.289531006210361
6.3792980000733746
8.379937720717447
8.696888432402288
4.026200361139472
0.14301222034659888
1.5501338514738938
-0.07540129634197035
-0.6548368040225649
15.094057633396599
10.793451419921293
-1.3404072361263566
-3.9610092265254497
7.622817119055249
10.26857396348396
-0.7487788155958013
13.02419445373236
3.903484418238149
8.411646933033035
9.655105177127366
3.685369572346068
5.0290156937208526
3.478574296042117
8.679375513577673
3.3495624850996606
-2.56534458236838
8.666832956716126
2.7224485601159474
4.487486044423694
-2.9619391664162684
8.004632538806717
14.035336493909352
2.946554687595258
5.485045141551828
2.8392896534779952
7.9380320111657
-1.937048456422354
3.457169978781286
0.7455922155000048
-1.283158343408263
3.1424164221120656
11.583834609585908
8.174942176366125
2.5977381572762805
0.7869920817772087
1.026797961624475
-3.809101460819625
1.4785951555617305
12.949829390944183
1.3436047096766064
8.178420624531228
-1.0409837482770223
5.397966364812264
9.918986455112002
11.14870130118829
9.552835912333602
5.385529295087184
4.893116316996836
-2.13706812349342
-4.221865458894816
10.060245297254697
7.59234439777355
8.830378340793263
7.748250006172515
2.796773934895483
6.82884882914121
-2.8362864854084266
6.920586163161848
13.314196390497415
6.107744632210682
15.19021755890623
6.331338854034865
13.626971042547087
4.9107979242794375
3.7004833775295745
12.452309165015741
6.912469910598077
3.4885615186567955
4.502205367285088
12.17850783154865
3.8703858552812442
7.790138629751912
12.433013824551034
6.863952259826906
1.0674274030345847
7.9216699221037175
2.9057912587456918
12.280202944605552
3.601467147652678
10.7438222264136
7.0864799899434345
-0.5927918747003762
2.6000603920154397
5.630986016179725
0.017084964396228086
8.155381391640486
3.094627966291526
0.44437880658661744
10.603111233917605
1.5455405313819122
8.25016508135377
7.9980386506326315
8.356217723500587
4.022089800885704
-4.1400052467502855
8.231782224220481
2.4509962565362335
10.960821809160691
5.083576596949503
0.3753426179400723
-3.8171931438383506
2.427809609480218
5.884698089426665
11.503419310490639
-3.4262729561954766
0.8384339852579195
-8.961632572763284
6.458427952433504
-1.8871358784434422
9.285414857544128
0.46272975555081697
13.104842448921136
16.781428040934635
-1.9375081527888947
8.066626798255044
7.44400815776673
-1.158985403119786
11.22681010943243
8.558559004766042
4.242138671952292
1.4082053479985461
7.011098007075001
7.654712123068126
3.1446109579699435
3.1101093489901297
4.441692739397897
1.827467958861182
0.07369279151563646
9.455815500538556
9.543086223940819
7.571949914093856
4.744661786177227
16.467251971494136
7.13888415878343
4.492249436793355
2.559204138561592
-4.98980622978474
-0.612414764091711
10.324006071076905
3.813444751287359
3.9165621336600096
0.6734770001317751
-1.8327161592430166
-4.147473817404396
7.871848641312481
1.9929722784701882
0.440601580835577
4.491394818458476
2.775707720776776
13.679975415989063
7.236141768382527
-6.29781723038826
6.451897831742823
0.9796146793752314
-0.5010753884313575
8.302228074832236
10.135577792682781
8.017947319438424
-3.3580292274183883
9.011144351939402
1.4584739843274348
3.314968190993439
-2.341072731621887
10.750759595416412
-2.1869313263284518
3.0901427756252735
7.701904489636365
10.937241649060809
11.413397252087815
4.35552578005025
-0.03255017491739842
0.18698037399749712
3.7962823370636904
3.3262589939213245
-4.597669507447433
-2.1818803499993438
4.120154755003298
9.945242339231381
-0.08498717197969174
15.051720038066133
3.734553319219245
-0.15855166929216669
4.756725517500383
3.4563771655875
-5.401917575167301
8.027527851552659
9.124663702315312
4.189089233951233
4.586045454569926
3.4717090920800247
-4.605249361236357
0.5847336685201872
9.335354882388327
1.792073647184345
-1.850834941418884
1.705648241486312
-2.4119996741185377
4.353427792763608
2.739541631563139
2.6280834208769095
8.060504168294326
5.023654388007133
13.70958431412452
-0.9677367993748569
9.890812184706888
2.623754743330946
2.037818697844394
-3.267040142299435
6.7371875333428815
5.993547387898964
8.904071949217133
-0.932515160328613
4.722799852243752
12.455594447969716
5.75682136048924
-2.698736191814957
7.179022335322477
6.7349554836832315
7.472964059356552
-2.877400968007831
2.1424104827051864
15.10082335256351
5.152773163639561
-1.8296098442361481
0.1063747677989042
2.1566877076151636
5.548579336429864
7.615669506506158
7.748782047941729
-5.171419647063244
0.47571353295780505
2.4600101468753097
5.3124541584854015
3.0376996481537453
3.9010793923240175
6.028275377586624
3.001918416778257
5.082624459218028
7.433759587444868
4.159589964732605
1.6494811968462368
4.963339825029447
2.1911363873378296
0.911104725305222
6.37640707862931
3.8876565110164893
2.461140325193738
-4.2921498945424545
5.6449577537053575
16.78698059130402
-3.412892897313375
3.1272458030183787
1.3823546497851975
-2.679796393903116
7.1127090469883445
5.8064350306722226
4.64649733445027
8.754181877336961
3.1878438357115324
7.9517763750957915
1.890458028186189
1.9754935530545117
-3.8412303637744625
-6.573694457964869
13.262287068109247
4.987140622264168
12.298451870407131
5.9555255573012404
2.4641894381221134
0.7025608037442872
1.2414001943211952
-4.723085457887109
2.5227272688725
7.997978687413733
-1.1478557966833227
-1.3397192952273143
8.042286202228905
0.7084333088493451
10.84292674230838
14.140987026996662
13.170715331411106
2.0681377503284724
6.753250975055141
-5.001295217818475
3.833141087787046
4.414545767729421
6.290372833147454
9.206744774382138
1.4405287080068216
1.4705518437704095
13.678884259463928
0.39866198802643993
0.1568864522142679
5.77144170580506
13.477736381426102
1.0835240040710903
13.957032434829136
-0.014049122372475686
1.8547954087787102
4.984202709011077
3.911610273321821
3.6781065363577996
9.705610325295872
6.951141175923292
9.730373034990354
3.844086912805547
0.40371207251640273
11.276313158326577
0.33521483535654895
9.392672448065449
5.75950604840725
8.49347196013588
0.6971823355970987
10.491128777990863
1.3363428171932341
1.965268613512774
3.879890306187637
8.419838487937518
7.2933035286615615
3.594402769924269
10.665411738002604
10.871881392387422
3.495163174218484
11.299283460688525
-1.6337536741331684
12.443311241569095
-2.163621187984231
6.252297515109167
3.3793253712416274
2.151002852776902
2.765582972754985
4.594184005088721
0.018513784657252952
8.780939562616261
9.339318623494293
5.644179517171752
4.581967443448542
5.001354307863875
-1.1381419370000216
11.482248025415988
8.571423420307688
7.093831765797371
-4.255437453929085
-3.6978143986795793
13.987762824854165
-1.0962361632175357
11.904705181718096
-1.1812251817168038
10.123077366094837
-3.050441647198544
5.466050875801785
3.3730131260832663
-0.39552301151974856
0.581897275950491
3.9610560889042894
4.096434386588091
1.4865969828170673
7.667056561870958
1.8402205556117792
4.810703637464737
3.8892859730552374
1.0475528612441956
12.881678430841266
-2.074699290960756
7.8534026329908615
-2.0661792219460775
2.882367201503781
2.8919477006178775
7.538292363694195
5.023974610558419
2.099117507730684
-4.307088855397993
3.293084113980577
5.288236796111148
-5.0432275253426315
4.2084449468610154
6.433204493972216
4.731356952019227
-5.111206770013844
9.182399227833567
4.389312182885015
6.300363685468689
3.9187598694308705
6.3858765954105
8.598964223646659
1.1619928277713387
13.613314052675959
-3.3790946093640652
13.64700510293636
3.00005138844665
2.1772288384491327
4.743060181376733
-2.810304870718941
-0.11544490808667085
3.5362437671730134
0.5492714100730325
5.9316503136980065
2.243117292164389
4.624806720719873
7.6964276042387505
2.5728250714101493
12.834518537712139
14.0279225004156
-0.7553563957775173
10.397603023396591
-2.9512328026612735
7.073580155635009
10.043183512820349
-0.6783293568372963
3.49501959425679
10.09774655955467
3.9112378084176633
11.88902337543487
6.221780789910254
1.3982122172206335
2.8530987595892294
2.942341895709652
9.900677671342436
5.320601459560566
0.6148461086449064
-3.7844194090789838
2.2957018815412935
6.065978084431521
5.210686191843233
6.57060179239098
6.721212770615989
15.253835219993531
3.4026264154547747
3.0660950707405394
4.2419513907901205
2.5911900972456383
8.648185441808344
6.104063829665163
7.6604177220449055
11.51687047948408
13.817813256921026
4.090637953847603
0.07758784534198337
2.2159551556693464
7.181782156499364
5.68712622073009
-6.148417147550305
1.7491787945690342
4.119931521659498
8.484585283222556
3.441759442385711
2.484878147474711
16.877086168559906
4.5327244028499365
4.645115918389358
6.828754681870639
1.7472303669692333
2.8028809186768893
12.9202993681636
2.5953329514089276
9.656883985163727
5.906055804071976
-2.70154880616904
2.9402722452756214
16.681726057367122
7.465715067458329
4.352343665453277
13.782970349467456
3.2130784635892846
5.644406421651339
1.7601112784756365
5.213390019565237
11.723411312845737
-1.050733113848767
8.364604791424378
1.9757618501332583
3.7515395386366306
-6.119290513794439
6.432842722235318
14.045799824497317
-4.527435323089859
10.249943264764013
5.933717538365529
4.85095812731059
6.90592659922492
7.214025610896451
-5.659893240553716
3.9103213115882296
7.2147948211931485
16.660499843339593
-1.044994995940156
-2.1507192208711814
2.583505395317376
7.577894603157109
13.68568070093615
15.342483948297742
11.326128513589001
6.285883228422289
9.195558824117676
4.91460400967627
5.963067665116076
5.365025023143328
6.106319030768981
0.009190383643260969
2.604361964710802
3.9526754139510145
7.796972770049911
5.999886140635195
13.179588474854835
-0.615902432811489
8.016875296166985
4.865446420276999
2.0116260336600984
3.783141198346488
10.977737647746
6.727663847439423
1.0110297318798676
5.166476469590265
7.206575214266124
8.298532098054892
0.5202554965347943
5.768787609085001
8.388800944666453
-1.6241350330243502
2.5211480972016265
8.3587236235499
5.2847123334771275
12.030501901084111
8.26724618649568
9.085843080550678
4.525861217012869
5.491922383753107
-2.810621435520982
-5.495676844960563
-6.698709996491537
4.565046197078375
14.57616654283683
3.2370490736308586
-3.148676270425103
4.405798719842551
6.382393905342365
5.333793912983505
-6.692266775322407
9.260530967924488
10.712791301661447
0.09022360240535132
5.62099239485126
1.7261531841194255
10.551370471950332
-2.7002529605703725
11.159458995247157
2.889287737062358
-2.6071484745823925
8.22622302573246
6.466848250824643
3.4062274548841693
9.099789072831603
9.753656064270645
14.148452050534097
8.638681865365745
0.2721735612565759
9.559398933667635
15.4073783078497
8.899074393623156
3.0356087257902598
8.930850594450531
2.42737754798219
3.5709543708498677
-0.938235021448147
0.7745328426743447
9.011025159661774
1.8891461038555333
