3.0194022942826546
11.7898218635831
11.341587184446453
5.386786741147796
-0.7698170712306371
-0.5057237765016058
1.469911444138683
4.44908878966734
12.267918216418291
0.9780712171607728
7.301884842634712
8.70375317656424
5.824491672868332
-2.3631644782389163
-4.584176778018145
9.87340276155058
13.474541220434414
13.834968327514428
-5.017739494221594
9.351399734922662
11.049353458948028
6.7405830799423905
9.853611965132664
20.428944185452828
10.958007699206773
2.4032705483707266
15.833746714170541
-2.7556936379069494
0.21137859357948674
3.0157598632715032
2.131653824891875
0.5245780562630697
10.374376421587176
6.181074895016767
13.637698481783456
7.780657497428685
15.321883123087478
24.93197717547115
9.995063126485682
-5.288405772492657
5.3178814450789735
9.64249824259823
7.3459588072499145
7.575101678435687
3.2515070902870318
11.619304682762593
12.247315076762373
2.4599156344692847
7.4804661959718795
7.47041560752719
4.4962416569811525
13.344355977194802
-0.1023133371408429
0.04009593374538856
1.637591616401597
9.93837518642862
12.229008166326569
1.4972923419047
13.615933408513893
-2.7681153012851887
-3.3997881480379917
7.492603082741443
2.4673654726596608
2.2804684464354468
8.647271443027307
6.806917783796283
5.974022055565509
10.218076008104296
3.8808835408512645
24.271182858604604
11.641407306489445
22.40348957994544
-7.702328656293163
8.50544668143435
7.666473523325074
19.90310751482309
4.551389948976468
2.743327735299758
9.805387900334212
10.874833418236443
11.948850823682456
12.1922493455417
2.826484352118199
7.961106079351486
-1.3275442959415829
-1.3196168801253814
5.219587417026884
-2.053002986670199
-2.589428715799727
2.7606670588793762
12.773829820537944
1.4260979254509643
6.673953002758081
-0.44126087822052273
6.465054631200418
10.333775561505085
4.139677405202402
7.592035679859796
7.117676880482364
1.347087391153126
0.30216628511889354
3.4100937620503076
2.4680078008971305
10.824929947959141
6.650994801743937
3.158251437728646
5.5516700225277775
-5.216556438063799
6.239189698977323
7.577521238169799
1.0482680793020176
2.405798669284339
9.531660607859202
7.101601669569409
3.052864845814011
3.4645462104007168
6.524851223335963
5.5395300655627375
8.504274207026665
8.022016009583115
8.034517287552312
5.650009786105225
14.000724399962955
5.744743277985728
12.884295456847541
3.184044785233619
1.148416000965244
2.367532996174362
5.540701874892387
1.2182900220941422
12.226383084752722
1.9229913324809687
9.404403277746733
1.4335994233152158
3.1997150920207003
-7.171297082420381
7.303594365287906
6.597580529907884
11.427585229160513
5.534648402265734
-2.815453230977461
1.03367474123199
9.583220770352066
12.767858586628034
8.770112334745448
17.761987315606426
-9.902590347575654
0.13309861345126528
13.365594652438588
2.1271393578128195
5.177956690217863
12.280048125016023
6.040066854747202
1.2299469970333723
-4.670538830688821
4.501690395496453
10.490607847657227
-5.560297609571178
8.33277538559771
11.803145509219043
3.7088372804586727
16.344874929863508
10.906907434913851
8.373259385927444
-5.196222915225924
5.030892725642106
9.514991471036582
9.130452736897864
12.645631665832191
8.25371579894424
-0.42661841758719454
12.1919482753067
5.205028126187494
7.9492372834646225
8.079442532782192
11.296452746860702
3.0143777219479153
0.6955820657887299
-0.25760141502807965
5.245223052727572
15.30202757651393
3.8282547266721387
-1.301810297633069
-3.235585394760582
9.150606411823098
9.555893255819045
6.480193043575349
-1.6443690649722873
5.75381768020884
5.479063036049865
9.904881228841136
3.492552978380136
16.116124384470254
-0.40707056677715325
1.1142163462008927
4.536526470964198
8.062585344828333
15.528183283543894
6.779588644558745
5.703593327208328
2.8582379837106866
6.968617432534447
-0.08998772885783346
17.22498424397517
6.564228949500979
2.174925970934915
8.235894379121056
1.8581787654846922
9.453474678544033
8.117957016428901
2.046275195174293
7.771561925070959
3.0862417067187726
-4.187010396178614
3.5839167009865345
-0.7084542902767526
6.990321020685309
-5.789471472642218
-2.7594227678691805
-12.199451546942964
7.735124918505475
3.8368887383779215
0.5014907560415756
6.349147911418962
13.804651306263862
1.7093621121321059
-1.7352143951659391
9.770475940338045
7.51216793045805
10.206759288021974
0.6293713575014861
10.752480713198853
11.289313784084744
4.376636861192175
0.8333972541621568
9.134232083072233
14.784836076906824
7.973820801324042
3.2839115375796957
4.752082530188783
4.862838653736742
1.7632632810122368
13.218957662503884
4.425126960327092
6.917025358870847
14.211855730990633
-0.7803385620778069
-8.830877913015954
12.029823472430381
-0.32488805995247105
2.06404661637268
11.880273144605937
6.999345049800871
9.79325364273371
4.505766149755791
3.0292591040629
9.401352552135085
7.345495388140704
1.0531691202765314
-4.308153932574957
4.7003943538492745
9.958482739137173
13.655570231288475
15.131367708162573
4.527182098200894
3.6536511781604024
6.452800481245225
-5.392608707915336
6.045872037483103
7.991305541925808
10.143952721275305
16.296939504883966
4.459759495312971
19.736414858885063
6.756279420182024
12.00520021489346
9.66909638593212
13.839092384335634
-5.749160790834605
14.722286580402686
3.2381014699897723
12.051525913980289
16.218877895587088
4.344638532242878
7.969526781783716
-0.6377613511264224
4.23431261120535
17.402658203444204
11.971286572511268
-2.1217187958837407
4.00677749523296
11.97798310023688
5.742088098487442
8.872699872510262
9.176101476903831
-2.9051453060694943
3.371012212290442
0.9380083641584482
-1.2899893453443978
6.8813815848548625
-2.380070979822438
4.80949361447516
11.543652638166524
8.774661185251572
2.1463460973580637
8.163781711085818
12.641991535911636
10.04354761763156
3.763526781143905
4.455699304306146
5.211099114762939
11.227270963340231
11.855876337238277
3.5194360930624633
3.9453806745706688
0.3378746283270395
3.422058236336894
8.62039540590102
15.81192217524032
2.4756116340787333
14.486652523066867
8.794802503889247
-3.312154198845887
23.11319903577087
9.165388045448315
3.134589174595047
4.556880256336665
6.15451898562086
12.527793031834094
13.011530421595971
8.347312934279387
5.2961436734172205
16.427710505755456
-1.1176018692767995
12.95969910542225
-4.4089827372451005
-0.3565241345522745
19.427724990650155
7.671879565218505
9.504810559202454
14.787069166964503
0.7224027661929622
-4.9206193288616955
5.572704600117705
9.018918030008859
12.045180442501833
3.29090321891004
-8.426697149106968
-3.110170048324056
18.555573296700487
9.056885145550545
3.691821920474612
-2.2998421482253093
1.3995503220811916
11.383858505011636
-1.948864254330692
2.5283706374291888
3.361868716184599
2.122398881159328
7.036647646582668
1.4658350643200686
9.58698985224151
16.97996265878068
8.188062218582777
4.66592692925643
3.282759787094807
10.912273382157384
1.2084039954169326
2.1136152327592206
-4.705052074288872
9.20572641752154
9.611373784834651
18.99715315397567
-1.2081308518717915
11.358846641336843
5.3548838306618824
6.014241865568861
-0.5138341959463064
2.814153747100206
14.605462779410615
7.163787490520459
12.583143087289255
5.908195526198418
21.676203477904462
5.215357520749677
2.3028451749810492
7.442523168448183
-0.8146683346489629
-4.631067749656241
15.864067894499566
6.57779030345614
15.642548401221683
7.979034653060706
4.889364456410858
5.681044065718181
6.461612558102992
3.8107207117902897
1.2184536930118801
0.42322201955036576
14.201015269790249
0.033093729711514364
4.4644678292838265
8.627031504496731
5.077690602977768
0.763637208602443
1.0884045004438114
17.692213962826216
3.1102777179613246
9.030326505586416
9.271140509193424
11.57187327262358
5.744044667647581
7.006486671928805
11.953767699229225
2.8163920833972154
1.2923418445380905
2.6194909200619816
-2.378454114706363
10.083694846066237
-1.21698881371809
21.368014266984453
4.7993572789058305
14.35749938304562
13.668040190091657
13.498369602263256
-0.856209364418512
3.8900446201824312
3.8886250971532523
10.611753165774052
12.052739290665883
7.973665980046002
7.760497146045165
12.18537730521789
7.422322860011433
14.242329070643105
-3.873108095727707
-6.632169798481101
-5.3984497278822445
9.40125226149615
2.188696677846187
-6.54068421304728
13.6474160140909
18.763852360661396
11.428138978637747
1.672335502219795
2.733287319747174
-4.522647367716372
0.6395948678776193
5.41351900723247
11.563758876608976
2.0737629872543137
12.566222486235173
7.036058108978695
4.163314957474803
-0.3537859532251293
-5.048213155507527
2.4050327221437304
11.283645068157433
3.7016481104874415
11.927882132903807
-3.84306885070672
5.3250185765092715
17.536939700103602
9.872026302367875
1.0916906999551381
10.350973845940961
7.310506211329762
10.161601480002105
8.649579502077538
10.659964837675474
11.091263642299056
14.734536889873873
5.149352084546831
-2.821331895117792
11.18861695971611
4.96419494539932
7.408337233607983
-1.2816594424048242
10.319812103482363
6.691724267203822
11.93406826324013
-2.6981378214175944
-3.1075811044950203
13.761734784193024
16.69758205356503
7.627597561444048
-0.5106334892842606
7.520347664389341
3.5598327792735907
4.085224765313335
9.455405977789228
10.990139080680398
-0.9645756447717142
-0.43742848418170155
3.364715637829385
1.1798838527483966
19.387386823065036
3.1498345360649616
9.41344661834623
8.517577220866121
0.9537690543929838
10.310712190511298
11.893356391608132
6.702520447467678
9.401527652467308
2.003884727862766
4.928207266076948
5.23982274384223
11.095730828711055
10.687963930006047
9.772336536606254
3.7060667954940754
5.861240884130325
8.087596226993002
8.414305897297394
6.890047233809258
5.6239364078331455
13.37297721712753
12.707265866898153
7.4315520460616185
12.469787443094978
2.212649419487424
1.294413873559777
-5.956780259446035
5.220432433691076
-2.226448295429428
-0.07398288127723696
16.67196133579331
4.501816907037471
5.775479649562218
6.775950246763315
17.627869787105116
-0.869111652252581
9.236891508605154
-3.985950297169257
7.144423152745326
5.197627498496972
-4.2790703636325915
0.6331085070353781
-7.526935283400373
3.648587331378873
-3.520483202861989
-5.597204367977868
17.109823217035913
11.326884745598006
7.5801741960158155
8.294874689641835
10.463711706661023
1.1884209558813223
15.862416430679534
3.10252829543037
8.99281102672261
12.631427231677108
11.4881427473569
2.6042458329877953
2.176125848932822
9.967391549096646
1.4939724697432357
7.612548507317769
-2.169146173406805
1.7960384095178998
6.667262274063109
3.3391341043904736
7.826660568601941
1.1520515902335484
9.064221658190409
-0.19312248273421684
13.35856745180696
1.2194333638917607
5.362396718386168
12.311344688887866
15.098067642033701
0.11455801509182795
3.5389603638854195
4.991879778524117
4.2506269818389875
12.588118958138882
4.321955768005985
15.552986592132745
12.205022633741242
8.675644029864477
10.273760452183776
1.5017456309268233
-5.284354201766227
1.9015495454754658
6.907614588045718
-3.718335612114128
10.250930404988033
1.6028102684158503
9.948594569302514
17.647401402265984
4.249803058943419
2.842997910297158
0.8076519841887837
9.79068508267551
13.905580387579938
6.061463298770548
8.225025548559344
8.913496027682116
2.6549729352077476
11.18192770430177
6.774117256476168
5.6426105376543
-2.5716266221340387
-0.3797312774145638
4.378016272304286
17.14940312350606
7.520069830764502
3.191063592469551
2.888648920689576
1.362942971650667
16.3878924578005
-1.5632741305888693
-2.08983504779253
-1.5093618356729586
14.69309442892381
9.90041984045739
6.475714661106065
10.756776651571023
10.420720734479918
-0.18676545423820912
9.101314853383878
8.109610132344258
11.656950211679838
9.548231204410786
7.242736461758279
-3.3551254232381673
7.399395857513409
8.799816900231018
4.806227848876234
2.6131107247783896
8.55194113723317
-5.685558441031363
3.760885898159629
6.294988980994714
11.136096904655272
4.007918423857662
-0.13724220034810042
3.768063449597049
11.634327331094966
4.9004161189603535
8.510545927579455
8.050689385537762
4.883833344079528
5.35583840786061
22.587101635477325
-4.180254986793365
1.7280570805538966
7.9347536277392186
11.745155286690341
6.452216296639979
3.738410185153863
4.003594416630381
9.056263799221485
4.107394778123664
21.63400362710479
7.328593564281394
8.71659194878857
5.2318175486096745
8.631873715247924
3.6450703190854448
10.821251971404934
10.941632519621727
-10.515285251729171
19.477214223166804
8.494917341776349
4.69312820482611
6.232175610449107
5.961172204738482
7.2740455307665375
-0.5515023686192686
10.873200960583507
16.547682078934344
8.584358128402108
-0.0325253150364011
13.173316524041685
-2.5751670238279303
-4.025808574821495
2.2731663899485
16.766451505496367
15.266443625801285
8.944050655385727
11.602395374649987
5.564581506548493
2.207394668866699
19.31700556057607
18.06022018139727
1.695724149893497
10.615410759460282
11.547444454148138
6.498189613133353
7.748880519747699
7.787468081386869
8.068763172804491
2.7028308520049067
8.536810597231385
13.965008290735945
6.731599624026139
7.5004821571117954
9.112135742467707
10.588035921727748
-2.904933049621931
11.817894016384106
8.718092650947272
3.7269759253212706
4.122233251669497
-0.6166599839885816
16.968501910765468
4.374094197966272
10.162218741080359
7.773452152769014
3.7358099280595507
-0.8909678423601655
3.2673371055999034
-0.21603294941154427
14.885478787532493
-2.0469905081818442
5.7837526420913195
-6.064838296476639
-4.63251927038246
0.04141408276175351
17.197602282913792
6.561355172827002
9.230674992655027
8.935820327120561
15.378971088474499
11.476083577766165
7.2684061000719185
6.197573412765686
5.801170031220705
3.581077786888031
-1.8216587391231052
1.7734804334655552
12.69604714163653
1.3874604852148265
1.8050498324669233
13.765964670850948
0.26897596294171766
4.572826257413724
12.384287679304993
1.1981915415248974
5.213872654273602
6.105535922207441
7.0642484804916865
1.5428058143523584
7.8238434994643775
-1.7722369218522847
16.306739389005884
12.038930681308393
6.083328467104838
8.594669499756261
7.585004054601235
13.647266586996341
5.049694561103196
11.177325892261523
3.619227002815431
-2.341260978488762
0.14187822735673183
7.252312228827548
8.171673073705094
-0.8494882892025544
13.476668231353388
13.293504850363263
4.105237114739514
7.890813055556909
7.722196621987965
1.022297850056324
-2.4841899325582038
6.076245708213811
1.6791846250850933
-1.2941648080934511
5.096122860736235
4.231703836762788
5.369760481855329
13.915222266172798
1.928911759658205
5.823345359957401
1.1759167839786695
13.099294259531163
8.85167137745933
17.907520793257245
9.24194277163016
-0.6357380962881836
1.996820266036634
7.8320881048702855
5.729025454807273
-0.3512940107999425
11.38142022228301
11.694602121984014
0.16382915707331858
7.598285443335193
9.915670986950428
4.736391730568296
12.28960887900971
-5.979440969405973
5.349414612684844
3.0666656341511294
3.3888768430380107
13.16505425972344
3.2902647278922452
-0.5431173284869999
11.000897470241679
3.0393640431366795
8.520491573102646
5.5849320804861335
8.027827319840664
11.993907881819815
8.02681454137417
3.1700988253514346
6.433309187859222
5.255329838512545
3.8553659164380565
7.531222315042485
9.773683458760058
9.010171681005318
-5.708047118969617
1.4810300996122319
2.046499484440381
-3.647224645741124
9.086596807968116
11.94173245139628
19.08491128611625
15.956727855224
16.21209242974256
8.00172890985019
-2.2515347819243594
12.755842734001822
5.370954273731454
-1.0764918094512845
8.673909382442789
5.5218161604667655
9.927054680497182
2.204384479375552
5.778490326878308
9.356223050461058
15.828897861149304
6.975001708620997
8.332802601863559
13.833255169521316
6.668249037111755
14.237940336028341
-1.6283325390351626
9.256391401149273
13.612712176115247
10.117035853193123
9.2622799749893
10.309855159089082
-5.353410184329496
20.64448891519608
5.398536810586
4.747173023921398
10.421047644402968
9.729486066392013
5.0961213479999685
3.9692559273526533
-2.22281601529005
-0.30699297528119107
13.198995578160547
11.040884084792353
-3.1441383203644495
0.7540797898917413
7.967074931196572
4.1517871437892815
0.7958729556999833
4.510042843491651
7.147775783543372
-1.8673765053214373
8.634496869146602
0.8676889881667194
1.7404822894005365
1.8349066941223118
3.736153486959036
2.6610097183157495
6.968051908766645
12.930588991646495
10.853859152723746
19.451206468146946
8.520726404342739
4.401631224303081
3.341229120778194
4.808417742778479
17.398889407693417
7.341280933463398
7.915412553741078
5.529106451635137
-6.235221119631635
3.548619221336101
2.626519074261941
6.726932576910381
6.825536473488831
6.6919686613167855
3.933587090277797
-3.472626471202487
4.732308565322504
-1.1868736504567892
-1.6343031361050633
15.277332322022636
-4.424079190751998
4.185316399880088
-4.119475727046046
16.604572296328584
3.0627891352624355
19.1513507689599
8.33527503223826
7.937200713317754
-2.445616219735145
10.100524148606276
-1.0817315126433806
-0.638349885604649
1.604599591118392
3.387612275738527
0.841958414190275
15.819960497642903
11.938061808487582
13.343965799350713
11.78200586555721
10.817637290848385
13.885594739594524
0.08984865901746719
4.207201911227342
-0.32567543803469867
0.2857711739934077
7.186640630297144
-2.2606208686074094
5.501295483627196
3.0529200141536434
5.273325480800927
17.620227722030542
8.330595628085584
8.6227151069505
-4.37774238667512
4.479903498773042
10.559211280920819
2.0054674893399933
11.992412025362889
5.762478085341771
5.170257791556813
-2.124003013100353
0.9174794711658292
10.34542473836105
-4.6667771324881056
0.2207973568651571
-1.9965895244257617
0.7460675997844453
11.629650896628142
4.801050040497378
7.931800757563113
3.3357900689673117
-3.2677710206860606
-0.6179748509805592
24.18194254566225
3.733044738366557
0.9925775571408861
7.3390058896928245
9.365304154971993
8.94333760962475
2.9299223114276565
-1.3990258934444073
10.797090132464009
5.340885448323977
-0.7173888511401119
2.0565127501780336
14.435869038655378
5.42926563738461
7.490075594041708
0.27377317766990483
4.74168769357166
5.749038036132867
5.326425974809831
-1.041398005207549
6.523168436612933
5.3902292785790635
-4.407182559251723
14.81697717930056
10.731303024983724
-0.6971868741136582
2.8887057190998644
8.801051585315875
12.055520234337925
0.3781529941386159
9.4032354414033
-8.750153869231468
0.07188955288159438
6.557845089476537
6.8560295120423325
5.64091883597609
13.00019617847505
-2.7409160974478723
6.984353788886705
-8.553477718921965
5.359108789645623
7.188596504467237
1.228385096670757
6.0117568404631605
-0.5542421826409356
9.556940694707697
7.35628797700028
11.37366643014855
9.709543387636204
0.6319815624223004
