-0.05701140819286543
9.971112622494358
-4.3079121068654995
3.7510974477821617
6.985261040910897
-1.0429242656813562
6.701235639476359
6.592949073706375
15.664859436877755
-2.218282925954618
5.19300372115022
3.907348859511
4.505970162825566
-0.6136212958889198
5.713600589926603
4.7060634593998225
4.024432011947571
-0.5398965254945329
0.06996892748313055
4.727701437829298
11.761829172540017
-0.11517116503617952
11.715446597563622
0.28748871900690265
3.2917296318441265
7.625719850219733
4.044902681903487
8.997826330762793
8.839657846698437
9.754615052723071
-4.036704301891982
10.521699980343925
10.894688776863156
-5.274719876767522
0.0998581058415553
11.156787709471743
5.997414239169549
10.536223821678362
13.393430286215889
3.6851943875396267
7.434558530453221
10.225121051015432
6.5427052912748875
7.45993056957749
11.89759833867544
3.8517635861451955
13.823110557553884
1.6559822833721807
2.955700610219864
11.200664326893428
7.1220580399257685
8.292683852175832
3.5747637058732162
11.807054210132566
9.102689687737715
-7.16872984830221
8.812532892990689
9.783969484494493
10.103156409690516
15.300470859972798
9.447868130757023
7.340476487862655
8.35058495042841
3.4453121755078997
0.7423473514404746
3.357037344499587
-1.7579245389632412
8.14619086181396
11.270948137992995
12.509971571307261
8.463671740511908
11.876680755957615
14.695826915968746
4.477206680385256
3.1772584035947085
7.889720353402634
6.507256806879943
-2.501239612011286
1.83588028668317
-0.0002950981994453983
4.95733891589649
5.241466782483592
18.432573466049696
1.7253048705721712
18.404924335872344
-4.030411531068657
2.4617316060378434
14.836019284911112
2.117512723412709
6.13420200093451
10.838559397800816
1.1689107193172692
16.023469756483188
-2.6343318600387153
8.429847679889097
8.643622183342153
1.157957926585092
8.369741893932703
8.697956111182483
3.2901314587152517
5.4304981114230335
3.0785667519241757
0.650544807942544
-0.9699685978522705
5.218370002089414
4.835486604998713
3.3037619031475436
5.1302901553000195
7.619825462305938
3.9445282411338405
1.930023011277207
12.30644924989429
9.638139743968232
15.44230798232778
7.659962760220081
17.71259155846616
6.284141691046922
7.448819304451176
17.062638867990735
0.6784265405059999
14.41307326956137
10.989285803033411
13.174461381104862
14.263039279988831
16.00651724013074
-3.889280356257439
16.966395576689674
3.605685362724538
-1.2660856824525393
4.3761759655680486
2.130267646414015
1.2262591798290545
0.45417575581685643
13.150700099339863
2.497591886962107
-2.4652794599363137
14.571768780401325
8.218996660923455
12.756478804940913
0.6191769886905698
2.0555144365331257
12.952587489084852
0.25919374172922627
11.29668661329854
11.04902839387794
12.43475284290377
7.060204935995303
11.28031723487758
15.00226817398106
11.072776713151423
2.361341657006696
9.543650615010826
-2.543851899876838
16.775080261146428
0.4054233207858937
1.2278116431228945
13.691761475799296
7.791686003026877
11.39359144495681
16.740419119154602
9.489992593749795
20.87396228124428
3.6285819447900907
6.5956459159384835
13.78888690629935
11.377931959306594
13.298037791912712
2.2177417537048685
6.425553720650997
9.86136235324153
7.46168021470238
10.629477686650148
13.355467167580807
1.0375325251468084
-0.6790484291747534
14.284153331088115
1.1350787220164769
-4.83802359104112
12.338192524425594
5.021145867199115
4.648357386837351
-3.261287654138936
0.537459992056986
2.2686160323110482
14.796160688256284
12.549188910607597
5.925105188165712
1.134028079420081
3.1744031020951726
6.940599329674722
13.516181140478439
4.291102040767865
17.710626682338635
1.1639441389002583
13.736379768178992
6.721872500728794
9.09319191554794
11.255720247065149
8.882300225551964
6.424120567781808
11.437822308183378
6.396271652782485
-2.7966454296816785
5.813445932958512
10.121249525209834
10.976062685056734
19.94591640329331
12.495590579666992
5.252873647954888
10.722521074769336
4.853569471667891
-1.0788886867146363
7.082326871342614
-9.143447045538627
9.814974693683638
13.303771917703266
0.5437300174838002
2.136088359744199
-2.8895333626149196
10.685454719969671
23.937020891096264
-2.3083693461245876
7.156859735865704
7.410620176992854
6.053868660761426
7.637082913431177
-1.914473085844393
-1.4363137102101824
5.335336425739051
2.4164236701823847
1.6863591010667411
5.960209708892453
11.63023213370663
15.703049447570585
9.658451634662946
6.9247723144108155
5.488004479097644
9.424431184952965
0.8663235782460843
0.16256912259192813
2.1200744757473
4.703319462685931
3.2532437335427162
1.3914783529022872
8.676675124763385
11.009601647712284
3.661958256182225
7.417140750635746
0.1364697171392777
18.4609602482498
-3.180287082133459
11.934009392218794
7.64480288795222
13.226338145705927
13.184578179541907
10.913367547117574
9.366142241097798
8.302416338572675
2.844895050702621
-3.9169106865057124
11.005520221432185
-9.432745017407495
5.121251922153308
14.557444756344653
6.606931645621673
11.065156538178446
13.684700243846313
9.41187748223535
2.8084536472944537
15.14167719301285
4.501964752915323
-4.357687471029344
3.922759221889085
12.029339563879931
1.5927326999096119
5.545480200575324
1.3093226052853115
3.458427120773688
11.251944455067068
4.41607491598395
4.830644952304093
4.946088989310518
-0.9737291378769868
4.198613999486523
7.824341867660345
8.357396824588733
0.5401418369302462
2.036758610601975
8.005825695846656
5.534437785115814
4.690418078638362
2.9751309425707393
3.541308318209053
3.3634232862540756
12.87671798135879
14.408321629776086
6.428206157888088
6.432173965385775
0.1840370703197154
11.615435558426856
7.552986243047754
6.380495214216115
15.734545507272665
13.269431685018937
-0.14126711199531528
20.926892194127557
11.166320962620892
7.242728406034843
7.655418852850733
7.33813338001878
-3.7983164527681446
6.411696387839157
13.516430370724947
12.10264399258526
5.032100976277145
6.0644746482232765
11.556228913287327
4.294640839745701
-5.486424592994936
-3.137127992561533
11.886195497072121
8.975981107064246
12.720970351920112
16.776474144280844
2.53780976535691
5.264063298278202
17.6737158070721
1.5898334462773596
-1.078066080893156
5.61543679626338
3.9455710119856735
1.265945649188116
5.576460575454753
15.763715082345145
8.470455105351988
5.694806339555154
4.219280782605168
4.988180305557098
15.628129230211801
13.554092999892042
8.166147305776908
18.50437739587767
9.77115580541463
0.14556301683215978
2.552615980663542
10.046874066627598
3.1937641672699764
13.418695068824334
8.609314778327803
-1.2370307953940296
-0.5279239427767264
10.127692953896979
9.865818737945734
2.8648634768934884
10.8757858071429
12.429350101957933
15.123798153739763
-8.043765325570481
4.1833586681969095
-2.9778754722930927
-8.106049576304102
13.926550332735694
11.315039051195233
4.781935760248908
16.442651940271226
6.627715552171558
0.697962767406934
0.3804071265496809
0.3546038645212084
6.346550140815546
6.476071543680926
12.301791843972909
10.214429433781568
8.449043471569523
4.143097359904466
3.009391266225228
1.1235734560112771
6.42530767199178
0.7206851784895489
-7.43697923005044
4.115783507722551
15.173935991186248
11.286042414807836
8.893226660507477
14.257902125991341
2.5373483279512485
3.708331730421298
10.204728330349319
7.76991901744622
-2.2446146774069966
6.10931831890153
17.43479327351269
13.539168959190661
17.70852868204813
13.41284306409231
12.706900082955373
6.828889059730181
0.5470851306540885
5.9137930186383985
4.811933066117383
6.283318935063548
12.82364587847778
5.016585847103942
7.7027582444013465
1.1966765842526428
7.929879375579835
12.640467549828664
-1.7270600579989024
5.57936728433427
7.516684217356686
8.587929661625449
8.459972568692132
9.996560400927953
5.087362102180661
1.2782063223824789
14.293743889376854
7.625685046970222
3.919139753506412
4.410979678723852
5.582937901689207
7.5419730973346955
6.309173273700827
12.369766030766264
17.446774723527916
8.744322529080208
-0.300289353828056
9.135712077396118
4.867670576980824
9.158137073608145
14.303913612902809
8.953948937313141
7.027109617089713
-3.2523800991443235
-11.349068166305027
9.667066699421234
7.5022972255941225
7.009646232580263
5.853295405563933
5.924433999436025
-0.8797276275065702
1.5816212863988373
3.0660094096259436
11.156965287233596
1.8146870572723879
1.6693598559851557
6.2362387602489555
9.620972425850205
13.19401107496884
7.108700215630978
10.498162274342876
12.987030973684092
-0.4014556218034375
3.5342193116032727
1.8108601799007893
10.59480225236837
13.996639663143728
1.1973235619809843
2.5385766683767157
1.8478193954494113
8.111259360487281
1.463060259642365
-0.7889341941466412
7.5809273598528835
-1.5666676424406685
2.216716251572975
5.172517516571889
13.829426584291959
1.6220359596153795
18.197953291339857
0.5734583753821809
8.976912486570292
-0.0869655328674126
7.43405068751996
-0.1873496631991607
4.2240501032564355
1.3107853654848691
14.950668505044122
1.2601125968756186
4.692678718235154
-5.152940326145458
15.109418145982048
12.226029195936846
7.227468112713349
-3.2734189963539553
5.843241062222969
-4.251644345196992
10.854210791687848
7.479100857937609
2.5825761863110066
3.0805066100000804
19.92802337084354
15.176646494749535
-0.19675019910627967
1.6620617163418006
-1.8809982396110305
6.493252456080185
10.310137955278506
7.2159375288985625
5.890850689938196
12.050153589264347
6.016799887785678
0.08847724360775366
18.454985222481866
-0.4357919107732391
8.441179884157934
11.243491033283998
10.725362439447327
1.3945582181427216
4.987606636929172
5.401066241238974
5.939456206756068
2.3878622314357747
5.238831031833873
-0.7544319956409673
-0.017458976626410383
8.781967372326061
7.123801419220037
18.123197139625105
-2.6962713216558125
-2.972856930765804
3.8592037386860323
6.351879297278629
-1.8357946166923949
19.66438575005078
-8.619320139622147
1.5806773409263997
3.7643912163635664
6.524551351517609
5.672833670533983
5.156485281088585
6.684229986652911
0.8307093387486706
18.14918890257991
-1.925221670867745
14.857634300008003
4.547175047763134
12.64068363843436
4.717042875243847
-4.390211304506762
6.520457354679693
1.468821882777089
3.570267602402275
7.0670051475038775
14.671095721311053
2.992320224959863
5.988662673673513
9.956775678662718
10.574889125621056
4.525654142718099
-0.8093922742151145
-1.9439328952756671
7.163183656375189
-4.2162274060578095
7.829149554125169
14.47184846701702
8.342221866954137
9.938656590461772
17.538838622098748
13.741629287854986
6.435773156636206
3.392268802703864
27.27392358197151
8.077641369358233
14.116107385082294
7.337605437147925
8.85104416996655
-4.000487889169824
8.86684244339953
0.96442969595899
-3.2530056761225055
-5.058999738605335
9.491915968853183
5.077619073248494
3.301251955240986
-3.4351810486838144
11.91574907748929
7.695073950470398
12.245879082557362
-5.204132139212678
8.847153657531269
-1.1706928285839844
4.272169942144034
-10.327208340002628
10.287526965742863
12.559058577405871
11.766011574272003
0.341602134148669
-0.1602473534315223
1.2845733568618725
7.698880249076803
6.227042326342495
0.9041708422333672
10.334804899921922
-0.6831497783116518
1.1985428421173268
5.188087278257107
13.888060493303179
9.120520811397908
6.691115068151428
17.04247499487591
13.2744072574303
13.083133097902557
2.4288517666330525
3.646276349054131
3.5033578329446233
2.60999371138565
1.186712314742124
3.671199498907539
3.7866682365868023
5.643168384211102
6.999756913935102
18.60044188140843
18.813085731301385
8.1101045466386
7.763889303300342
-3.0263736907455403
-1.300580221873159
10.351113898835553
5.655599126440014
10.452707660643261
14.753286673151932
9.333466660980854
11.408862827529315
10.102178214355853
3.248334484298549
1.9903507925280248
11.584138138176701
5.7386580681027075
17.765261127034883
5.037748303339717
3.5223590803916536
-0.6343509220235841
4.017780914337217
7.829851217389375
7.399523639584171
4.636914595099965
3.15160045295891
0.5801929884120502
2.574543571791668
18.859837974892656
-3.1102991006318614
-1.4815219823553525
0.16614978572707706
15.5111416731926
-10.937154792891562
-5.343581225845295
1.0703878808277594
-9.608645291081505
6.020216511215548
5.636113217624312
-3.9684938212060246
1.535396111723765
3.8074701597332905
8.913261330046126
12.571970804036312
7.6936378023742895
1.7405486467500726
7.503732109310402
13.551605761697537
8.991174245276387
12.63507970926598
-0.8872652722287935
5.003321331141023
9.4895194646117
8.139637752620295
2.4358849684947637
5.801995714393148
3.4511695731145164
6.652083604832166
7.043221903773874
10.72816530110627
8.206152755228196
0.3391932430780962
6.2669664412710535
7.010138636433383
1.606716335520293
13.855403466234
6.862105324934248
-0.7160270453878583
9.212380900651674
5.507395517388346
-0.7710907628091359
14.272215073825345
9.352774864041184
4.980275654585899
12.125277821017399
12.242564203864873
16.25664854635757
10.165783811535785
-0.3589221920962329
10.424017812148495
4.432026712488938
-1.545376603617747
5.877352355071579
13.039139753047271
10.847922278525825
9.977217978149364
19.39655819236249
7.665272432536699
6.7482960574981306
11.932009364990636
4.514629329298728
12.055060965799584
6.131724838305618
8.030728854795644
3.1412219012875386
2.8338238334336365
2.438004271290499
-2.5038868184638954
11.562050069567182
-2.254425055911394
10.915111642258733
5.483725600754493
-0.6964262272441752
6.809911988173787
5.411418963839477
18.8921302365215
6.8387315736915815
7.709433243978346
1.0735921516552347
4.043303881416151
7.694041213169031
3.869371950012567
4.24481547374075
2.251451638097063
-0.9837773384190838
1.5842212477960054
2.895713848216595
0.09117663240640006
0.5599494277949075
1.998391896510383
2.3882336756933316
5.637843630531856
8.292913896694296
10.601226376747613
12.490455563556491
1.878671196224726
5.894600588931139
15.23332497910098
7.1496183838134755
3.955201848952927
8.20000859879175
6.579333086112144
2.3678398316862115
-1.1696138422520228
6.790685767713396
2.5399891471032547
-2.461223880528701
4.258699626604337
-5.111891430514737
-0.19482464511873232
9.907258073135786
2.8017328424122314
-1.5091211653049381
-3.949421401391291
-1.313046260311907
2.275188271580581
17.337065824506315
14.611186669194261
9.577885042384203
6.149816360769138
5.116506932865773
10.381387322576428
3.5111239908127394
-1.2323436296559684
16.852035389559425
10.690189088972541
2.3984347249718736
1.4406480297954518
-5.0819915985846045
0.20835617292877462
-3.8590392134609797
-1.8000126992314645
-7.4077990434243155
8.597900324607833
7.539772702165253
-0.9163670911888371
15.916370885683808
-4.636525565625986
6.9366990646744835
8.865540672336197
9.467807453890401
18.47625223322029
7.087733653051454
1.4481665462762408
-1.841325236238486
2.9483835398585163
-1.725396575891673
14.888643287297278
-10.103014133372568
7.8825074182767665
-3.495862771504198
3.4429397620473057
8.71874293446039
9.826772326419764
5.911139182692402
0.9188601660082201
6.6241103793059715
14.997666998579305
1.108622686472053
8.155248917028578
14.149858408872332
10.067078086323518
0.6440752649982935
4.354957976891164
-2.791999925699871
17.730404336839996
2.3468968412405835
24.366130069579018
15.46601160579469
10.362407221936532
1.5291477655327617
8.17388558808421
13.841129216731098
13.019699790756166
-9.068727693693438
10.795094284419587
0.40017590098778566
-1.3115656610671511
10.849055687745885
2.42787911793989
0.9608603237715405
10.11159566610344
10.484717195044185
6.248515631988521
-4.9391732439489875
-5.614760681125899
7.923108041015938
7.919082492506249
4.855264682883577
6.742921709331947
11.549332626949159
7.8123015684990476
2.8068693729515926
1.7079677842216112
6.325285799384922
6.4277392202015005
-1.7290235848715882
5.874751840278279
13.569910242644962
15.586213887359316
4.741182779485886
18.0049471899033
2.347005254603441
4.739313465442873
7.382996799467451
10.86307281841735
5.64735674304402
12.594995761954081
3.782120861252935
11.330740722415104
-4.37874858953619
14.477370491060642
-6.579595074453188
17.844618364726998
-3.7964636109474554
4.0750284217266195
4.467886970515097
-0.6698179581915857
-3.4758325643007932
10.48536370190253
-2.7159377802756683
6.223532967658219
14.396457004624946
1.1349779924268413
4.379932863067965
1.6896560205635645
3.837925384625249
3.8882880602748595
10.305852203544365
-1.2822371328015265
3.166222865162734
7.812153540228824
10.664374578705718
7.61408423540561
8.212879604850189
7.750878880602476
12.875127901189728
10.629295367057516
6.515845362431232
9.78313878755817
-2.843005793321952
6.115554609570763
11.661185024469784
8.17323910118457
12.868055137970977
4.487064511850854
-2.6270290566458936
6.824188380543333
13.7635492090369
18.15765346123338
7.525125516708174
11.90843652215905
7.539487746980299
9.301670451336102
11.179217698546672
19.731899970437926
6.588054638091204
14.992304793008875
9.561221845882397
-0.8387919309581351
21.9362772458695
3.058849121513999
5.249811318806557
-1.0617892694912694
0.3207620651984815
14.383535221445836
7.937683703388594
16.71031135440447
6.705298130190369
-0.09265378985316808
8.223244834579294
-2.052822249998357
11.241484913558565
1.3372986606148087
12.441650038831828
3.659920343278701
9.283558810862269
6.465092765773389
0.20100300883316713
-0.4166197213529399
-4.0222601029162615
5.345359400454134
6.015322805834344
1.4028600038199093
16.755146410401885
-1.6419103974549802
-0.44829931168916204
11.516814273622115
0.9776115770708547
7.461910784212343
-7.330214108931495
1.9707193234993206
8.673258537917327
8.805078851150494
-1.4538182421623453
5.114500412043219
10.349100807076322
2.273681565938051
-9.184465470722355
7.991386347647758
-0.07553500353718778
8.937737471202915
8.001191028860744
-2.8047003637773606
6.334862983406051
6.108841811884404
2.453844106759376
-10.21660560216814
-1.351763844589291
4.879398208545947
3.2904950242432625
3.231573986330357
11.682327428589875
7.688318619134636
1.2247167956809992
5.357786147121419
3.884183956063468
17.91143777840615
6.678828367805139
14.57129007462326
2.9536623593066076
11.699538140596417
7.628952598490133
10.619393089423113
8.584207533873442
3.9039752610238057
7.405801789069219
17.75760185884055
-0.5578171068678541
-0.6617971730401111
1.6368901937364662
11.641114370330925
6.193744914061025
14.350239381737683
4.622661916112362
6.911298793681601
12.757182547298122
18.958163044408977
6.875169102625148
12.25136913066725
11.78545948541107
5.540903881281138
10.77664939510278
3.399300299064511
5.718698017414743
13.3717517747762
3.757842255730013
-2.9163064614371343
-0.9581048113566535
6.771893612360866
10.069865344513445
3.7886896151339933
14.144811303814974
7.971352430533725
1.9914281061420551
9.730499059770398
1.0344722905038921
-6.622407355421306
2.7045588650988
