-1.3353999885957366
2.859981625017955
3.604649739276011
9.23523366946246
17.96009633704611
2.617636610340468
11.865096075089495
1.8819943731180953
6.502105167612502
7.321333011443544
7.5379213499599595
5.883590492350243
3.4314866820169554
7.926840319353165
1.6695759734639264
5.749529008466286
9.056231791989092
0.2342529149238466
9.512210753336262
1.7272276732832768
7.999208879281178
-3.4530748212764912
8.503827990462021
8.124301149927966
6.9796856789220865
1.2673930758210208
-0.37357967771056977
5.864929792402222
1.8315564222617962
6.997433201639208
5.769642710827102
0.8675847638579803
6.937306774657973
7.013483144388684
2.296206865837559
2.364711458185616
6.669282133913478
12.121292477702916
6.852515808091405
13.72189324354568
4.6772092381927335
11.034070566542134
5.261384751206465
4.949114090618604
7.47630730253952
6.891135362589582
10.770767453818682
-1.0371349285746767
9.42672236433085
3.9719679813446396
5.523966255183154
14.436144364405731
0.3615913228520098
8.62783211248416
9.851762321641967
9.424349203301041
2.34322310317727
1.450616618361808
-1.575388354012211
5.273722428256237
7.356887932664536
2.922083026665896
6.0534655251605765
-2.2004806608156144
6.2928844812452365
21.872289709728907
1.0938264420511254
8.540408577700376
2.3541738992434595
3.8574159324459187
1.5973054406847806
3.6815324567293
5.62522071790913
1.5936915150106943
5.840816336627558
4.8902702963195654
13.078432758589772
-5.7019860962279445
-3.0496297199770215
-0.31439285384245785
12.526411209107279
9.230456621035138
2.4303639910596573
0.36482320034231197
6.968621060247286
9.192946552920835
8.316301177087315
5.4467165176025185
8.683477734691866
7.2656033165052145
3.626894659105978
3.6824719309481693
0.10294135888821998
6.755845295725263
14.23558809882019
7.339908910520632
8.3908125868219
10.284476139570575
11.690868094772934
6.200563268721365
-0.4793765680314457
2.1746699489989645
-1.3131513067551968
19.39164033979992
6.47897955273253
3.1454329671001995
9.820776348993341
-2.5108877041574775
4.461276981114902
3.2325970376174946
7.599417186240331
2.8873266203187016
0.3658793221397758
5.312784291807684
3.1786389746439823
2.4721793006385036
5.166975798310012
7.24685384283051
3.301151640890991
11.006901026171574
4.377960156658391
1.9141576531752955
6.494748114702351
-3.8038974830312906
-3.1647975922506584
5.322416351301715
6.442231420100691
2.1751661941901497
-1.3782074291949034
13.1891652453135
-1.4633586692355225
9.183851094373312
9.844487145286545
9.540070743062762
-2.736499306504232
-7.707566764309313
11.178777159254828
6.333060856564549
2.5823643453206464
0.9587586724182637
2.9424339292213606
6.49974262298089
9.303770419661902
5.498178046544356
13.071910540442074
5.77153828184448
8.524935309890601
4.701936802848483
6.656576004937039
1.2749722136405346
14.878322662989547
7.238689315811064
7.77015506325918
-2.4097529871350583
-2.4732622792198313
6.1072528484590105
5.8366406476981245
1.993441440118039
-0.7513140119834851
6.544786349956479
4.436882615817999
8.539632346841485
8.723663048213133
1.1417193657455256
10.530677884650814
7.115159305876901
7.0719426195052355
-2.139864690284635
4.483728257759227
3.3945696279880595
1.4749682211889796
6.448872835344726
9.597925316798037
7.332960683600998
12.071642334764338
-0.7069419719625034
1.7403458903661533
1.4598648261214904
-1.7782490157319524
4.088668237991002
3.049093224806591
-4.54771604781926
9.43281593943961
5.527608132503139
-5.36870948320027
6.043224338711896
7.737035290338815
3.6686349716979136
-5.064274279685915
-3.6815722375512383
6.742237456171111
0.17373282159237613
2.4911928862216723
4.604690786092658
4.373225945862443
11.509425703124363
9.130541125515673
6.477695919580937
4.76558552842493
1.9562135160420615
10.031692300804764
-1.900516971317301
3.458566540041805
3.0811452154724415
-3.778975373256749
4.900173669741269
11.627996227424827
11.833163752647485
-1.1387970018479443
3.128576535547269
9.510936397886999
1.117164723258051
3.603045225841277
7.693582973149913
4.620406145525637
-0.006595734766375649
1.4275014752339028
11.934519136320052
8.542726456130236
4.525066690358212
6.98168677423874
-3.9684434705404135
0.8285860283252049
6.957681755116957
9.461607149856349
1.8349882302073577
-0.45561186577815604
7.342764838393093
1.7365804485154754
3.428435256622836
4.641488751956307
12.266513732691894
6.32937270211318
3.2744957019091214
1.68336773412934
10.02800851070296
0.17083957682794448
10.430252199861519
-0.9690257565005198
2.496738542859588
8.833260284624952
4.89560232778665
7.511162747429475
11.270400300872222
4.4481155611268175
2.1220351981165613
0.7006346452537047
0.9887476960605941
6.805162867821588
-1.4169264982015584
-1.3926779847671602
6.63407549444087
2.8878846501929396
10.265193676381188
-2.5025189448790552
7.588802704757173
7.474013599311034
14.496017596642758
2.9470268136732756
8.369143843487464
6.884960093991584
8.277139554819028
-4.192085946018337
7.991799919963461
-1.641207692808738
1.2468066153556459
10.96207753136434
6.678813846357053
3.650516790826184
5.546169700471059
2.8580429103721823
10.527641833335892
6.875838088834392
6.5649621050814435
8.933342398942072
6.22269214924164
5.942523223660777
3.5507461324333884
-1.787324629337582
14.430697542730426
2.899648062923357
0.9644275311658896
3.8772982052342195
4.355971629665001
10.854034302993366
-0.7451855737333357
-6.492822321513996
0.22731262157471122
-1.1101193443216575
8.35275008832208
8.832806946665679
7.48624245451989
8.657863034882013
1.9942394799963763
-0.9751952319662349
1.68741432873108
7.376262035634061
-3.5091303180759272
0.6483653722512965
6.92823717089613
3.981995999889665
5.3430021557423135
7.710105511367191
5.6480275152519654
2.1125899454799963
8.312157027537209
6.679007722971487
0.19377708919257008
-0.41356677094836236
7.555463009668328
7.103999680182639
16.867508557017707
8.131881680754578
7.8051640103774895
2.937867565718867
4.4984016091205525
10.012010574944622
7.587985507806436
-4.953495726782266
9.007342756759071
-0.2003938249125028
7.163274863848281
10.029734554491487
-0.11301519447752817
3.702862294828967
11.681400011524417
7.088264148712311
12.643883070799536
-3.2249621000893445
14.297479826836568
8.712124017848303
15.509455989078182
5.56020952918329
-2.093970506196099
6.843681181963476
11.458497257385984
7.591944916129666
6.993310199050723
8.918516224914118
3.7352881423664823
5.439545155114278
14.383797361886238
-6.123424816035968
7.661162472421111
5.368737383864933
10.845930442859665
10.697142762573787
3.434557120886195
1.5297461366540301
3.880304667563637
14.274622680609049
6.212536108064446
1.5706849588503555
10.445719218763191
1.19035987555932
7.441170737840475
-2.502502821751321
5.86459562406347
7.401148558567014
5.555499760352622
3.0388595540166894
-1.2108396558775576
0.44813830738172067
4.4166293073986145
-2.6775928779089204
2.1378673123547713
6.572520974482588
3.3892292919961724
0.6547520712810337
13.431401140617625
3.958534921819606
0.12913018052868086
8.925517572978007
3.9598484857893284
4.465500804411716
-0.6379320306856986
5.521081901751941
20.676250076630275
1.0040635518420826
11.814854827303002
-1.7595960217294664
8.641648056457685
-0.28933392330408214
10.050564958109515
3.299264396822754
9.617900703123981
5.92009286380425
4.118554041076125
7.4991860352076
7.207766511807691
7.382135067359489
10.702117080295892
10.732175597418289
1.2408409188670555
7.211304015343742
6.848928828328425
7.692547145441768
6.2229994572922465
-0.8894463382439985
4.923309523837859
7.9948136473345235
-1.1436813889487842
2.063693791399254
0.7132057068724658
9.631836943286833
5.312920950678067
5.671352382108853
6.333665339357909
9.693561745212996
11.402571926367228
3.545327842351284
5.811283870356402
0.46560250511560985
1.5339271909407755
3.1115915863362176
4.577857586275881
-0.020822419203362585
7.097524211137692
8.084438816013243
5.555620253692693
8.401531905847056
-2.7755578641587677
-1.2154538455399848
7.879022223476122
-1.3614698502705904
-0.11695379625660074
2.5090787240062786
5.0760751262693145
7.53189662565209
0.121343600162642
1.437310749466869
-0.6977991169158031
3.136355290069958
-1.7421616006968605
4.377958146876003
3.576663613032513
14.803813721224179
5.700339708769857
6.002994273384414
4.381235230689377
8.003045020491399
-1.9958651120602369
16.663448690335798
3.3805983703582547
9.947249155131956
12.265281745746744
6.304655883779415
11.12955654061695
-3.636063846894049
5.008157919720914
10.245174617293419
-1.6371477489913824
5.580217867325116
5.838851479819425
6.116031594742484
9.40168377290818
-0.5036708885934598
1.869024616759952
5.788757517163016
-3.7283050033305694
8.033917114362113
0.7225671829261158
0.45388615463406445
-1.0359134046413256
0.09947365018754084
8.142687579635652
0.4712793033000451
11.446943507426404
8.140346483178094
8.456311745049213
4.818296478736606
2.0984087052135045
14.697472969557248
-3.1485702848383337
-7.8753235804881125
12.398509526274136
3.3198747476908643
9.976626951853994
2.584558499577588
6.752785050215062
3.853616615577686
-0.7204645851360967
4.922141656715619
4.41178899265466
3.995554927576319
0.45720629509101407
4.3289962075173865
0.096236920612629
-1.090237131630925
8.10044452712746
2.4107543253049357
-6.257397581869194
5.296117005290046
0.32893934159219107
7.98513142213217
1.6066141383687276
6.978511636412264
6.271306713770611
-4.055205096570246
19.739548287321295
11.512554159754345
3.219797917943738
1.387402831964617
5.939564478885483
2.1623741314349902
-3.53821358356198
15.794678760699629
0.6281955731553666
4.511741687296789
2.6024059012431655
6.141442068989128
10.073091341063023
4.521060048844606
5.282797422385107
6.181174653767718
6.617626948580942
5.430748053947379
6.395363561829164
8.158276327154692
-2.608907835510717
-4.474462339498508
8.282649574360184
8.036299169756907
11.440968010803077
2.0108632674709326
10.733162456782509
1.7666472155012247
8.272725971785182
-2.069883426451552
18.049459990481886
4.785258472117769
6.864903549631627
-1.2029504032983427
4.118900881529906
0.7083299527881204
0.8351157194112364
7.208973757378475
6.951757273523809
-2.2894791089120137
-0.11624926913402955
5.481091595227877
7.3881896217769985
2.1237974799728248
10.199732666688686
2.1063219763191388
1.6846850163393223
1.9213129361186558
3.515277821520353
0.31265564315708083
0.19155754597551677
6.502622881081662
0.5508852487500739
3.2700461326752452
6.023971993912871
7.84329466109555
12.322979813633431
-0.9990713663845487
5.135937835165566
10.419246442314517
-4.707772174721345
3.3632594589347704
12.24513261060812
6.0335111511059125
4.299442836533419
-5.141353539768847
3.187540163521464
10.452377393413302
6.2781562806969395
7.843432336166642
6.738637583721117
7.8882025665498245
3.186095191656951
5.578077905139314
4.771722169287607
0.5506410604561953
0.7165553963854121
2.5275487029021075
0.8444502366378623
6.536726512222378
5.56761332897121
5.839093519506595
9.62642470907098
1.7586703911858397
-2.744250116143612
-9.900491841497784
3.010672727925593
7.1460380555883205
-1.6298094248549537
8.218630901431894
0.7610688511998873
5.249517465414695
6.067621727384145
7.348942274602457
-1.2634546208862805
5.944498366392935
10.208620662115669
-0.5269313012774255
0.846514075460219
5.513141430172574
5.761143551549183
12.916866286955418
-5.758488358637734
4.156727164256268
4.746716044715568
6.1103324222017985
0.8831988202453609
7.3104955902460524
14.30515326471
-5.083965266160275
8.853192478125285
2.063006449498099
-0.6614468140376917
9.91451234999952
6.898689135580598
15.192303364232508
-3.282033309308898
0.05046165474613673
6.131830316132352
1.854893245754818
3.0394867213051957
9.232686469999031
1.2600982789065698
2.0213907081638816
2.93189356167601
10.274677015010402
2.866256063041873
7.052706151487727
4.744614429837765
2.251830223958051
5.846461860552595
2.417280958789764
9.907467598099785
2.373478916610697
0.02311166549469368
9.494118232373312
12.477150354100441
8.907815050258378
0.5397149698752965
8.571363791178104
6.749954291981794
6.73968724332828
8.242447565560731
14.397164653373
-0.40053261749075375
6.748616803791415
-0.6525384424239107
12.075602413359318
7.893659401633007
7.083593181562031
6.034106656249211
13.155857502956717
-4.849838667734339
5.640450617801145
11.022442527135533
1.8403946544213712
7.695322680077885
-1.6457333331593298
4.854209424914742
3.3977487051335005
5.050702363143834
6.765475512309923
-1.1997838647955454
3.571808965072734
6.228334735893482
3.314898669978437
11.32958278197993
10.093096780593935
4.0870785741077125
1.055217262346769
3.10033171391188
-1.4249803198068305
4.182300952310213
7.05424515437096
4.493848566823905
9.321219394212322
14.621971922538064
1.4400463127336578
6.576654388599023
8.74348946094844
15.107878840161426
5.05111030724333
14.746479225986363
5.07764085118146
-2.38216470389441
4.373663243462237
8.66810221839441
-3.3278114411267357
2.1520383500864066
5.095635089845092
10.725354124287824
1.7228025892856993
2.314793239172884
3.9519945167477113
9.787266583239902
0.602056221524887
4.255790500088863
8.779872114224931
7.109695768755691
5.122621401258631
5.305326042297217
-0.16462821253283355
5.279238262170229
5.455688725932806
4.8180874295332865
-1.2460281610895763
8.057090610213631
5.388837627764039
12.501528973074008
14.416682919128206
-9.635300589760995
9.79941426283348
1.5933428864611976
3.8836526448546165
10.031933377009022
12.139872617818423
4.313506337600454
-1.1322867163929713
-0.29488562658665884
-5.112547868969411
10.605772402780676
4.303470326383481
10.655593066400758
2.978225808317821
5.236802542223748
1.1244308244369594
9.999589816106129
13.686335005425528
2.5380209117414982
-0.4148124248292344
6.7216486077679685
8.841516528053948
0.3814053876626762
0.517953389485418
0.33391866499311895
2.5733765027188
11.532210546467065
11.204139055894569
3.787916966918983
6.737351154536554
5.561783987718365
4.9766469621151
4.571548390070795
6.775073079530707
13.67422522282117
15.03154717381286
4.485666829001632
12.428386959446483
7.297684953244707
3.5854254294663974
10.834396300889438
7.607572427132503
3.888649392749687
8.26599871119639
12.966116025012987
15.976174095536628
2.633547729866419
6.098187285513238
0.11146925939878782
9.37742218367853
-1.9752048102124284
14.883326422271622
3.0481915004503124
2.5971881130773524
2.316575071542768
0.9828625012332282
15.558319679309765
5.11329706575655
-2.289056724028046
11.069831518708025
4.700024995566645
5.811226868547936
8.896581775700474
-1.2986999658605303
16.718323001077984
3.5643328233331655
3.062698579464773
9.767784439388336
-0.12431601159930317
6.1487286557395056
10.164751638513884
6.7138349960339685
5.077318920720762
14.960392110062623
8.718051503091568
13.383310973847843
9.998244433296264
2.5144525672084486
5.24297294104909
9.602493393825053
6.238796356403418
2.2780147188405846
13.622499763899171
7.24998178295372
5.722268068317956
-1.8993010264646069
6.144128012726519
0.9670890968170442
1.466600253797595
0.1979852337097454
4.58631527415438
1.961191037382152
0.40596673510949444
7.729218744120326
8.904527273083803
2.0432506254473166
11.122777579858901
9.230447264728191
6.252519250608643
10.142202775534722
-3.7682080996312965
7.719381752889896
8.620440271437245
4.339305211952204
5.929236898767294
7.30293096711475
5.161394412218003
2.304838526224454
14.13191321868382
5.1337151784410935
9.352667215482963
7.653113797332372
5.993130258497604
3.453081032727603
6.848264549251695
1.8648589341449746
15.217309951149177
1.8141215368579262
6.098115574058009
-0.5458591720715535
7.285758186390359
4.533515052167171
16.733840190736657
5.3764271570057005
4.822261482519456
-0.15810158978019118
-1.1451072495590227
1.595400760265926
6.071359476003021
6.029432658402201
5.560944444329506
0.029058304539856472
5.5136071568349365
2.19102746315166
7.4912705698715705
1.8490035588362228
-1.3578901542182455
4.430378792867095
7.508630231164254
1.9704846642122087
3.109459250903889
-6.156898192376788
8.91576958708189
8.09354973755994
2.499842630660934
13.82406284499318
0.2624230993185881
-2.8959053916901
5.711580810621866
10.003689213329778
0.3847321971869837
17.231767823508147
12.093111797867406
2.5027017453252838
2.399722824011288
19.848103978111688
4.978054911975255
2.021750157277456
7.436719181382614
9.22451119463199
0.4598032905838427
-1.3229569471528864
4.832679127206537
11.411813613082346
-1.464893823650046
1.5720301393472513
1.6017878853054555
12.507561500463302
7.180004878835694
8.49634141571276
-0.8145127204542701
12.069849513721906
3.427461251513184
5.229590745929324
6.223829707992393
10.874925873911106
13.921703267214255
6.9299125066058265
0.922467997501407
5.6638953212742305
5.058425939774343
3.381371524520416
-1.5138030368942603
10.325200220300966
6.125429644844392
4.802793936088494
9.00418029215044
-2.018434325636953
4.4651679673684725
8.44348873472262
-0.03664760044596527
11.980880799246286
3.686466255427159
-1.171719375613379
12.80250657699644
-0.3665394667855204
17.978038504590483
16.65861849284095
12.359670180855055
8.925257784267902
-4.596074074446506
7.941964917755225
-1.4473602530279503
5.15624509544453
9.555498377225238
13.7565640052657
11.301862565368065
3.951935281112839
-0.09866740653748085
2.7508987293493403
4.706683571449633
9.77429073686
9.22775698108313
-3.823827842464742
8.3425519288799
1.9615269203770334
-7.60984517215504
7.61037080164221
-1.520004331618682
10.471474882013709
1.9884957442911841
3.5625651124761415
2.2728068163526194
-2.2185456938360275
3.3101236825689524
10.626995308850102
8.079818853253688
8.518601825323413
12.036363650676183
8.86482939173602
5.174965988928251
7.501096604747381
-1.3376793785196401
9.828880500660926
3.0620487904482334
-0.38005750227195634
-0.35810475052129753
-8.82938401564333
-8.257821399609991
8.35300778782249
4.614461386442194
4.40295682253149
3.503028880930029
8.369318532642817
11.395304358575054
11.359924130705803
12.482656445354793
2.4937438910737884
6.601431850715859
-0.0029383015734474327
2.2196450945812067
6.5730863781852955
9.580095644886129
18.497730143400663
6.533567146620455
0.5387949081857109
2.0421927886305316
3.4656935136744025
10.865905850971561
1.4563737407644233
2.9483884975085313
6.148892671193789
-1.1117196990352793
7.467986452685993
8.014128215692967
3.495973050476745
9.408100497742575
10.451420950123191
1.3361473533239838
1.8825008172463953
7.02561191376474
7.264536845428581
6.927894361958009
8.75302971111996
1.9086183800892318
12.559723678532382
7.531030185782617
-0.22595152053359957
2.6808156471121167
11.643910549215569
-0.20046303392439668
6.921704937216031
6.18509624694464
4.285810677114025
3.2319632323384386
7.755899687090912
3.6436138614077094
0.34400930927546547
8.38353763551433
3.5221177280276024
5.589492507460268
