5.307463881496011
1.9945038081898545
2.8925943278645505
1.993539373638244
10.589773769898603
5.614206379544351
9.681168149670496
14.754519362236149
5.942699046768669
4.20496607401559
11.24338811611964
5.965197261079589
9.49597260053298
2.784711319048345
-0.1586393196570084
13.54515866217567
2.4041880467272208
6.681198713535791
1.814474178495125
11.282868965108154
11.720895797628732
0.4207817235809941
12.525849667477502
5.946886914865426
6.8037183971941
7.081384450434754
7.12698397207212
-1.0622667714830296
4.06300292061678
6.567354858252623
4.810533106583951
-0.41662093104443265
9.293226005163694
-3.232600489022616
14.250518466497725
2.0198056949110885
5.088111773479556
6.839233829855025
8.83672230139233
11.322841491591063
4.796828318167144
-3.621093923875833
16.006037172471615
5.957900866646611
5.247913914839926
3.964014764402162
6.754681488324554
2.172448661954578
10.270674877895221
6.3625240730096495
12.4422802607776
-3.322031365043495
10.06611337463837
4.334855809249736
11.978771796897476
-2.575885684782836
8.300126687290067
10.72470695482586
4.293475018630908
4.09987459743423
4.641567777386393
5.218201637297771
11.290102626218536
9.227191250869273
5.1271731667344085
9.931576584931847
13.829193819296673
4.369704308196556
10.175178827358913
2.7054982993549124
-0.33096774100971427
10.38956544254901
4.9379928434695035
3.656376480036246
-0.1886184350906115
2.004943437592336
6.527505689886812
10.338375788241166
0.5190168901079071
3.306564345329067
9.384703069139615
2.1860407756893276
-7.152893596833842
14.58302447566939
4.349578604608047
10.656486883279824
2.81670660902567
18.455748145388355
10.218766953603925
20.09195486715614
16.193465377340743
-1.347017417026307
-0.7512912142611139
13.081568751738622
13.429405277654787
-2.1193814429476774
8.789511977986365
10.87200681973799
3.713848806328546
0.9895237302949909
9.69471370493307
13.818269799124566
10.05761248582577
10.086232678222398
-3.205487649306935
6.409528216596326
23.189108882392304
6.117431378905966
7.240507773242249
3.1289485416191005
10.678408152036873
8.082562356369259
10.289140141666909
16.12502890573615
11.698411940697262
4.719929786512584
3.6077145188441144
4.300430465480762
1.965232049231294
8.702215678390873
7.901994731981581
-5.440038377677869
7.317333794983866
8.23365325147825
11.576702227038107
-4.137690643394562
8.577887474981138
8.471548021381857
7.7811948918533504
5.4190281603826085
-0.4160753403912585
7.6733002122593765
5.768544967979955
11.909725417461187
11.445535402144362
14.619649533820954
4.44123107622798
12.646525440895768
8.235544966548137
7.3067248822367015
2.1414089951306687
2.8262009887393815
7.166282592472442
11.220919803956145
8.431153344128312
2.447776878038108
10.304169787592393
0.9317935492848619
4.070441868065231
8.858839355651387
9.563545391596659
2.0587233875970568
15.075967437182708
2.8937159288190624
10.351974369210332
1.7204620653117866
12.49708807097661
6.145443450200907
-5.948157558907207
6.471010685110348
7.330445838404307
5.328061021188
10.491921709770374
9.148747727382373
0.8891519235948255
1.4524978161122473
1.5181110613635793
11.054440323419445
4.031415597792767
9.004799976317967
1.0349732994455865
5.554437200125646
0.18995237238288976
9.88303791765142
2.1379763957982054
-0.43796031899877175
7.115886986514623
7.35311270632806
11.575785064761186
2.6180716942307014
5.043761903671036
10.3250007759852
-0.20087805144084392
5.739767807753506
10.993076572780751
11.698675204598057
9.008471215253378
6.812167224846133
13.772960647703464
6.9048638078288676
-0.8004673475432682
5.27487230686044
11.102554215160694
15.9293236256252
7.7482124761689635
5.29836486795045
8.417838020714829
3.877423946047576
6.9443054284766506
2.3240241110466977
7.576796038719687
4.790480475732243
3.4497122020103945
0.36126993994710244
-0.5338381641176113
9.490848315487277
6.260887361175613
-5.480370733691011
4.680243288940444
6.771501370110324
-0.02724235291719701
9.23474730466205
0.16895219696815023
6.452266501108459
10.496449697559795
-2.9475398529921257
3.4410913080054297
11.921975407184664
-1.8088157816252322
9.825440030012665
7.703217682791254
11.37407178509341
9.238464293246151
10.703985616939262
13.45862222150192
-7.384296151145152
0.04482211185523255
1.599131125159313
6.004583062520959
3.9792319386296593
3.500305130348378
3.2681709944358945
2.8124710248523996
10.98583710024588
7.459051764949773
16.220059106679926
4.655697705097698
7.0855901525596305
2.023807308412468
7.384464685110986
3.658214729002058
4.81001186379903
-3.158306912120329
5.673638820478208
2.8074374574412904
5.1520416605116
11.781405132976214
-1.8867057399311484
4.762932349939297
4.747442684178365
7.208860988601234
13.35837624767417
9.115740424397734
4.868465507208743
2.1957667143492396
4.094529656671743
1.400079596316302
10.93694044600816
2.276230964583192
2.954172045792282
11.918918903694259
7.496964353977475
9.756456306236919
10.076927245186583
0.8964956185086912
0.5194991876151498
1.2978520733273857
3.882537638511829
2.9212239282061914
10.986664034309145
4.415287754134992
8.55234697822991
9.105065764121019
0.7451724998718303
7.016205848689517
10.572508530415114
13.1138767718138
7.28622335054264
2.600842869454977
3.5336773509786763
3.5352821890102106
8.576352830275761
2.79286944798012
6.380242363514785
0.6602064473530849
2.933124705343422
9.962804282263017
-1.2729716876598118
8.694532614686374
3.085965274341534
3.4506034360372
3.2793504676611
0.040134850386569276
3.4405946201142825
6.777491207522817
5.64127806239963
10.030197956396002
-0.1296135146904982
7.116517710718807
-2.445696844032417
9.489857876563491
-6.1974573589309845
5.866378254294503
10.001147961608494
8.78009751415744
4.890629571998999
4.354197835203079
10.921721778765153
2.34511855561038
9.51508946635084
-0.1538063143066566
3.418845508927939
8.207163494014004
9.964912214071175
5.456675190471937
2.514219144539939
9.96168839109465
-0.37984850828980044
3.948245908514996
7.358017533723328
7.361170567145221
9.583595123193298
7.567557689919713
11.482992399036988
-0.38127023366012125
6.613982171932193
10.145299549087316
11.317932066269645
8.331054684978003
6.1035218932015045
10.30912265243288
4.767547457877507
2.900061430808965
3.150470147412583
17.222345351753095
8.406136249715397
4.131371599211695
7.953226681523363
1.652338441633395
0.5170981982287159
-2.541586047669787
13.875761814965418
13.617536838743586
-2.1175960801916442
3.3840106473478997
16.3545626439444
2.0988516168881883
9.768751057290498
3.623120724060078
-5.033895683220058
1.4198741386818652
4.16940598757195
10.01874508605565
5.96470162779841
9.658537662921931
4.705945427056074
7.0512446749082205
8.223614589552103
4.774496933184913
-1.1766847164116445
6.360952561482273
9.413612737197644
8.626501949633402
6.5049516261137255
5.993661744953063
3.5544594304653585
1.43209551573125
5.389247436160494
3.223519148775954
-6.435388465054123
10.512426074599936
7.69765152810633
15.361935809006683
7.123123881896178
2.4477388292031805
14.96964524827133
2.7215323588541356
12.587030365246978
-0.9001675862854608
8.580075780955513
11.002697985376265
9.555222985650099
2.816175042233647
5.029993311207433
9.664364418525011
2.951248854609276
5.5417739927641465
10.524015598585905
0.5962474095408883
3.5673516680178072
13.081438589896358
13.500336510147816
17.48750889977237
8.197030842403606
-0.8926725747648838
-0.595275017991554
9.243240746193774
10.591226355891152
6.721154307071671
4.7291136308955295
-5.273272878602803
8.185363994575562
10.853930962002819
1.7236349982548527
4.894174247033028
19.715543081359474
8.516060277818347
5.677332932210942
3.2593827756484925
5.105987460543259
-4.090006919531975
18.058956250557916
1.859745832068473
6.102449373869814
3.270341951530249
3.9878715483318756
0.9688222896385623
12.694405732775348
-0.031041983259795458
4.990061097159815
5.009629264272345
-2.1144287040416376
-0.3116637131177802
-3.0735800911760656
3.149921160642112
1.8135187806689208
10.561365195109564
5.563427582244122
6.067339307312176
9.193180687103917
-1.4981924680189964
6.696273816220702
14.402431089373941
13.105717792288129
3.3844386335696153
3.8323661985724544
3.7044351627928402
2.5155592104464906
5.852192722685154
5.241662794182764
5.31737278240867
12.329506681123494
8.790786117873923
-1.7781854057791628
3.230136221238075
9.914903398150763
8.355996592838324
8.452551713771056
3.630334469198716
4.658028093195481
13.90090048110912
5.056186169463282
-4.592866604129673
0.6236792603913175
9.24098076545054
13.189771026996864
10.966413957182592
9.846745466764494
6.781099612632634
6.571183056927398
5.683484898389794
7.562993387866303
15.338747060482802
9.184889356926373
9.055050818800584
4.041485949193643
3.804589700411438
7.524453113555218
14.008412400145412
8.372487490002472
-6.54342869672274
5.302855752651719
6.384990188099515
5.891456807936485
1.5602216121446482
6.695638868723738
8.102811161314769
20.262539755835064
6.4366950973321115
7.80601101820667
2.056535374732889
4.031617892228736
7.253759604195974
6.416914653566003
7.557198070441705
0.5472201154796217
2.269336563026532
9.9138310431634
-5.387717740763737
6.785756816974912
11.175216679584851
22.025138554816046
10.160552366783582
11.326958327529962
11.146558494074288
10.11302648954031
-7.4524068779687145
9.001007044470526
7.444172610273672
3.2277478733106055
14.669476878452278
11.873010903666156
3.785369931173746
1.0194375178906423
4.614619099745044
6.44615688035156
6.724637190868419
-4.06059696770633
1.6738404749451679
7.408988180805126
2.033573077136587
5.2376934499666365
9.989416017744322
6.438929498551064
8.170003625630864
5.969336175866505
4.6881087281379425
8.372088362381774
4.488501830444945
6.560228922018155
2.563264591161282
6.0010869253372485
-2.6168071809222493
4.38236783309018
5.276434781144766
7.707194268332103
5.777890271899045
8.67666640478134
0.8135889814408914
-1.1434741137206093
8.070991810433375
8.65025186705654
4.432218452552379
-1.3278329581042252
4.083632633465626
0.2026231601806492
4.521926663672746
7.498599889850794
8.041431384053288
10.398706279801619
3.21866496506123
4.400764178412061
8.317888468512132
1.2070677626377622
-4.238424432352399
7.922659197903642
6.169939797904991
-0.8445342089487529
15.53756536480917
-0.8522877693467965
9.045990858910084
2.1178984892805195
14.391428945633386
6.714273479843842
0.848599885245438
3.608269362717653
2.9872725553172588
0.01007970358134358
-2.656199529730566
10.309437182716602
7.126385822457404
12.18225117494129
7.763267810437159
6.257857079097802
6.875754804393521
1.6131123429403909
8.139821177183325
0.6990670010967621
7.740175885086097
-3.373842547415066
4.934076145426532
3.6357109553439586
17.696712867373982
2.298821983006462
4.665359746081577
13.364608322831504
8.167079515612652
13.614895968744777
8.56894852532817
4.652512600411322
4.391838800562388
12.084749596278279
9.514695085034454
1.939585144742244
4.9687174913791825
9.587686614053023
7.885776291629134
9.879044460829592
17.485685921697808
13.132551538973317
-5.05205395365426
12.480440037024298
6.257590104754088
5.784974292074716
6.325092538436083
-2.345656383206812
15.869075943985328
6.284624536748226
-0.16292099805688487
10.390865196345876
-3.8747667195701325
4.753608528862217
13.776790675741998
0.2128320310183831
-0.03118295344874422
4.5103425132044235
-1.8706456183031994
6.606865168448923
9.600921653932442
7.197917149624731
5.617207059690631
2.0764338031294662
7.945302408926463
0.663148443064034
4.129086166457838
8.541119055340086
11.163911581041386
4.066868422023887
5.481052415769125
6.537486617486024
5.34679676307564
6.2455176674504616
11.371743594328148
4.508837576149839
7.819626191608091
9.70687266704022
8.416469315160196
12.898040482406808
12.864841877750994
6.79206497078091
5.323519346719002
7.676137553474377
-3.0583144282520465
11.049012250658727
3.2798987416449847
8.64296905767835
4.01168526210045
2.6737461706286614
10.762103021947361
11.27469842960216
14.37641436851261
11.521684640907402
9.444144062864378
11.477318973183081
1.4512875948980062
1.8563834070761969
6.943038350695375
1.5370967357275882
2.449863909258976
-4.850816971075812
2.271951568848887
14.615541671205522
11.2028135081926
8.001249881773948
3.9099585401738444
5.083753990235247
15.182758624888294
5.080993050927598
2.167869913865332
10.10497689650983
10.001763351696528
-3.9064239568788395
14.435837591751929
2.239011218002642
5.529897553851272
15.86205396926805
2.2091169513226703
8.883692973806781
14.909864075901766
2.0398718548566355
-3.6358969388062725
-3.0483120859688384
-3.996765190884572
-2.5299347526908065
6.483007593787335
18.09217855094429
0.24954584351269027
1.5054904527135884
8.316025086229404
9.919326846783079
4.328692631003114
3.2889859512571076
20.392161136530433
5.022619311096089
11.519345269159153
7.63029610973771
13.609276773845574
12.766099963493016
7.904892108331504
4.62269498351464
3.8042927837086205
12.654145007196622
10.57592787884111
4.851059795032808
14.606730202470105
3.8033467908740484
13.276677988069945
10.631179667852845
1.526162898330223
6.697766733911303
6.38446133675053
11.6231056136197
4.8724012573861195
11.98305220770269
2.0212989459828523
5.088578207955602
6.3478121664089535
12.122848800559396
-1.5817088028632744
7.928010742986363
4.9914778280363254
1.018331679314893
13.242536364230064
0.6801300514477839
-1.4978676341493342
15.528573722117368
9.033890891135787
12.099925596507797
0.8358019082183921
12.932942862352222
-1.2809591622797267
-0.2331154591625877
-1.713527924598563
6.10377307699098
-4.8537281449766425
0.7066921061118974
8.106474012338278
6.882284395771596
1.031781436665561
4.7484862345293095
3.632409952021053
9.502639060502904
-3.46197933513141
10.543490288427739
8.874214476520773
2.9162215088109886
2.43711993185542
10.217295652286541
8.082252276884851
8.64317118135461
11.56110717163326
10.768179156967811
1.2070185508673497
7.51551488316631
6.855030533123953
-2.9101888559762266
2.8235824825306937
14.180728638073093
8.3097479129801
15.62113253841787
0.6633549380307153
10.306537998769842
10.690596885142483
10.904063263493406
5.124439511577627
-1.0470036386988806
14.148217317967797
5.529600542352121
-1.7741007265170365
14.280310467844027
-7.398716350687835
22.30029611796068
9.288770736626162
4.003498812517476
11.362753902203288
-1.2980902885141363
7.652169196414158
2.6946325478484416
-0.1053851330673341
7.565261224832257
11.121553605911235
6.116851419525416
7.0215035346203125
4.3733031211820705
9.886794479475569
2.152492100238053
13.81262852109016
3.7535497996494067
8.176530046427544
3.8597147164247962
6.689041189168193
9.038920988082516
9.900390573573464
10.172795530157352
1.8719243631148643
-2.2323148679705422
5.24358849108227
8.795504332038034
2.1186471717904434
1.9320659658870332
14.966168659518406
-0.8190165569153001
2.8293241127289237
9.959300431930505
12.217982358835629
19.394244909604446
16.391616710245522
11.408031646752036
10.136699192443086
-7.747737962379647
8.935178125363866
-3.7646046626942464
-3.125357461270111
-1.5178093396261954
11.851679010187453
9.749930838499608
3.4101354593284157
15.492757603830784
3.752642583442246
9.111227621235312
5.058486453111956
6.556036423936935
4.632466752237037
8.86674228299028
14.841155251059398
7.865713579122626
16.422982927695877
3.459120849498317
2.177785972559083
6.087418733637817
12.424419621047923
2.6555882827774084
6.500905325900501
-4.742717283299184
11.677984130826633
12.16300923277715
4.8635430746920045
-0.5471369363150851
5.5185085370197555
8.350785418032949
4.093122038305299
1.5526815169753698
7.562098046311554
8.069301563017806
7.14496130151459
10.124601420584035
12.671066615467204
5.372912466012049
8.836996081659311
2.6789151568117924
0.5482056496880112
-0.5801162394153137
11.011547098542055
9.64425414655535
11.207277025980606
10.906431025934033
13.284205213628569
11.461445645433681
0.6375633868629436
-0.4093633558838601
3.0330851835567616
7.363663160975907
4.246145029932551
-0.7638304612538356
-2.393261140256257
9.749101475504913
14.190194025175918
7.932942460381098
7.596667564939539
-4.562190614877647
14.930602897841956
1.1449682163116268
-5.900683656541672
2.2325542265428293
6.451478776699432
8.006392337726844
4.927954604699659
6.474243382524714
16.60256867712649
2.209127032199429
14.606670561569365
0.22596768635104958
7.727308472454537
6.539439414797655
1.222831514921963
4.15259559950694
4.877064943831371
4.18291859674144
12.503907667967209
2.486270039044861
4.058405837629718
11.182041436365123
3.6666023605259928
16.444935529167
4.4139954053018755
1.928401152541963
0.3135405504808926
8.216494335832383
-2.562632844431997
6.028612700353369
4.124636845907517
8.231374925334421
14.968103230739526
16.556572071111127
0.06864981401754822
2.35832933713728
-1.0617735823426822
9.977166065651872
9.506901515180608
7.096880757697759
13.816910826778418
6.301635371058472
3.752292241563346
3.214250587656777
5.0301437755510925
4.0149566107727175
2.5002899169592605
0.5889064119988268
6.884567811240253
4.893492355452289
7.514779209001202
6.039648955740331
-0.012508538402652647
18.488731176632978
7.109795186364689
8.48522926229868
0.6293377455251363
14.763900661417404
2.7318561590127755
8.379043157141057
4.143467787355853
2.712065679391819
12.54234905721838
2.1098650618636734
0.027296961600274727
5.134930517373762
5.11261981792679
5.874418404592799
14.649898849737273
8.33536149742532
7.662189906636273
1.523509534326406
13.91978591469204
-8.71980587480388
0.916813022290798
7.777381328016674
11.767051454824964
3.1234093840455555
3.4788835619376735
12.484217864827137
3.7173779128496474
4.5916593043764244
7.817141169603565
3.7732593398530407
0.4087907348051383
1.2774977466683595
-2.865786386600643
4.786734051462962
2.963655450643301
0.5563545000729277
11.238737259230824
6.336717220873037
2.40610518873109
4.447655258546994
3.0985726772899005
16.819349843826124
2.521210609276549
3.023014214438147
0.21051850625133284
-0.2635393761948679
15.134313562280132
5.186942619364208
9.881176114129843
8.234331748891188
7.21145387737946
3.3406902983621554
4.18743216618286
5.2331565750003595
1.5410600534322478
9.131893207489817
10.001250162248725
5.739842605300136
-3.9453625110185584
6.636126719470232
3.8526009575323816
8.197958629401644
4.918197334333758
4.334360123167918
14.182892521870002
9.588724604251718
14.443669820065608
-7.202543336433019
8.885871260068384
3.32868634526254
-2.7125364001887675
5.770675474454579
6.459886786977536
2.3151320735397727
-2.7320358874901487
1.9047446298618764
9.909185909141126
10.235664799695792
13.969941196564713
14.99524620815495
-0.043301350564329155
10.757799630231386
4.58893292336385
-2.6476113201543363
3.3458812142419303
8.043354492115796
