-0.10640066677463711
0.5693140073294671
10.822579738085254
3.493079418443494
-4.663847750668221
16.955008142492687
8.192369265170813
17.749694219460544
0.9077277574459162
-0.056909149092430056
1.0231495466157248
11.98128321898388
12.65027173947282
13.014400545541974
0.0323566589188502
-3.8524738158437337
5.175343292397406
-3.111511183626794
7.957622637555517
7.697707609481584
3.6883377304241574
-3.390061813237833
-7.557419278461042
4.275781377876589
3.9525353978437554
7.8899702642931855
6.920003256521198
3.578556538352002
-1.6969713637953134
14.43570201619425
4.4515178110989275
-2.431076913040208
4.377202076984791
-0.47283073572381706
-2.3077556465393725
3.993371722426794
4.5431049131179115
4.053557415783187
3.4415081753676517
-0.5440384010236428
5.809737375635121
13.58299447821183
-2.720539263436571
-5.146565674182128
6.416692077455218
7.4771145429154515
3.4163052066342683
8.968535122163026
2.9091065024966767
3.0262169732511213
-1.9839453688800273
11.810459823110904
14.938201258561921
5.11047157499493
4.748784449105511
11.514803343073964
2.958612898578285
7.244371769794055
11.714751997690076
-0.6520000261893864
-0.12155986901777815
5.490410467121383
5.535276228672599
0.5184740580876164
4.587886866401731
3.8497523501530986
-1.6562558512296155
-6.117433046123363
-1.7518592948662493
5.861812244397574
2.861076674510801
-4.510712330884425
0.2671217766715248
1.9507136090099833
8.970325945808696
-0.24390208528776114
3.4194523214305574
8.053501014466292
6.176510597147921
5.301598969200201
7.872835471995511
9.114581824998046
6.693041804391824
5.954563746553484
8.265059846989645
2.5846635829903515
4.613006022536798
5.682784320602238
13.26960287006553
13.596702086696475
9.26821454636658
6.834319016569241
7.811278013496148
5.304510483750839
3.028765781205074
9.367364845343142
-1.4453215123628969
3.8215148681547904
6.773012706050151
5.144836424325971
4.883577739257323
5.617057392986402
9.924909960991284
-7.697150087953146
12.085974872876886
0.7253431313346157
5.035140327106177
13.213043421722263
14.531327922894981
13.100963221028252
8.416728728476814
16.237327982776513
3.9661701722654588
11.283789580804733
1.0999057360197222
0.4991761684176881
9.913273025547896
4.954152361354028
1.2897345220898166
0.33219574596896395
1.812769500950914
0.5768384176561705
2.6015686983758277
14.611385826153342
2.55648550362225
13.383183604709583
0.00754030970102626
3.018811630672373
2.9843364190506203
10.815598959807785
8.491383920654773
1.5204388475016533
4.87527595255043
5.9625892182878335
11.515766633356488
0.18013778366480704
9.380080373543537
2.4829179087453066
7.366955661711036
10.00058155682385
-4.885312036091239
3.7051677634637814
-1.0059831413876328
-0.2342201090643954
4.586639286513569
2.899950224542985
5.5526092094718456
6.112345675810345
4.895387351276096
-1.8899017199070505
0.8318497545405767
0.8464966114978631
-6.498287524288504
9.327359153669992
-2.6731367401606887
3.739722511743909
4.153159356687868
-9.212324047350235
17.64925508406602
10.739822161566376
-2.9997917893638757
7.273352445547043
5.988778929556452
7.590288783651149
0.6037416646480729
11.845666685183797
6.848786500699244
4.445694583359106
11.757878495753005
8.249235383307829
7.6780738294212565
7.812768178716546
5.206675201394676
4.531990458375665
3.5499996116150005
7.108010449374944
8.329736851820753
6.843623687890055
-5.499902171948227
7.757644197931162
7.7043133123600045
7.0588126253916705
-3.1020704172150015
9.480515876981167
-0.14652276005238996
0.9437773982415312
2.497673735056435
10.818191611974592
4.111943513723124
5.26263221339177
-3.204878755901305
10.015473464680205
5.7293603299172915
3.952251108542062
1.018648894602955
9.59099886104189
6.370369530670267
7.938540729336698
0.624909297377406
0.7222311920820719
9.851714714433527
-0.01698725579691107
3.023681968718644
6.6897777657966495
-0.6866509232632927
3.33613859599044
10.238523697038515
-1.3307312242504468
2.528869883853536
0.8086952432269277
-5.457556228144979
5.2519499254087005
1.92075871631784
2.3558066655272425
2.3465006496079326
6.702175318781642
2.7077756719665933
7.61914639220375
2.6985263151220655
-0.47708491753322146
-7.309621803786229
7.070444318446464
11.578825384608413
9.254842703543712
-3.6055426337635836
-2.7361233982000446
5.687035454932896
8.243568923133289
13.612093478402144
4.735398764696534
5.06359836785851
7.637580947115785
12.980763230306739
-1.9443126880766064
8.544404413503964
2.6102843447590622
2.6205363965753223
6.100645053263522
-3.3848573928044177
10.856378519205654
-6.684621066732797
11.733908827892634
4.661583520729913
4.571385040003059
4.298378564982471
-14.22167239864428
10.169489923150746
-2.981243224568974
4.100994844416873
4.672489932970771
-2.789860097253218
4.030376181973358
0.9347050120582416
1.1713562862583577
6.034819025421085
0.7972863402905461
-0.16211713157189056
7.281704572948511
7.578099163388404
9.573539690176244
-4.390819840708238
2.1429982075042604
2.5559194985084424
5.9112500246564545
6.872674405700488
13.55442415114739
4.632502683107184
4.648699146862237
11.302572299426132
6.400911562268226
14.263365643941057
3.422560212559528
0.11498957535082166
9.24224396435933
5.87349770958068
2.809512093078316
4.450465867498917
17.07009075033049
3.1869518633004867
10.430205919980072
-0.9834853282333098
-0.009722678446837385
1.2186051926232158
0.9915423418037212
4.465211771091589
6.7240211002508055
-5.8569559957662385
4.37458785097353
9.954429565262322
13.619500050897022
8.633632194195322
3.1864691705619563
-0.48455502260526906
-3.6623209877875063
-6.366502217827609
5.871082741354036
0.786601008443047
10.708169412496812
13.437327098520672
-0.2117649782786506
10.911499750689238
6.098608594730914
-5.955720675465903
4.03743061570491
21.051616244968862
1.0113282980785319
10.053824258108243
9.037088386353116
4.913895000284127
4.150154560392549
15.063697514591
12.637068885237081
-3.387170137101478
10.304025509964337
6.532548791188036
-0.892472493471125
13.203177248129247
11.316811671450026
7.9568848540555415
6.423265822985375
4.396633405670858
4.751122938372459
2.023555131023908
7.1119658786329385
-3.7373176283943756
10.902080626342798
-1.1354859345569057
6.287953760370606
0.9052711499507358
13.203340403651538
-2.382798940884464
7.709110309968144
3.9749266328328994
11.919163310920599
9.258552032183006
5.49664470011753
-0.20103465648918561
15.07102514897873
1.1296407781516238
9.031924324689575
15.779229728351021
6.434057558438774
10.447864478899145
6.314728604140791
5.574613764083416
8.660306348052247
4.281212280836859
4.454737708522327
4.325930824549592
10.52358144121688
0.6913575274704664
4.683937594171796
14.882357147511295
12.501535237659326
6.8862663931625265
-1.3527164492961923
4.812787567639691
3.15425807144469
12.150245908910982
9.790210592570734
1.617568375235881
11.534267905350351
15.808073179879635
2.2852529632933654
4.177457060143112
1.996959808024953
-0.740128669851452
7.2154704856150085
7.850398852266892
1.0306833079601154
-1.0296848613864782
9.910568280402071
10.71553172286567
-1.8455863098034948
2.6627976853751534
-0.004722715724783555
1.464019431296883
10.938807760423913
1.8305433735391228
9.76351745913249
2.1571566111715135
3.8882670098953147
-1.7355877003375575
3.8917833321712365
9.304341534365587
-0.24426290221077185
3.5754338415168445
6.729206800154744
-0.22993804903974358
9.964460597328674
8.033235667458538
7.250519309269252
2.9295432683254927
5.7577287030468955
4.307378475750617
5.733617412153313
0.4434203486407511
11.021089510613546
7.4244197978505575
5.180074323045731
-1.0959329059938483
11.993026687533511
4.547890192322891
-4.2824332620869345
-0.6259114480793286
17.108020136015774
-1.3670726930993258
11.29236455183681
1.524011762172036
14.320373596283105
10.023203865382472
0.13794210097580528
-4.622099281094998
8.820141291319786
14.152572122746413
-5.157294398022883
7.343270070970706
6.853367238736827
0.994482821858357
10.426036464871421
14.4153302311232
11.21149719148053
12.161762053670042
6.468108368568734
8.560011557318415
6.765418910057278
2.5295444506012776
9.097368585175708
0.8133055939829408
7.653157805844746
5.141766853992721
6.112745629432034
8.027737647466331
5.183790523954788
7.583639987323407
0.828500291151415
1.8018501091294583
13.190368148240733
5.1250285847447135
8.04239261708133
-2.3040281363541295
4.365298350405599
14.945637440614433
0.15209687808803896
2.341960691546884
10.275000242462498
3.704079941775488
-1.5877633438506509
-0.5164638225404454
7.985853844437391
5.80485802798143
5.902431696386977
7.1379500595770295
10.295065475865652
11.56247857022396
4.947836590645604
5.336787875933782
3.8261439098462273
6.589618165815718
12.54510022788045
8.017264997785901
7.324889479200325
0.13425159103825446
9.59887353394202
9.526520417041624
12.779646535598836
6.000318881978364
-2.9663481306363266
12.61146623281941
-4.871004108865548
10.698830261261703
14.753117945575873
4.193727378114861
7.172334515216882
3.6296634679881445
0.5077803936184004
-0.7671960029964868
1.9882320737241974
9.182585199729962
5.68696574963583
3.8208943194258618
7.355026377245329
9.81253706064412
11.0618922994021
-1.4938063892269726
-6.591648251499272
6.699578012576335
13.469707510712553
9.15675365529783
-1.322301942406166
14.093522072839292
-2.308749774174622
5.086477430927843
4.80653036635159
5.983861584599818
-0.12647318803811203
2.336988761134319
0.34330368369213815
13.645077503677763
8.080179193071206
4.2829023994189255
8.649379585107367
7.083661632396503
8.812669338034976
7.449507645183591
12.401910045582921
0.8576643417516236
4.158633150971573
8.676249886780761
11.417737285814294
8.479572638442518
2.0133308606393463
9.448383462367756
7.458745977600859
-3.401420633777457
9.095194227939283
13.648996854690235
4.903076543173411
4.149011536288828
12.646991343047514
0.23626707682471126
1.7388033869343507
5.197620565642373
-1.7538604181006816
7.264350277506068
-1.5948241511082246
-0.8352492426255775
-2.5316105604559045
4.902028935391875
18.59491870444426
1.4092471162823998
0.4158626244488408
10.21133512283285
-3.3520327465338706
-0.5004772021465715
10.038138376652093
7.879324156626325
-1.2059572902864915
3.1052724673494523
4.619746813636775
-0.11701668540112475
9.514474975603562
-3.8575282438283427
6.451776750820997
5.298300437174454
-1.4937134875486553
9.745577107823744
-1.7070990427694177
4.37240335862068
9.51640774790706
4.369379571568323
16.193259849116515
0.8213636169348657
11.056298610729204
9.209863315440565
7.006098543356191
-1.1458666233008712
9.924356505576547
13.126556198541046
3.489139651439264
0.8128568104244973
4.62878562024874
6.665119506316722
5.300087410464481
1.275749587554336
8.708859796277915
9.305608471525337
-1.4830585793273112
1.894026535482888
6.381086794306427
-5.149792904883254
11.294588934176332
3.8727512215255047
3.246530308176725
7.225236218489434
-0.328409344392143
-8.237303634795175
11.861237132224153
3.6475969059597992
6.3564090522674075
6.638167907364999
-1.9390273171410115
1.7414157364433605
-1.7236864741569073
11.160990050658894
4.795194147171903
5.686430919003034
6.532535964258992
3.2171930249115013
7.578150266620196
5.900507359294922
2.184848797826408
3.1248376043399064
6.058983918256304
13.61085782562549
2.585074657934841
3.082510025929502
14.047703974680203
5.511349064087651
6.107780301877287
9.762207899070255
-2.3902826447172503
0.07955818523388647
5.947351311860756
8.563920443679237
6.095314278026363
8.311350284731418
5.132676187124642
5.601495984847765
5.556498709275116
-0.47981605833249485
10.09811171104687
6.506755132608638
3.079131189519712
-4.845119950135306
-0.8881794406935724
8.266298508667255
0.5947221162997902
7.602518434569843
1.9224886770197114
6.367783026107274
7.497395453091279
7.121832702042493
9.685265338483413
6.175145672257485
10.980137357625983
1.1179303200939432
-2.635891380298289
0.6632748475465595
-8.261636685476772
6.754372637571809
14.721396996964003
1.88975811085334
8.275282589355928
3.4584872289377135
9.597301576668691
9.078034847877763
5.422819661760846
-2.4265578093632625
-2.1166228753577467
8.523696076139235
11.880702371295316
1.4914655621134951
4.945357387008473
10.74848653551514
13.371076074266632
8.829682807952164
14.668381895215722
15.602380216522727
9.85351617362797
10.626726352421072
-0.044856035267409666
8.67620900399012
0.5930261642698857
11.07794333812419
2.4804776930547807
10.848843801603241
6.057966069670833
-4.510677923187892
9.44998033157692
6.546735270362568
3.644025309439579
8.209947089178002
3.9935374007416304
10.689011464549726
9.400327345585328
6.140621543588681
17.322397337789425
1.1406873619978168
-5.551681357785339
4.475523465607368
7.125756960997729
1.482313379120944
14.40322315995293
-2.3212371344187988
7.83933532577627
2.327889582544762
0.11224652470488294
10.346315664544212
7.780761201784178
-4.329021050085844
8.845989724227323
6.30185371703643
8.608066977403729
0.39125630890359364
6.225135651317772
2.0400082747967074
2.061272679064883
8.12658677133221
7.0048939606537655
-4.844865004159606
4.558310581706006
21.35210433977078
18.12723701264929
1.4614514625056745
-1.206381640741074
2.5792927380734567
6.811538220501946
11.282264417579412
-1.5650739397257003
-5.807765474916536
1.1660850539101257
-4.14728513990973
1.7568837541522146
-2.7823082183397148
7.79516253713854
-1.1914218792073497
1.2516412047841379
7.99253474316658
5.936215256252764
3.298360027110521
1.8333907888625474
12.113559188484167
9.547403996820316
3.8833035067081227
-0.10407086124446963
7.127461375702445
5.4268720723854855
0.7276115752737251
-10.81230687680726
11.28837985473389
-1.3850346116538437
4.93938834811608
3.1219579347313617
5.741297075020218
3.521848607958539
6.92740854443024
-1.8542372543241816
4.229200558412579
8.43948872326083
13.844394260551137
0.5276096312859746
0.24546737221384607
14.109172507422278
19.737143617676757
8.546782546321317
-0.34125935926212847
7.428731474729448
3.1154126194019174
3.6238675525926785
7.475360909511529
0.32386618222988517
10.641667024521595
10.265254483953946
-2.4670133285022775
-7.32621267291319
4.9817563065397925
1.3094398719413487
13.29822067801144
6.725511786797335
1.9209956640334243
6.583629757623367
2.109771433659345
8.320205462750849
8.897595709372979
14.671658117268775
-3.021276422156542
-0.8034297283098395
4.070050381575044
-1.626009948271327
6.826377617499407
15.19379914888724
-0.4147464520586839
7.211804901872587
-1.1084626213255717
0.7890021266155296
12.543677992708279
15.719900081752646
11.457009363810283
5.42370778824792
6.204359340682784
-2.4299208964896835
3.9876765068618987
8.615950980111164
-5.65187633102825
9.012616259028086
10.731919653495872
6.471319742308481
-6.826199024336251
1.5663980870305902
1.4701748445265117
7.384243415829152
4.367410012032112
-1.3289514755893794
9.07644275330309
0.08200815788795701
7.12841947659899
2.638783344029798
6.30410861307476
3.9518014587717034
0.5092206928736014
3.6106174850138557
5.724982301099351
2.772414831016766
-1.1074850175664235
7.026376026366284
5.732182068871258
5.601428661783267
-4.365387557630141
0.9060787366133352
8.207431637107877
-3.036185885336929
5.5722501013744985
4.73909059644301
14.898323059689266
5.501469013199182
-4.04930040705006
-3.8631938401975674
5.209744305642588
-0.8122449459003276
6.78517021249495
3.3137219594841945
4.137904644461569
7.498102441260303
-2.2739958789082015
11.2696097284566
4.599726172767417
5.501915530459996
1.3775142699583496
0.2837665791045634
-0.006745134623304061
12.265806587219236
-1.5345547964981279
-3.736014337169113
14.897647462066928
-5.685280266659982
-3.054641952371097
13.182134043684052
4.563156569559246
3.48624806676337
1.8409836197649767
5.34912799109167
7.643505171046936
10.132865224650438
-6.842416193528983
7.7048668676654515
6.552991627368411
-0.6938955342863347
7.501700050113683
10.671814146159887
9.087638850151263
0.014043149462787508
4.354129173267092
6.652527487818419
10.661140648234536
11.59617949432492
15.823245649572582
4.532259220734997
18.05247179020036
3.0060926871845717
13.030331811549889
1.9676755709879297
4.714769814703136
-0.16653494101547928
1.8208836753986715
1.3064153704831336
12.504144393942877
-6.013058448320866
8.441570941931793
1.3360175446095308
-0.09214513475529529
-2.258221963431777
9.1655255173132
2.9306442836350906
4.052262156800158
3.5880151695649705
5.227459440661618
3.2008892767832617
-3.3425193770113406
3.339254646615791
1.8325910363712872
5.593493465169348
-1.26956083681846
9.96856361389429
9.240956555387319
-0.687614600787021
5.375397391909319
2.945438521692365
5.063042534670229
5.443047775746771
11.959163455949074
11.347975519603485
5.956966927048946
4.903149515569242
6.996760089059572
2.0766077580520554
4.167415385504371
-1.8611594004360024
7.274904966020356
5.012318661876247
9.521128627603948
3.318825135391045
15.41301886594204
2.031242105901251
2.14635268154254
12.050240758871054
1.1136576390192614
5.666549327972268
0.2847592642420915
5.270643397551683
8.08435865485895
-0.026561102009504012
0.047816815029736226
16.43116337998986
2.5957271695728226
13.960342260819015
11.016035308768561
2.953488812522995
4.409619394994067
-5.668098622920105
10.080545608690969
6.489310665539357
-8.007115136423499
16.595037915052615
12.443003417215696
1.1521808632427337
0.6755877131585071
-4.995788564497712
2.521973771780604
5.490420874845921
6.203742711369225
3.255816981407631
13.700840925042167
3.4266444321477523
3.895610124331948
13.67259042323369
10.157121086686882
6.6237183318817445
5.524745283566114
1.5687888867820377
0.7335011902578197
6.8709594788285475
6.386928487710036
11.417361380678088
5.77893728969942
-3.6133124687079246
16.055283403156658
4.433370175026288
2.805184688763741
3.245253508059255
11.12170985375704
-1.196732349282314
1.7640528851631294
-0.6086103919979555
10.611979872219337
7.63077686059356
-4.699424290869253
-0.5590405639312266
3.208007630340393
17.687500669622388
0.11434916361053915
8.923730570613447
2.2104555383533135
10.832363563032867
6.763053989196784
-7.766231092666507
3.639351047186889
5.0614070410138225
7.697953431826162
6.2764549560901335
5.41645242327764
5.111954258854803
7.313160533849985
5.915552702857965
4.8699584038731425
5.366969192320631
5.20640477326859
10.708571735193352
7.452152900786236
1.3394977643116999
1.250615976547154
7.8855853362344766
13.453061989402592
1.8804263214549084
4.454297570263259
3.5859276564898686
-1.837212125158806
-1.3845952450048165
10.670335263367313
12.435328358558845
12.78443547162523
-2.5131673736864624
11.584300960359478
14.69296981927184
10.610092998533782
-2.402861934516622
8.582407847527303
3.5037651632876643
5.5112671172291625
15.63753553431132
4.941813429801753
17.74762644864564
4.248118027926265
7.2114430051384995
1.4506996140880162
3.3423888660556904
3.4052002053439154
4.67846911332181
2.5741503081909336
3.4855888681494314
