6.711521680667996
-0.2235429950154968
4.272160378303469
9.580237551892152
2.839113214916129
14.464056067517598
0.40535181682420784
3.6008150041559244
6.51661135614585
7.999550148883274
20.15430965170073
15.668328223823067
15.309036530397284
7.9497364035376155
9.642022581830322
-0.2742163093670502
0.4378936213183664
6.068034124901484
-4.500049962233319
9.28969690480687
7.966126617764056
12.220403833564077
-0.28456097104251565
-0.42830429827485084
13.808850294773183
1.2908475336705907
0.8232076422264525
2.47238698652595
9.229621971290975
7.720837389386153
8.873080452721121
6.708328276770827
6.285948721648057
9.806408883609084
5.849521003421129
1.1349881248979585
10.038453208041103
-0.4436550457122852
16.7926391556046
14.626642443635852
7.421251149785622
-4.924268053663395
2.666191322489185
9.24763782385516
3.1179791510184947
12.427848852508863
5.1177332618793585
-2.9447579881234702
15.282355590611761
8.447865679261367
5.528316827328129
9.688414030539612
0.9854583809430233
3.365253133956837
2.412658345914963
2.6161854598037757
3.0391611748395357
5.834417870432214
6.974607403199335
-3.682393538367805
4.9316682930011195
3.3303713466647875
5.886658207900784
6.1653489333819715
6.746842609496283
-5.457382491685594
5.308685501733592
6.410062802367757
21.788298900274288
3.537455964599995
16.681610258989092
10.30410420914001
5.471918318720676
2.5569790889116115
5.677973238729118
0.352863383589054
-3.9186484132862294
16.35929600285884
4.320931771827347
0.1401535783669372
7.649477980585259
-4.40143504223704
7.755768825018407
11.142859976030511
10.886569457265537
16.600567123011956
-1.4488518289550836
16.044388654976633
5.069195697496908
3.0208937442681814
6.078355526648471
14.36694470908319
16.219425648610375
5.072185853337986
6.523189293373568
9.874510270014438
8.640636575648058
4.566674699660997
-1.7910590099473431
10.873846737279568
2.002715747509411
0.5486961336387708
-3.996773151471084
11.119153967764973
7.2419889344159465
7.629330635544745
-5.865475748093257
3.95802034440521
6.283174818542335
6.703556970404238
9.065765092701106
9.440060707728303
5.8928084430723064
4.807417566722513
3.6793934320646096
-2.3002083836582585
21.555616518360907
1.7518803842426927
9.69084935693807
12.979232600779127
6.088728910116431
11.262738704394597
6.8993025976638656
3.206776041356196
4.599713408561231
19.84064122684784
6.683907121675528
3.042140195008252
6.678165478216516
10.922296281832786
6.922948092860771
20.92104438613176
7.5064014950379425
-0.18553907217026477
1.9187093647906686
5.536243751804
11.184221640082098
-2.663881891079267
11.360680772141642
1.178101440008394
8.951743327781521
23.91637191975698
0.29169239177803163
3.194978568329576
2.0158758198733415
18.394577041206688
4.432707421543641
9.255543249875867
2.153370909470406
3.0398050082539028
14.183217694666064
3.6709054734527755
15.196621237494895
-1.3656826412372283
2.0992390950703466
2.162245147266027
5.281872906676138
2.773085901701899
0.2683654305210661
6.856282225457575
8.251295947959917
6.370309300995806
3.171435770660317
0.4135372558139103
6.677040527168623
8.117593778890045
-2.512623011139828
0.9486262891961585
-1.447255756626971
8.516962011373131
6.596678437991975
5.693308207156804
5.0520554407127785
-0.0779613979547431
-4.361391014421368
7.646919985454109
8.502510464221212
14.555208951897018
13.52820361393767
15.363524974481688
14.095349038351353
14.614776155388844
6.574620956851196
12.482006593754605
4.3658084956808185
7.237089495017022
5.354452499028321
6.6448792149415254
-1.2714133555597726
-1.6633989840915184
23.947056139017363
19.02546248440614
9.563344953434301
13.235591058568598
5.6907235946768155
9.47785723623508
-0.9753467748981253
-7.3800110499732785
4.745402428007533
12.380403072558346
8.493918271886953
-1.670143408566556
7.7057885914788935
11.004298023312248
8.288007272740424
-2.247050128006272
-0.2477058989851555
4.958090540086001
10.414994942813163
5.439914156565027
2.4546322241243836
12.495335246237588
11.7670883570381
7.679327218040507
2.769226731187509
12.322412593461824
11.634451244949723
14.236142419106745
3.8914095933535924
5.4627679199752714
9.161644859696173
5.752749843799734
10.913550965739217
5.6610750417766385
5.0880614148107295
9.28432706257755
4.460440063695685
2.5250803155084633
13.370855396584798
14.908686755357264
5.784402185367165
-0.873653514876346
3.172095039681159
15.611116050358849
10.496477902260992
6.8352474245247
7.0552565017148305
-2.605881832667814
4.0019017276190905
18.934412458490968
4.377643726428193
5.938917650224141
0.991263994995899
2.3948967523624662
5.609824761330292
1.8528471404331261
16.16761412165348
5.536780571990213
18.87543046028329
7.436120218324344
8.307050312346735
10.71551244462426
3.463519009015818
10.257700811922135
13.52094866018459
3.5908861499217752
2.5069534055223506
12.750705479321812
8.888541158230032
-0.6374496587374407
13.383228275877846
4.613695882585224
-0.9518996422382795
-0.6370451007077245
0.18661946320187806
12.515248543565406
5.1165733670186855
10.018598171883095
12.792692214343155
2.547426942291597
6.863202980660514
4.152208300201181
11.203895257180449
7.133629904321176
5.792628189476634
26.695907794091745
5.375149167970429
4.683394503729553
5.745339635903179
10.605629507924066
11.303045091597209
1.9270525733295454
-0.25367711689972783
-3.3897259745335493
13.240174904759062
16.700418192985055
4.048355397804326
10.2361547823705
0.8575663951533059
8.580057191970317
10.465868258843244
7.344268154851523
2.260595271686088
4.314061989696894
0.8423592924323291
0.21107540732791463
-1.5225669373283628
1.4327303095064385
13.439014891310585
7.813220674370719
0.6457214804929983
11.294660914536266
-0.0009661352293655057
-0.05680347492463245
2.6257451929265305
7.977066872262934
17.42900141051014
8.081060218868515
8.568731537122334
-2.0672464996445363
8.350089619220485
9.212662087568503
-0.8071798743340812
4.611388988386769
4.393899593873715
5.048722996051828
12.132803563818207
9.510206293754395
14.119607447991802
-0.28891446765508455
-3.2176294656140634
11.322917837100658
8.398647350852775
-0.1611440612181516
10.514342091215985
4.424352638531847
3.8722105729688234
2.83901465373088
-4.659690593756446
14.230330655685767
6.447915029919179
7.7245018195604205
-0.9059751754144125
5.23722477472618
12.255630094811712
7.214741952815414
6.741375476318577
7.7875506288440395
-2.037364230126391
4.259573435222309
12.679219245673384
4.172076705677299
0.7185651694576434
9.877991279625912
6.762180255279105
2.395966307206571
9.362142729140105
15.558421678655472
17.519624622007143
4.972539727433927
10.54592052081004
13.858462033458832
3.7224839086999983
3.139909046817452
13.998605726945705
2.7609844920280886
8.902067056183522
3.3046510288006035
2.9880406059766735
2.373707668399927
-0.752080947859409
11.042020531927255
-0.840578957463503
-1.987891856063352
-3.4003061859589945
16.613475028956817
2.7858040765791516
-2.3314389749032305
8.34909378410305
11.191798613843797
14.052528703404572
3.273189983610378
19.15410422343458
13.56829786992116
4.7990012021263535
4.3171220462757285
5.611842335080523
12.675770589818505
6.448765235445467
13.108689765691302
10.553079665840224
8.014032395455844
6.279445807732923
3.3790345281727157
-4.537973521116719
16.98165165882001
11.185382245976744
11.479564169250764
0.5941066964908357
-1.6187001855789394
10.296112176522653
8.102752354960936
6.747221090366136
10.189307480580196
0.41958022987981636
12.512857775330804
10.637013979762484
6.57077142712472
12.455025233559748
3.970649360368008
3.9430050316549052
8.942895797707914
6.485510481442628
3.066411877167074
2.3073846503512487
12.94500899080278
-1.560895347034557
1.4814718329160632
14.091258919775054
-2.6743854836229968
6.695955861281132
11.776376541154132
7.191898462907389
3.542182714763672
11.556108490726773
7.011703333235918
4.57335270384235
15.826055010661253
6.091993650436532
6.876015427617139
8.244494778556636
-2.8756781427315072
3.8554891099973143
0.5024388508659339
6.957286116471436
9.764838926151672
4.221748886985476
0.7187819321991267
-0.04984927243665371
0.7445381963379827
11.425023080026314
3.7778877252224357
2.949678688866824
8.233648400646194
5.112257338257675
-0.8022108414617986
12.14456767557372
2.8326009166208177
6.590290811060243
5.085776522359526
10.742097526396993
13.866813909551947
8.558006663798116
3.539872480209167
-2.5974730081958928
-0.3645378994336088
-0.16340403136962767
11.79009219665814
12.528590514631786
2.5234953562730156
2.6134668690501552
14.901805850990772
1.1260430566861137
9.869515697527332
3.6890856713638267
-0.1537555330482725
6.476729109602283
12.064761950470038
-1.0623304472679882
9.92910480687897
2.66200832884564
19.657538239277258
15.169400348289031
14.255354001228424
9.39465166733831
6.392921335284059
2.905739812384337
-1.660217272786534
-0.2956007773861353
8.82946865847513
13.803214411662855
4.522403392781174
9.51631608925375
12.899411841980182
1.1098823514149023
10.936670534822369
1.8281009648520063
-9.483807999238426
11.260881975009923
9.49375814001129
11.540607430284215
0.2037224107354021
7.81064417424928
11.547084156531259
5.850586845364859
0.7015524495880916
10.320855866010021
-2.4388877476602016
10.013877370446679
5.045743167843121
6.89761943492593
2.7268410800721776
1.8970421446827332
6.709346326376731
5.1613706599908005
4.486649268468606
13.619105654812062
12.537363898037942
13.21052564970229
9.351633972845987
3.1153309974590724
6.4557955401217555
9.217220153437538
6.7542554481292045
7.356815590783048
-0.09723726928667897
17.372133642388015
-1.947070196644063
1.932028074896425
-0.5709680451962633
12.947810559541981
3.5447800841499904
6.299320323372139
8.906151040950363
7.864829158031932
17.175827710493614
10.340865960394735
1.0914381637720947
3.194912230377727
-0.31509206894363206
0.7615298381758526
4.712193703731057
13.795288898062932
6.822530091320168
6.009500470468679
9.345523789132454
6.238291782778405
7.538839542616934
10.683029497727087
9.11882197856692
8.516697766350426
-4.302748677884113
2.1969451613710347
-3.255622667237027
1.5131993290326395
10.638439028278468
4.521966816917459
18.28907933787857
6.698666072253533
7.680023645896485
12.300530498131469
10.883772841330519
19.357829529396813
2.6173226016585565
12.414258115552219
2.0128644884307483
9.882868811589626
9.232884850074264
5.9836413164056985
0.371638771251555
10.55831112971326
7.993917253263186
-5.020134209592131
9.384089881718992
-2.529825866409265
4.076672682594696
12.067439179604271
4.646531232537319
11.61916480406662
2.55375091937033
0.7087080916832029
11.216402976443641
3.902044812219959
1.330187644716637
-7.757433755579884
-3.860141267633134
-3.7675386519468255
8.987043388452976
-4.525936826756961
9.778524522748487
-1.0470654959378471
2.559803006639759
9.74482381331814
4.0580405288929144
8.605152392055645
-3.9198702684346216
18.365485141892165
8.761234011542035
9.60727323535189
8.497212155729159
2.260500578244362
8.61259785875028
9.901745044113007
7.665284268910486
17.99033086452284
10.818305338209996
-2.392845075264784
3.8313332122544654
4.669230508670237
10.402583320744224
10.546242710690196
8.437180191347895
3.986196102238522
8.522967682017352
7.64768671507322
4.243439345238734
5.898268436879468
10.050251596595544
0.2741066832628194
3.100697356019081
6.308065297888899
1.7016670576676534
10.224242421530299
2.1182207744532198
4.817621805017303
4.900205858470354
6.106257576356311
-1.6811354783321217
1.623387204840168
0.9255655573376824
11.200193719843778
15.034499495902441
4.954022254286217
10.031382680790479
4.1932284401578315
-2.02797497993779
-5.565967378521012
7.7333683936204025
6.298836027267611
9.49726496331802
10.891451802118814
4.23252986083128
7.14411108501156
2.1603897740411226
13.812953557366583
1.4789138436995906
7.819824775634256
12.564516656728019
10.54986161446814
-0.5234463509946847
4.4475012903760796
1.9826146846863226
14.079900340408011
3.27371378886949
0.7088161758194191
0.5495357728312982
6.377105446226927
5.293353210692663
1.424892317628565
3.086561473468477
4.2152248243188595
17.86023049471769
13.084251467207274
-1.4032783351471503
8.98762381300245
9.91080879925902
11.71157222255404
7.135611230811794
1.5611577591064743
4.588080610837776
13.193517893809965
6.554392823167573
16.370718119602124
-2.0784602792332176
13.302502566613537
2.304051561162144
12.621162266561797
9.52519343815625
10.231563919151592
2.2560366791243323
0.749675577679147
12.883940849256346
5.519570948275837
11.130513992599003
6.9803801270484325
10.314317071328912
1.9290840610918982
10.111293972952243
0.5118142940051511
5.379159701404392
12.935764490852012
26.698360733233457
2.5062953561027816
7.763553122712034
3.942704363848935
3.9754924517224355
8.56430262023157
2.43075113719107
1.049523656581501
2.2661396265610163
-3.792624793193953
11.775911045205184
-4.413861251348145
1.6053110465779907
-2.7437569581577126
5.617764968817449
-1.651394543954611
13.9554414210523
0.12733554039482442
6.7082568475066
23.211561615608094
0.7583733285722332
5.893713645337024
-3.1450640611227545
2.1645569865434595
-1.6771506477068963
0.3851896372973478
5.5408936966101585
-0.5145730706079128
3.033243823489384
15.519382897403437
10.018070235050047
6.827169006862682
9.41862485904436
0.6848655484100075
3.6962255884759196
0.16700781968215228
-1.3976371900361162
2.142842417032482
12.470526996367731
-0.3145441502761708
-0.8814341609580696
4.8655209266587836
0.7496843709519583
11.844742145145192
3.3930083057399942
-5.508258965327133
14.512763687363545
11.746405274184298
-0.007058706002914583
10.557118500362161
-4.333392301354834
13.325159769736823
0.49236562124148353
20.3965667267342
-1.1677457960886644
6.8506291675630795
7.254282093253682
7.386180615730124
9.705717237146644
12.1059174173479
12.982557275238143
-2.1502215094213035
0.8414901159420598
4.766314796750556
9.452363247602195
1.028586171409538
4.85287639399388
-0.25414059560805136
1.159521732238944
-3.3752522982731747
9.099785656821377
7.9552223594427875
11.80262801265517
15.638806826212878
-0.7815310981591024
5.446472623429623
6.282773975374905
8.654627049801075
6.287338903742292
7.418121412383913
0.062102913152963346
21.567731631945588
1.9458050340962743
3.0494686560816784
11.11289661528674
1.8743288874570982
10.251306000953914
-2.2717303924712002
-2.11482964569678
9.005976527272361
12.83184905753799
8.123349829605733
2.856401114972468
3.670091611819578
19.692204361202187
0.2021586172981138
6.588328730656649
10.596924337888272
8.794056710130315
13.814508448070935
3.4845477516353487
1.629444138209525
-8.4550010902236
17.614122431490898
11.934842197723684
4.620490891118433
-0.18912117325197553
-8.792995107292887
2.481344932463475
5.694853347656551
1.8277196300795833
0.9537699503277643
16.984921434481006
10.534783576103163
7.583250249250504
9.58133919304655
11.549457666516405
5.939141807825352
0.8446369280971586
8.832798233518117
19.069365226662228
12.057676060086287
5.077341802074514
9.647618626209162
3.7160792654341877
9.230172205027904
3.014597617114917
3.934408103656781
7.5585995867781515
12.522779519001766
23.127255752777874
9.673296481251061
6.018771552241587
4.674844507513782
11.056604820388706
-7.898175199653101
1.168260083666686
-1.8170334663034842
5.052947095608129
13.378584036205687
-8.713668447143922
4.604624135785793
11.2111809139885
9.878042726216574
2.7973081122339742
6.300091610353996
-1.5256530814721279
10.099125273012774
-3.500454943503872
11.488798683062708
6.8513846152984
18.297256820796644
1.6353030478765032
4.307112492751216
9.063498883206625
11.94037932501625
-2.4173381283922204
2.151661751318042
8.860821383399761
1.266399053486949
1.6775527340947765
-2.7652366991661967
-3.543715439950626
7.133216617357577
1.495783995909429
-0.528999283622376
13.83189467424338
15.871435788148029
9.988030279711834
5.742272024506715
7.587689023569252
8.51077982875621
-0.09259605926990666
13.06478383406867
12.200511247176557
2.1650365891253154
-1.162584193355121
-7.294678545641668
2.7527538090357697
-4.19778701603598
11.287306340833306
11.615850250983176
3.24947518828606
6.232059572438543
-2.0921083723542058
11.698688044019836
5.195035951570813
11.411964248338986
2.1571818655104216
7.0928441069383545
-2.174264320807513
23.983239748310094
2.1770054780817123
1.6163212202305663
14.259702652547576
4.89186265655613
12.668587395639431
13.15296083169477
7.7810395824025615
6.650305199089706
14.891889004555772
3.8846538836514592
2.0857733259609432
18.708327217212183
5.358009100724763
-3.8819849310621226
0.622461983916816
20.232875554146027
2.860434825007461
4.954961092335985
14.113789659149123
4.206412311644933
2.496476744167367
-3.045962877454871
7.467701246388817
16.685964509626178
5.489664816316899
6.691155974928201
2.988894858851823
9.380566365443753
6.756304601120511
5.64925206580531
14.13854684831889
8.700169872425814
13.893522755658989
6.1770496955326255
9.369640455865168
17.107453892734593
-1.5579140395619406
11.282132206583913
4.214005584372903
1.9572374935720696
6.560885456763283
20.210338713112876
1.0655495067802496
6.10615754413465
9.644856884767078
11.544141809580568
-4.455713561633633
16.620857483590296
9.501526598543485
11.617035459070795
12.96849652087192
3.773386232924242
10.468373837772893
12.133257896444343
6.2184347516411185
14.029803568601727
0.8871673283660453
9.227970388876567
17.25683292854547
13.799847583445379
1.0929730578071535
4.902059653415102
8.926080416377074
18.409007502822938
-0.2538302373051069
11.69488294400145
-2.8382872668222845
-7.62560303704951
6.925900970176471
18.576149804713054
0.1187760903334949
4.77211953138928
8.490384175123532
-2.084216597832702
3.7363898333654553
4.206249427821382
5.9336079943840225
6.0045497182723775
-0.043403434794670126
9.455426638056291
-0.9044922723997315
5.336201293080429
10.330420950266134
5.929260631202739
13.807680494342286
11.34402568969959
-1.7364010204010958
10.100759889498239
5.002550700584011
8.811412436032487
11.329768941772784
6.129240283677346
17.870701046030277
1.6675204827166725
3.1728047303338465
-3.5204111928463746
-11.942169830326836
5.167871259982683
8.721517257035593
-2.3984672133516582
12.754701520207544
5.762248422826448
14.625943058191183
9.272368448284894
1.1134786732347122
5.202515584650331
7.296105547345781
0.5410149491825154
14.509912124872505
18.734325214830353
8.831804888068303
1.462979328470868
-0.17946723545012055
-4.701722556978435
3.6049980805662574
-0.41056854112706187
8.027610019889615
15.518600365891785
9.366362696992221
6.177228643573928
8.569871100079457
-3.0012439310695154
18.53284801598658
7.303836992653029
3.647455958291568
11.593230759629215
1.6538719024678352
2.5582088360162203
9.058082043300477
4.065894543551722
3.5168785866281382
10.967776418249901
9.507087844250055
4.705169471435238
-3.9506596018976072
11.134673161323661
14.168193699339097
