15.691082738360164
1.6075346030118407
-3.6290205493218846
9.629724542078856
2.644283302243263
4.765807715886329
7.720609198973616
5.700415437616668
4.95221656544263
5.899060620617343
5.5108450873248325
1.4605134143665424
0.200461471587857
4.545789385973251
9.916335937241282
2.826078781611566
5.43529359472414
9.1176454410782
3.206125788298344
3.292756345934909
4.153189869546415
11.932890877842198
1.905323845393995
6.408320745738543
13.820049666160868
4.738406715426222
7.11876349715101
13.214565936757454
-3.203528557051338
7.897060051979809
0.054099862762688744
-1.4135875099823956
1.9665636236891686
-0.437721340614738
0.044749013306077945
-0.9554701876915486
6.820176912431068
-4.399700428187595
1.2164915107963092
3.6939618078999605
7.320274701167359
13.225263970362471
-3.134178371630517
7.193896260479341
6.817745800431809
6.449837412237586
8.043200119492312
4.878091548092357
4.432612955260271
1.4926884019492324
-4.896353037096738
-1.6436659285716964
5.74407277124933
0.7141804209168701
2.2582772550756594
4.083659434398813
2.5969686971615196
-1.8059577946975587
-1.048852423042982
3.0611788027766074
5.892678188828476
12.024491007000135
7.599789121433188
10.68795332188553
6.631695063181772
6.576807362013721
15.524709792602529
9.17722282685634
8.842059625399912
11.280683810481822
6.815182760361321
4.509045510767957
12.0681242851126
3.6664813788913864
4.079410503953518
9.91128967938692
0.6162423174645051
6.004050820371957
-1.2027612902337665
2.440724288957746
1.5280435514967987
2.2067884747577784
9.463688690589496
15.01360971389816
-2.7388184066533388
5.531907085068003
2.9408156829631054
8.902907252264487
8.40053971686702
14.253103289169829
1.645691263053906
9.361586790591135
6.107991242927147
4.51875204408909
9.919620136234778
10.196663943126367
11.728525862199616
3.120370214107261
4.805931711142101
6.953113364247212
2.1091204072511647
0.03861154080169005
8.26799651285451
-0.2574535884543061
5.594661963984663
13.951036746025855
2.4210138289633956
6.334526698627048
-0.9884295989608134
8.801377467349221
2.166201572897151
-2.4089549122282845
-2.2908168947320746
5.3851445594120975
5.790420042084264
9.271841301398574
0.9523539242838144
10.655605710888649
-2.141036852847705
14.75287943803978
2.194821133808889
3.500464474126768
-4.496464629085175
2.329158239904408
1.799456762403556
1.4277520369137298
-2.1902615414063415
-2.6482924694090313
10.330324870159863
2.676056941095479
7.07667192202906
6.238872851352246
3.8326313220927246
2.1364620698005687
13.465505270751203
7.769933028034101
2.4886064795828844
8.428573103079716
-3.0168095161945594
7.371335024596116
7.864514389873541
5.3586429231372765
-5.636514173313229
18.245971670701714
8.515508164055738
11.169404297700577
4.781676133258085
7.593145293530054
7.850748096515064
4.343583837761837
-1.7879895695109855
-6.714848265757823
6.030582810249185
3.959741401487222
8.382295907290038
-6.05278968312307
5.747085102893526
6.874200149000458
7.312584483085887
10.951612804598499
-0.93566470437852
0.32359953466984326
3.6737475869465666
2.3741996967474623
-0.2825557741928899
12.49215051229665
-5.669360104803225
4.558066716460806
2.3735729044066125
-2.57973026377179
4.60596147196088
0.7333911455259319
7.716388928786539
-2.176128821832018
5.249047276620671
2.7885293981878925
-1.7488546295926026
10.409338314451485
1.6686269051018716
9.099367947893661
6.57579736637707
8.696974974561057
-0.42019842578089683
8.071129257493135
1.9514336084675703
10.842868618409462
-0.19094659306080075
6.059700828736041
5.208064799469497
-0.564896128472208
1.2452987304324061
0.699927711506461
6.894527656713687
4.630682000798945
5.4162677536072525
8.362775066692024
2.292723672962767
9.720934444143635
11.32935019125112
-0.8223790284961314
-2.3366675311944283
6.914564562960843
-2.526477574617547
8.170033815656552
10.259796250039134
4.330509119340634
-0.24523587233146404
0.2001591930388118
4.272793635173355
-3.9633357282331643
3.296239137099504
14.57029313279326
1.5024660233615217
12.830668100675284
10.63778577337964
16.79888574114824
7.600563137451547
5.2242590021938025
3.0785175197635204
-1.8196438413795217
-0.5033457729046189
3.979122619878553
-4.2192356042466805
2.8226235655831005
-3.2907146216305323
1.1981188181912998
1.615111265846434
5.702661462099281
2.275801235274088
-3.0699721595981924
3.4923423733172045
3.8691018529597123
8.821758483764501
-6.81136202195618
5.531241863020853
-3.151087876925798
6.299132306741784
-1.9928211925369617
-4.009074506742973
8.161756015205913
9.597417207930267
1.8139489729221134
0.6370622921207936
12.169257002833593
9.714833965547435
11.791144219546343
9.53531985565624
15.332334868917801
4.129512685908704
5.385213613702311
2.729897144949226
13.374912338614585
3.755819899875091
2.327207053344617
17.30422972564456
6.02347095644836
8.269511083449633
10.241024526726157
-3.6449468888177083
4.1434879193408145
10.786500657284762
9.802721112705195
9.646039441572539
7.142466529950314
-1.7689195751484181
1.3766050360271938
-6.019846733431692
0.7425501969420742
8.229893531639043
1.3650927605844037
1.2682833855742541
7.472731502252182
6.97468390618189
7.645770912697267
4.576384214067602
6.490956466634264
-0.3173936778011317
0.005951813285545615
-2.7445301341297235
5.721272420804504
6.211969224398661
16.54452627745403
9.975237824183775
5.374396092042872
-0.6817273171645954
-2.1760301970813902
2.035629163818091
-0.03666185028956104
9.87082152485512
9.286273830087532
8.365559960821681
-1.6901666649657336
3.2735757276954542
-6.139181985495291
1.0274254645421905
13.73255642769298
-0.7722559736631016
10.548664672532043
-4.648208708886919
5.347681248598791
11.487828858603844
10.662285087792366
12.96315304914133
7.296789112052796
9.736143869069386
18.00609519999174
14.807222614972108
1.186209074239651
-1.9519515245073
-4.937049115573239
8.385786001979362
-3.5275316789573843
14.22779487900166
5.2229734856198196
6.703374865067192
4.503476082852069
1.4852295594110463
1.5277594188320163
4.064892233288173
1.2210466086820577
1.36681516799129
2.3938418279137794
11.311834278297905
-1.99012859549223
-4.186513267332135
1.6239464469885778
10.14598934213929
10.586671667764499
2.0595956694540174
-2.2636241400717054
0.8717856107760573
-0.7137494172331706
8.574596083072715
4.129689763760446
2.687726560130039
6.993265891040294
8.26461944257756
0.24096134454055118
8.728499272533854
7.594085673147129
9.37764847594178
-4.273074819935848
3.6206680879606603
10.081543291572263
2.607505331319001
1.2185335484453235
15.788781865635789
5.360807750643406
14.0618942481171
7.031834138502132
10.981722509224317
7.522372529382345
1.416541739782109
6.203640961197661
7.959095017761991
6.3332045616131625
0.3047693633769355
9.001144638947746
5.281288484920632
12.663620052985618
2.8282401103294816
5.129163380555298
4.955049236191585
4.403306278895727
5.328005365836137
8.649702415452934
6.07865221108168
4.6762223896365365
11.004265048034688
1.3442999598704057
5.011217276686435
18.290532172613943
12.400196844953141
19.100015563030105
5.714034381843248
12.456576442853873
13.917917031451548
9.941929262414227
2.1747782514924743
9.68947280087086
19.032225153878123
17.824903021117425
4.606766989115333
16.029680666556715
5.477158719699707
-3.6426909045930174
-1.9321635537245
-2.4879790090143548
10.761640026454149
17.16937915829511
9.847831409959687
0.4180151333324753
-3.0709114746717763
10.700431604560983
9.922616495606455
3.9764887617615243
2.106509543861744
7.039681961273612
-11.500959972421906
9.293735375525188
5.189930463856607
6.1596735442516835
-1.2296794614896074
-0.15989810678109162
8.605883835706104
2.9928476272983002
-2.5387005905074655
-0.7859972044645196
7.278680124489737
-9.025939781395211
8.334482558200296
5.144822777738956
10.534323289395088
5.213168786043496
10.079929833623451
14.260877933300826
6.564661087726541
3.146021223201174
7.238246351659779
7.654269821717872
4.26589743646996
7.083543158687733
-0.5004653915102377
-1.016430646092691
2.8760619155408156
7.580791249183826
9.021790598502834
5.422092363032955
7.014861022861595
-3.2040936011132475
1.2939305618626893
8.13009501358801
13.457324413666676
8.209360938068198
3.089462976607579
6.626844752790779
4.06817894349828
10.440788362887059
4.245103824242111
8.556511663051767
1.3245632331119221
11.883296876286401
8.26166284340341
0.7632046213990211
2.498081177087833
9.085340177150812
7.853860288625587
0.13523048877219113
6.650592955017265
6.406862925149742
3.449415650542967
3.4042529006694826
3.123790051955835
14.800421652984392
11.255876314862178
3.9225204868259618
3.282745958696131
14.109418727597115
4.863932041420716
1.8448685101461246
3.1309927355206315
-0.6566065243257553
-1.4266962877765836
11.054150707438833
5.676626715422106
6.896706857991285
11.155412639650073
-7.629078981641483
9.353967228126164
-1.3619482224360917
8.237078535525615
-0.4806978416877943
-3.236973025028421
6.491151898092054
-0.43378864614735946
-1.198907234402073
6.102489686335234
7.1114125623920135
12.052694997704215
7.1809670923876325
1.3605816107676438
8.68753624104127
14.474239605441818
-0.12539714241149724
15.390157950118564
-5.7879710271691795
8.319717487779851
-1.1520901937451695
11.572181906635118
6.855181125730149
2.068402174789545
6.44260309301628
9.956249997365257
-0.9657358634537689
0.9010345765392636
4.115438412467569
6.171094765179877
4.40733100872525
4.718474454562471
-2.2128447863803045
-12.86359533797047
2.798738120039961
9.776486781439317
7.911970306528092
8.262686465318883
14.41700671578131
0.5903025122451084
6.633197328562684
2.8992669807526377
3.7764769860896283
7.0109904023092335
9.663856049114912
-8.75505822089636
4.339838365776899
-2.9513474205666803
7.640307413935314
10.448813278665856
7.668557906647564
7.688729001556917
3.7384352996570303
1.5289530195988492
4.1307082236281705
0.9904672663116294
11.008260047207914
3.209036358040204
1.236059429049056
-1.2732067311774236
-9.859970459636886
-1.4885280435374497
14.619358295466721
5.398270184383869
9.861231996261633
-0.76642262504265
-6.365087523455921
11.435617473747397
3.100336581274009
13.507294821285644
0.9389090629367338
5.756078437143592
1.23140743722315
14.086359580184224
3.735155753547272
4.9946137696727115
-2.4226152615665804
-0.5527311622555531
8.428701872733031
10.48455413352113
6.893453824321872
-1.1155442941114693
9.689173516416457
5.202329839398189
3.774551270230475
6.016566409038753
9.47330847706577
10.811217707505408
6.12278834136918
3.694668129022573
-1.501031204757533
3.676207753529258
14.852412692363595
7.9246589883284475
3.1911500112749205
3.8773812561557115
3.8273665585629097
7.165189821468674
1.4393901820365054
6.815288732141403
9.809828063053683
-3.3338202974713074
9.895009541992588
3.6845305878485393
0.675139403240328
0.8295495692012196
0.9875555017438655
2.4982749663623633
1.6069541092336665
15.397112183832832
1.543284873226452
11.279161945824027
4.391603053073615
12.849879020473047
1.524590623781215
-4.723113010509078
4.171835975080169
-0.09687385913574786
4.718424448912079
9.61436353213741
4.144496788421791
9.917591742600987
1.5602296069993185
5.539316212104586
-0.904103680593245
6.5705531208835675
6.0242471023067425
-0.018755386818089193
1.7289154457720786
14.260258756681857
10.435446111041609
12.360533127318943
6.852721639281588
5.431259402364332
2.5649611296866466
0.23105331190357603
8.129619047349667
5.169392914919472
1.717681121959477
-1.3428084613881524
6.414255691904511
6.812623406657484
8.35683297849075
2.0250895694503046
4.55990578556257
0.954553616335192
4.190288395453445
3.98625778552434
-2.3527053333651384
8.652360548972371
5.372457454594241
-0.46251929066452124
11.206890284120895
3.287838940420006
2.9442928889806996
4.848225616485469
6.218964519758158
4.4101239655816835
1.0847556998426713
9.316776399021315
-1.7549556515001683
8.862981565862867
2.336872798261224
3.499102313828546
4.072087293792402
6.412175774851288
1.4210923741644232
6.968681964434049
7.375879106244048
10.907797041189324
-1.267276243884492
0.19725981060353703
15.701015518146873
5.655792059678223
0.46507121399246376
0.34191415542586623
0.5619956424641961
7.170269607169912
4.69838947793612
3.9794440624866967
13.458001918310222
-1.1107841599826678
10.41681682873932
3.309895604874119
1.4334386730784003
13.803360834111059
6.554587185104534
1.0786730343319606
-3.1474434401349063
5.38577809572227
7.811123764083578
6.200110000482502
8.47846149266556
-2.0326322747982495
9.041867516743961
-1.8428688433605176
13.553585385364608
9.714915632290435
-3.1031226511852728
4.63946340609982
-1.1211993188879772
-3.085381046345077
5.545209019436742
-1.1561179444706404
8.855576909669768
2.8513357889304576
4.768305486875408
14.541015524205497
5.438303563312919
9.087963696981243
-1.1368080464288903
-1.8768051297172228
6.973626494060415
-1.7396183592898113
2.917061555031942
5.071290813904806
3.858715948224005
5.9707330634164215
13.107947572034458
3.15401041217558
11.274368081346566
8.744715710538188
4.75713025325679
-3.9934124834774156
5.560600258050133
8.302547293477323
5.259659871028361
9.995512913522461
5.785043404514736
0.009633021543281828
3.120341375900142
8.55848369711166
0.7156964439120115
4.51694144854929
-3.1377851070933485
2.0593994011983328
2.795078869269253
4.863850819817664
9.342443934060544
-5.829967343838014
8.589413280144282
12.475493419105991
16.205152551793105
1.6227644402003187
16.403683643546152
2.2028336480481148
-1.4322682488562926
1.9051672967440523
3.4864759891805077
6.014918345062619
-0.4865508637217646
9.368548963491275
6.6619729785186514
4.120695032503239
8.044140894356673
9.364200859414973
0.955204853689648
0.6778779282719007
11.753347728736255
2.9985306449414963
-3.2302412086443706
5.889778721110883
6.740641998805063
-4.475392450591334
0.41690670042781663
15.664228751466752
7.185750250298881
15.603037924696082
6.1184639172775235
13.487944617200975
13.293091874579632
-0.9356516941597262
11.450625177410902
7.489373365305427
2.955120052565598
15.169396464598625
11.305018152084749
13.111941226188904
-4.252094245968914
-2.8401103097818474
3.527821627486629
8.942680165407857
9.961237618723821
1.0359777605579445
9.289267105010286
5.045601003292531
12.289850369498097
9.530648036904331
-2.3683376241526712
4.446890697538278
10.206674901982634
7.478363353441661
7.467837507614392
7.661491924057101
6.8328837722449
1.3221985714899338
5.890668193323882
2.062923078360484
1.11726952513453
2.112739248493772
8.412614035938716
9.534319473606454
-8.062945288132289
-1.4707521962337307
1.9700134461195458
11.793227562380451
8.940010428688591
-1.5881504302649256
2.45389992910633
1.0585969066390817
2.787400578350118
6.542542770222896
13.69083054187078
-5.35075883092961
5.738627495011043
4.932267546808027
4.865492867221645
5.375599287045491
4.354504390758517
-5.121730646616911
21.76650107643593
3.9486202295008193
-1.456554307297937
0.7769449514418141
5.955424289307292
7.578073036114345
7.066618650358703
-2.972492155992935
-1.1878650777862756
3.9277070305030493
6.5114542998915885
12.422367018601596
9.199273288653972
1.5463283836917299
14.76824320856894
1.0606604647317202
-3.2291283281185423
2.4190112035911824
9.553863467413722
1.9538993490581964
1.1556085738626705
0.8058898834397428
7.653831992177502
6.532406711847717
11.121120694960485
3.8842580523720507
10.728589529575014
1.950692880798504
0.5923998637410053
-5.867840759659963
0.7614575691649152
4.903696681598651
6.443454587794424
10.048116922400402
1.9227064692197975
11.115567296032722
6.881920758270702
-1.2778581911667315
-0.8621370591380018
9.17184363048043
3.1121302032554703
-0.06356468200681853
9.169784538465992
-1.8709162497189356
-1.6030162788881643
8.523843094745871
10.829261113209174
6.057212870321683
5.29801403669821
-1.6071556394417215
-2.84053411720435
5.690351375835179
-0.42933261954151014
4.374168692394258
1.0136233752845931
-2.3523833873698337
6.850095609401045
8.106809609785092
11.707085041349579
-1.6497860620843667
-2.464406557686928
19.606822929076785
2.003870454648113
9.072177915367444
0.2977334863009635
10.450080646358675
6.161003353180057
7.608019179359205
5.346239940268523
2.8122732787112135
3.6699479358227354
-6.919906979544098
5.646759550890963
-2.1765528468163104
7.564907092894273
0.2851956594262335
1.145944803254123
4.9680414834593165
2.5431519240130016
4.0944490934656095
9.948484081423132
19.385953003414766
7.271739314697149
7.850881239894434
1.8542411551955267
-5.869049408356078
3.993328655105617
5.692884718474957
12.726015564320917
11.402761638185423
7.251149164151439
12.176228560147786
10.389239853260593
6.0675001155617725
7.659869556196654
4.787795076486673
7.743746726140137
-0.5368153626881798
8.882198498701161
4.073023666270051
7.563076090172156
-0.7247555828521692
-1.2022334297063484
6.931983076402956
1.9971638624792352
-5.148219776313811
1.6983127737306196
5.325896037427791
7.814660262703818
10.255470785010637
2.8645265854237465
2.088216565897279
8.206284111296661
14.290218056738045
5.865275515370168
10.108053322996915
5.1187210804826915
1.792092860820869
6.524163060325774
0.6889541537599815
1.1544416108084405
3.866304267889088
-6.686112503853073
-8.66686605610059
4.033879255886269
0.4268261707593233
4.325241305823082
9.194680286804365
7.397870318255157
1.336915441360405
5.10778019373975
5.276449141754208
14.387248653622589
-4.285958823372221
8.481686851089437
9.295836410161789
1.5289211845539015
6.623919886474825
5.077807639032168
2.8099350469564515
4.122978787167947
1.417077230831358
0.5920639899535036
5.180791816747615
5.096769159237107
7.902816816568486
4.782510777796594
7.158911892902338
5.00224428828051
4.333997323701666
1.2457655412704884
2.464992142729579
12.115141633471186
6.416250615005373
3.5550599998532766
1.9359100455869127
1.8161721916092417
7.386304450103906
9.063722593986707
4.704270105589043
4.617430387248982
8.357114194939271
10.303986604132252
10.211800811484572
8.31155754465275
12.243190511470825
7.48890020765875
11.166585864057353
10.768534891621055
10.807963916196911
11.132099591098276
10.356771842635647
2.0579234892214986
9.456475470068604
0.7813922972969829
3.3851363557951295
8.984998155224181
6.098516731716171
-1.3075368512585603
12.299192364094731
8.215836107778587
0.9319579914224985
3.6204834976321347
5.069657577473113
4.00680493835729
-5.071453844032109
-0.9601911029944663
-0.8428095746152451
2.462852706173233
4.855020718856904
1.3943984341201379
3.2127781189067095
1.3166372120745615
7.982209375518959
-0.005408692054546194
3.89465715124338
3.472581455048575
14.447800368205392
3.6348134223252413
8.102381112113537
1.3187981403226186
10.835800829648342
-1.9363599167777101
7.385756143362363
-2.5095304605009128
-0.6866797088001073
7.527232562024223
-0.30036500439194036
14.43577289911357
17.46344966353267
4.731870194489587
15.807239350615754
10.49511273688967
