8.144055778803864
2.1704078588423497
9.676097227766052
6.798806894612188
12.680935405091903
6.053183494210568
3.8987816183388304
7.0922146821234024
10.009225194733194
10.608765804601383
7.798572382921243
5.632749413031975
-0.7170277367584585
8.035041786062612
4.0409700908129835
10.180249926042114
1.581833524528248
5.909573111904817
3.130576677765184
8.515890853908259
2.342374433125717
10.885530356745488
3.393372302772655
8.282868738413704
9.74146112970826
2.617284965263716
-2.337047134621667
-1.06672347501567
8.502582426604718
9.638510022924315
-0.06600327544935514
-3.6130589566059665
8.043454750951163
9.459290103307952
4.06855502124148
0.22022085323132146
2.8592496179788416
10.427911569591014
5.860743756668577
12.560966935706404
-2.6581719057052036
-3.979307459318478
7.953852851164953
5.857070753996026
4.938352425388096
-6.0143328866960015
-0.970809301587658
9.643483669257865
-2.2161829562843973
5.436052905552212
2.4332085533939773
-0.21775830753719205
-1.87640473309661
6.500975613823597
-6.169290155343292
0.2351110379038266
3.0612070608526367
12.987594240250104
11.121707317516082
0.008004465551253226
1.3719033140870782
-7.590530763184132
-1.0894830933808688
5.005989436871948
2.744395516373361
0.8442148766823578
3.8990955508829925
-0.5034588764103551
11.317676500866542
6.931684783711435
1.191616864380952
19.638662208665643
-1.1719256298691123
0.3900855643936436
-1.3729743510380343
1.2393336914317563
2.853581654835866
2.9611820361635086
2.756406474334028
6.180568968132022
3.968692008318076
7.1202945561326505
-2.3847916872424912
8.506984731634699
6.348080225123345
11.365721111561916
-2.4313246520582847
20.0417467085108
14.058310387456793
4.363020976170663
9.72105278990562
2.3585184110382684
9.691762929522113
6.5727105106361
19.521775884806758
13.419553703053918
3.415812106982353
10.709657897616243
-8.141583904336203
-0.19406733207822402
-2.5176394712273247
1.033794655824031
11.1272872316867
-0.8309996776814454
2.7065975929376234
8.693831630952229
6.841893281289504
11.627033588619813
5.14715598576778
5.811652005251145
4.768742604977508
10.653685119084098
0.14093967112303973
11.968797370364932
7.356992018737074
7.744107919699891
0.5393626020920865
2.5611468583870627
10.9682017224799
4.17450499453088
6.822022924252943
1.3351265395060863
-0.9130133807857082
2.9338794245967508
-1.6557799951308647
7.465913854326667
4.950016492746865
10.793643471430281
10.672848056621515
6.146974003914651
3.1005586421449527
-1.1446943153397688
-2.1665375312567967
6.826041915590856
6.494875477838453
8.963716078779301
6.959605619869363
4.940635961143164
-1.6938593173385197
4.4261278146027525
6.268748783137258
9.208500562109375
12.345439687483541
5.241884608679167
-5.17732092966286
12.966731476279595
6.758664259849597
-0.4554189225597671
-1.7912521181742251
0.8862773506895443
4.17946593292813
12.625172151298356
7.655855318169074
8.979288268210471
13.136649187768416
21.698880358831467
13.058438170563418
5.853995164497347
6.186141958623388
9.659829331674908
8.52541267654207
-2.3592865136054346
4.4837905201321435
5.383969870564561
19.35970568069815
-1.4097843674246118
10.768085363733826
1.2950828179365614
1.800913247770886
8.315045630108026
14.037833150599187
9.377432242672928
10.338050839707599
4.731119602455968
8.305061388536995
4.295054471286397
-6.453435024607366
7.306804495273562
6.789300880372505
-5.545507149002216
9.047882366482611
-4.246407582451207
-3.023413102210097
7.079044880291221
-4.588893488206345
0.19322655110238696
8.16388702408173
2.133048160535962
-5.758477797598667
6.016362744488405
6.137140930521378
-3.026466453829479
4.315268393680748
2.3268853662493347
2.12957351323699
-2.817983660627318
1.3883755860937104
8.018459810506666
0.03135955183847283
6.066135861479601
-1.4807375271425958
2.509257791446461
4.8660169535834825
1.5350622686636735
9.960391339537107
14.612373603398616
10.835094180627092
3.960567151402773
9.526269283968553
8.903988423216711
-4.142772851095609
5.503509345739966
2.35214845951196
7.963071531892463
2.6856483241308378
7.103248485423483
3.0175845828416445
3.180610703669007
12.79122145709963
-3.8253298902966844
-1.1891539892215128
-3.4446043600329324
-0.9854641943663465
-4.98612600168366
4.720892111013553
14.607335888547317
9.64086651507561
1.015419549517468
10.473150823933226
2.1841895598793584
4.116438400338833
-4.377563348430089
4.369370548457686
5.560814117633228
10.840485908289448
10.522433673605182
-0.09694532180325499
-0.8007848544816634
-3.0991109811576196
6.444670701358458
9.108459522678976
0.4650239559092322
7.532107939141518
4.614063018648207
7.414787023336836
1.3478305368518049
9.774338496954492
-4.687045383494169
11.951555050897843
5.721349628513407
15.0632224973242
4.369255138390768
-1.6711147140524094
3.009299537850384
7.551107833203675
6.095356661798064
12.84687118938971
6.79854229361943
3.7307652507360802
3.956492396862479
1.4188397502206138
5.578824333432131
9.868139024257296
3.649644508711545
4.862518791134014
-1.7330484993441617
15.470770118767446
0.14098244740650845
1.9171658751080525
6.184971262981438
3.780446615900439
16.24896838054186
13.718247033799436
1.0663316805648049
-5.5663230274285915
15.782734468166977
9.502886348595455
4.113330958404676
11.133530253419694
1.8170018599614215
8.468806401701864
5.044961305966918
4.418697776179706
8.435390259893868
0.49133834774348095
16.99287849114991
-1.217042210490769
8.19440464965339
-1.7396589206565958
9.559605362165705
2.210189724003724
-6.5617813264828
11.301161522541705
9.476238430753355
6.7554950142021015
0.44646661406246313
16.2914979038257
0.999427422267968
1.6252877538563553
1.6604387079471739
10.55981308188988
1.1257023926758278
0.00052142678293432
1.4002228449184422
12.002607811044388
6.365363184027858
3.8433251933334662
6.43334573520284
-1.4229106934946731
14.251489638714562
11.15193402215247
-2.245001647614851
1.7464046883848954
6.990548437332052
-1.9784568643534444
7.387292450464514
5.923788596400941
10.903604273276049
3.1595048605145655
3.695073100194481
5.248947278729143
8.243321635886948
10.266047120806832
2.060720660987913
5.536044240332751
0.2965597144175556
5.461621552535454
0.5238838546678029
-0.355640399240297
11.848542657762062
0.35945087732911585
3.779239278439561
8.002956918429348
0.878620868937956
2.1094093834386567
1.071130048269099
-0.8502676015013857
-0.8623768561946656
-4.439577719350282
4.861180570712412
3.232985432410754
7.191720827009224
7.589891311431392
5.461514717377621
6.538208579999427
7.244401117834231
-4.208992003688175
5.020441359203045
7.45232093389383
2.4027565318539432
0.9514847158757975
1.0872584304778679
6.705114587868246
3.0154880250460527
10.285782265474442
3.876231520172508
10.985567037942776
4.301760917345124
6.0357590752203265
9.844747872135297
8.162843394286686
4.602079415993244
-9.590564801361225
6.787236035681191
6.209435819759893
2.688933681404304
10.577818200042147
9.482777152553295
2.1859360289767573
-1.1255742434072107
4.263488603875972
4.085195082519792
0.14005696501959886
3.2592988300651964
-4.312595208088265
4.515787099562304
2.7082052644070957
-1.5529121205888474
5.758474037379136
3.0291931451200114
6.979964445615812
4.049122970418581
-1.443677609360619
3.152337095989494
4.825177057016079
-2.8792014090911087
-1.083835629444927
4.686169030288914
2.529790892395019
4.389435289094282
8.989558396818033
-5.124704342792658
6.028573615471932
7.158341561828539
10.33905198068674
6.605184611485566
15.195099359548358
4.892873290683512
-1.12709689934551
-1.7795385644370318
2.2545780821019505
9.05631363125402
2.294170899441367
10.624884699622294
8.86506523465771
-2.0752067168322412
4.604516157764874
3.251132218526312
5.117030559871656
-0.09864200645339238
4.65078815535121
4.3329508343409096
4.01940525902702
-0.011936269761219531
5.91980135111805
6.39013301619388
13.082558073789222
3.754615863916647
-3.8890990575602
10.599442448362353
8.475757112355549
0.4275698831052215
9.51168938695788
15.17623141203441
3.7164706148928923
-0.2172145965293888
-2.6265574558858056
5.901568252138518
6.793697275659818
-5.922200483653107
7.649760984261716
12.083123471024004
-0.804308118266059
3.9942677692987214
-2.481182161882275
1.4086956619344582
4.319073033726989
3.6555134057535827
11.369038891220011
1.6922467922822744
3.4525820554178317
8.127931557125564
6.855889898282511
-0.200637100124192
2.1542793886340057
1.5262896554913246
3.951139454100135
-2.255651056421703
4.423530739441798
0.6135035118112526
3.5368848909293162
5.334250469227266
6.31468334838744
4.534013142953575
2.283780565540477
6.42245001225143
5.630803176134577
2.8477801975428862
9.108316902400055
11.464065650811236
9.56474605420458
5.409889587996137
3.914449528739702
0.6054848302268683
1.4955906222943844
2.309917881301393
7.900425265073346
-10.391436641960977
6.890308865332243
7.392086702336454
11.528903148121497
4.24505311595544
5.867332231283398
12.131936618620365
5.698061554067694
-2.3874279712322304
15.566351189576855
11.236621648552072
8.097661522425057
7.92170586558465
7.448630735475697
3.3666297849316384
3.922755001206258
-1.855465006907826
6.425384172360658
2.8181144496283514
7.787626372019956
-0.3569643175401991
6.8415984114437105
15.05062637822823
2.6089391090664273
5.3477446637321115
-0.977373796742067
4.569586134002206
12.679765766492201
12.294883137981772
7.669848393121606
3.5094352065890817
-1.8922747228280836
1.9470561078926734
3.1389312873413604
-1.7464781209632485
5.540980869329189
-4.513115649910986
1.9257804299859567
8.650701518798893
4.682049229131869
3.14043731928609
0.8196540688092151
8.400838187773239
4.933608778519754
6.903640937009358
13.968238167943388
5.282540935178095
-11.13286239503568
11.627808172315905
11.696377989210365
2.8231395188073125
5.411094048499634
13.786352289736673
9.873845644314589
-0.12148584759272563
3.402839698639977
7.078513226258766
2.7987074475177787
8.483143582907761
9.785378269077327
9.933667254960088
3.9452521908779605
7.894539346051432
3.2852974927025644
8.103298681568727
1.0073468994878363
13.691058940729164
1.3498699027700802
1.9240314352091232
-0.6386249018106218
-5.04909545970766
1.3484695809044922
9.01693294328319
2.8338470418460133
0.15677854266892854
11.712340601582362
8.796590163552427
7.813779528003598
13.955899534084132
10.381377070595004
-4.409913033748252
10.391191367577473
2.259101104323305
3.439617318511919
4.2546885666096665
5.16039201772886
4.33330499006144
4.817704892161377
15.499839075066658
-2.5256751784940192
1.984293204988127
0.9786439900949899
1.2064433709518223
-0.04645169039666719
8.426760483899956
3.87201752403924
2.95256873507632
11.880583978673855
3.63696315587954
-0.1628428176218728
5.562184764955798
1.7926764673596285
1.4961276780430155
10.560004256591453
5.379427352575795
6.797153053380567
3.3261492130763464
7.264964264376053
-6.799004034051302
13.636749228764973
8.603190640902177
-2.5346592289269294
0.5966617388520294
-8.413541408525612
10.648793959031762
1.3935146961571894
5.436179186280827
2.9193840382374177
2.650460581843239
3.675529849053241
3.881194922424318
4.377244198421207
7.77403242955661
9.083235069636567
9.374830358681962
10.169526903357514
6.239660325517391
5.721690626373541
10.000793073953023
4.874075353368596
5.338314078313479
7.1214978157861255
11.978778446497646
1.029663891024442
16.483949774840674
10.990039961266582
-0.8972207458695047
0.8386001167355652
12.14820464704034
4.35959533109044
11.488492118216556
10.33396525742723
-3.457160449387654
8.826108467848858
6.415804000953484
-0.1299345744850955
6.60309260510277
6.702708160150559
-0.2917091912400318
3.308708047535273
10.293459232140956
6.7438753399685964
-0.2559421162047508
1.3162413156874093
11.297064002868126
-1.186107932749417
-0.690972049493392
10.082608445437668
2.7777097724634974
2.702310474222242
-2.180277281804301
-0.940753663810181
-2.2902383570593656
6.069499570560981
5.92785237457298
-7.672888387686346
3.5459105649524703
1.1554368765380612
6.174459210097
-1.1485328934517733
10.138000058180442
7.390638478621149
9.20633202331612
5.393486019452459
4.711300937672278
9.786451497857893
-7.2308472138968725
3.1931269458588023
8.891392848832872
15.644712915131507
2.810611789897763
12.933559522605139
3.03760936704405
3.2737955943875314
12.398662905966518
2.9420877091764113
2.2718665144411236
1.9619568428287857
7.298809854494006
10.830782403291746
4.154955875053822
4.900148412496208
6.4202648206732205
6.60264144222974
4.109703111433893
1.0681871819709068
-2.2786954617641584
14.622152168115127
-1.1054133677381373
2.5668198148102417
1.4540585600297975
7.199742259100621
7.505385347237144
0.46593083749384423
7.925218076166913
5.134882457164956
2.51102205353799
-4.1279935691152065
1.519496624753748
0.19814787308245752
7.02053831635487
-4.766271043551836
14.579216544278887
11.903245539332893
1.7224055125103832
13.657642149623594
9.155440984472207
0.26023246340288075
-5.761445664937357
11.96018361998631
10.111830160544557
0.04229969359000396
9.192356398624671
1.492639124602115
2.507887525446071
4.756462059745529
-8.850539005390043
-3.6630735926821663
1.863768713801281
0.4358088305775345
5.708800549884074
7.1316279202611295
7.0447821812675135
5.170482875031572
0.4061099462182005
2.603262066694343
-4.612651634329707
1.5001638100389036
1.9132064820226362
7.066546194160791
2.8482885822958632
6.696315749577094
6.294240115869819
3.572700801652339
3.1224842985864503
12.718084902218422
5.141772415904156
8.950821160351614
-1.9530492388276413
-0.5498621422637751
8.433036593259573
4.497278591219924
-1.0831842393230087
2.7488422667707995
7.368376783675727
6.4251640327471735
6.922168181137137
14.5473579638892
1.3657687248019388
9.121130169299716
5.682965496399237
5.369933908073394
7.140655928602299
0.7468296753267758
6.793315014464996
-1.466684752822757
5.960735818272124
-5.080409723490803
-5.395927822770005
7.427887231595294
-5.2364284004347645
-2.535476704448974
8.421009580851116
13.15657921180618
14.786393699148586
3.2119125072142176
8.83592309296657
-0.20886050119626542
7.319445793372484
1.8309766077047664
-3.8582111311992673
6.520028227890053
8.170119753887738
7.960363889172573
9.245178622348451
-0.9740263729250671
1.7120211294326646
-0.1478402002869874
9.044704893652648
10.485162759714848
8.95711262633695
-0.04470239106720619
11.63337532811512
8.726677944365022
7.4819837701885135
0.6772052709242136
6.68108472634153
11.148609156597104
15.124374856258791
8.574509534446824
12.497040320926015
5.0333586706236355
5.545316486854758
11.407804807006524
5.039204313652376
6.027029695942557
-0.4539128154277323
11.406786377732919
8.027564487562321
1.7772423878812251
4.098045139007006
10.91889673873085
8.33625876986992
1.560680983531403
13.011845194829577
-2.430338370374222
-0.8412416865886314
3.798315616760808
5.129262031638567
6.148331111987274
6.0323881695078985
7.2264444223325075
6.518738179399567
11.019342875245687
-1.9518004422002155
3.9617548014915416
2.340678167357617
2.2109076975788717
2.442135128967103
-0.04665744364002089
2.556535236074494
5.313768690951751
0.983572188958223
11.331171503707044
6.000634226117122
9.898691637061512
6.0736225195031475
3.3017379486319367
0.24221518044959955
12.04837094222562
6.520626511131768
8.463309152212421
-3.2691734956192295
-0.20357287692282933
-0.7850893840241611
3.6770156355170904
1.817850671486089
6.253908204039876
10.980545753050519
-0.4337428525756888
4.68414488484057
-2.503472975343179
-3.6603638390190376
10.99240356824491
4.612026544397562
0.5639974755504262
4.984509314684156
10.521540868982528
18.88019383502985
8.921999448282968
-9.339904908908823
4.2727926475918245
3.934276754982315
12.005069804566574
10.6373122010027
-2.161820377501815
10.407060073983779
5.10273231231651
-6.577580246077211
-4.717492127146221
3.9281157418274733
-1.2730627623973088
2.975143350197529
13.136513721605093
5.771828143096504
7.685271026023702
6.075574119945565
-2.6418201248097217
5.772985163035324
4.1679705524081765
6.469760584344193
2.686807978865747
7.176493976432626
-3.0664624990765557
10.876344007493797
-2.865786500728925
6.9735454933374035
-4.384220368908365
10.634858873438308
5.33952050370398
1.9311910901058567
3.770296164728288
-0.742842958447886
15.904468729378948
-3.3133218772573567
12.306389347542737
-1.6949653459574705
1.1431031735857031
6.220814738878229
3.023931604512076
3.37176606037465
1.1395018745312409
12.140164450613208
1.2517186569941012
5.791706020013082
0.663210046284032
4.117175468782059
4.041874450707767
9.316853452402164
5.338013920774525
1.4073728858097336
-7.802806669074155
0.01033956498465205
-4.188584825909681
6.637299177725895
2.8922647395250776
0.7453285061751433
6.487328050118931
-0.5003961393821115
7.529342137860179
3.52330335652675
15.991667575670391
3.031658179090588
7.638754489126366
11.085632439603339
12.742645436491484
6.878304153391404
1.2750835107193605
3.6253398719721375
0.4248158667680526
11.545954972140862
0.8030767467724105
5.821300804794196
2.012559558508856
7.65881388973928
2.9884308077073825
0.3827534130641288
2.315499409402751
6.4744956435335705
16.11575287968639
6.671232571277186
-1.9315271576667827
-1.4399790556014924
2.118646056832257
3.6048188136391195
3.317457379798448
7.765168621223962
8.697583727681497
-3.7938981735816837
12.44950349036344
7.587962642804433
-1.0856760092646383
10.808409858402008
3.7624448812855515
1.3608693460699977
13.607803470597386
13.381186904351555
7.304085673313043
-0.36882802973943374
11.906028417291429
0.41870340760193603
6.750993893557579
-1.5600713684259455
10.50818474197445
12.924198474920825
5.952485316135531
-0.40575801728639505
4.150549551965857
5.652839852686893
2.5809143019885177
-2.577426954591729
4.199306752092062
10.658780404635253
2.5728356896262037
4.625597654474945
4.569842790927231
6.218148275943774
-1.0245035431718241
4.176316963348716
9.013767218658167
2.5901299907447237
12.093001667686629
14.632040668056893
7.505404375965623
-0.5525056282273342
1.123802424840572
3.9320633565309118
-9.893049570755872
11.685689945699133
0.4990901754832371
3.33488449673899
-0.000777184970781164
-1.3624744616863755
12.275943708684672
9.358015157652316
-2.6974199795965097
18.24819273472499
6.055396400799013
8.105582745564172
4.465868712805825
2.6386106132588476
11.446808265258264
-0.5279218087505928
12.033339276955772
-1.3830145548212194
-8.357329088317947
7.716270365839925
4.000634335043879
6.914000411405644
2.8221108483924318
12.425773701173053
10.918550493655953
8.339710973062212
3.103831065943332
5.617791664199116
9.538744804603697
-0.3537384166577082
-3.786181661607438
2.3513829020940515
7.52598712725103
4.221072722785459
7.698667462902559
6.987556774691775
-0.14942649679666697
11.803459211824077
13.36158519112513
6.621646736764978
4.249880966117083
2.7522561711017364
6.720102468577651
-2.047114223590903
10.57456808949225
3.7566484420528594
