2.8252485483699985
6.123192679144662
11.824995886331925
2.2227322075947122
14.484605577799266
9.22022984483284
1.246015704610504
-3.860446002491331
2.847227992407449
-1.4544333874437552
7.264491836486367
-1.2179193771022714
8.311770555958546
7.406307695984401
-4.99234273858785
-0.6496905358627694
6.575646170248264
12.204282531985239
-5.854280285131358
7.839692744486454
5.750751745097413
0.8262620024653282
8.88649769916823
1.1444730695645717
7.926763646067479
14.460719698292358
2.3354254080785553
-0.37934520006265204
8.739680629779258
-2.5212553646448486
8.502378946229783
-6.873918273904362
6.964031107148653
10.671303161027412
12.390910947901347
11.787465162709156
3.1473897655764933
18.507914384184666
-1.1143878846978756
0.6617396203863541
-1.5231205807251706
8.42806092107919
14.590233277848606
6.699578030048089
10.251740452598554
1.7656003109780927
12.28372505514416
2.294624392271039
2.234221358833455
5.335876775566504
-0.5283762939499481
11.21502362813435
8.100279318247573
5.097773604421237
-0.7649889155103438
9.273820282179102
11.125266627162603
4.2097595912352626
1.6964036953177666
1.5698184783886566
-0.22680342269973952
-2.6333687717791907
10.416742309391935
8.623646860044795
9.6756624798272
9.938333420005375
-4.415626477989143
4.299575546741457
10.82518686336029
0.14494537307327482
17.033790829207504
0.7972969034397819
10.897795362694243
-8.83461342194574
7.0758587171666445
14.736920398307587
11.225956040522071
6.907081046211962
2.9265810635406497
1.611144888039691
9.75047165823496
4.788660221988574
10.91898537575727
10.32752670150317
1.2511005643344584
3.758087057821121
2.3625689731339587
11.231447717435428
3.6285224599195853
3.9653740455215667
14.550185303784628
6.137910505333429
2.3920968707643495
0.20961718476171587
1.990022153254607
-9.02465186011785
5.358067794476751
2.845980347184499
11.083975961650461
1.9181102988408414
3.219795233992077
-0.38915001358093715
13.242492561737006
5.828397193962394
5.277431045008634
12.258829067539214
4.465573301006993
-1.7463055746570761
6.022702398696008
9.857344062564136
-1.482088444221656
6.341130497477364
1.138401602613889
14.07538550313178
3.4591109026108353
6.933393377799778
-0.5939190745762337
1.2745211076640461
10.471574774737201
4.607628948285552
-4.882794094198593
4.195510591011151
12.00282571338117
2.457542304059868
-0.13493266083852262
9.717552752945998
2.192842371536691
5.344839637871823
7.6167244988756195
6.4860331278670325
-1.0623502190015515
7.273304708225895
2.4000755052332696
18.766820005155672
12.640617620997293
15.004095721802345
7.000533012651498
1.2466679591025294
17.023143379162224
-3.203621890179442
1.7389523069305612
5.056144354024702
0.9914665113792565
1.0386166857682575
4.113023094209075
5.164520809720954
4.052771164209697
4.3993901035510605
13.881780646427298
13.947969081141508
7.321317768661203
3.822601133649164
4.953182647563482
2.871321564214375
12.299456141998272
-1.8895186174679566
9.870777209996588
7.760105621612124
10.42379335977948
10.771587496866111
-0.014826639128344254
6.137900044840124
4.703564791305597
-2.3368120067652214
1.4079918067076016
5.660358934662744
-1.7636790944687366
4.274190465379135
11.96304280103815
-2.0041204412699116
9.23230041196624
-1.0012580417258539
7.314427434361571
12.956192741182168
5.448061265068853
-0.25194887039303904
9.059027942493266
8.350519536002427
7.925325495333083
-0.0932448713322751
0.6007199694374972
6.479756685455593
9.946935028902855
8.91376148585307
-1.4088507513745894
0.18483565824222215
9.326440424655331
-3.706730305464631
-1.1527932278456854
11.444202211429342
3.5144402815613405
-6.094980156644656
6.118725709921795
10.661977522754075
10.353273799575524
5.708232700466691
14.886666458828657
8.976990533913145
7.515672424503377
12.316870212973855
9.230379364619123
-0.6657891198875312
8.660190620539051
8.036304655980583
8.69493747571019
-1.8658284130901936
6.57645714536806
0.4957131721431791
12.107605346255102
11.523759465015198
8.58600160522757
10.398759016190082
2.1634722850369172
1.645542470238833
9.77695776416478
10.333068930276756
-5.923146855031089
-0.3185178359229779
2.8063793725818003
-4.488641987630016
12.66530802694329
0.8311239558650891
18.03296827620137
7.556659227025308
1.3223460021012425
3.0759051618523454
2.8698466573319457
1.825326152461312
7.189353194423397
9.993416986696033
3.017691762783499
2.1464447090940766
7.642340550129818
-3.5513279111337814
9.50802337778469
-4.991141036588002
5.825872886235405
2.7468528759488886
1.396984109073193
14.280919735067945
-1.2099198321164204
7.772736461327769
-0.7527198017280075
5.6384958569399855
4.995197363122711
6.560987628087738
-0.12650214595530151
12.724458650832947
9.037548069920897
3.1241924672480654
-0.0438572942620965
3.128805667678569
9.172563640344919
3.3351146377098475
11.433530067907821
4.667340327723618
4.1557504413579
3.9235801022081374
-9.22949676728104
7.911311511523185
-9.241544492840752
7.834273976344029
6.160546453832948
3.9886938149849973
10.35519570393157
7.652607110547918
4.000155011771198
17.06018260446915
1.501989547922995
-0.8494821584815577
-2.1209892328536215
7.502801816415252
18.286294697883857
2.441621032065279
6.479546356757236
8.303767403083798
2.531868538453335
4.8357901832882035
6.675322861330493
5.770469624352112
2.984404813584149
7.68032133397589
17.552878152749916
1.306343610215131
-0.3361962754229513
-0.2349947555431564
16.529726417854867
8.452468649059231
8.02001848543049
4.326989535772678
12.120729714788041
-0.3412122075543289
6.200173500750495
4.8954670474099995
15.354466053870757
4.480636288589102
16.549779169846612
8.539869671078499
3.1674344244058736
-1.5172640366129375
-0.15611876981986628
0.4789750437491396
1.488722872666881
8.022401452741523
2.0146643655501126
8.364561914083739
12.240492173052775
-1.8295245106921145
7.352800820704983
8.51154237965987
13.877080879289624
2.4642235338910687
1.2694028717086572
9.620236294965846
-0.032398065867253134
11.553652908267292
5.261775684825828
7.565469070276446
-4.152481621513877
8.0936530945618
7.756002255706548
12.070912472232926
0.4973304311435012
7.517968705518754
-4.347731305340563
6.224827122913821
0.3413905010197045
0.6628674766487044
12.003862204393915
-0.9704712553467942
6.550694612928496
11.417287096535723
6.492438278257955
15.41775287081985
3.144348043632436
4.922245946925707
4.8576057786379945
2.011380158569873
8.479879712095714
0.04365152173977993
4.995454536675588
5.991623493999919
5.537763163809471
-0.16852922989870356
1.7006972726691076
0.1874706179366239
-5.45792098704319
17.06842802713794
0.5891195664877369
-0.947515850058172
-1.7631024043797998
0.13682937953832486
5.132558822316138
2.322664394371891
9.111398713605674
-4.211288842397465
2.139923786860785
3.5511108990555993
6.928658329702234
13.747590863567948
4.729765079007565
1.8271993070176413
-7.355754415748256
9.259552476724718
9.849870372680561
-2.2602587443409154
-2.15035771106645
6.997359065297354
12.342782236442002
7.859820054047503
0.42514345168060164
4.755725066457348
1.11812592915765
6.975621211172808
5.876603910040616
9.598731750618317
5.678513407777009
4.016521566329301
9.113449791836903
4.625922990734064
-0.08696829375266457
-1.7566487574351424
3.976822013929726
7.190559470979271
11.32261192704815
8.025288408489534
4.4930351216219515
1.6287727216774996
4.3321343906123895
1.2683607233294634
10.338100723699778
9.236109251177211
0.7823236191561889
6.676835321100874
11.693372576377575
-1.210939010589355
13.433237045282677
7.327032649657629
8.073843105861261
2.6197205257174883
7.5205447998435755
4.441476703740036
13.478383265247347
5.137748497020455
0.9812088900714357
6.706047457988413
3.8033709198983963
9.039503954779498
13.94248621818938
-0.818773743232442
0.7073679456951005
6.248257222369851
6.774858702892909
6.667244900922108
5.037902204464896
8.54123257725918
10.539558032457528
3.8869160707652908
6.114414719841081
6.2273500170175335
-3.452722591487558
15.381050630282115
12.52821126405994
2.418831300673851
-0.07710271608953878
-2.158809409012866
10.299372679944192
9.409576060792979
10.417634212601062
2.3946860128379983
5.109221438649785
6.760258488101279
0.5261748616987183
4.192875853607967
1.2602157697041032
8.246384536777184
0.8959274385356286
-3.395443712960674
12.14527875430607
2.5290976490207355
8.835854057032108
9.557530029917576
5.764315295598343
6.276635520677164
3.5898958927923776
6.6120645208863
0.11121073129547909
11.18822864648801
14.411299555453631
7.109785430770508
1.2208460786397661
13.817858740487871
4.763867956539299
5.693472374084562
7.50164411873696
3.903689825151524
8.616541384930231
8.648226280222154
7.079340690081515
12.116871843923416
11.37288437354908
3.6818335755661895
-7.016352117675195
3.318709155014575
-1.6577150876039672
3.163908779841327
8.034501975073294
10.515343098801623
10.09437445090185
-6.774392626389737
6.171876442597509
6.966022412808937
3.9896897673324507
10.267166168217937
-5.383866654881993
4.874922078391336
8.372236064022776
9.32145870891029
7.073548330824541
5.775967817843144
2.8444411275281527
-5.158384851949927
2.42017899832744
7.49385257211987
7.17642894980948
2.8247861575447626
8.921573530484576
0.44789678949989575
-0.5620715387350925
-0.13140049638387818
-0.16604623479115155
14.762025720477634
8.438075246129197
-3.4475529552177946
0.9217708774005313
1.625633501040339
1.2195290964739796
15.408375049460274
7.90395200894169
-2.1785572930264285
10.075427835399596
-2.2857299304014562
-9.409406412746492
12.331296702979767
3.1609655611157588
9.051382571114093
-1.6457889491492388
-7.689456245696292
8.22539483161292
6.3430442198389105
4.914105344038885
11.946126656300821
-7.277102445482715
-1.075992887707243
6.950383493690754
2.390937329174577
-0.9100070972365835
1.4223908853053322
5.7158496051903365
5.894328422192919
7.46380914073578
8.722599044433487
0.5816648742226076
8.138827000425653
-0.54792183454847
5.073723278326865
-2.224279235022683
-3.3686379707841887
5.423009121376672
-1.8075330008799693
6.008854850176959
11.221456584074001
-2.4002242781343943
5.657440657822975
13.433168099113985
15.706234233360691
13.407411559704466
3.8761978841129405
6.358577370499702
-2.3274778463851957
-3.565989049118172
14.59614766093428
1.339331473728874
2.3117955644161663
4.249475650076022
10.072279986710225
9.113742538577101
1.454359683814459
4.571846340800484
5.960065355320847
3.7112619390935553
10.579739985924697
5.314544847616983
9.428023923537257
-0.3066018107571713
4.43842898222093
2.9616149324666745
1.9062973077590002
2.7541374796650127
-5.7024179133143775
8.606317891022812
5.028559997624914
6.016408773134648
13.402461601312645
6.851833015407366
3.5650701557467914
-4.91365406996513
0.7698316434470573
0.1741152049656205
8.300854253047868
-3.2176255375266702
5.25351603611043
7.604177481768877
0.23868514608584857
4.847900660722912
3.1002952150905156
1.0552999720995893
0.5931994862506786
4.707443346759945
9.652001541410488
13.80480749721829
3.0719917636821594
-4.774535894776422
-5.16788347717856
3.669788357148235
5.048764204359957
7.586321108684963
9.025867680778445
6.632286705901158
4.328441142139674
14.154251987136929
3.016547625141597
9.872023638996263
2.065975711700295
6.33266393532558
7.623834419609457
9.900360662814084
4.827898808083855
15.513981226500562
8.390687840805802
7.955386339141074
4.183169274189655
3.928181630525338
7.72666328368867
7.0983698778929405
12.428496017968474
1.5395035997408493
1.034434603213148
5.672559748836752
0.5394302464267056
-1.1068909171687347
7.393837168811232
1.2867938572701676
-1.21710403047123
1.45461320574943
15.219576323661109
13.584473566066578
7.823585614888179
-2.5289450352598744
6.504802244512801
9.171635891547226
8.347903744794367
-2.024411821637023
6.900804949295302
-1.0798453856001515
7.5368027470487355
5.857179810364862
4.384657538998892
1.422112959395637
3.071675545078519
-2.9067155331250696
10.291909413064541
4.418164163867382
3.7920543517394085
6.411180622987182
4.264467999750629
1.2217347955808897
-0.05538689586486267
3.665196026665329
-1.6592360673680187
10.563055959025888
7.799134832803841
-0.16160058980634862
-2.2020840888128363
2.8840414955669798
3.6228286613398324
2.2521028597296135
5.530736558275705
-2.4543647501225054
-0.1689200888494682
-5.188938406292406
1.5399422075209364
3.0509311658327745
-0.14136909391974584
8.940491402687872
-0.6695491130685287
7.776711593242301
10.290893982938892
7.886112284347151
0.5030516914018968
-5.0426606758185315
-4.88739398006022
8.536647831858433
5.94376494816459
1.5819665418744737
8.400701951729465
10.485541158427976
10.414078491111312
0.1271046315587827
6.446600204803802
5.56077720107824
8.212927269181487
6.121313578011494
11.147345862909463
14.511746427837123
-0.09191527032673896
8.990006274526145
6.418307044468824
0.09829398246382315
5.4310095154941305
6.0422071547340686
-0.9216724496118891
12.586142939035843
11.094935820487944
-0.9597978133487022
7.403041158566045
3.2258287049692362
-9.133259574252612
13.12099804156828
12.524626193520177
4.07519818602007
10.917893908740318
1.9931966725283043
12.30009156338405
1.574061788035392
5.594494511852277
10.707184611612623
11.060130742115435
2.758360771881217
5.245862833697519
9.990212316843927
12.329753598201478
1.8337790583523663
9.718174993798481
10.113574172494307
3.2752694819215034
3.8654718600967315
7.367219713550671
11.871733972126513
-3.719759476541368
7.069687021730915
-1.3950242083125284
3.092389899787308
1.2682329171174098
7.300205552088498
-6.099415581378807
3.883680793126206
10.826043557015439
9.434947472774986
4.938052247383965
3.3613182226313034
5.452294992220688
15.538046991686025
-2.0232641264677413
14.447358385680625
7.845599138469053
0.46552318134713566
3.191130030306587
0.28882820178567137
-6.402568558425328
-0.46614352114278823
4.1076206900279635
3.048286194170834
-0.3610402533756174
1.7619354218525451
10.719230906527146
6.828895620811071
6.145510383020676
-1.393976708333116
0.7251257868145649
1.5573543547597093
4.889252243526373
9.8144592506451
4.778551175166265
5.341875489279574
0.06162285510186205
12.086984121705449
3.8448294937304848
13.544533342301747
5.968055702924946
13.532068311501906
12.127113086143856
0.8840455893423584
7.252744392167327
6.755898497858793
9.292071536706146
3.45101929931305
7.324925690335416
-5.751162088387286
3.241697551434102
6.164741567109912
-1.199853410260764
8.63694755577638
4.767484242189118
4.445421314633137
3.602056580135728
10.331047523494151
0.18975380823816268
-0.6718170913229589
-0.3716094725957406
12.315729872528554
4.353136192704655
-7.154913109903749
-3.0297332904445273
5.757415948319118
3.1537427196877017
3.0528311649188278
7.956636593831648
-4.345312097653142
4.137527463038291
3.4721861821276394
1.8151767758818331
4.092425215923629
-3.0583292397636264
8.626977408409996
2.543187204000287
7.329118328474639
7.914170730504114
6.281365213120935
11.832084556290354
2.465461263193493
8.057711518119667
-1.5939000511445478
5.0866281897396455
2.6283891937988666
0.5378309744161252
7.235716414725397
5.515803213677345
5.098475785317032
7.346732000099154
6.292058200088499
14.449797095788727
3.166864908533657
5.116713678674621
6.3940170783240475
0.8868381552064646
2.479929236019975
1.6524679761020984
3.5114820383161707
4.579976539304861
4.312963515478831
6.447676343295116
4.589908423899489
5.186748290166843
7.034128141432341
4.087927925586557
3.405522252317963
3.338719527980693
3.3697555867897835
-0.41414199319170786
1.8756616702125966
25.1761044704242
6.503783755453165
6.398464129119176
7.159352467994128
4.500724473844836
6.204420989137104
15.306794830216333
-1.6730028905422936
1.5249023431947815
-0.38764693151933916
4.607453757230402
-3.5922941836341655
3.375389566059488
5.194295933223078
-2.960949163997266
1.3039673500594158
14.34915894854808
-1.3182992378579117
8.259099398142304
3.37175259543718
1.0167983238206288
14.618323583390486
1.8777020090189698
11.059701296153818
7.0937551224827
-1.8754605028385853
1.9799299309609175
3.0825200077898143
6.947471134822796
0.3239238894997021
5.913852856606496
1.4482964689869133
2.993841749900797
0.381786589506782
-1.9227258507178568
8.68780512758114
6.9408720291149075
-2.6759574587226593
6.227809512015492
16.0456391111308
1.4403118173358882
1.637470340957203
1.01595189803751
7.2000761413470755
6.743787928845367
3.7875314805961224
-3.4692596202958317
13.67696507073325
5.813825719091874
15.193679125009846
7.771372346590738
2.5738377713575864
0.5213464086881214
7.524611654827536
10.597629306101787
2.623473390647367
3.2219284932544054
-6.9950003015594895
0.892861527919564
-1.3351969731307074
7.161194821990616
8.173303651558761
6.596017146321322
4.285762417218348
1.8916896447757618
-0.7890646515091682
-0.4931458790171428
0.0895549322330016
9.710015508396896
8.480078658291283
12.488626905665662
16.85117470786026
-3.564431706040727
-5.862119339879321
-2.0394525855790615
-1.9947145306452052
10.883847471722039
4.153310991991383
9.194092996614614
11.362060045509773
1.5094647329203572
1.0221195807898615
3.8849705390338345
7.982485485169342
8.11708945244818
8.511509538427815
8.209629818202627
1.7545895140770411
4.665182978710992
4.615145006232245
-0.16628108420675636
-2.8838027112668234
-1.5699793896795224
1.926049756275673
13.845398330506818
10.846237074079442
10.951220895319716
1.962992094998972
5.063347009896247
4.59344725752825
8.525541305172872
-5.071272501459784
7.9040600495971045
0.5077053204111337
7.3161403189479
-1.1583146875122203
4.470431904901366
5.494596698111049
4.18145900888668
1.5231079392243112
14.227223508652491
14.133215192033571
1.7248083947768524
-1.4760036868526676
11.785518369398472
4.4649747878300925
-0.47684209355666685
3.936962070846391
-0.022644114844067254
1.4696656823165175
13.981307609355891
3.0738456365942235
1.538678310587767
8.208742192437718
2.0583272965495434
-2.2272400503508685
13.906820641269107
6.449861709083597
15.411900634805004
15.306585145450299
12.878915739376065
-4.318714661554903
7.095945694395125
3.6885553741008152
1.2291621354191307
6.023060027298629
9.843016101195794
9.179518680078345
9.060867845950074
7.77712697678335
5.981835916154298
6.506111541304184
-1.060390940869791
-1.8214568457034144
4.729813854763403
14.558909915544966
12.733255861736607
-6.803645979982932
11.854298565206406
-13.077058117768615
13.13746029270834
5.802908013028911
4.972205338715304
6.292196139418272
4.167026336094151
5.6738119828568045
9.609655954910703
10.533693101748163
9.997647040390511
8.044134455236001
-3.296448255404835
11.820016756782042
5.715356307891394
9.127552627370438
-3.3197227560347873
2.2414433743810336
4.641938969026774
4.905442900694832
-2.208327573844949
6.990872694749688
7.255765381169349
5.787595147460955
7.672246075990084
9.561632101817013
6.671280550622941
0.7783115339809257
11.589408284775367
4.951135823721348
6.168515568922777
