4.081504782387464
-6.074961904234868
1.5833402860038972
5.076529545073084
8.034941786481358
14.274559005636654
6.512746148291511
3.136897241148498
8.914890408416932
3.6470101538204998
10.708014198558738
16.434712470449245
5.040600068913368
1.713292224669912
6.206605931469851
11.27294689074691
2.538255890485995
8.136407870754265
0.4767022814612978
13.496490916752556
6.199063911157134
9.30043528316401
3.833070903708962
7.113761052913501
0.5531181611021858
-2.4189954464124135
8.38326820129891
12.220097542672855
1.5873468647283522
8.218570655845628
-6.899496444575782
5.973074916608827
0.9818178253245149
10.773796165358483
2.6371006753786554
4.513502431660983
1.9171026262245787
-0.15529558837712498
2.2358321562538017
9.20999527903459
8.453667044538086
-0.19906201903449094
-4.521315478480666
12.321696994033482
-0.7458371158396657
0.42815723252353255
2.1299366903875327
-1.9680500762644337
0.28192096251485466
1.47048783656943
5.192976569879658
-6.972233336257027
4.968268794407991
5.501915359980902
8.676091976289037
-3.471765541696974
0.4467004903973759
9.649161797402495
2.905659868381001
11.460739083224034
9.69226252998428
3.331817254539138
3.2374901332621535
4.6707108239169415
6.588696141965469
1.0023306833187373
6.353981604742467
5.351269937233663
9.51483190649891
6.589051064634994
5.030626079988453
1.9822824071690044
6.144722466195143
9.07278166259494
14.492368182630566
6.910175030265821
8.37973125206933
9.473927953102216
11.60098614313647
0.11493249917631143
2.161077020827779
0.654409680278778
0.09428615338652646
9.708666363024996
-1.3501060696727833
-0.054066045084688596
7.400948284451058
2.0294074400296287
1.6756728640810312
7.069922576122052
-3.278839384619636
2.9767656861525507
3.0789591723158987
12.48711477079179
10.832966355312049
6.555886499444118
-2.8284393032059576
6.030460403010586
6.96901742356884
4.111537027678446
8.430151915138183
11.858314234920787
6.555741570448747
3.5079491951081474
5.092478803529594
5.260556348430879
10.26632640100653
4.013524392214396
7.176477566828198
11.09774352829866
6.425820229392671
3.012025610028905
12.02147932571501
12.707739032033642
5.819703866629095
12.575836010636607
-1.7791256718103572
9.962957433003242
-0.2799921330872017
6.2887306692873635
6.8374414807526716
3.6788499874939182
-0.7218652926926392
0.2556179366115856
3.5544480337767643
5.208962231772871
6.084094439379049
6.5779688295783485
2.332248566512984
2.8234741191371864
-3.9667354190159703
9.466339791196535
15.471840808467174
6.082005543505879
5.270923094020697
8.62512752590247
7.81167001774006
9.130763555821483
0.1754416854374674
-3.02497745882026
6.3107865852316145
-0.07210228094565974
17.672926309805547
3.7552922141875746
11.02977341638686
10.118464418756894
8.600127158340245
9.003833964716831
6.860608762644353
-0.1888490865881245
3.9108957271699545
3.454660158396754
-1.6175173212159617
6.3990403118351695
6.50288153962577
5.537447671408416
6.275177337332581
-1.2158268046882013
15.13220648774075
-1.2326864278934746
-2.9014494888762545
4.566428672296198
11.158323252034197
11.520805797071759
9.086512534361866
18.28485759788189
4.8874690121430255
-2.0903689225067605
9.610062491208616
6.382241586923801
2.501790311381697
-2.7551112285157053
4.502165918248054
5.986787592715885
10.098353348857735
-5.406550695989896
11.052185334657052
2.5389718197793316
6.024116027032763
9.830005616350789
5.332100583486245
4.268593327851144
5.360999648009171
4.6067974675066665
2.2963677437883065
5.462498966389175
2.5705089611820786
4.8369723216258445
1.9092794915438143
-1.0145591214484435
0.2365593365895977
-3.991356400394288
4.580474430519865
11.332612024113555
2.4460329791092015
3.252815327984858
-2.0882349491646197
9.705640878454338
2.466473330341371
-1.340156006539254
5.164643514208861
1.4844225868104557
-1.2168908198086141
1.972113510314583
15.324106025612846
3.419080311859396
3.2635230818541814
1.785473036019412
4.7964401286824
-4.49624692612799
13.988282836215717
18.31187377215541
1.2339250842774385
-1.424144351848601
1.9866203596678287
8.138651540423641
1.2559330565902345
13.637798621778245
8.754528176299251
18.0131729809168
3.0937745861170804
3.912652731532436
-0.14529673581907954
14.551807985726432
15.177892681409206
2.210659930355556
7.581483533893607
4.333466705788119
13.178633128309137
-0.1265105316079671
7.912184003772715
10.05245004920512
9.159123690550746
4.643075245322933
-0.1105401343918242
10.71395466225368
4.033316298668935
8.48575138060895
7.038655292324272
9.374047492321022
1.2487512297219716
4.328213486064255
8.064296206296888
-2.624943545019465
8.158667143641338
-2.148003580554339
9.945996141800169
1.8952138751233578
1.4653664032670681
5.134388350474828
6.124142933566922
10.423987118198308
5.391077773860841
11.368960215945918
7.532138033775724
2.2562916978257244
6.664676321864645
-4.198671012874986
14.537946775013419
5.230269166810425
2.0750641782370094
7.517252396854131
-1.5693758968107927
0.8596955253402458
19.827099117365925
1.0134761447880394
1.6694036055984958
3.969697753198299
13.392475447882598
8.95088155688388
-4.390986775344406
1.1688011935038571
13.091597698544547
1.0603171730801597
2.1850043691741443
-2.627416693691897
-1.8357203870313539
16.08442452960645
5.162888561674218
7.785957249916525
0.5302443580879372
12.809899049520773
-0.6571708493549133
1.08109979029779
0.21617669512880466
4.868917524627624
2.6139134148767162
-2.8937668328328057
2.9938011217641796
3.861868285751687
10.99971561724783
7.612689219024867
3.6523375964570315
11.756244778846344
10.240729794868138
4.379048843100604
5.263318606175525
8.015785677291866
8.579892475529643
6.335328703951809
12.674867702753504
6.885478652755402
6.088517720798706
4.959437381303493
-11.721672212700089
12.492881814234984
6.171814154377099
7.206401017616027
4.974015964961021
5.888932013335101
7.961068790796043
9.19973037255821
9.004935110283663
12.370177075651053
-1.798044028708076
1.37706811386323
5.3804540045206695
8.024873057501203
1.0638179595479595
3.8638270806239685
-0.6332501508707455
4.196117777435686
3.2495161217397692
4.143045585756752
-0.4436892383598181
3.119793959259418
7.560820249380482
-1.5332795234457643
7.212273561977683
-1.7048548909081047
9.519402923566966
-1.5624525250770835
1.9048185517119043
11.960341776911063
6.451114092935466
-0.2683716901688413
1.6559355587406028
8.186652869424789
-4.072128384117782
2.631884595131882
7.007335837964174
10.132655250435347
0.19929132306985053
-3.049517021362803
3.661721034800069
4.046366160665385
-5.555979939915323
11.579540310773588
3.375688063391227
11.359296454688273
0.5555023143009326
2.1541834901289283
5.8654419488161835
4.304971653777178
12.285430425441323
11.666615845220418
6.93555771716871
14.914446255075362
6.0909388170938685
8.091556766943185
-4.441368373617636
10.455391979116099
5.45521445456035
9.412530640630958
2.2356533487128285
2.3780153930091563
2.072029642702351
6.057416096164841
9.61380936991694
10.017233592077364
-7.712587791444365
-1.1877301975751822
11.859375726416534
5.680789512894702
1.1342146227641448
7.679910283312931
-2.9539704680364425
8.632940083296534
6.710314224373087
5.910380226464518
11.074218716718148
2.0980501904963207
3.2682319332162337
5.485233273181135
4.444224872516129
5.453524801117086
4.042736237665213
3.8067729231501533
2.1645863538284753
6.398459356849901
7.086158816809624
5.999946428440515
3.4360121929610052
7.927843962535032
4.281639331809966
2.4114034392729273
11.503042869827262
11.199750058779017
4.269589274710234
7.285128997794908
6.120389558728796
12.888684835136967
14.365847135586352
4.747767501922992
2.5565070086696333
3.8922490173966304
3.259941194112947
3.254790512519288
7.0413917357409606
10.999148591633862
6.320958892368187
-4.797962211312649
5.322467968358039
0.9055892456972279
1.6143724628725749
4.692653020137167
1.2883720546355333
-2.0436558323743172
8.247469980263954
-0.27668006111474064
7.243445074198419
6.469695774266031
0.006937312429296405
5.958729408817534
14.373751804871835
6.641492904553912
5.125477640510967
5.4023071942994125
10.90432932012055
1.310140875598011
-1.3722741862707277
7.303832152651948
0.47326882180341023
5.797979529502002
9.488080113799228
2.6609980549822687
1.5267854633243543
9.382036647764
4.210409015167713
-1.1418762910417897
6.022063495218301
6.187166326686749
1.941113177719402
2.291186152653011
9.38313241836774
0.6795695760027209
-2.6614229816045443
8.883620509192351
6.20121553644956
3.375961129324715
6.707089285513714
1.5063469843888035
6.24505927694865
5.801020799000542
1.2072148770600348
4.143579834884708
6.805110196478576
7.871050607477416
-4.502933920760702
4.965438187193991
0.2918126194549622
11.731586592952738
6.226718123326527
5.750422403646707
7.116778715814935
-3.396469904026323
6.313974860384585
3.7886073188359983
1.7523719401194788
-0.7030185850286594
-4.392379457823959
-2.8127943569436926
1.982569478809002
7.01395903456438
5.646273625593315
4.143615645433653
1.361050160610806
13.912735381215933
13.96135894057677
4.342685001547652
6.923171612880886
3.603174108438651
0.9091592458870079
5.350952490560039
4.207470118048279
-1.6787322478407507
1.1451159515914735
6.239948014940194
3.154678680027097
8.926010975441393
9.371650659882302
8.563087793729958
4.127202752671782
3.3924164130686276
3.93276560055665
3.3170320046717183
6.103094814710363
-1.3959990384598813
7.098173567301624
3.5262690751505374
5.255056946742751
-2.193563565725557
12.788318682209418
-0.873084559756446
-2.1512758582195266
1.6997315926549659
-1.0287046146188494
-3.372467005350689
3.502884137589731
3.319310523316649
-1.4298213591055147
2.310557589362814
9.17921746554345
10.928889256174518
4.945228148588114
-5.118815847301091
-0.9500893447115337
11.8625813639857
8.96934377065492
-1.8076122227643499
0.153112829719511
18.397505024691256
1.8997967925546455
6.016211917322214
-0.4102038539822086
4.538712798312755
1.2449748294228933
10.849755044704317
-2.633732474671998
-4.960089343664823
17.4139550484486
0.0009092780128954203
9.022711395899538
8.32401766711961
2.7138944097276734
6.880133121066355
5.578052715298428
-0.7300848605096988
8.791115787043957
8.091095438488916
2.947508924722497
8.503641319095959
4.386834990651013
9.868116832170562
4.266222706334816
0.5587487691771535
2.6180727279234928
-3.4803064305790503
0.7751465023865163
2.8076064683840602
0.18710963900883026
-3.9824251684232843
4.1258694677356775
3.561705129233673
1.9397935817248997
8.774647454376119
0.304814378827734
10.812700281499183
5.956064939445338
6.835959154451408
-3.3833029143522637
0.3590187509168983
3.9580414922688885
12.33564176440657
4.779543234246124
7.734224351552022
2.0888345163157442
12.701483883156268
4.342374657101795
4.993722989032165
7.023276169636437
6.020437859251934
10.229180717453609
2.004984540664192
5.825798351798865
7.330113925047707
7.723349389838818
19.545314957852014
9.211366115818802
8.014166033431076
3.230964782719279
0.5805711856090694
9.580757754894513
5.608782720757963
8.20927622560258
4.67814573390003
3.8137508792021384
-1.5570843161340413
3.387952973396723
5.320772436508049
4.1649416686755805
3.8817881829653587
3.0057285179519706
4.440988393018609
7.87291477031492
2.034520599023223
2.051863174780263
6.641405061665142
9.075441001589384
15.944810741073145
9.276060107364367
3.7959171746740292
6.753552825658366
4.263539521844511
1.5843313900927658
6.591689232436918
3.282429833461913
8.87620154275835
8.526689254265623
8.527347098489892
2.841016994442963
3.278989104633288
1.8082469787950148
10.422405765506316
4.867641758516063
-0.624603754096567
-0.26029672911410895
7.195845492627827
6.8291344558429845
10.262497405088396
1.4811645089967722
12.523235323745679
6.483312352996906
5.942154120052937
13.094283471145596
4.6313989002522735
2.09288250745519
9.600918615101044
3.9684554243172947
4.483738692193361
5.933013908815696
-3.583750840364429
3.8757031796613237
6.775071723714421
6.247075975664307
0.607492600267971
-0.8604464554208331
13.13599020124681
9.39130776943802
1.8774791969719038
3.8936794125325864
8.434035141190472
5.334571364437204
3.5097808060410225
4.065802326357107
10.455887119620394
5.948374585163321
7.821953205042633
8.77355562697766
6.204860832329979
5.077865834565765
5.764250635102095
5.365118863346032
5.950976648009324
1.4837816347931092
9.791356368332877
5.314718897762144
0.9218113509133596
6.968845159345301
0.6373891384321393
0.020857861370291886
1.4249852744256013
3.018387343252217
3.3319695717871736
8.361484126079091
6.275986586152066
3.826352929932626
6.121800458502877
2.3681663725409443
5.67064090008333
8.257002888380214
4.878890846371445
-2.0745184876791862
3.2156952952477256
-7.266803987695864
5.07519273255548
10.37694568549937
15.587234925737796
6.924502429018061
4.796684412374544
6.9716364447223835
9.961565810857138
0.2994208011849997
9.377171482778046
8.276799051590766
9.243996612165818
9.000144830662515
6.075614396109825
6.0111518872823995
-2.9761272775477883
13.3892844798001
2.308607812325749
3.2198159813350973
0.6187016328982509
0.04957496532896588
6.256014687950964
-1.9794290220267259
5.5315730232629425
-2.5839589645080583
-2.363785122166549
14.18626491678584
4.475364586835694
-1.0829489932118852
3.4054082335217326
10.686681427749411
1.5396636395970567
5.353364190640132
1.3581956451412076
2.7730535741111093
12.828822364660567
-2.3272694864083734
3.3365829298182743
7.620907241021925
-1.2523004703253413
0.17354396630759172
11.880576218882695
3.8864288979554065
5.717228580010777
8.812595657929329
7.934417533746333
-4.548412893616412
2.192715120580511
7.336956198261434
11.835583595585689
1.632264005804065
6.614082845706087
4.533094850142829
-4.364895149017717
2.423518756408771
-3.3931661488016926
7.146170007314423
9.110172711997093
6.711782583699714
7.3691415294604905
-0.8181113886385729
9.35916693013135
1.9924982315593107
7.204338573575135
3.6146860777364638
7.210179602352703
4.961071760408688
7.679100987012341
4.913044010341357
-2.686915060070291
2.686626879497962
4.03669334982209
-0.6873719054925749
-0.21808134023524062
1.5856399917308641
5.431993720472304
2.5547650269845925
7.980178166432436
5.743154781531032
2.410468133444989
0.8450613412345236
0.1919850648101411
8.040868920916889
10.404263880416785
3.5830109805551382
8.085888897868628
8.411961275613216
3.83899830750918
5.0379576774955535
12.542799443745302
7.946905423683291
5.15423492471548
11.562570556880111
2.631574436639227
0.2403934933343823
6.049444104297015
-0.8576214447838053
3.3933636027709664
4.661749361692674
8.760405682926384
7.766087758624904
9.33853886011466
4.470623510758681
2.7839265739995573
7.646623792411341
5.098045335227567
10.944002905986789
-1.9932650393396942
6.142290481838857
2.3560040274203984
6.9343434005539155
0.22871776092252016
5.394944142401885
-4.680952450247995
4.087829283710173
4.4201915399049785
4.472172749517231
2.844208062574131
5.378792150849916
5.657412727056403
12.363427439818466
5.410748197735511
0.9008154795217527
9.47819185263949
6.659386416452483
6.662328004319022
8.034594710481862
0.23195421366238111
1.6588906576945122
11.10698102909003
9.007506398831701
4.8234228560315575
0.7957418376996657
2.493258319590399
6.0982703628797985
5.646575064314332
1.8206877919431204
-5.544388862438742
-2.449935671868496
5.8643201635995394
1.9538184943629187
1.210415966345078
5.780666789250679
0.06523130694212798
-0.4634701400347492
2.2231780573910713
8.750397025388043
6.273368871610435
-7.714444196696782
1.8052307033131028
1.3562049781195546
-2.850161971844191
6.621288182614144
1.1328016447613
6.276405357632919
0.5960113385728838
2.9167531536333957
-3.605176800281628
7.193448456496666
11.24190747721121
4.406989492589981
9.957001148809844
10.5153761264332
2.358715628776926
3.8452503197947125
10.066979310140571
6.055573127941235
6.509178017739502
5.778905958698518
14.976794729934367
-8.37470974441016
4.050123049534755
2.101700668356991
8.080138497907102
6.941875125823287
5.168420840360425
-2.0131997897083087
4.6260666386279246
0.2873102947937216
0.5562510913708034
9.788011706014656
15.761100313327464
3.5997368123555353
5.832120498725586
2.5759357489237504
11.355619099711305
11.40820657703813
8.066206902919916
7.830291307573054
7.355177722143655
3.9479215425792162
-0.6388620428330114
-4.215482686939254
10.734354923808402
6.215424368717651
1.4327668923238095
14.004099952259365
10.973086023622855
8.045640917423274
11.931837394302814
6.550999002832099
0.816451224615685
4.847192677287208
8.395786319895679
5.275500838058806
9.02282768248567
0.17724819020903926
13.262453677000632
6.853949937365623
7.667903994129873
8.836342843661305
6.242019712268302
6.9607004082879165
5.898699854423254
2.0594631778691674
6.309013686540907
9.00819779507574
12.640228308688425
3.873482868701945
3.8969319567803087
0.342483798640429
1.4212084941310374
12.475033069792872
2.2915060308818997
-2.276543342788698
4.132793675150407
2.052208497890389
1.0531948391764572
4.616392156098639
5.791202670338731
4.613245462795431
8.451203956092774
1.3028251650493905
4.416825094175941
2.8750937282813185
5.684318172101252
7.4302931584795635
2.067012720954222
2.3476829405165347
-1.7519469388805389
5.278852087210915
4.237251460139579
-0.6701954290095111
11.416843728763613
5.814324779233642
8.1302531601396
2.1824419938861634
11.143809221885906
0.7765920701602056
9.489704794678577
10.056781537618859
6.193081015087008
3.2301070561347
1.4342878750299994
-9.828842104441234
7.0638692544936745
8.427524116387495
6.232665340287534
1.683105894882168
5.462149301935801
-1.2233236096421924
15.100436289104843
10.757035964262359
1.6406477570307896
2.978673199804647
2.104284586245508
14.543774104830543
0.5986615740040904
3.858133522598274
8.141257426877122
5.006503528166658
6.640008697708782
12.831168735034137
2.190312678623341
7.483168696530868
8.021251363909428
8.468165903179429
3.3682068196060797
0.40411252487457894
6.341273581994593
2.6382754515635574
4.8494809611334055
6.468714176046219
6.202758736970651
7.732877127856111
9.990904891809338
3.028752509601404
3.206610548637326
-2.2384922952298947
5.634771312710212
11.908879518511615
6.111575044153554
11.206145718766491
8.136865142701996
7.016525626059295
6.378187546486126
10.20293926301964
5.842646706388002
4.098698868328896
0.6517113116416491
4.554500649377921
-0.22517643981832336
9.173808306172104
7.793785685848562
2.743479337730482
12.07494109200747
6.148774452438328
2.447701017302998
7.621107936502234
7.7693260962173625
3.4004622301490213
2.2361250557756587
-1.3454721164624148
8.096705674923108
-1.1638400021443172
6.029266217473421
8.093745304752012
3.899245975464828
0.6954787399294862
-0.4946307550275848
3.6295226962399743
10.6637715738868
0.5534972888581118
4.870442894993438
3.7570794493962985
14.845991668966896
