10.115681247090079
8.09845309424828
10.6332550441571
5.516849480261504
9.271803859230026
2.7080272506740797
6.8202223688307875
9.542117124228358
-0.23049006322774446
0.5014608296803047
11.620990056798954
16.79800685114971
-5.976826300576887
13.174705073183492
-2.6115407976838725
13.712327480981493
3.863578868811334
11.278829168202849
4.145922773824631
2.7008766347683557
9.095816529990255
6.7290811628238245
9.710743532518407
-2.6500853758943492
-1.5026847604265026
5.853887508737603
13.369427602798421
12.666397640121302
13.42911138699435
11.875811397788269
-1.1421939060502035
3.2347218292602684
7.431653420416411
16.57991342149616
2.9625380381653086
4.356770023948646
-2.4973273305746932
3.821215510905493
2.5305303761646845
17.665951361001362
3.51741229126703
16.50048682563782
13.018416133627184
8.804872409526473
22.38434541338065
0.8560126884615826
8.355896870766083
6.401712025638412
20.260806975542778
7.945219665200989
2.0614531133299314
4.48846934420538
7.57554500385533
2.472207828661959
20.327929437753017
3.272405720225444
8.675696907407602
8.36245221889095
21.09872116910836
7.1971239348284755
8.988945361375716
19.80003204875095
13.777870875832747
7.360966005845686
0.2161871158357398
12.058218810178541
-0.4143374535991313
12.821694481067931
-0.2729089874235946
8.39723961209263
6.034126515862637
3.0596065817644345
1.4067963456871047
7.347234683372319
6.942537610795755
8.10304222475824
-1.7394288108312983
8.613323520919227
6.387281462972619
-7.253244979341964
14.61650272424771
19.165456753928353
-4.1641473975311545
3.915995273251224
4.347811563353382
13.050769007192985
11.65369152519321
5.758389027500865
18.810969309024554
6.328711882319887
4.994774514840799
9.16535059991191
-1.3941014105901397
-4.333376069583776
5.639067286413947
2.9325913092362623
2.733737546410845
5.178551228507931
3.9306151393111635
6.171106206391807
6.753792659521235
7.458852517569664
12.511201914889902
11.198217966131162
0.09568537354655238
8.903866483157687
3.681032025707155
0.2661383497495029
-10.265266374523872
4.833572353145604
14.059669525037963
6.288602754273014
-0.3835832134992119
7.416129215963025
4.154962329984308
5.775648307948925
6.072628478539122
7.61842469911428
-6.878607297377421
1.1744737104193383
9.808048276375947
-0.8056783924632702
7.427167738715587
5.360379763809625
6.081671500085129
4.627539075585386
11.692216717958146
2.569520385573978
1.0889508652582363
0.843606424956632
8.500140399372647
5.238804009665397
13.077911334031679
8.69985924598665
8.864244373399648
18.60243854797899
8.803204090008116
5.269130353554603
3.0357093654645264
16.28904795412562
17.311497706189034
5.732683417575861
2.999783721545637
4.036028584375097
-6.542379962271278
10.541843014597198
8.338536920670371
1.997566857738705
4.656467831821079
1.574994571413563
5.534687822176541
16.943051206444927
15.766730766233321
6.754289663125246
8.119006731802543
10.443186162781732
11.581750983723577
6.871346383078894
3.698094632223411
9.726735623744464
-4.648946318607713
0.9503405982019384
12.391825679940002
14.349102653649355
3.1388870628594696
6.84931979554073
2.0910493944173063
2.2502668830482273
4.109849412311543
10.702655278133324
-0.3734523715328786
10.628478981525962
2.5463585947619234
11.838295797870654
10.512100380421131
12.163270604082623
-3.8149503492553496
1.5688287645320607
-2.826005155404477
12.346122195057326
14.289375642540714
13.841598399101152
7.666739947157279
13.586422016757535
7.257671702921805
12.409683796874312
2.7677249866061597
-1.9778558150627905
8.136427655073518
-4.139473310188002
6.932181764571305
8.668375490887573
3.7468513840122655
-0.786180181755908
6.473758087965586
9.10929761959342
9.005673977365198
11.646464855258042
6.541314280042091
7.746100543728352
21.80481640037013
13.886881146932115
10.592493164292076
8.091750506282484
9.70854489900952
1.300335358317839
0.4411572169861211
12.50655965647403
7.000770243034497
12.918739518730625
14.183892517663399
12.75806740073984
7.813230399734814
4.765164938472312
9.180409248517996
10.831180878792438
15.575495525250954
7.265827143622882
14.435615075389464
6.497863159559944
10.107647475783283
9.201486212967076
9.124388049226972
12.042776324808049
5.435184433201267
-0.8761221355238584
2.0187702578501283
5.193630242901163
9.741951192706777
-0.6817819733528161
-6.7189665493845006
8.487686196225578
1.4105813743971671
9.453071590056044
7.897997068545656
3.3818561986166893
3.0308185898734936
7.9015207536309084
11.953018457680315
0.6661402156920895
11.902136383045928
10.836137395146498
2.3007659881191245
7.586366858985755
11.113776504091055
4.829166351539448
10.79331381387042
11.950312966925878
6.675260857393111
8.984177498275638
8.346967683128872
10.343282915927887
9.599114224244719
8.162299334678398
7.25420704947161
13.850460490948578
14.804670569875912
4.367044738928598
6.998840803575048
15.561381470376464
3.0660629668557196
-2.6324521202576374
13.386609323018622
4.936121193113907
1.4904148236336274
3.9745311728457517
-3.462811590200481
8.304488755254319
5.514564084286679
10.422541999052099
11.339937997333415
13.358199666089252
0.849506891075861
-8.856131669950544
7.86358619406216
2.8205223225576774
2.918508125003484
10.841559773712167
8.530559641176502
11.892939378033844
7.297780591101906
11.317930107264043
8.66672604021264
15.438471026172014
1.3220796138473379
6.1451122427879135
11.229845757516394
6.408098391500191
-8.441062271734493
-4.039346195426395
8.236847164716908
1.2322290655276147
12.594439957545914
6.515378984776638
17.281025843085697
11.714387426494415
6.650026489293062
-1.4248144738976602
-5.729687565570307
7.632656226547592
18.72345427001565
-4.761932940985735
4.638681587195275
7.0802069683846565
7.014742086793797
3.0181758522379454
1.5411178619556818
6.248180880210009
4.948483166294038
1.9865744180082592
10.25599944711903
6.019962046302475
8.572591593102965
5.390476889365991
9.080588634098742
18.527660161715126
9.08209124348368
7.533545272364674
4.687920194426987
11.773965185079586
4.181297657374477
8.69342415219458
1.0782453847193274
8.399122070636146
-1.890251309514026
9.782434787719156
-1.0297618582272996
0.7064406370424745
9.2407106381525
4.313766929275766
5.461111786960021
-1.0863012490291934
10.451297016280616
12.718668893257023
3.449707226756917
3.846227408835696
12.911101827132015
-4.546687859267967
10.982371313362208
10.65504259141078
3.99858645674067
10.97009161582978
7.5914736292408005
7.367186425691778
6.082683928347909
12.06491501061805
-0.06567526616770358
13.453999830401926
-3.6583715060547366
0.1402185836147165
1.0148119063397587
6.635117249109857
6.7693045646042895
10.068765416083732
3.3334806890512194
9.834195410715296
12.084065643338054
8.116753502711111
7.68946630796473
2.6628100679129143
13.992036258527934
6.720917408508879
7.6589459159447815
19.05342294396121
14.673032330317081
2.4530738399772725
5.081845646242855
7.943577896097998
0.9247866457673855
-5.319912884138308
15.445861282945945
10.186323229200783
6.035863651708481
8.087248488527198
4.780605431039331
12.666215749344534
8.101424147666265
17.943393634409972
0.6646606977018141
15.012205221602379
2.2281052539027733
3.3446579874487887
12.294750765972122
7.59549201251579
-2.3331551280232112
-0.6840381691637836
6.673232254860446
3.9401349146510563
5.708389208875156
9.208752202846261
2.717113509999105
14.09573235952368
18.579276479094794
10.596357437118678
2.690588529509618
2.4037457175931496
1.7983593193036498
-0.5293264693875939
14.119816093304177
6.484553468558428
2.6758974839459535
6.71408721515647
0.8574216240022494
-2.7833928663386995
14.882404049440849
3.1468158492172074
-3.8937786392461913
4.053813298278341
18.107987994835618
6.859469595723843
-5.756227474848821
-6.383262164792086
4.340216948837943
2.4576909794700024
10.708897580332845
5.394301268462343
-1.2549398288242353
2.6512118004998415
22.240408384199
8.181842257701788
11.903053647266002
1.3389315807048678
6.428118107218128
6.088115552186934
8.697226807213529
7.180272034658908
7.180091573504753
7.375500300756391
8.674850451137303
8.603865520184343
2.8972424212330425
-4.807214887404129
10.641264314659974
13.346942146817891
7.401255691605957
5.943925357165507
3.256641860852058
4.0363052725866915
15.496393986270489
2.428749166596613
12.164533227411587
5.14464553811427
1.7983036976284295
-2.8650115778727727
7.542597300650343
10.469000885733013
8.076293974149552
6.3465418078956075
4.878439097440947
5.321693381751897
3.0169635978252556
-1.3152626941801637
-2.1404982019138217
12.51265804400811
-0.7066603260071211
9.785960812924978
3.2253141343612257
8.553066472050812
-1.8493678668340676
7.615712422312278
4.505051668359786
3.431203597650595
2.9204008213628363
1.2718398811321752
15.616637458418058
2.8289821604098577
3.0023197205692527
-0.40733802511465456
17.284564721392982
3.673656554483563
4.023688889200207
2.7092086703483997
-4.098638571075135
-4.439764855700675
6.230298938147946
2.7485126122974246
13.479123566768031
7.733214286914826
3.0702039141006825
14.159701410640524
-7.571388074406597
10.168008993103161
0.013466767305144955
5.792874282008861
7.10701012678463
-0.7453705892430582
5.988521903863515
5.026758232088166
24.115698225308577
14.738363292401873
3.1866632022570904
10.990962591218084
10.562407674624952
2.858565238225541
6.918402113139012
5.325788249603641
6.2817223496985335
6.3448430201960715
4.143619547559672
7.118695153708169
-7.603221281566494
-0.3291122317480726
5.628171530450089
4.677987745771985
-6.608031975726998
13.291880325345648
9.10105216041148
9.886114858018669
8.937848779975212
6.418928030873739
12.369226402458477
3.1159513487178816
8.707994425841513
4.946703012738966
8.149656961679176
11.279971388015145
-2.2526668060608745
12.766391346997636
5.680708651780551
6.473510203831375
5.83488011802887
0.32342473103412317
7.043819015333508
12.2333226460415
5.838102292030954
9.044716948455681
6.740339477242162
15.24820249691025
5.197999760515492
-0.8018382294284976
6.197151395757862
1.9862290949280865
6.466154335619249
2.9814643220944705
7.128540195432981
-9.333804978654017
6.983049195976869
8.558059259208239
3.0224644161804846
4.06159044259855
-1.2282093583184528
8.93709563104217
6.9715574455080995
0.08298947807752377
8.312059521009258
15.995424178233042
6.542059697552329
4.8497002185767
8.42107910774582
7.045848432405185
12.490193401151782
5.739578709892478
2.0373975159555218
3.0409304951848783
1.7280618790291653
7.144421458838693
2.5258377985529314
8.19953332564704
-9.721663366649445
10.397145086535808
16.52605767117099
-2.100394705563513
11.524219614521867
2.327356713361814
13.019769808964455
8.314075776068083
-1.3307642140117784
9.285606743902985
0.5833906602681358
2.3231022464058193
13.322166903634107
-3.0683576245087263
5.907736289558171
7.883353731119087
3.885845064228215
1.5196049340892213
10.719688792374376
-4.03995153686002
2.332294346761521
-1.6298942584508591
0.7289917969906865
-7.9283868706195975
9.222068972672984
15.063405106090993
16.48662305786081
11.586287037055786
5.28822239678596
3.6066974108552956
7.218846028295189
20.599691598216275
9.22591675409621
-0.35577596271307943
16.81192150160809
5.833107946111243
18.716232562624555
0.9781582764670098
18.067714378748633
0.01654893129906032
9.883563642721722
3.846725112558639
12.381452493251842
2.2193891784365096
14.97151238723699
7.449537921200133
10.820726021806156
8.375127835328605
11.622515189089327
3.6324325862541196
4.244929617255597
4.756110107178125
-2.4118579121538026
11.29193952113874
3.647035493359159
-5.439100775858629
12.160860756623595
-4.9426953779807
-2.260547709495846
-6.283387123643417
9.30451953067362
8.527267749096737
8.100901058950036
0.9393174272341183
13.018738488662983
1.3153375726971
11.44665393175325
14.344392819565037
13.484117575089872
7.451781387887101
10.485228745844024
5.862467189815294
8.514517581151939
13.992068380195168
8.795559088903751
11.36516103753612
8.887505349430407
8.629618092999188
11.710727999169025
-3.6507251348704255
6.78012138738874
5.158741467186436
8.372997510378475
8.55988683482378
11.93872942570405
2.07231425198735
6.267233714071217
-6.185780874836132
6.375554611215911
14.924672568000569
7.486730258303275
-2.759786427891509
3.579602078020497
-1.9068768807584604
7.21886546562142
7.214520792387809
12.850997141155576
6.541384244238664
7.762736268326483
2.75311207242723
17.30588392002984
17.851326813161073
13.574521128925337
11.268610790170337
2.4264605642844
5.5677951505122225
7.891045071703836
8.3930354673552
13.064276918294855
5.490434645093905
4.824885205953928
16.03929305262067
9.654911980337861
7.926651775807928
12.854935954799666
2.010836665960381
-2.2243799638164408
8.363087065611126
-2.7641671796384735
4.336445884046414
-7.596524638762768
5.480888698750472
12.338444672973697
8.075805262289443
11.966281085016604
8.766713917978734
10.128282831578918
-1.3421824422736996
-4.5993548239430755
-8.733014185550243
0.5754014265671783
9.105647687469297
-4.6775222175193445
5.894307965166679
7.808315881392364
5.19583219977706
6.9490907061983584
2.715575192909298
10.560172906433053
5.094899503240879
2.2583312237925908
8.18790990333375
5.294525058009134
5.632593587362927
4.215876626358531
20.972073822840287
3.9486991997669922
20.073849406505584
9.336294660239977
2.2518736921225977
-3.469082252393637
8.084470979290613
12.359303856559482
-10.83429557735423
-2.0123615235353363
16.39819199614925
16.99534234430346
2.90774987780358
6.765732417187047
7.6378105835822305
9.098121177076642
0.17126751087681047
14.312968196833825
14.66631530273688
3.9117016199911587
5.371069372312872
14.671352372415127
-2.9499168281624737
7.458703943801248
15.04696819304124
2.1455849810465373
2.110135322997948
4.137228256473974
-1.5329732226375414
0.3873348917803199
10.17990781772623
12.619063639366882
-5.742737208363769
4.0854790755127555
5.924840567144808
6.996205304671703
5.808736475129016
3.1243533295950696
2.113516004003728
7.165306243500606
2.60520589778255
13.71127896264301
16.18409593496216
8.839963702318975
4.668875605664122
-0.8839848014893592
-13.552573941749785
0.05797986456905946
8.611424785936814
2.4300890055482047
6.5617666109057735
-2.2148138505146555
4.139194561722927
3.5368232987691077
2.7975517081503627
4.830023217044906
16.065649386993236
-7.211920792498107
6.388574557630969
5.815433736297909
-0.7498638341493704
-5.849175054089299
-5.749962710742661
4.540662574974824
-1.4528803491783906
2.078729464240437
3.2570131493016365
4.249673101993817
1.9983024847038715
9.412253055820264
12.514107037037508
6.479845855470578
8.590065351174083
20.590075980420018
9.27560276115203
13.006349703543101
9.822427776189883
2.89082790388353
5.066624019936336
7.4330037041215045
8.960467823143906
14.826669765381883
-7.4098141651189415
5.527485680004326
11.303776061726325
8.175615694814315
0.508585864537956
12.087708510325928
9.86125321151719
8.533873331752487
13.456114943134082
9.910610038865032
12.971284672855722
12.058924783006095
2.7333458955260266
15.62590229308582
3.408351273878193
6.915597380591338
6.046246230323497
-0.33708653659264254
9.926015097315279
8.114293232818902
19.493114489956312
18.313973818024714
-7.215199159856578
9.809157868014875
-1.7849552798328423
7.188506013816523
1.6155893633435578
0.1805610145158827
4.809788557008722
14.970171013102826
7.843013410784672
19.070874652129014
-5.726521896341014
6.885101488546879
14.63570708273491
-2.393858891680857
8.07026950024131
14.752344224891043
8.725745362885625
15.285820001233152
7.8294891415982475
5.5171860624908255
4.837269844050917
-4.960527207573797
5.95824877202918
10.913382693085543
-0.1598255303506093
12.301446950424413
6.797248990086003
5.109299684750868
-2.424680244017889
7.153609538547405
7.899764583105367
-0.7318366469861282
5.321758643137948
-2.770414179988318
16.3112283878037
3.868008641459982
-6.040042931213394
3.7770670750968445
8.936701641570318
7.886023246414373
3.477612092916042
0.2808795290300905
3.1513756955079235
7.977375188857135
5.265485789077969
5.926731808474401
10.75396167459177
2.0805715468885473
12.561011093974496
17.362761269960302
4.110364631973167
-3.5525628816197976
4.144795283460369
-1.9596369751467293
5.039435343602415
16.4741582019162
5.145386849168232
3.508801935489678
-2.5439365319495337
1.5572728368807986
14.607785655565966
8.683235588323711
5.844292483692615
5.161518207114712
5.268270789711963
0.8245642748922428
10.508803006258457
12.973275243953541
1.3963531737543615
8.537797176102764
0.6468553782661735
11.079812345037801
-1.4009788670827472
-0.4664578495604239
18.30071868255551
0.04142806753646067
12.474938149518206
8.133419936634432
9.204760490114628
-4.0657491065799825
12.343400735448826
4.692644994972961
10.340616123411486
22.05811231996303
-0.8301375936592352
3.267961103719351
20.857797187971002
-5.035998546216943
4.9434794613182405
-1.5500559523170354
4.550249348140701
13.664899491155342
11.877047651442616
3.1705988716811753
-2.1833650882285287
11.509721618475783
14.042593114449389
8.443339895004293
-3.1902874494346545
6.6540440345711716
8.341642787672383
5.964188650526264
2.549352896083966
2.9230252747500884
-3.2862561481087553
6.710172016453387
11.657649801058117
9.062424160664715
-3.1272961830080703
-0.23211978839817515
0.03948173112065412
2.9587147007373122
7.3640029783356304
12.10254218520274
16.72597615852002
-3.33726022862823
4.6051425373810035
13.798309262625189
11.267177288472926
16.559603908269487
0.8541878211002771
2.1726805359651595
0.09095510256198214
11.087836438233138
9.69118930602076
-4.178072692187804
7.555791173339457
-3.779192771489951
11.873338847415466
5.991717100322486
4.308578220838302
12.166157879512653
11.388472251977563
-0.7058926235316312
-3.816483760848465
5.726832724357122
-0.78280546087987
-11.797886418183435
5.516176276597522
10.735617593125006
13.799972834773502
-1.39607739573745
8.29277219094595
6.31969198920179
6.851126122715206
13.955888881206269
4.2143522101016915
6.128819238023738
8.608751190158703
12.362875017636565
1.4754865741877152
3.0410810513274433
12.836749279105172
13.664430600721769
15.863370931301617
-1.233923170572739
3.802727592646524
-3.3363970904546445
4.187855074660864
3.645691067168753
5.952988867446709
1.0109195595056155
9.957091843330357
11.819598639617116
10.760783408026647
3.9861816848038494
15.290027345735696
5.432520993859518
9.991033113522281
-3.721018489209989
11.34620845022317
-0.014910933096280665
5.990236560940208
-1.4150901109498495
15.070275916231235
22.09461915183638
5.260134611278372
-2.8136682965450017
8.15934287857063
-6.389523928682552
17.45976537444863
0.7353799367427554
-0.24336792133030372
8.351257610887247
13.532995015177034
11.432553193220272
-1.9249901051131042
5.490478732340313
15.860308907983756
3.9110508768714114
0.5331269623981454
23.46438169768802
5.8284600282353285
