3.8392388383532126
-0.6705728982428836
-4.201324483077852
7.322274721592751
13.061445790458453
0.46266802944350793
11.891974008914627
-6.694938429593968
-1.2847091118439025
-0.11051821470998657
5.582230535127352
-0.6482357593762762
5.594014956333718
11.087179384145399
-2.4056764659667635
3.3270290651564127
9.635850778485088
5.5863814620340335
14.327497779044418
8.554809442243894
9.913243093418494
1.921604292316485
7.296679371752582
1.7333476917452213
-1.0539889438794194
6.350696020529337
6.48035289345695
1.074364034271432
8.058092493146336
5.177778832633324
2.0640799852351743
16.738827691228828
5.728939999299114
8.176996088010643
7.567598264080464
11.181021695684704
5.55793877748578
-2.3392448904974916
3.151876009274364
2.3007991563782073
8.670044453898347
-3.8928158661681174
-0.3943745781985246
4.383799142527252
2.803536924613381
0.5414540774248033
0.719687581832575
6.772362609916427
12.910952829820047
14.236260100443834
8.225399858001417
-5.359934588731747
-4.037879507810283
1.158782880246155
1.490769381083538
7.530129811305192
5.11195682457622
-3.7806895950264945
0.7831802864339923
7.5327580160802725
6.975412149925123
12.946854984564418
2.8285808764582914
11.126452690126913
5.166867609920887
5.753547881449247
7.231813067760553
-3.475738716487074
-3.2572650223567505
0.6613176739861677
-3.428365242019738
5.8794102036064375
-3.0915570061413007
1.4243093099945776
11.174236600456895
4.35306605154912
14.27397508471411
0.08426060216018616
4.427575101114374
-4.3860901211143695
15.172311485870294
7.849871937736113
0.8415713681251664
6.71225243164845
-5.402988283944001
1.6553576775112044
2.584105223156847
9.007070646112645
11.172337418392493
4.048711540725857
10.593503108534653
1.296916241667432
7.726285732832162
7.621801952890523
-3.7390097761365055
-0.35089538628979344
10.981504878545909
5.8778913315441645
-4.78974404259861
0.24951981706529658
7.292912736508414
5.957072370015731
5.957003867362935
1.397502326603746
9.520547017258714
7.357490722478734
0.40528823794696933
6.121498696846309
-5.752435031103852
5.4876739083097
2.86773337949203
3.5089968237475158
4.539642336527459
3.710724826168527
4.2021175750955315
6.567535979591744
11.110594858269875
4.744441375571533
12.534878799683753
1.1077924740878506
8.007242484986715
5.45443531186638
6.974510991727582
-1.8984453595644872
4.3180517894609025
2.112283552441184
10.617501200755202
5.113649905051486
-3.070491969676663
-1.1821529077517363
4.0342139641851436
4.003724314742072
6.990116411571741
-3.505981112753778
0.6667661797126483
4.294858242688621
5.96902938942126
5.836098919482797
-1.114131499920287
10.61267844171261
8.979918228805593
4.82843218018577
-3.3197738415000364
4.271262534604828
-2.6608868171854976
12.908411386026343
-1.9131770153164513
14.033692149270314
4.149666730692082
6.184321171638685
9.357995469605346
-5.526584100925444
6.720762768012879
6.2460743445188704
0.6044908301756022
1.0442622348449224
15.500519959625127
10.739189866930865
-6.177343008122227
4.174536683545069
5.432391745592899
14.328239897180842
3.9821596402136397
0.8298930534062823
1.0180117745681878
10.122905279687867
7.007311537804046
9.79203346514705
6.564625200705831
-1.4021682289256674
1.612079522137912
7.077459632215491
13.021416790284183
7.532365140171304
3.8969877577250776
6.155129732946762
2.6465552799087235
7.266448210290569
9.079870608124493
10.391618473124336
10.284915115783848
9.209466627825593
11.656299439157245
5.780167682115548
1.2812516510407224
6.449410369168421
-0.056860682107496174
6.113298855324227
-10.321500419917808
11.345678125068071
8.709764391057105
3.601291044311888
6.596054567571492
7.079357303987773
0.22259808034990636
10.01401649454635
1.1790289571961994
5.346112224827778
2.4549312634227256
7.138999740592851
4.490235658160517
0.44482894083056657
0.5278746813747599
5.80763264405066
1.8449784654388806
-5.334302310611464
-0.30331663689205524
-9.565671204732196
3.7025691973603267
0.852348473046141
10.31681008159218
-0.13609743009556574
6.031911180633685
15.874826630473894
12.974640905970432
4.825060475280186
5.956191987045583
9.017305219414709
7.560423665693805
-2.5867573563110637
9.347683964683457
10.545795176878004
5.080520531907282
6.965140373830048
4.653637769965
4.812849452972407
12.929352929981796
2.41322952357166
12.390855343596579
0.14089850335820753
1.6217463377067838
-1.8567399647270104
2.808883103572361
15.150504924129157
4.627763679118928
7.61309472612461
13.203234485899003
9.821353101848404
10.459433025776418
9.118844847816012
12.654587777358168
5.822228952003831
6.8366347741973055
9.029663377433454
8.574589412170756
-0.8308965660718224
-2.7358053701084284
8.98704661702726
12.099436853013582
2.90434373817087
3.868763903805212
4.828866177374373
11.037033096413122
15.771292708800763
0.1210597811365064
1.8154963002956674
4.346522883741274
5.02773157788738
5.409924324089621
5.379484362049407
2.328416869081161
3.270920656438
-0.8755130698112037
-6.550413399992362
-1.466481462446545
-0.5321945117304043
6.529229433536505
5.547383120552239
2.3804811587807806
6.9020446389674674
6.831095947799847
3.131153215824656
3.2560487091607433
11.963113004645177
-1.5756010764037045
5.984357834852065
0.9417723837392407
11.331952905138728
-3.546840107003325
1.1687788268581993
9.647394164175111
2.4063042364520824
-8.831851612129805
3.761797872447096
9.334331546118083
6.3648609614841645
14.588531629432149
6.323804540801619
4.099581409476972
9.384959550164169
-0.904597348904356
-3.979490827282614
7.774460504256016
12.964966076468045
9.96581859342892
0.31258517904612226
7.196285197926132
8.363249287323207
10.072317804990861
5.177795991457499
4.614134093197185
14.564778839340974
-0.2735655879180836
5.587537945689945
11.326779790187235
2.7062482698538712
-4.140183857607971
8.980079482085166
3.622568165302813
4.035884156984713
9.531486295580157
13.590549668189913
1.4242589946711686
-2.026972615324926
8.953229865463525
5.783319909156582
3.5841307165864036
7.2190789278667875
-3.4301245782585834
17.341696869600554
5.849951638112713
-6.827210672636776
1.381059741916248
-0.5619366391596552
4.408412386505742
-1.025339170177097
1.8843257315410917
9.983859340223876
9.379076615437338
8.103454645080973
2.1643111504399863
7.392283213357463
8.721538763056797
6.309846143295367
-4.996662498614482
10.016712610664728
-1.6370223725415318
2.9882861692989913
5.753072677163836
3.9175209975061653
1.5120597211066475
10.065811234181279
13.151114816865539
-0.04333786789278893
7.8280270055261685
0.6065648295038768
12.695423365341455
13.611423096867785
11.149402631725403
5.397925231010721
5.9093770454527395
8.40961238820304
0.3402942364484929
1.7111068148996984
-1.1396968292188845
5.441977467197203
10.722342272089534
20.908230517985224
9.537820734744063
3.6903622096762576
3.5194546167416942
10.40393113300709
0.13714222790059605
-3.460415333239075
5.56957312165012
11.409073307957726
4.840532217610092
-3.378462155346238
9.338159004836513
15.23755291609415
6.717523389006043
7.748989680647236
7.218557973945863
2.006679301751732
1.20182313562346
6.39575589400505
3.581344022554826
-3.0269982358919307
1.6609900770707897
12.784659497475662
0.5167997705861715
8.556569651688449
6.670165849517154
7.041161874867171
-3.946331340624786
11.364011920098608
15.957235092149217
13.215097689432287
-3.7311798711208137
5.1932042669602545
7.43753434146638
8.23105138366891
8.344454527067711
6.201493027821632
6.178381357686105
3.96548899225729
3.5766609533564546
3.848948131978187
7.298205346279706
-3.1137377051026442
-0.49758925314619873
0.4513982592507455
3.5217227604517545
-0.8309825910288646
10.579155663266716
-6.387445991376616
-2.8367826319867717
-2.954461202947636
8.812123835757063
1.1750767023322854
3.6414809603131877
9.145685161929253
14.381251314692136
2.6826663021530877
-0.9183041185430145
-0.19962526610124964
8.466485004964891
5.870321404940768
7.050671215974319
10.925699076326884
0.9573559666372162
9.305993708209538
14.891324876670952
2.2398964750533183
8.085740171203067
-0.5023647087037344
0.4957862232677419
8.160874511231487
-0.9099538269572829
1.7657999830403912
-1.7750756294102361
9.541841836636632
6.057924169210868
1.581752313325381
-0.09596691227157095
-2.5483037149455914
15.931107466077108
4.190688511215839
3.4181567072077397
1.8552606968024934
-2.1609185613969677
2.473393371057825
5.470308017009166
7.9804906028652685
2.1200013069182253
-3.0583385034272705
4.301977928550398
12.16319132152062
3.7490556073012016
3.8409027312732382
-8.86576693422855
-6.238096087109847
7.294862290450927
-2.564109895115129
1.7701884502565137
-2.6223501041942843
11.586408568804844
-0.4702502768730872
1.0285999462756505
-2.4675237870408573
8.320024639058346
9.125621653394289
2.858639732488572
-3.9640636425965523
1.2728546403475174
2.9607137006698747
1.5152888937662037
7.87670987207153
13.516036305436087
-2.0830827553011986
-0.9428223400115332
10.63522934627993
11.142661147440249
15.440423929318744
10.789466443558343
3.984138668475138
7.545618807309978
7.4811029657677794
4.354835585078178
3.433818316333074
-1.6831465993039378
4.1613797995526856
4.606382921649749
8.754162998577584
4.030592577135314
3.1844903952248855
7.050021817121304
6.487536497125155
-2.4630989149583424
5.580021017834168
1.0709943335437946
-14.368550208209289
11.852523029857965
3.040619644016636
10.695543717363218
13.847834156973128
11.945463429454502
2.529199063175271
3.806491915612241
8.044114194729978
5.639406881268101
6.713724713763902
-4.141226011373469
13.614124387175021
-2.821828088696761
5.31053471301942
3.702153079830186
2.8875878524556753
15.824119775509558
6.064762265595991
13.687729275924795
-3.2017387914000714
3.9974283646557875
3.0867665130472197
3.1184219716832686
14.395738552531594
11.151838599258532
4.154796636970287
8.390484284763808
1.3494998098491209
-3.8822975765867866
11.99839935350898
10.454792586443578
10.222624828347698
0.012727469301779593
4.551343447144234
7.015465040163962
7.992204587363072
-0.44668269871678223
1.349010032268378
4.661035699685358
-3.7731808218801133
5.389655684869423
5.990269931962108
-0.8681529710869942
9.981901269708006
20.944568950693778
-0.25902619959276585
4.488931036917277
16.96627610288207
-5.048616405615654
1.2628278449354253
6.500378005921143
7.661893662477597
-1.1422691524975583
-0.19657333465746252
14.558161021298456
2.325245239969841
6.180008052008192
-3.4309772901948943
16.135903787275037
2.2791784912275364
1.9537842759019348
-0.7210921840215034
12.356601380490787
6.4672456477496345
4.7072290838717485
-0.6433569912640591
8.00741815219741
-1.955539281359088
3.67867410248608
7.657712110260623
6.08428063374494
13.65543219708261
14.167963012128332
-1.1107399940406486
0.5330031058593852
8.4435100660404
2.139722225737212
-1.8953534551192446
0.24187929528733676
1.2220360374424208
-4.926858443929044
-0.8780877275964505
-2.910318564654866
8.074918431237416
2.3061703173308707
-5.544994644966907
11.06900850181368
-4.364840245024963
6.7496495858546135
1.3335419747033073
11.65000717535694
4.563473749973086
-8.146938934824766
-6.041083170664821
-3.3196221533214807
5.323681285665255
5.801533187089032
8.08915577762283
17.66538544727633
-7.127713462948378
2.1310717289215964
9.690505628899215
6.710594869738455
3.5358634314241204
2.146800412093278
4.122571223004016
-2.3102422718200195
1.2691535256727438
1.4905936158736148
-1.8493465734191141
-2.2349579999498
-0.8042199202012377
9.296604859404813
3.242843185595694
0.10333477602434726
0.12997118550383835
-1.2957919315848612
8.228991016067837
8.685742575785468
0.5519953180245798
6.616141522794411
-1.6252509889805395
1.712562785645376
3.2064492898578254
3.680446613187341
5.281440118345754
3.577738250215193
7.912715366370571
1.0241719716886104
7.024805799071597
-9.659697388425204
11.243262323571384
10.925182403407941
6.667465030794551
4.58205271827649
4.564414503084472
2.139625279747971
3.2880840167365384
0.9273982702208521
10.034574941515743
5.08376919530486
7.892825291387007
8.310892971702671
11.080903812224292
5.426964099675022
7.683370127193855
1.734683761784023
3.44736183179324
-0.9244816885558902
20.21774510212385
4.388785223282821
7.768281528091942
3.934125909833204
-0.910541371366846
0.5780572209727239
6.401081292335225
7.767597494751897
10.769520995539475
6.450310229731719
12.286416359869456
4.18957112780852
12.939017003507963
5.1645476252023315
2.4043647806505284
7.600141895419451
2.6935833866394687
4.115092208911317
1.2236811501830998
8.602674267756171
-2.1358151131037015
2.6667300133981953
-2.403279924825166
5.2080329794404925
11.48673022020417
3.8127696402093845
2.1016925997401064
11.375603227328908
7.1097780190345015
11.57311731954944
-0.18085322396007353
1.2340691409972617
14.170819494192475
2.787983639789358
15.48178717560034
0.8391849435371963
4.523349373863413
10.723271477250346
9.34024910011255
9.955925434802719
6.344796993502307
-0.4052600735161134
0.6570088835920607
5.648043984457803
3.4399688734419698
6.414881606907349
9.341414645084466
-0.17953085861326024
11.127967883685834
8.009279399227237
-0.6081049456453407
8.625292863388143
3.8425560563196197
7.70529475337831
2.721833121149564
11.67769561924345
7.918246539151763
8.682353581593564
6.80402179403212
13.464622784181167
10.023165878553415
8.753856866240632
9.81530113031543
0.5977216080628134
8.866647937087286
8.760584393062903
8.955165000180635
0.8482646322978185
12.13016527971234
-1.7005037137467918
-5.218053155625315
8.318027166409939
3.9931699985715046
6.556653202313372
3.58741919672537
-2.588534211896083
-2.194259305812831
14.177685369918006
8.792593346724223
12.272665292696335
5.689026348394524
-8.271528188369295
1.6951663990424475
4.374121058898827
7.90150638689707
6.977812114764921
8.179837001564644
7.784087691986234
5.750011687680731
5.209818929757197
5.38497565448144
2.134266886890237
8.141920528547079
9.297096521869758
9.38249567962343
5.131292819609189
10.116137437277587
-2.233220932616913
4.798923582479897
1.2581793096325296
10.996287211023093
3.901486561896528
6.859638715893978
2.643492420429208
4.620350434097482
6.989239004015327
2.342280006048356
10.961467963877363
8.736211966986556
2.580499077723049
2.3488387487864895
5.692042749729673
-4.776139494669369
9.85836391166726
12.461199857366283
12.086664567884991
5.038525357102525
2.2489630372635787
4.980096112787963
9.077436312246004
10.767746233698752
8.501967898884145
3.6994007551564057
9.948900414768282
8.91295969463205
7.284618409733425
3.254145297113252
-5.084913628015471
6.189293026231242
3.2926532178172048
7.155487858383632
5.411003113978289
7.513802160863107
9.336645275432968
4.572364191898474
-0.24745267818971595
-5.430224520273223
3.281857471895559
6.4910905980713896
4.979498463251958
0.6374773382846879
-4.14903531525339
6.1833197096757395
10.011551624874416
5.4443768496823015
-4.558597685543631
10.866687676182647
4.759175375270004
2.7222595766966227
2.7581203633809244
6.773232524975498
6.611967758310999
8.347423663510138
5.3442023218739845
-1.8240779888839187
15.598515124913034
12.328627135251036
3.039741408849221
-0.7787719631176859
14.744386536141374
-3.291428804418496
0.014910722698133316
1.520954805562822
-1.7219349170695741
5.775656976003958
6.85413664374104
-2.193891737668146
1.994306707144073
11.264937129787263
8.9291851308213
2.9875306477064845
7.602488502132914
3.0256806588347405
12.766338021066316
3.0521095693752747
2.0775312963122685
11.870083779972015
2.7779562129822373
6.2266135965410525
2.5294527226841486
10.015878354550555
5.581811194856911
9.76070096892564
7.885387420192912
1.550307810545666
10.683321773368984
1.3337009835985651
7.037753792573538
-1.6565644772597228
-0.8027455979235651
7.758566247114009
0.9581112790811037
-1.8270943943187312
9.894733620418027
9.54624927698344
12.221406420618104
6.188438462521159
2.33455771137577
8.404645158534404
3.337789927790784
-0.24006417013990466
11.21343852345342
7.722966364478008
8.816738052196023
3.441311315482616
6.022734052826381
0.2312873718751005
10.587583563079754
2.135723649371518
7.809807434913942
1.8039201760768853
12.1602080865332
-4.190956410179691
0.9846291992572507
5.262263879790941
-2.929522518163523
8.499674670512277
1.9929405362907042
6.3202135702165165
4.593106117120544
2.2485020442858086
-0.6580184156859694
4.680616168892442
8.342534442083965
5.434328362651037
2.4890535991035048
-1.0871052143517064
6.866478838197004
8.933350353971896
8.64233036503597
9.537116085035265
6.4238924725660205
8.35637372088613
5.265831030823227
5.6269301116981465
5.58161031732852
13.070464467863296
5.678371373036978
6.231886948237425
7.541907763367891
2.0735463611285962
-0.04903227164651813
4.772739967872095
1.4836034031013146
-6.1199009896181735
6.664128310539729
4.222398747423833
5.076908740831167
3.5682643589948033
-2.0186325186845906
4.419092808556988
0.0788233795751756
8.986919803776319
-10.087992704903662
6.399105734941628
-0.12787919528386915
2.9911672158051705
7.4591343138259125
-5.1611045022411375
-0.8780662117679348
-0.9325893679707802
5.356947435757222
3.9852709246918048
9.888295626268654
5.173627531825497
10.197820914536546
0.3958204168294861
-2.996351090106182
-2.4181476059960003
1.5200778651141125
8.963436395817242
8.730045850189942
3.099981626509881
3.3101978571293382
7.127389766615069
2.122957592148921
4.443693353136923
15.165493759505937
6.698037455586701
0.3833610420595308
5.905351109538804
-9.869243696141023
4.078231519834805
6.996015596195854
6.138146631575986
-6.260754430930573
-0.19447345616233136
4.977999062849823
2.459254225110321
6.363353886736061
11.436490578235468
7.407145824456244
5.787162076754368
6.844966808699243
8.746111192658528
7.113112356714025
0.7746202940910432
1.9911093296708855
-1.0804957441740886
2.5572544053276496
8.531366488541233
4.208487687582807
0.8591659972066288
2.1905787714760736
5.470334038130997
3.6705140978974775
-4.422187774427757
1.4153151833651525
19.312461025660195
15.04615728627735
10.923082729393851
8.529229833445081
13.938291188934095
6.248885274064932
1.7174959706554902
1.0030775488278847
4.391219404967552
-9.62867342502498
12.51605448298201
11.982561451860633
5.098865869006479
9.672198993561409
8.590625447158974
3.642792355417397
6.5986029572618845
6.031229443584564
16.091614563018755
2.12496729045762
1.769238294496346
5.825095045598644
-3.598457856306023
2.030298040084206
3.3893524573905127
7.342522018771108
0.5637236394151754
6.9087406054100535
1.3813777779759246
7.057783483256923
8.034882222792735
5.932248998314115
4.611209111506193
2.6783244586104766
5.826937645813799
0.8139075006974128
10.992620493131533
2.184994972786828
5.382362920676372
0.119148273965898
15.593299067447745
11.618131258956083
-0.37707352376573233
12.358390909153886
10.997691859842492
8.619478393414502
7.317792333432132
6.6435479426019715
-3.0318963127800522
8.439775415594184
6.113648925452655
