7.243335261724178
10.075294000953804
9.881972622867735
3.1776465737907325
7.615738969068734
7.959493990669889
5.906089679453402
12.454202306426941
8.904164329981388
10.14574903868343
1.8750414798648802
0.23634554597313606
9.603039342783637
2.929997094138148
4.701879452916706
4.69821300580104
-5.235778769427716
6.109809592304497
8.36515509576732
-1.4143590593574267
7.362123799953298
3.4287243548006754
5.610231011784858
2.824479633014132
8.802877802836774
2.6894254042300556
9.345014634215408
3.592622199311884
4.411739073825957
6.147740237295049
4.834485284655325
5.177664095635413
2.8072982006174447
8.57181618153373
7.2017434241222595
5.82853678003283
2.5726583982934876
3.299328101445534
-0.7515017091801068
0.05167508479175176
13.017633210792162
-5.7197487225420005
5.811985711242662
9.355324923623858
-4.1747740550952335
0.7972525152519001
12.130270227720018
15.848871500326924
1.349654312878815
2.7182667113162555
3.9701891074584497
2.253778017872776
8.882695422688514
3.5409600524992735
-0.1552012462510577
7.4475872825340375
5.0132082444064245
6.4732863202029955
-1.7642727923805888
10.337657853394852
-1.988957634713186
9.827294695844532
8.843315144036735
0.10662886756789725
-2.335684834937343
13.545914327116694
7.881715153619394
-4.345770073408696
5.619699587431256
8.057097222681511
4.201254469071939
-1.834214050013311
5.716198931434726
10.75388465004098
13.625099939692898
16.36247416690833
-2.1047074305781655
6.902698739764467
5.220146536537298
-6.801584242943839
6.862174041014428
9.736470521050489
1.6136573509647865
3.7045399676092265
7.467892820726315
0.3022902565591288
1.8912787150993067
3.241002609998147
4.503976441861211
9.294419194626569
0.1669469691313612
6.809180497085286
-1.8839840541961301
-2.5120986849435694
-0.5335731335200458
8.417063006525234
0.37765809777188775
8.330055253506004
4.391503286557187
9.467423472969395
11.513538224856447
5.750224832285265
11.174590251201012
0.35271125492761346
0.1831968620005977
9.492173827042564
12.035916232770113
3.05026375798822
5.4888678237405975
1.9866749134349448
8.281012318702368
-0.8357220361134514
-0.9910796938368867
1.1868718468835997
0.02590681616503865
17.025126185939982
8.957372520371873
6.132855316376533
3.8800746258586374
9.981310230423617
-1.6458405093282247
1.0314304369536647
2.4611685481326795
8.509809537036364
7.072672666912007
0.44771334620816106
10.038900875959815
-3.057804288800014
5.945502194535717
4.895075409638256
1.945364615187363
7.5574989891015925
8.601918623218678
3.413149225467225
3.1036786387185273
8.382912919397867
0.9392346260823148
3.929964254433814
7.6949047744437165
-0.3913222938811032
12.863690232843181
1.7119372935769288
11.234073087995844
4.69097511114286
4.462456430155591
11.581700755180172
9.80545874314781
-0.2459024482185681
1.928395080344656
0.6106481868589286
4.960405483499416
1.7036203831087182
2.0663770950638987
8.319159260548847
-0.5376604028716958
10.367230959440509
0.7734230196004366
1.0331275335525594
-1.5023834619607142
2.437772651847774
7.415456419688736
3.7430464949589104
-2.3023905973673804
1.593695458652277
-2.4025228499172098
0.09728498828174459
2.7448203523336154
2.528611355574476
12.043244186977132
8.791628651866318
3.4646035259980903
8.779652582855022
1.208076767456577
10.206766300910264
5.697837209946103
5.398400575042451
2.4779398774979393
-2.5145352533341843
3.97480974193817
0.5118851008311678
-0.032290387363972606
3.768409120540306
5.577609301054035
7.777789661125157
16.15707804546146
12.403191569059661
5.994555301662491
-8.589475465312356
-0.9029796311356733
3.0111774150619217
6.270117798148378
2.7285392238270783
3.1674932888959724
3.455747778070438
-0.9344423781660192
1.6701711693357364
5.357549933907918
2.329820252772695
-3.2097989470309534
8.381658981378767
4.073215758737254
8.921831832806319
-6.525736913107881
-3.039359593871965
8.87001225162104
3.4596356235386487
1.1325435048902226
-6.652269045889536
-3.1414566983794474
4.206867057405459
7.309468936596697
5.78445625059935
5.005765317532439
7.545712230123449
0.3795974131460538
10.39248676953947
4.734614612225208
7.447572333489964
6.608557725278086
-5.337777696195774
14.718074345298444
-4.654218288483758
6.739692643557485
0.20526511310363826
6.07590489120648
-1.070493395065646
-0.34996573020428334
2.6184515264495687
-1.2579413972417965
12.25807740927224
2.1957601123057597
6.719901565922992
2.842025425597382
1.9717584930398435
4.01571321214963
5.446871372807574
-0.018153059076301936
6.744286111232821
14.143217102749684
5.440721433140741
3.019031441592078
5.328947378274666
3.4360330568305635
2.1285753412540855
6.248391927690486
-3.4210188206587935
7.217514550603154
9.938609417223944
0.7503986121719946
5.395820399158947
-5.613622114437426
5.701031786646712
4.274977177674602
4.9702303820608105
12.100372897248025
9.757579581213179
10.42597231265185
5.831441305782185
9.244102727419655
-1.3725493531052884
3.9085128552010864
10.407771112116055
12.188197293674719
9.210687289943921
-3.3169327291245194
7.537768654014776
17.08045483032762
8.682168744056217
10.330867346252745
6.49854759345884
1.6103295494421177
2.9015435547089066
6.778688534635681
7.435481525564925
8.032308792191987
-0.46892552448862723
13.854801322876888
7.7470430597335795
7.009094407861507
0.7772210438290705
5.373115586427804
7.2078637414603985
-0.05513502827020389
9.554394425114555
5.821489144813787
4.1901184195504015
3.1738185444111338
11.832144048397879
6.715667064078451
4.88256270603998
8.742029891964606
5.132516457398848
7.239124437187048
5.407403954948911
0.1556466309962552
10.14284548098579
7.890828331797753
1.8825646592792067
1.1844919861510323
2.1825269643566334
7.516442712516346
3.620194596638994
11.271893317272696
14.698267006685178
0.3625744323091902
5.315891533399228
4.176731586365837
12.444843038110983
-4.1412618490477495
8.621759023569016
9.014254655554218
6.445979099426298
1.4822882349736948
-2.6139416713599317
-0.9306299761121739
8.353870775228938
-0.8427952469936963
1.240693034833157
6.42435772990804
13.155621406621547
2.708271622290579
8.323007517187397
4.709088946440784
7.063540761074919
-2.444638110480958
-4.051356855993271
12.509716666245737
2.9063198656743374
6.333783471652698
3.771362206332725
9.025688896139084
8.908462176263374
6.0855777889455105
5.047401261508995
10.884044472737244
15.194443079099852
6.821356835081408
2.2214583158291363
-3.148357374963677
2.708113797582031
3.0369547464709417
6.849315729848179
8.491218710009456
6.307738808477654
4.61735557813618
10.863444963602298
7.534304486796652
5.291271941707029
6.703574045734611
-3.419465559007312
0.06367204453499609
13.282063834191678
11.034629211089285
-1.5333194677474333
9.763112305573511
1.9130563960355724
6.137332759564274
6.80007746661523
7.113898500042938
2.0451783956772562
2.35504122020854
1.5612265477561866
8.895260058403597
12.001768053362998
6.788109789716107
2.9449155796592796
1.173239395978527
9.114301789323276
3.8079591203466268
17.387079466277847
11.00772026767843
6.467048525757577
3.3646424595465585
8.025710826577276
5.837203241840895
-1.7829721163349443
0.29320754197074006
6.824396336558843
4.087468738149071
9.395879522024579
-0.4316783467047056
2.0081706429670048
11.406248767250055
8.860569240164631
3.5900883778874912
6.045552038761467
2.0131504235499937
-3.4827252401936146
4.272762942913124
2.430651687932166
3.7197922340244873
8.88326625664101
-5.515568483777059
6.346832857116935
-5.434220645641856
6.868738115158999
3.549993388862144
12.377685056032533
8.306762948821996
5.533760686997248
5.179243681695612
-1.12622841619745
5.599291978261595
-2.2594441477302434
6.530579024698114
1.159728333953646
7.896341763450886
-0.8012772030494668
-1.9810734190643098
10.99358637724917
13.205766260494784
3.3664727724581294
4.651529378284857
2.287772585993584
11.567569638264025
8.340203078452635
8.984578356408486
7.889807268448392
5.857888044442527
8.087401804073979
-0.6688772533987577
6.638941640188606
2.5806557863554054
3.152801758551181
0.611939631378748
4.977556532924727
4.539633879225949
0.29494777058972677
1.5695796280251093
4.935684765355589
11.198433732890006
12.288319338064994
7.096793484648918
3.363062442394566
-0.234029957397766
5.92154222067171
12.33233600519454
7.699413210980005
8.772316311034686
-4.40101360328547
1.4534759272293667
3.4678715953352977
1.5259126568286714
-1.1074683308903426
1.6879371177655211
-6.183328429157601
0.9090985764771244
4.786786138148308
12.2144638989304
2.157132291835313
7.234478523310456
4.840483346597738
9.130355571037478
6.303717424968473
0.8548123178512923
9.06606943108441
6.6405957436447505
1.8983033970384762
3.19328459323525
6.41653764214986
9.002814825952026
12.306853405403105
14.035150973138393
4.949913934410965
-0.035614073074478725
2.6825487259786023
-4.7946662025378775
0.710743592831963
7.004901018816649
4.874516619429529
9.665551395175278
10.86489016838404
7.007482545951638
5.825103544400049
3.1282912867739125
6.056936357910968
4.870288783147602
6.421857580163398
-0.9328093517061653
7.0323283522792845
8.674028220192236
-0.5868077989255704
6.635061255421584
11.431718390944015
4.174240163817403
9.409203043353186
7.1243081177485035
3.664426406091482
-2.7997920532401253
3.2241734603282444
8.585819909309711
13.054991985539889
-1.7292966829778535
9.704792136931584
7.567322949742513
9.899549954085833
7.107645703115098
-1.435197393406157
4.612796535053343
4.949610316645053
7.838351749604658
8.118459238716438
4.840275842293225
11.268382787351818
7.390252861577597
-0.992300648008487
7.232319163181673
-1.5246242499606213
9.78658137028075
5.841598210408456
1.8950794042324575
2.269400285560169
11.6778532208581
3.7701560341602547
3.55738584784097
-2.197719324847238
12.16185739806641
3.6137382802578975
8.990017889532258
2.8455730221801985
3.4999295541719584
2.3462478570697303
8.68412645877949
6.6717005678860515
1.1325810708214314
0.264959607350411
2.4088162600894165
8.257735494873703
-10.589662976232695
0.9364812386691681
5.25154610200838
5.8975200669951695
3.5997378235954596
9.85928825064037
-0.9534151675762548
3.1397128994992647
0.9936213583955094
2.965158274677157
10.987633827530836
4.81928446890043
8.607721568438716
12.433435161300412
6.911434637130084
3.4772028197369034
-5.267062564000396
10.690981986593506
13.241354623068212
2.1049423780862173
6.411894886461575
4.771449708513845
5.098581560556699
4.507991410164598
5.137094409635513
5.8223140080714035
9.085890406947302
11.327134815046605
4.131211156973467
4.857343017184084
2.7079941511837893
2.872228759948732
5.203391710354098
11.720970902706927
-0.9790398839715859
3.029132128768139
4.130335418970359
5.190184639650729
10.487763090280323
5.937940092828537
9.601794790621845
6.403726548920041
-2.221426489855947
-4.947780401506452
1.1441595901004362
1.907339831485218
11.591264510740466
2.706153538771458
-0.25863109207245927
7.184563628356703
7.558027370918184
3.2467108183761515
9.476698056374392
3.9045042914041086
5.73224585420679
9.902294043919245
-1.4542752780869632
8.494799777260647
2.072381933995323
10.603595162134525
-1.2756995375000164
2.296485492500871
4.767466004541478
-3.4037546713108187
8.132103406262218
7.1554903556379355
6.236959212519197
7.226462901238174
8.080044276564335
9.120150440481392
12.154537079882815
3.4398893232416
3.902367328975016
4.799803168351657
8.498836904466009
-3.979512250228515
11.12256256690599
5.803420409709345
7.746025262837865
-0.9290088840211199
8.709686568717384
-6.228392941353851
-0.22326251764191163
10.055601338256228
8.705509460308868
8.547006796835001
3.361505039983781
7.653224631448577
11.39946484555076
1.0127268438786214
5.2464010378315376
7.471452045989518
7.757245797682664
-2.61990742635622
7.41762578014408
-0.9199777174381367
-0.7262088176375858
1.3765826229280425
7.109475331749238
4.635534587607458
-5.383107491021217
2.8089142621513457
0.28793701378245107
11.662435867200381
7.072713715137584
-1.037583224875462
-2.2900986381124886
7.45697625458458
11.379601599540111
1.794440252488148
8.119567543902225
3.581776824067629
2.8783876312733994
4.018402614636451
7.736026277024687
3.1335396128366586
-1.9691982002344153
2.9108371612724673
6.367216977024452
10.856950718202864
9.925928742167185
-2.822444529784332
19.228168833157458
3.4509127579289944
10.492951880897593
-1.7173337827127848
2.747941385436529
3.7542878792362346
6.316206896904898
2.1124086750055944
2.978437232611027
5.072778123658793
4.303268860951275
6.2445328199075085
-1.669230833869456
9.978004974148188
5.450941277184276
1.9260861373163065
3.1206472171655175
7.26174957008309
-3.6452459341101537
7.899405499273727
7.9108610161682025
-1.8000782235313615
-1.1448025621728144
0.16291486136435918
3.117086186196144
6.594236422996234
5.1223272879260735
2.5731758999804137
0.7197370014151359
7.105779587314048
-5.493853860822618
6.155939888023172
3.6057878676795143
2.1967955552759983
11.582772909406305
6.93193127701424
7.512946125626454
6.4318436423579
0.5936091647998365
4.675764462266317
3.29969007657578
5.441630969351595
8.71981685512391
10.286390540693287
10.760175307014995
3.275978441888453
-5.281835658082789
1.3480964561445528
5.781552921007971
11.721168817590254
1.505929599562267
9.060534036089841
-3.6114804461881764
11.340122176666384
-6.463304478572482
9.291316539139801
0.7554391020288058
-0.027400612709521432
3.546176282800074
-2.0720208041764874
10.722714978171812
9.631400106785051
3.2057201330179357
5.0887170851492725
9.512418175417862
3.440334029945684
14.925089204776151
12.30629519832756
1.0441915216388784
-7.843097244754061
9.314662457641326
5.124786882857348
1.4635597449996176
1.6004189018364987
5.270206986289951
9.127862994259084
9.883975641190101
4.513497857235823
4.4107342400114655
4.821472952473377
7.2782346066973584
3.4514087767293313
14.077476363749062
-1.771971967600959
-3.1016922283623494
5.360287990349951
-1.4303418785845885
2.075105222279861
8.906800051857664
3.543630160584076
0.3139220146745423
10.639415558616445
9.173638088032412
9.48160837939026
1.9847013724063136
0.8712670241556006
10.34360515131436
5.215661783343478
2.031034728662609
9.367360766042827
4.304690296264982
8.097424471773516
-2.5986085285901437
3.000433343308763
6.832311130462434
-2.1897490129845734
4.824044174115348
9.58667526368089
9.337498110743919
13.746869696701872
10.336153508109136
-4.209796671954564
8.733814891633342
-0.2300263798835669
20.392513569708235
13.996198515879868
2.000217291937658
9.908870667746351
1.287890311913192
14.441390111796427
-5.224220110813903
-2.605081236574488
2.892854641462466
13.039314521138499
3.0861458586692225
2.6145849731256496
6.866049885221099
3.1826210712940513
4.149513037812373
1.5824049448779633
7.006954405725118
4.971336543942244
17.992426846470188
7.652702844771805
-2.2735304009680064
13.004233578632757
9.283360675981964
2.711181622486816
11.122231350680888
5.946873064888377
6.853493847502085
3.649331756210797
6.831434061653845
5.158969418365392
6.16794394539929
2.0566910567615437
1.448029888391936
12.301267801386734
9.802628252122393
5.5492885441440745
6.509839323067571
2.5309008006227414
0.3136447690329631
4.488360520419552
3.444635126330074
7.033789516227037
1.9164140278794481
4.7778226396193855
7.868874614359083
4.454796580422362
15.91367697249789
5.182819229893165
6.609708309438803
9.077730952752024
5.764699049033152
1.0943740337322758
-1.2740566544673628
3.4445695512822234
6.891463540103209
10.83828187603217
6.935148396655355
8.49617331706829
11.661351555223357
4.926260043993628
7.6854532869803
8.682806699802828
-1.6022666666803262
9.251673799371591
5.134062444092802
11.019280859055229
9.22957685515496
5.413764189367865
5.539069073622923
13.314029294278372
2.0731971139522267
8.684726284862919
10.794115666716301
6.877970725302151
4.158454996177301
5.61079921251905
-6.657969275539433
5.750106009209551
8.199017287732335
1.6932488979107392
7.099833061590573
-1.9454521958065278
4.6985560339412675
-2.789357375664805
6.393893726158816
1.6702085086416156
5.530306128142616
-3.32476371423411
5.34876732914393
1.6651185255631997
-1.9138167368129002
5.051167286196524
3.199837703808979
-0.7480167493561432
7.1175454714668085
5.410670844397325
6.105087521529957
-2.1380152684387834
1.6924030462412518
2.154526629819708
-5.786534247203763
8.927217645008477
6.53652046906277
5.1637737516733955
-7.12137959005077
2.863403216788133
-0.898390377327341
7.913189178886672
5.499184426554519
15.4721395410602
13.855225882247245
3.2811041207264457
4.183080709972642
4.529738263988016
3.1341115094341188
-3.6001761828925503
0.7689324122068557
4.465265251328517
4.129045374579084
-0.49275325299351547
4.556766185591723
3.778039761529727
5.263514638536794
2.6483704957389405
1.2860820131386057
8.851057248851387
4.483679089359874
-0.8933387664153427
0.041573110312217665
-3.732660050570736
9.390228640445514
4.391866463948786
0.07380843798615944
1.5940912629836754
4.241508351178284
-0.46141811043991243
6.58995048390863
4.290586421381404
-7.867271211697473
3.851764776230623
7.439534862055595
8.032734285893984
-0.06183245471703369
9.443412396165654
0.6245710111551297
-1.30186068491214
5.5657598006688795
11.872153971714795
6.721319277087538
3.0802803814286444
7.22533907908047
3.7295784327238213
9.835057214911407
3.3872847718970758
13.464244793986543
0.041181639365552414
-0.9571006599961898
-6.614786051401797
7.2560777885442995
5.610279756568684
8.57257136625402
5.827204163480394
4.064147047054924
2.5443169159781625
14.252861273026806
7.760617620913688
4.199295567393203
8.129871152546452
2.142433148629201
-1.999362054499711
1.7721381882934562
-2.3824533807031916
8.42563714452097
10.099291784483288
6.134591781563241
9.091143305654974
12.35007689760121
5.8107813536482125
6.834696369603278
7.064955286037542
9.593714265663015
12.776360755524426
5.229866110497334
5.949823913451984
7.288841798609701
8.68810043051084
0.8264053857250828
8.870665981036355
14.714861230694936
4.377048383560108
8.226448355835599
-2.0620570558074656
7.078219762483011
0.02649757526525276
11.099283491664028
1.4668161305159364
2.2887244922378467
10.290176338040048
7.59284145943246
-0.4888360579208282
14.778785618807738
0.33246267175122046
3.3349863088587757
-7.089669279283033
-4.621343354926909
5.686566727397274
11.469824672219268
10.565424432063978
8.785423366482132
7.221553842829704
1.4310816314671992
-0.960818525604223
1.337611733099775
2.1273820442174416
9.278567468562198
11.828230911935833
13.511573994418542
1.92661736873129
-1.0157678934837113
5.601203785109028
3.487017963704102
3.8506383255388315
4.220205413652422
6.430940351842192
6.763223489711949
8.918445051059713
7.520017537175914
7.00104210504295
7.85507880876153
7.4848760442427915
7.930943365403272
7.01497263722948
10.287595184827678
13.802719759663084
4.9206563146263465
2.964132397610804
