5.060728734330244
10.667670526326827
15.044129206113976
10.485492343790012
-5.3541072554630045
-0.5127161511224756
6.361241125269201
8.64279393618753
2.912397274334895
5.960550718881028
-5.474899165617915
-0.5085940379173897
4.745142599546446
9.530073577024552
11.067714860594098
8.568580768125253
-2.4252439267474575
7.547867523187106
5.905037855239554
11.9668086811117
5.394729695223907
-0.6299352164456384
2.1988922536549023
12.202191707395045
-7.459190312083955
-1.4021791804711938
0.36522877187115643
-0.3606403266668696
8.27835097750112
-2.289908644795923
7.828162605885401
19.17171486628009
-1.3394700013220389
-2.1112634245962942
7.409774205833182
12.567374481258977
5.036077383220368
-0.9452096660611895
10.560516559381082
3.7051281005159153
7.109436523159926
5.982701301093537
-0.7981038522126358
6.858706108681604
2.892360349409697
17.124618414714966
4.232870492194472
16.45787371958957
-2.1038211615553877
7.1490159846575985
10.877876013207267
13.999344997220852
-0.5109895233682291
1.158359543361564
3.440441436052618
-0.809138521222982
8.82817646982882
13.522636428302642
8.579011308448985
-4.144043616248169
-5.919497882180485
-1.6837763372464671
8.87381223986506
2.1589371965629525
5.0367919696811185
5.573867346527464
4.809603405854322
4.794576344722728
4.577963772538851
12.409504211949233
8.29489486855283
-2.0821936726997077
2.589823400924599
10.649967996716294
-4.056346116646177
15.409226342061812
4.205720757228555
-2.0146195073880637
9.40446295509394
1.4188400131359011
5.7616574909586795
1.8814990501779132
7.607454716801954
3.0689163950586518
15.818459804720813
3.1929685832132946
5.252434038103054
7.958834031732616
-2.174609904359433
15.618035932776218
-4.070213313656973
-1.528565757521502
-4.022331665935991
5.909310453832585
6.4041978664545365
10.107904907133367
-4.533246332845566
4.289950086280537
5.12310300197774
10.135357879518008
1.0637675756095013
10.025697865572141
10.702364993458906
3.0521066441136995
12.890575826135693
18.033530303674368
-2.5826083567398666
-3.851374320281961
9.15475326750507
3.3661549585730937
2.125938178727271
12.818465264193623
6.293419676383869
-0.2957641586300568
4.217954798278743
15.000697706146063
-1.7110990107343902
6.102309480928806
6.155727612120109
3.1566492055104156
5.0570201309631875
0.4218285261165464
-6.024774061403216
9.382700670973882
-0.6515568718150755
-0.1481169562108935
7.473614849119491
5.082030629050918
3.015699534865716
2.8937901919494187
14.13365751004525
5.701935339805636
1.8057124260571058
7.436761983117755
0.9818703346250564
2.9164016354762574
12.657821348408774
-2.4893385122329894
17.113100698299395
11.56535021677307
13.887567150051106
9.779316545303915
9.744737829057485
15.935380982918879
4.035086824151655
1.9516770023938035
10.14721789412558
6.2429093739781205
7.702200370945572
1.703534798826115
8.247286726779034
5.094622908982886
10.47235127089004
-1.3473951732775484
14.934884548350114
6.454400041928384
8.124353577221925
3.405055386169828
9.876188400379665
11.755328814711044
1.336049446193321
5.986896461145506
14.118682243583027
7.676241437147645
-2.1427021822408845
9.41415640891443
-5.619340032018902
2.469005673900101
-1.6505827916056859
12.098317811552603
8.58814749674001
0.7513267539112469
10.060402957448712
5.914674049968562
-2.0882694498535637
14.228869141503218
-4.060271245253072
-0.2918632711009046
6.766213442283043
8.19758214120768
4.105888003495934
5.878689012201232
3.645986813247946
16.81001694259689
8.646547273919358
-2.596611774130598
0.303814739362505
6.987697206128214
-1.9388883473587502
17.64167447500039
13.400873980365409
4.9289887703564546
2.757432359821986
-2.8576890041141354
6.62136978114667
10.704459366100911
0.9438591096177267
7.900373383495613
1.563847875127185
6.059102354696375
11.854590297737932
7.223416911782687
0.9419948508210458
11.641729078926232
1.7994510434740283
8.66640623178472
-0.7446063835977199
2.923438217708248
5.5612456994052
1.3651164396469961
-0.3895806979995946
2.3277547998709465
9.28899530617285
5.479141251893588
-3.819146272277772
5.2048731382200355
8.24473922878648
1.0353531976605095
10.200912575651826
4.8092256838417775
10.696203761427196
-0.44512780045211997
10.521162564428618
3.1341503850173296
7.946051571767586
4.094681842891497
15.123365646275168
5.5896413170089065
5.622390293665922
12.929806793632348
8.587864350020727
17.82201013308863
6.738473642877499
-4.694547426780101
7.119259283681579
13.873766434363226
10.51377796451802
-3.9444820418971327
6.726187701344227
1.3275206596757325
7.435759847075456
-4.02113880842054
10.070586198326344
6.302077476203056
10.544876763604027
7.989020151795714
0.7433871374176384
9.022378428764808
9.754506330516248
2.9385946115647483
-2.5815856910183648
7.631070228203382
-0.026452167387103653
1.387004934886897
7.890142357998705
2.86962951324829
1.5690914936501272
2.75309758779317
6.778053908808458
-3.9129846412825398
5.729478729267562
13.3386439107833
9.448081399676234
6.536950874211728
-3.8997211289199374
7.044635193484347
0.8557691365035027
-1.9467205170125883
5.6959122617318005
3.906617576107107
5.637138825139372
1.534674121004521
14.168254896551177
-0.3489608951435397
1.7185877308892095
4.1184100511419395
1.172319719327748
1.7541516518858273
2.4893328284464813
9.233705579428452
9.729473216682834
-7.299066931845054
7.46705591952107
1.3060604739845791
3.69779156223568
0.3553858606458151
0.06295355814227888
9.140243106011006
-4.003141648049496
4.653434165543831
-0.32404314611210516
4.922153520933836
6.439262573186504
6.691557019246398
5.267193282462429
13.182358222726682
5.037054458386735
10.679344968741514
4.965582507175619
11.362393441493259
7.384064177096773
4.805484141316171
5.9997234992467865
10.562717008095769
1.2533645657430612
3.7577778750240043
-2.383169106762515
7.949595062714018
6.416705902992373
15.322732779578173
9.3928812447441
0.9804261996670349
7.691711692625299
6.711652371396935
10.606052604545155
4.409280491682516
4.838571224834155
3.823306471443753
4.304682444265284
4.255598895679521
10.482158033715436
2.9371138974228073
8.720493942465588
8.486203021280701
1.1199526200915364
0.14587429089248882
13.096912798616826
8.390318843028064
5.69608329462303
7.721332932124084
-1.1258830236586213
1.2460655643850136
4.060584589233584
-5.493374745804115
10.447756678157614
2.26264590477303
11.139891254641315
1.5019027866712409
7.289699250633432
12.157667608738564
-0.09767802719613883
3.4115422598088445
-1.0938455800796216
3.4128365696623226
0.4315181324853574
5.953098309932825
0.5242648803712688
5.390238997975494
6.42845063136433
10.77587291821402
10.178178924273073
8.540379768982053
5.770822256893254
2.326847723749226
-2.5076129108186462
5.367083276446607
6.020744310794391
2.2991232479212127
8.715081505624564
-10.1718099413826
6.664060877561242
6.6121920226295785
-0.4680884915575012
9.67768663029622
2.083242827952498
3.401297943701087
7.322234592850561
9.16599585900105
3.3371050625187375
1.6753877081530502
3.2490684217296413
8.28682043878959
7.076234265292757
9.45127692213897
0.4138151606848206
11.78451322835002
7.702506253809816
12.361762377253102
7.265587648688863
0.11627767726364269
4.388642225671083
7.463661788291253
8.100358365133026
8.301594170673471
11.807585519340346
7.848275776057599
-3.1699989796495984
4.023491153190077
10.292649685935551
7.344731113923276
10.859038808998125
-0.9652857437012079
4.3785738284724545
-1.0280956168143822
8.841085933019228
-0.5947559812536523
-4.636395487419905
19.702943593623694
1.4099730911946942
1.4093510064895227
4.200401149324744
7.1874975757805295
-3.9825420263141478
5.9933572700806
5.178443501600167
4.44490243487607
6.921145081096132
9.232067943510854
2.4937115960737506
-0.006853886568777945
7.513065558570544
10.60417254777454
-1.8091191928908508
8.469791752731577
8.093789015906681
6.237469513082585
3.043995675968538
1.4545385081890334
9.240328162792546
3.2492226033576435
5.195370522777067
5.258426534512343
3.7588490034452597
-8.599213709201758
12.47240604894282
0.923695677746494
10.021258753704952
10.050079506931368
6.468745546803206
15.612098567903685
9.917029071232491
12.55762127729754
4.367469327191366
1.9193937475904388
10.700302079808624
1.2196315132210778
5.504180741994086
0.8841714555600393
6.60372727358605
2.8370803064551615
12.317889963848613
6.337884734529508
2.5951590039465473
7.034325864816758
5.806267975160816
-7.24299117499347
5.311746942956793
9.418829026907034
8.780316126861672
-5.511547246412221
5.5566581348444
13.865814422455772
3.1304488123730527
10.674997284394673
7.114887015718758
7.550219392879748
9.430155107234249
13.851894745981884
4.892455694415605
4.663854825282343
-0.05265169463277797
6.146538122040881
-0.5769434537185685
7.941975226184246
6.413703339134193
2.6993738609547915
-2.557506099303863
3.3316548603681935
0.9245387992365757
6.3544918508970945
12.721188002660643
-3.6938989695790196
10.268659226723667
5.909985669828823
8.000510096809
4.081340810691026
0.515954789626597
13.862257122592403
0.13968864622751198
5.703795740096112
12.014869357599313
11.606081102536859
3.1242079130487994
0.5306242859042465
-0.8629731662647133
4.921800725537443
0.06671431757159496
14.31173768462744
4.660776282546411
-1.8936077905177102
6.769362109933724
10.279837352855218
10.056841361952074
8.189691798758503
8.087210424630285
3.2295134224697652
7.091865237294593
-3.6535218863264856
6.712197811329782
11.946233952023988
7.969094958749545
19.750354882190127
-1.456691295119926
3.072414181202983
2.5392730990908614
8.098291515258506
8.354486126345542
-2.9489535367630566
13.800584918376378
5.551483334360849
14.906498624430812
2.992184850635412
2.4281314685543154
13.733027593104351
1.5071131340132284
0.45352534011515777
-6.6516423162405705
-0.5215402344456912
14.235981838282346
0.09523148676431248
9.92085114629501
-1.4952426155663794
15.086848422956285
3.785432707388779
6.153457700519333
3.326580407635231
6.580465002635965
3.9227485816692416
-1.1430718700679954
7.28732511688389
13.12802762843123
-1.3603455754282043
-5.505384511472535
8.571100780001998
7.935319148030615
-4.63458489806909
-1.3091711730655593
5.449106525414169
12.54436600930844
0.5650858480965804
14.548853765637416
7.476253753586065
-1.9368004841530633
13.99986825174842
5.10123304452304
-7.108819091076091
1.9874510252085122
4.444277146210391
3.7044788336490133
2.187386092261267
6.6775248238977785
4.312454248212654
9.376379306645802
4.827947132022635
-0.8319476254573157
4.601635018453617
10.51530734413764
-1.8682097013355676
17.202198741008406
-1.9150470247169524
7.8680142295450235
1.5568559035372926
-0.9961555376158886
3.7110709163267193
16.267479010537166
7.154645920357539
11.796521162459339
4.504469870524162
6.597966448008768
11.935941672284777
19.133523840403345
9.810910629331538
0.6505980343408351
3.6357733016098237
12.114748168483963
12.061960750417871
2.8022378098495406
7.56591167505373
5.263193996902972
10.03170139402164
-2.1528819570398054
9.371043109746104
2.7771521781566397
7.125690711990511
8.117990375594239
8.614453882270986
11.243821136110803
-0.8849139441521618
8.547001694191803
11.349722295986187
8.143233157911057
10.371111710932826
9.217220117674664
-4.340022442346038
10.197531347385995
1.620381886174009
14.830966910846826
18.924294638806458
-2.4815102774948556
-0.1561520731199808
10.56048418391642
7.989305871776889
-0.3295602801071231
9.955721479081165
5.548211816091907
1.4939103317915654
-4.391969266194067
9.405962986791764
-1.3257988496645607
3.22614557379719
6.857514790531182
11.075092216277026
-2.252628642626048
8.03466450302647
11.984170301463795
4.914928052040489
8.923455725171028
9.135135482684626
1.0409634874107239
9.173718815029279
3.7051027669312337
17.00102035018118
-1.9317980519470348
8.884120618174904
-0.6273216987138008
15.292677049747557
0.6915333069519898
7.389955622340116
-2.303845565745333
-2.9671865825819763
2.7721606999338375
-0.31868303119116437
4.783046425451134
4.471252298321451
14.960673894201024
-4.316505269475277
-2.2780634014450136
2.623158017317999
4.251625151878109
6.727133960140947
9.279193362601685
-0.36815240775992963
4.733896490577004
4.7254734331279975
3.291492445483748
4.93102724846917
-3.0093966833020076
-2.4704662102960233
7.238393179853482
12.03360366496802
-1.8191740731339472
-1.5053656374405655
-0.45554185877873143
2.8971614158765937
1.557881811883584
0.9112369129570483
6.005739800472454
-2.8160393957085628
3.4786745982380385
2.8544282496194335
4.442985485521286
-4.465898000707069
3.8008131687500595
11.326914907965033
-0.034908175977245826
6.93868454297153
6.836767714634581
3.073496434480761
15.610614168515216
-0.2873045011925841
11.761514647133037
11.945596114062988
10.124947435224287
3.702965496023525
3.027828453317119
2.2040448214991706
8.447814642857312
0.362464962804645
3.5145162506649585
8.19438215438715
4.687059739552497
10.65061787233072
9.414694602657992
0.9761710591470787
12.67786030633698
4.990668903368814
3.5437845317424395
8.880730325144441
2.0312033811906947
5.984024254905828
-3.3064561100819
10.14702987699527
-0.5640101685871093
-7.356613511710798
2.31474545027973
8.630763340549557
1.609538935526075
4.711472321872578
0.3582265377950016
4.917702995879431
16.939283627815605
-0.9850821086064174
13.70805067369341
8.99887222515899
-0.9125487101908556
13.71448097279341
1.984025261593339
0.9724616999323867
8.201131112988953
6.044523176640244
1.2067274644078774
2.350140032475711
0.1072295883895027
3.643090497001856
21.17857861649618
8.912860927058382
0.8928032522202729
3.4627015912866685
-2.265098973739482
1.8474840679562867
5.74384844892036
7.469789059703871
11.783416329777218
4.973317182864351
4.651753524973901
14.532360445742714
5.703677438303096
5.89951986992809
7.157510129892959
4.693355187878832
6.395383517602453
-2.1111453511134224
3.0239217863529535
1.0888512383108293
-3.9826861622403236
12.190876986990315
8.755702090901682
1.1797078668930956
11.391048650406258
1.5526721508746393
6.468047027270071
-1.8914274703061222
-1.5194772613091434
2.3298724660278416
3.792776798914927
6.999082034652647
1.7139123645487961
12.428954037266209
7.977996829316921
4.52481315505102
9.545291502298223
4.051214516756424
10.219059030613767
8.544306564397539
10.776128767119928
-4.848322180907076
2.9396962940915814
-3.079838567180733
13.012569781643753
11.299671831197447
3.6953149148138373
-4.0662384487350565
7.066920688159312
5.322039257369115
-4.589617931073732
6.78118772422352
7.07867457269631
4.989924509025832
0.4533321984868959
-3.050000843969494
7.701193271022076
6.673376876132245
-2.4349647553138523
9.904397460692394
-0.10422764317879096
3.4790290629575376
3.0422180560108174
-1.761659579624114
4.728298259933003
9.474488533520985
1.7084498932553265
13.457458504380737
0.2583880907759575
1.9711530318728987
9.991959333428657
5.381243877032038
5.767838522014568
3.049752059928423
12.861857839722536
2.2185934284959252
5.723221616151463
1.5715552793653327
8.47939829514344
-4.753476673023775
5.899372215522035
9.625992557122292
3.7102974778491467
2.012452722592412
0.5935984312110296
12.390433155236199
3.4969335022569457
7.857467696865957
6.744658468354597
2.8094568126546067
3.082882668684093
8.594605953420377
8.000565090146193
6.54373459695541
-1.7814968039540187
13.026639675284512
8.189065665480099
-2.4333567959160005
4.755238611842023
-1.7691918355527534
2.4828628174612413
-2.601169298033362
1.8311244714984052
9.187974173098045
1.542959410337367
1.618151870370824
4.733306109555345
-2.9193624944697856
-6.611879416020059
16.25047489597486
15.280398838365878
10.26041242179265
8.215126513289873
6.696070256248644
3.587064955390745
4.95680248346774
-5.75008279988362
13.184753203808402
1.6575916358117384
6.26786330610031
1.2702561302130464
11.302501424983522
12.51183584781837
13.63846080321837
18.71250408466304
8.815106714591122
-5.249840526461686
3.7248320041758722
3.6533286454411926
8.999195055098026
4.772570644809246
4.20919490136285
9.305242646782649
-2.5395500681853926
1.1147663367403968
3.3651964727947634
16.617915369482652
8.189144474302037
8.382250514247797
6.297032554038891
8.398206623392493
6.534561818373206
6.000095346844821
12.487187690256391
5.575751343307169
12.450839410526596
-6.451737027888692
5.544258683403887
8.129859259730846
-3.720706883501924
5.3779454298662905
12.688552376202876
16.736974763780175
5.465919980610138
0.8460824499333066
3.8157489469567407
1.8166508610278993
3.508130585890842
10.72668735268245
5.084451338014377
4.923662977267833
6.383040058669957
6.216636491130944
-7.793346765148501
2.4840738855216786
5.934086967960922
-8.631914218816162
7.685980601587957
1.0705153349427547
13.428098604563754
8.98307827536389
2.5383735415209796
7.865989625400556
12.579598014707576
0.17105736674778127
10.999156364805248
4.707261819962569
15.264657965008505
7.004007418020036
11.82793176385607
3.17476021544981
4.517949949558954
0.8150071790095179
7.815269564325148
22.51925089732959
3.4622626234462253
-0.4673103726112515
-0.9555614361607772
11.125308188228638
4.212806944558825
16.909321252871745
1.7195645485614643
0.29132766358783346
13.700211396406822
3.3857292954457647
11.240908375051111
2.8324143956218064
1.030325517309771
3.9664499944948712
11.27888706018635
1.286390773762034
6.273600609621212
8.070743547196198
8.199687023984017
10.117639802691109
0.6373710386894462
-1.8558841426302433
5.377186916093961
-1.8787835896203626
-1.2938016575095794
-5.953925703118202
6.481165656683907
10.955211202880797
3.009553311357714
2.971379634405985
3.960215946724861
14.84136452622903
7.166017690456931
1.1251645178755294
2.4367575963009185
5.297102843049763
4.775402940006659
-4.144477648182381
5.446225768710963
3.9746465908798863
-2.8750023443344217
12.01357424849127
5.732226837605096
12.20834187062319
-2.573179556884262
7.281129755318776
-0.2861833389098303
12.179571808090664
13.607026556601774
9.245819000923806
7.578751473622603
2.0925568296596935
10.87601225716733
8.474268927520106
12.509314078293613
12.552723948773592
-0.34621467813837636
-8.444477856110177
5.06184869849527
8.657797977114631
1.5341444361276877
4.833224852972785
-0.0005760641752674545
9.944907298824488
5.793233275602493
8.395204287086491
9.628796618998956
4.407720529383461
-3.3084484424079026
0.006777371276546873
-0.54145052239689
3.7206992742047738
4.322587358246633
7.515183510018632
7.300911066152318
-6.6922020305259515
1.9132868489201442
8.566176720809382
10.393275990637534
6.402500055703426
10.318384651379935
1.7738098621092329
-5.466574983032578
9.295210814353826
8.733364010619663
10.863261004755827
9.102834647933937
3.134353586244485
-9.334103710947238
6.339195724063644
3.0777076289099874
8.75321684007891
5.885230531615735
5.108707299528057
-1.2376587223299538
0.47953763752667866
2.79305314536224
13.749941717341393
5.5705290043478275
2.3268943494047765
11.830590970514475
