1.9449149768960403
16.564066420283773
2.72506756002244
13.515155008215995
11.183562550206396
2.868581817456536
0.23430513553114007
0.8696116342291234
10.54797479070011
14.280230880920163
8.668838097730797
2.441926340896116
1.2273017444379652
2.713649097743529
1.6892279568764783
6.054658979192418
9.085880637281374
4.1228654536239615
-1.9055043656140098
7.618966621700904
8.477748399925844
-0.16822422251219304
3.9186153454312014
-12.00230002623919
11.262549428735191
10.656246422932403
-1.4483083780772326
11.885506695571511
8.423261593225757
10.623483618931722
9.244505626634906
19.766784853136997
1.9658869993763801
8.17587107153714
6.781609023684604
4.10400548798532
-0.9495329111365995
-4.218067755087883
-5.8830508082818564
4.913191731197686
3.9149618149053773
-6.314637275535887
13.719974737069117
13.584927106198872
4.1987596834125185
6.777166008314841
4.139803411961695
6.447461080310632
0.6777364432460224
4.6113089862797745
12.174773007364303
9.841754695842667
7.1670266540521155
2.9742137250025884
1.2496453747723129
4.160962916547974
-0.9304696437561173
4.386529785440522
8.277560601831702
1.8176639044761833
-3.957900999533953
-3.6294072688400956
10.759708166855503
9.409681078021109
9.382149786186037
10.86525722170156
11.766736472943869
4.810666756735698
3.0660788210139707
-10.539561946270112
7.018690292579905
1.317458894953086
6.543052529453374
15.41595831514572
6.508190163979713
4.311689582919341
0.6732280220760387
15.0680831527887
8.979895833348632
-0.23057648992457214
1.9327997662804295
6.157221392373032
0.22078832549467187
3.669067810160828
5.789500291872801
6.151848257309492
4.730991144801468
-1.010410410606947
6.346297464442604
-1.8003957793949148
3.514969251950536
6.058917640240367
3.856365782869679
7.917331797379669
6.536353162084285
12.14440099868801
18.277455404097328
3.5468209044075274
5.618340371489216
14.180864278418865
11.852106689690412
-0.29997643970315035
3.037107263531729
7.728535450409005
2.175982792314338
-4.5804541928111835
5.069342898877231
11.668027110916881
14.145879939030726
6.882792003931495
3.596157474708152
10.482765781061381
-2.9174288744789685
-6.930722860325369
-2.836857177357599
14.002744768445815
8.336665658458678
9.38341792507845
6.956069293292315
18.640772834295902
0.8139424043738419
9.45229542638372
6.7230316816111815
13.968957935755284
4.1446905329379025
16.689920207654044
5.733603664113393
1.9532784654633248
4.371633943714542
0.21002479539681307
4.21012060146259
-0.29714544954500344
1.5369138374136408
14.941052055329113
12.735179808260987
9.26612251553188
-2.6811667865859494
4.771794362194083
14.56699526086382
7.630531603951016
4.223941174430716
2.9388209927539974
1.9200474500415199
3.8931676394737504
5.006315189852979
10.500486185124647
14.157298089252473
2.918745132563891
9.510733324173447
13.543573246805465
12.10543684302861
9.628912069692602
6.962706660139779
2.776543215844133
10.017419600970916
6.873327578474033
7.325292326100694
9.714211066447595
5.9780899972197
4.330017801842952
10.504537678901016
7.215908411049735
1.275417194398167
-1.8373234672474785
15.568071380802643
6.784085792692995
6.399147775136691
7.184045105194916
7.2071932343237295
-6.271723287212588
1.0894251184406656
4.321064611282871
0.7884902925520105
10.46961205759905
3.2607786919764226
11.125839389077871
4.8627777030355475
5.545189444189602
9.308906751837931
6.10595992256318
11.81531721472107
6.72757999288636
5.0174796549452685
-0.5399626395608532
6.513146218956757
7.823867210760257
1.717836153048804
1.3234998048436362
3.934012653363881
2.273429201050713
15.924957386108497
7.502953033136954
3.000546606818467
10.331261247864488
13.982695059308192
2.7268692292498193
8.874518338316719
6.350998576711753
-8.14785374945694
0.021572541019718727
17.088256187743397
-5.964911994950505
5.69897287594775
1.308859410946801
8.699447897619184
8.446401491644393
8.685403394378493
2.3686965070760064
-0.09226546364615107
8.258177951644095
6.513118648460472
11.456299248526175
12.860596174842758
9.248135512028565
11.636835537627103
5.487016539096723
6.443734724769843
13.985595966963434
9.646802045083877
7.428032048650553
-0.710337369109995
4.768908255209232
-1.69689196646104
16.797898576960645
13.727034374907882
-3.4304147714030595
9.514981151708131
11.550274918749647
4.727735840397301
15.952557981587763
15.99722223404596
15.373338333916514
9.630048138978852
5.618750902462256
11.10278799844365
5.545490404623167
6.4820106776395
7.771744214917987
7.590754791262935
0.05093658112108024
8.452354158504647
10.251267596310601
5.093597817217362
6.472544517164709
12.568408877403742
4.049151352726165
-1.1981375204775802
11.277891121533791
15.437739231883892
-2.6725787370752485
-5.687659638063547
9.378422671511334
6.594005117218173
6.0424987918086295
13.883521536700181
8.161110340989453
7.561033060616487
4.180533276684376
5.425506249707359
1.805361386193419
7.658684828985233
-3.70275015109711
9.65039504190545
11.047570175130005
9.832525827076775
0.29227287140138625
7.199386367138425
2.0250640716176522
-1.8264374215374275
-3.831347761497481
7.557350340591206
6.171370300700983
12.412445878921773
-7.467379168461319
1.9323894635116199
5.343235175243515
12.284296939483458
4.336229851745232
19.03139043655416
7.90264544767252
20.38826567688999
-1.1017946216529122
11.312951795336641
3.6143287917181572
9.034492996046415
-1.4009008567898986
3.6902390971068453
23.70494030268131
8.756641047918736
2.2611361239002865
0.3552482626503739
2.9281263278730485
0.6935304377835623
-1.2011740369458428
12.244332130206251
8.973797916192416
13.40938018991694
10.409803100048096
4.024601677690763
15.304701216473335
3.8381132554560753
10.58489714444659
16.13530316376397
0.5643880891868678
5.153046760621928
-2.3318370368765926
10.368426723166795
6.958898658996473
8.443536148117293
1.425997313156926
3.588013049111605
3.6331699892809866
8.815088624807652
7.323786993299803
2.3903129979516606
8.299956420120733
9.35325218863192
10.623852550540562
7.114696395886069
13.746492300680437
2.986369244645719
10.42395679126722
6.822714702410604
15.789567191759627
1.6731008326592018
3.5396993751874994
2.023830318606095
8.4041722848869
6.2403249643944125
20.9074348914436
14.788196327411585
1.7592553473307504
3.5254811943109083
8.463887341747414
4.636034650763558
7.978303894171199
6.477812112293762
4.393971494938992
12.184255666667369
10.716559761927176
13.68112980705813
5.861347420672048
18.505145580447703
2.4257513707317475
2.9502276409352297
11.716092658972817
5.0364166376058135
9.12142769680994
2.7426159348010954
8.408864913220643
5.494158213785465
0.32109300173817523
5.557485370345472
-3.3526867823490623
6.691577811639172
3.9106997650835957
1.3221410446807562
11.78769675311682
2.2342628239740283
3.3208990738811286
13.781205151920659
-4.677513327875026
-1.080624570798081
4.991737194135886
4.549247959602303
2.060069907030427
9.065012349856175
9.008718197024027
-0.8139601835944186
3.618023038994036
4.441291243665784
7.623683262842103
1.6949315016406041
-6.155970484904957
-2.406221295478776
11.693936731321088
10.131696221407203
8.987412249054463
4.206129814781004
0.9004934259371042
5.702002207405391
5.280934762260068
4.783441543594312
5.546940134982502
5.705839169505959
8.353392687239062
4.1382601896568065
6.264373326116679
-6.010662481563557
15.284130305648944
4.853927526424338
3.5204808955683515
14.337567789640143
2.364311451947864
0.1740173041749653
9.373901951179292
4.923548818026164
0.9481573643730501
10.154264324053116
5.931680482971992
5.328548351283424
4.769591547638906
15.041454784680958
6.411363191853622
8.278339427017677
-1.5288375094053208
13.631366028282953
11.883821848634463
2.2414629575246945
5.974691852263632
10.056590422431531
16.138839872102523
3.5730338743208825
2.181115996426091
-3.053244851458798
10.160184342070746
-7.626751092551343
0.8035479956155873
9.766219932087735
4.421895646050917
6.462540780718612
6.972513957698643
8.915752286098442
5.430969243057106
5.745293174935015
12.1330328054271
3.7777469133350783
6.318211650599164
9.186941295182683
20.916246018566426
4.7139400935697555
9.777046960371452
1.0914414301632656
8.315448036330706
3.290621184315318
4.755616373905437
5.6567534994757045
1.8443525086890125
8.887877342363383
-0.6391714223557567
-3.939667658817063
6.390835644110736
11.555601584434111
4.631454086055129
2.0188500291122584
4.254326476096376
3.7781898438193466
11.341745538897456
6.229551299065475
8.508175726786835
3.5855415683988845
12.695181115234298
4.412267789007317
6.303674806999123
0.009633991401783781
9.247960229453208
-0.12733583418829664
6.008866428796234
9.536410712183324
5.114184107733146
0.7027680437381418
3.332826852822558
4.674776360168538
-0.10080465224182422
-6.713607213663554
4.039234850632206
0.06027836591047553
2.4341442461592577
0.41398018259018166
8.401749122169832
1.6111565614697412
6.949926266567008
5.1366369881873375
1.2665779299864832
6.764851650288069
-0.13138416375218398
17.132087727328837
5.701215700086938
7.164312295183394
16.923289122237172
-3.2799124245954463
-2.247806822801156
7.69644069734465
6.662819456799439
5.890840559945473
1.1846089617769815
10.42014006371842
17.402644604912787
1.2289652373431075
3.185961125835771
11.15482292688942
4.30045368137303
-1.0224065365990436
1.7806552753233147
3.394451829192179
-3.571937216664889
7.865257423741925
6.787426833064948
4.595009124940794
4.002923267422525
15.244014348063073
1.3974017563734877
-2.7031540068481625
5.526612052971761
6.5708930581465355
1.2598381273208359
7.5429875276122855
-2.462608936305168
3.925230215448089
11.446395169935737
-0.3556705262439621
1.470008869855297
5.357624112643973
19.350379104563125
2.475631800552925
8.035410838904749
14.767772751087739
8.126547037561666
4.996800127763452
4.751273318763632
6.392053512930793
11.14253848643078
6.195470613679546
9.913253655995696
-0.4942805655866671
15.569295299377952
-1.6981717962378777
10.624888718563353
5.1910425001382885
6.329682086707853
-3.4896748700331983
7.551122455781397
17.26206105068575
7.071901791131641
14.351216896856322
6.66940076049243
-2.7515279845837526
2.9426680294566476
12.792570058154901
15.339770505314252
12.847955089738846
0.0007509442418589529
11.584241944142029
-1.2495518731289152
-3.15305178581775
3.6314619189895394
6.349225881109558
5.895673702292525
10.841118907828356
15.427767628399263
2.557652573940536
3.4223676636369738
-0.03588332897623836
8.451528151795298
-5.1880987499901625
4.31416672405986
6.938471900899604
4.9169436226656575
-3.7011948271907222
2.7861968552092002
-2.3366593986055832
-7.352245367017023
6.992018734756494
9.207838206768905
-1.7726710368193492
0.8989162359975174
12.073312691357884
1.870130474342636
-1.4275010698628305
4.153521512196645
5.251745556469238
12.436375161968504
0.32269246684974107
8.571969933752074
2.931185707544425
13.012338839486825
10.643468734263063
10.041898671330943
5.861086309407996
11.384805831659454
1.5248592258878482
1.983777248010588
13.20367074170395
-3.1055034396376815
-1.58333106523017
-2.674534382896997
3.3984777713418417
9.360308901215548
2.2896733423515885
7.353534303340571
18.062924861475274
5.620171030998988
4.6194001544561
-1.0183447943985788
15.884492443347359
15.933573081310017
-0.4578360030308728
8.243569665316155
-4.085943456643442
4.060919378106726
2.3687554685521737
3.6274464154794264
2.027266169374361
14.320815823811339
0.4094055325390613
13.433627424686787
2.4188729007871816
4.739117106305762
14.53642051482702
11.533552820783994
11.550330164102107
15.534532724857424
8.043972897214886
2.484113026986144
9.951576582046018
0.25759306693133865
7.593093953848959
9.71656633901096
10.85770066139369
11.714614510437784
15.110631574010112
10.677881728945264
10.228581486057106
-4.198370093417372
12.970686341838189
9.967497797330127
-0.2762900667177792
10.621279626183949
8.856776628306026
17.646394732247863
9.735869137522627
3.472955975022848
18.368034145231487
5.309130010894089
-3.3483022441783756
12.44229910586105
-6.10339322331933
10.502449380539439
5.7541286413861075
8.746217039278939
4.697669937274598
3.906860349622421
11.19150687989642
5.718042425203475
9.867292122815538
10.288008464762923
5.348909197904466
3.8167861516405543
11.76573433400071
7.145141306128441
11.403024402700453
7.172735621774784
-2.435574244335461
2.338416589025207
1.5723865572647249
6.686380024366616
8.748725167818053
13.215601756122876
10.639309387043605
10.960229199226903
-0.08467766287744904
3.2272930279748957
3.6172020356250787
0.09449494380365486
-7.041698459321802
13.480631949838909
11.224176338262668
8.809092398289387
5.868604189612994
-1.9259565366273836
7.449678462915722
-4.401463044355829
1.0185504006129715
5.137073483154563
4.087037688218064
8.65310206777263
0.04169258501297346
10.058327338193859
4.889366344514704
7.142194221395971
-3.84630014646093
-2.321651114680101
2.257413664433648
-2.1538235772582617
7.252588308127145
11.225973108541815
-2.340204204947076
16.15495327053729
-4.003891463043816
17.578506705898285
4.748281930769129
15.921802976158515
16.078483908586463
8.139453286080519
6.901474184933694
3.305268946374349
2.76261849579207
4.483275872063064
-0.6930327877822426
0.8155899072772694
-5.504187922001
-0.11405518958664729
10.569834818056883
11.611646944165535
2.4796546594651905
-0.6320552408882874
7.680765047446984
0.7413391650608725
5.337849542067666
12.586584821314872
3.6471925909665326
2.555245022373833
2.3732668598164066
4.2231016473671135
19.02120141941666
4.172313861908522
-2.434729635591186
14.938277559315468
17.662633458670122
3.5723596049347197
1.3839913241532367
11.433876231031109
2.164195817761923
11.179988519170442
7.056952698433525
11.908073907492724
0.7576528982411199
0.7486571169149201
12.416516578622272
-0.5654764349992725
15.322963545623656
-1.7175141247522285
0.44894616596738146
11.549824782544341
9.587559737321419
1.788245533001696
-1.9890387838119326
0.8387595457821577
2.2138784494679737
2.51871641175216
14.011745620806495
7.030218457230881
7.684410060441305
3.0535863453628815
15.237804613224549
7.167486707500046
3.718820216086475
11.652010158129945
10.810374194590642
2.919744013766447
14.904761918755375
9.834953701194086
-0.5323160539049479
12.091621682515832
1.5328056825076217
6.311314639965304
18.628299255022576
7.058931616879169
1.6614751554168086
7.423631251902672
12.769682422023791
11.984687488249689
14.054082696223531
4.651314822402955
6.895561310579913
14.182956930849066
9.949594347325151
4.156891046632303
9.269073843042758
8.395283144644894
11.116236720914424
6.926496219165032
6.479046100816652
18.62630280733257
11.166239121494844
2.909084642234085
5.656002204774585
1.1584964524316055
3.2363989655519054
15.242416395720504
9.877788388335508
4.231780087387549
9.540998433725997
1.7222280267582564
1.4730227231644806
10.056481255366954
12.392444080061253
6.5759060204279685
-0.4485156119706861
4.170527801515546
13.015732132306072
1.4303778764396382
-0.3137541110397297
6.044937737164872
9.529636579782181
2.5495421993172607
6.504548083390092
13.45229631099542
1.564524008905714
6.796403963465089
13.720742245425772
7.3524851679508325
14.206420858352775
10.903331025986798
11.087919095629406
9.9502119809735
4.197240491833929
9.402036261618367
-0.9363967743065587
5.412543926799788
13.902852869830937
11.827910056661494
1.4800083824214196
-2.6386895384995217
-2.527599378534706
-1.2843115062290513
6.395183701078519
5.578276342129648
3.9462797840030954
8.983347342010987
5.676216190864881
4.511581572312476
5.24414336763304
4.240362139721654
3.7617814898895197
-0.5182689522613968
8.39297095858065
-1.3270366808475638
5.294244671534175
9.12925500237477
-2.457223939325605
6.232400162743109
1.0228408119063221
6.852999300064693
-1.6936886185811337
12.337417608330965
15.175218118984573
17.555437974903278
10.222135575987426
15.011727015860032
9.936510017126032
19.024604971172707
7.940905263723938
8.03518763912436
8.585595743658196
6.925246369573597
-7.813601405046295
-7.80259776738942
10.439149742752832
11.429971291874377
5.7094032958737255
10.281574411723664
7.905844715104165
17.583899611718213
3.8759550261356996
16.896450661912006
-0.005110563938745649
5.04000129119835
12.844902081671687
16.710131999018813
1.9139807317641404
4.359328513384551
7.349233644047366
3.585051525017116
10.643097208034497
7.418255348509483
7.81584755529097
16.30266101540344
-6.542749755097917
-0.5398661267126776
6.444370061454354
-6.354236072187282
8.44682466929821
4.665869917695262
11.678603769818526
3.466187876624925
14.110905988328652
5.911622413216863
3.4020234987233144
1.8262870529596054
2.6873039132251724
12.325280856208227
13.786346424028217
4.824497791471545
2.214519388525466
-1.7583875009873502
5.390774466957399
6.770018031851254
2.05878263126661
13.712773790850825
4.9212823447507175
1.9112246906064643
4.12131783121629
-0.1708651662812546
9.858020490927986
5.766647544599286
4.262088096751102
2.0128224493754203
6.033445772397899
9.205619807923169
-2.6251731626568553
3.9293602901896243
-3.253078698159266
9.332276555863684
9.254374147573984
3.5473741069949867
-0.045232164535288
9.668327731213878
3.7842833535884774
10.045404545825635
15.357757198744869
2.524662947226151
7.0581712682303195
5.447493726067707
3.0168814185952204
9.284930340422731
7.260008689692357
14.147524782850777
8.810492793654682
5.937429471438642
4.864794531882152
3.5744720990804413
5.054967885014001
-10.023352744291014
18.272740182923386
9.450989890171659
5.747353339937087
1.3501543055140175
4.633611847892819
8.586984902047499
-4.326666946603774
2.104521875892257
5.134395556328116
14.847203517689865
9.352916484230853
5.926959513141442
2.1809869692840587
23.64018925389935
5.747242190772342
2.726279152285293
2.855024396898585
7.449061100077011
-0.04136787886279514
11.244166031896054
13.605203457940183
15.376900313493813
5.813017529072409
2.9535032047610574
7.446459636882354
4.143917646848598
6.464064497342424
8.080015334485372
2.9409366849705085
10.131738213871689
1.486626205073974
4.973241823736716
-3.4306814075029948
5.174821715833598
2.9205795041334532
7.85453789857932
9.534552421774134
9.83381392758947
5.798049651042156
-2.2918552862634147
11.732593763933167
-3.353978419903127
17.914253563080834
-1.91709070083101
18.626423835011295
0.4419947100235708
8.541145485944217
12.310063495293127
10.688927282049404
3.8334536866744457
9.758028673486514
14.102328466652974
4.346836993625212
-2.1003618438411262
8.307071206235275
8.07176298899021
5.804163828606921
14.734322875166567
16.300617738003588
17.237791214533935
-1.3306127852383591
5.0083384268915285
15.970148942221787
3.5181256200643287
17.46598199277861
12.235342287860806
2.1939351191776244
9.42167024127318
2.9692273286268374
-5.382828911554519
7.773864974318025
-3.420657937393445
9.59007231053628
6.96623457276129
11.069758531118266
-1.2352527623110836
