-1.9943651713943762
3.335213158394662
-0.293422364620076
2.383358349402189
11.812078096087081
16.116300359424155
0.7605980954496587
8.675522852312765
8.426872440260766
7.0019770435277895
6.191147696413244
10.801266725428388
3.446993271009398
2.73552002876209
2.4702100734248202
6.2181564329768015
6.768764566488241
-1.2672200125064288
2.862359060309837
18.180988094320767
-4.817142807257115
11.015601853030507
-0.5217629084173874
9.870425064547213
12.39572969356967
20.453792892361996
3.1403725574911965
9.075930008328907
12.22883371194293
4.685668138001497
0.7569551146879139
5.733682428032775
4.798630678543206
5.894431755215587
1.4611805698087492
-2.8985156413816
0.644036745617699
10.112559617322063
7.612811913393852
11.61351989063856
0.769447385824761
12.09072127287779
0.519937631826509
2.230960013972799
-1.392377253394856
-4.838810655489036
3.7447799823733807
3.4779924022875006
4.86688948521383
4.631704623401539
5.470584084624793
5.100281709784501
6.106955647651892
5.577745442298858
1.187350402941738
7.498267937938665
-2.9686367746754403
7.7595593897349895
12.394955258725975
5.141130400777147
5.499812632023749
2.9785896160563294
-1.853478173020778
11.574355604965536
-1.1319258999070874
5.027925173600621
12.886827500361118
12.447790825058753
9.35027573781408
0.13947509749790132
5.472090629970084
9.1781175347195
6.755879719000548
4.063025029284878
12.603164841644364
-2.894467435074503
8.24451468587953
9.053629998398046
1.7961274910232854
12.865354536291935
13.874246925251366
12.328383666077627
12.184896575715824
-2.6900684336194374
12.788170450304337
10.107861646024714
-1.0336707817064594
2.7610638027643453
11.940351124384248
6.280982195410053
0.7877546720705118
14.327687912247269
3.9371693262392635
4.748863053090431
8.076358950355907
0.5360090005786189
2.18354081396378
8.704747733403755
0.9360845725439004
7.241814220190126
8.186245267490913
2.2572577822857665
8.911457105412401
7.985176663104093
3.2605575952689745
7.736896652709555
2.231796467700969
3.713822594437313
4.293517108028117
17.12844716601343
13.515543815700498
3.342676674987578
6.600275011149369
2.0202296474511003
5.2986057508103634
3.744624275283245
1.2358217638809084
9.581717070176134
17.678191146287517
6.286407038119838
7.998414830249457
2.773311288092741
-2.7578186845105854
6.385887646435731
-0.29623343150060677
2.3085974393266264
8.31009257498239
6.5769828128659995
9.242938285899474
16.520781198456525
-0.6542838053895528
10.297896548542585
7.731352504078083
6.709862296207012
1.7166990719695026
5.389496934357308
5.489528266244263
-0.9811783193602581
15.32243609424256
7.860694334543054
5.768981337360089
-10.703395810687102
-0.4598328565722669
9.926603726310613
8.734324318046559
12.709467214154117
0.628352792207691
9.353970738199681
2.4023733097297915
7.477102511632324
11.174905008733036
0.08531295071439526
7.6044913922248805
15.27196161483038
4.434039784788735
6.290831709090648
15.89784950239874
5.605167153982126
16.607640167103337
6.56422281829514
9.88718419156179
7.322373763473567
10.94296208761499
13.126428516776198
12.51025667763521
4.131049212508533
0.7801098327441371
10.546676431124913
-4.246697114610976
10.664212106885948
10.189340304993276
6.892639121339906
8.49586413100337
-0.1541369940823678
8.335233040621901
3.755908650276091
2.628955453703232
17.90455860434317
2.5718404605250123
0.10598455765097015
7.917831766389828
2.619161307535371
-2.2808918431948992
1.7864436529870922
9.638698463472062
-1.319299213979126
-6.263948842753289
13.817176719982477
3.844668236168786
6.003137782419942
15.29576063290857
2.8937757491624545
14.036576948600947
2.5027245311455038
7.499840719040848
-2.9957763493173477
3.5668972786885322
7.4247051310073875
3.4094493785709634
2.5370883347872555
2.919365189675677
4.04966383471618
13.079613387822477
4.10242165299075
12.337805353235051
3.44610066971649
7.588940255157933
7.580837046754466
17.560854583156527
8.604553258912649
10.25995332971435
12.787832793048008
5.187828284919653
-0.6234704392999157
-1.410261863740697
-0.6779829064756413
8.217835993653694
9.742039995859411
4.174989328924757
4.973139051955194
1.6196217603023353
1.245373245659568
-0.9965049512762185
0.6259639838590783
7.564569678874271
5.053987330678369
3.0852920374356745
9.13813755728911
2.0937329303841166
5.911447603906252
8.114756849282156
22.42437055252038
1.3175078398692497
8.408218665773248
-1.8089358545609988
14.21790292320042
12.319306241438287
0.4632240595122701
5.240032667205933
3.992249620112541
12.187407177221056
11.50630396743526
11.91236659330458
3.0871305173298795
5.130729227348844
2.0647720590289462
-8.971710543621425
-1.1411846963168069
6.669129834332984
2.376828489742948
10.439140095698296
5.953745183015168
4.51122188116142
8.088715763118929
5.703258972692813
11.951510167242265
10.699831624276282
5.383039056299982
-0.384467888229409
6.923761548209926
9.232085604805398
2.239534963254801
8.036779592865747
9.288088662085748
3.186080996389184
-1.2964430109625171
3.9317633324159575
-10.190601637980663
10.514088859852388
1.2636017416723933
10.76351947373692
11.149364558882983
7.249344555381543
-3.000027779139952
2.565872445618842
7.7140844753745075
4.746271424219969
-5.277295399538362
4.955979067017589
7.147808671707509
4.2905193603136755
5.689992589019811
2.351899951358423
7.24640432093495
10.88962962293255
-1.305193270930129
11.884535763502381
6.926260353965842
11.336852482130691
3.3732429996976485
4.620731883134561
2.7570845723065
4.505073660723158
1.5059970388758392
7.011455219435493
5.952571769568988
8.890328939274188
4.388723968553449
4.2649463875678615
4.8234289879083345
5.476130889905572
4.778092109164563
-0.43110152465564777
5.6584744090749455
-1.7781596920210214
5.267131363502812
1.0164461067528467
3.0312491041016565
12.552625089693407
7.8987935312908935
1.5950159158703334
14.127196584570338
6.438459536906799
1.0070061522581248
10.790984722389283
13.822957772576896
0.927296194634839
2.1458608207441006
3.3617516911676897
5.81149560844823
13.361174559967491
13.148404311767653
1.1459339676341767
5.801028191985674
12.386273864698815
5.811264823624021
3.459198091741684
1.6882420383968109
5.094670803087353
9.120898617762263
12.098575973635576
-0.5919615877021975
3.288538288603647
4.8824149388746845
2.0371459542329076
1.2146638262635383
-1.0999062465790583
-7.220134349068299
0.49846623565511905
4.093378429371137
6.024947957454331
11.921348406769305
9.159810658060032
10.231340805280908
-0.6938215162494838
7.688159545732283
3.935974980684478
9.364187302136585
4.482973165140262
10.390303944649538
8.473425182688151
10.138747643812575
10.520904751771894
5.568849815379857
-2.084015750112693
8.417160108899214
11.063954286803702
16.471939410547908
4.108894780516146
3.8764512865422587
-1.773245900541193
2.4332451865112796
-0.9971454035734224
-2.485418725072634
6.205716900924067
8.583657601155716
-2.254130694085056
3.062967755238234
2.200028408355248
12.843138665410622
4.0636379789547705
4.360354287382318
3.8502172005688173
-3.186456705213212
4.456742135501761
8.298776302749111
0.7703559405594156
15.322226033619119
0.06547233225808125
7.602175853381603
6.587241744709531
7.5452922026097875
1.407258192061053
-6.793502490074291
11.01517865994866
10.018665529306531
5.8137398770892466
2.060140288573052
8.832779581005257
-2.1231715243533067
-3.72473710599108
8.386540195901341
7.014487428684493
-5.204372882104071
12.481212313316604
10.85090240930365
3.332658973918489
5.859431815185639
4.834954628053687
5.769951034841178
4.327025823939224
3.264286267444176
-2.1905121319716514
9.663253283782666
5.519754692728342
6.202356837175443
3.1083025433261793
16.297015518628175
8.930669966574019
2.5618968021929684
5.730380143643587
6.510818747738271
-0.0746883094076436
3.5514800848345347
5.612877706928821
11.052202561225226
10.198948613859043
0.6799819969543561
-1.0614872138922955
2.3854994717858378
3.360983957384163
3.168285447189619
6.374778280229276
4.279136582951589
12.397178204363108
8.231747811051232
10.839625039685224
-2.7915941160770466
6.692896114023834
8.994451209259669
0.04818642350073343
4.345504473997041
8.549640914061111
2.7755478831295686
7.931614496151453
9.680154890792352
4.824576079636759
9.824480593880072
5.7358683762360885
7.934355974718962
3.6016276269823213
4.265660844808307
-6.9642224958041155
8.16659698795833
0.45636614607458625
-5.832094660779463
15.176411402806732
15.972385348815251
12.074260893328088
4.461753439366048
-2.919831885466852
-2.8048592662307694
6.744773104117851
-6.786173045129281
3.1270245202983262
3.4667927403841543
2.8029498540271365
-1.8021699164116063
5.428634789165662
5.9402432530300775
0.3266075229258698
1.8085730283520522
-2.08252079207408
3.4990767462451484
6.326011672812929
1.698870041020914
2.9570849359130156
5.327160195174052
3.552284213827749
4.395638288980998
13.479053315332665
6.56849478517269
11.567925187000059
11.120291162223133
0.6908314569097724
5.342885887778555
6.093491223815459
3.8010140430102584
18.443713921301697
12.148074975641471
7.209800242623171
-2.1060752190158247
10.21506923129029
12.03078626950359
13.299056435878745
-3.453226707483532
8.100117905030448
-0.9150595536938972
4.850247107376241
5.25702243876211
6.851645714252535
3.069759918927903
-8.018562404890758
6.179931257410726
11.358595508254332
9.618136220209903
10.005036104916183
1.4806877444502913
3.2505778106482617
7.145744468691617
5.878826616787897
0.2502428229373388
2.8713704154659823
4.413968552283036
3.424865718814512
9.536335072237723
6.727811881162681
3.884936098464978
3.351744889675066
3.705299287153024
8.685580778244638
16.874299168272493
10.117665156343726
4.424548362738315
13.33167364141867
6.798465179351773
8.689796568780917
15.696925208263323
2.569119705117262
0.24170074228359706
9.490555511471115
9.160932202883236
-4.687984488651306
9.14995563400085
11.651009619903714
4.3859521130013785
12.862834969265442
0.7021320284491583
20.488768684235765
10.089252941166064
-0.49397543366842367
7.558695212433001
5.701027079149668
17.10486853503847
12.828272547389174
0.23649225533690998
8.370096956719003
3.0162886198618235
3.66265498657674
2.509703620492087
13.302596098052497
6.935209096591605
4.497013834414865
3.529974883127326
4.114973858758413
10.319845147521988
9.522634446476816
0.4794819732784097
13.941547980097614
5.711813796402534
7.542419454622413
14.356186040780498
10.109386988493858
6.443431586415282
-1.357778250649801
10.432703059223325
-2.3903285682351
3.4979614551977622
12.05638409601919
18.472442851839176
1.0209993452934238
9.445881706917227
5.587951117068699
12.371484450444012
4.548198289647652
6.1107063129497945
0.5606937054317225
5.517346103414275
16.957747876047378
1.9139754042925148
-4.964564830238029
6.953628682671556
4.3744032174112935
16.604880471975793
11.258837022775067
-0.665698594232822
14.408799827175322
7.6211220088415725
-0.4933690990520203
5.4537202756595295
7.56707198593053
12.443525851310191
1.1248785277278062
10.314966449284533
-1.247904454546764
7.328154791318253
16.22488439563425
3.002448985694279
12.131096089712134
4.492284377056487
10.217607856497924
8.301996115605611
2.950268138461682
17.864102213442447
0.23542796616865314
9.49801476777835
8.474606606056973
8.68428993323433
-1.964613076545736
-3.339248793063387
4.57198016296706
1.7892027187241446
4.247123263492599
9.64245525867411
10.351393758085635
6.039424620034014
0.08716920822362617
12.908055026237063
18.212824860432725
7.753762818846793
-0.018328335436978982
19.707918298317153
-9.751782759938521
7.036402652462532
19.898221667820415
7.133375490992603
1.4327301399755736
15.592134870668927
-0.5194185591375229
3.622349578562627
3.0206636974191374
7.840165633641169
11.453068115029112
6.212947961174655
10.580674706895113
8.810442816763338
1.1892999954370245
7.220608087894302
10.730963365605277
7.991606250874656
8.66046925727231
14.943570428078322
10.306786649729986
17.39333802743743
0.6074880183331643
4.554106064005458
6.209717491315503
17.489155477390646
7.0150869649081145
6.505665660323252
10.903727611744348
13.190103573766653
7.683555180346399
3.7780420055345507
3.3434004857563253
-4.1760065954190555
14.739328283683355
13.027182441902301
12.29540472569997
-3.1608139038749474
8.28682152653204
14.586071620127194
2.796845031514844
5.3584266852551234
6.378395339272465
6.5427894297560165
9.11800171018314
-4.364564337405977
9.255394618266932
14.836329102975084
9.434811378280022
10.575270021259357
-5.166385491846725
5.026980916795964
1.439680105454281
5.692972861966687
8.29081618865071
6.127231603079097
4.663746411520826
4.59026664809736
7.548164469023387
10.975972470229667
1.6253204792247882
3.264797430495912
11.574408838226844
-5.944498098809779
9.040403422560424
7.513631988785841
1.6335482382614375
9.117910849200124
8.315306912317494
2.71463226441747
9.708127302780458
20.15014486090082
13.027157196881685
9.532064306379251
4.75595022548677
2.296413778594238
6.681084440878461
19.690766653330254
6.517227282592605
23.487434766916145
8.68320062825756
8.944471333554329
10.021445205709256
0.062228227509683265
-0.4355330385770788
0.3294946458122032
7.865176501353522
4.043359798423485
7.646984898887641
12.557443619947808
4.9654904820165395
-3.0074227290050928
-4.59462110265965
7.9294531342558345
11.501923974603708
6.124542718252737
-1.9827028822445518
16.992547131434016
5.896148842104354
21.862219512042135
4.724610035989542
8.997786381914603
6.016079404455356
5.28212075059942
4.24251314565122
12.491449087155804
12.197607089531648
18.94929175280263
3.889581316500829
16.01228028461411
7.6910470009815715
7.574583352573158
10.279887384214756
6.0622016520837
6.446032041228157
2.4899229782933165
5.398936081343385
7.8059013936999
11.442155131544698
0.786098391546628
-0.8333561000003247
13.981178205024648
1.4310989608140945
4.0870875824584765
3.350254352706798
0.20886860050737965
5.024413607564537
8.327435219873626
4.114618567640249
10.398548075455064
9.628413582114131
-2.6249194069063666
12.175094271941287
-1.0807929421643312
2.202622023197308
5.309729288270215
8.416919927200153
3.7661366149815785
5.452021904765808
9.207696894138081
11.680411696026596
5.674710472822978
9.988303828925053
7.25801710133998
3.941591960710103
10.714164689351291
10.712764955819932
6.602146106042115
0.7569293751362229
10.678661623170644
4.326814266413929
4.445649611845578
9.252186050763797
-0.34393544308712976
10.190439942806904
11.73474470697843
2.5161144705625347
4.199547365785615
4.630358962935361
11.188894149960886
-3.4348946056513174
6.4807262445627325
18.43497008426881
-0.9706647317979025
14.39196466962934
6.969691699097525
2.5108284443693543
8.982909166923173
3.8026866502613164
7.148509092210545
0.9889593885718249
6.349278267826671
6.644715325379627
8.487195655094514
1.474132669518494
-0.5230862339626947
6.353742663928841
6.063352013536713
1.4446544272228197
2.9469104141196514
6.658095206833463
6.835658729806888
7.046973754095015
7.092580557454319
6.287396266342925
9.863204539923018
4.431809678532494
5.416658444829751
11.117986939233296
-2.979867679464016
1.1625990112363596
15.265109506653982
0.993506998620509
9.764524671625605
15.133893092256216
4.62256911674729
5.5783006328827325
6.4822632425065985
3.72498912269383
4.793534193310553
-0.8402180056041431
7.1630504785408835
16.018210963475504
5.444794772086945
9.404824515889265
5.9569861246332225
2.658876054446804
3.672977982617767
3.348264751689775
6.977281823946576
9.085375340975864
13.184400454518936
3.6086706450818955
13.641944341663368
13.051195667552799
11.120202170364857
5.1745018659916875
4.591699899138748
-0.5158601187484679
7.838136434474307
0.9836264066362013
12.636482953999206
5.660243951172783
16.344636530768494
5.479720805898649
11.149378197263765
-5.584271395939442
6.484679995832292
5.570559905166545
15.648440708399662
6.76847878204017
11.005262711608022
16.227006725219486
15.777191510928143
10.33837651318444
7.1583477633090045
0.2999347217853874
9.084486909139438
8.152379450571113
8.52024993838358
3.7106903246989593
10.331020692246746
6.042609924289114
7.503306263547869
0.48348902336690625
7.516400527428495
13.276665580980223
8.406739927424498
13.831926225166677
13.147382444366093
-4.050438810403081
4.724836353829968
8.673952715283768
8.74123489035577
5.643652058712954
4.7552225310735965
10.142810613203116
3.8937567473862256
15.70891866648126
12.477933145719788
5.8913552678884304
7.705857911001485
2.404548927277061
10.937870295527773
0.7503181620092745
7.6937392543834155
5.264879703540668
10.211001348872394
5.3154190100803405
14.022094627392988
-5.338622667504358
17.029379641197146
16.484378100331817
-0.7467979741915389
8.350118428105157
0.0777154737899508
5.996005062067398
13.013660205381772
7.993335684982428
-2.1761791413164495
14.08928772313858
10.870365532280829
-1.1307179492772663
4.820036026920859
0.42323953492377253
6.887297857555005
10.24487599419765
5.898372549718564
6.769576626387836
7.0429072497924
6.6297743111549785
-0.4225392538131132
-0.8606479986756534
15.682981179884552
7.369051497173475
2.1516409232335123
6.7064925657233685
0.4758956606505125
8.447841686120135
0.04166756877470412
8.830867413613756
7.412113121006687
10.90284072424533
9.684724174828904
3.0995778348429117
3.8506755446959997
1.493490459971162
9.20648408819792
9.831451625883588
5.986124521245513
-1.793352161736653
8.141018110321742
6.616646923739957
6.832249348559296
0.34047231213182894
2.1616664403714196
-0.18671203867829966
-0.7669074766355282
9.834101202011874
-0.23574120334429072
7.271046098816968
2.9927558129532037
-0.756690577443468
2.5042847941069986
13.73846763615575
9.760825231068536
10.508615686114082
11.879901900740037
9.017895260964737
8.26721781299598
-0.47410721337080997
-3.9472061541727346
2.223325093512737
6.99196688079309
5.459982955080302
14.783779724035783
7.874220348475316
22.222982327168534
10.64480228537349
8.23165329661019
9.189611968346227
2.558536464962214
1.2120936452823754
14.963486852265582
9.209447620528667
9.76591823088104
6.590483306174156
3.1574765347572287
12.76666593267953
10.331391643284956
8.29174684009973
8.190930250175468
11.961639824720223
-3.6720159128355014
5.1806145264711345
0.487753359693488
6.852404682865733
8.543523041854765
3.176213625181914
0.016508163321644176
11.464436905998452
-0.17523928272962674
5.092653916179196
1.2455822419099913
12.673049331132436
-3.110669995887031
7.15191274291958
5.517193708957808
7.029808944309317
9.598695079300235
6.229814914173408
7.574514019342063
-3.395688075912588
-2.140773830842244
5.461850352239489
5.7836619125682915
3.400216269796569
5.230512240010919
3.7262329463602355
-1.7807170280590414
2.979207791839951
8.148238200015644
-0.7403048053585959
4.743925989510595
6.358626093818642
11.525112415478468
0.8452928904796693
-0.20734095618021264
