6.413641979879728
7.638653753334721
-0.8168362774058195
2.397794651512273
10.448069294704833
7.463894761456888
2.931634257898943
-2.201296413093618
4.280562775778259
-4.8244886397725395
-4.41843132375427
8.493243354896883
12.277424495463183
3.000543657844685
-9.713366446377877
-0.25856104764750487
1.6591699299806582
8.058642739532992
3.376536049201991
1.7616637219539166
5.739341054222806
10.511285900736423
-2.5520827997601527
4.894919487326994
-1.3281222966734871
9.772637225630287
1.0659713970858187
12.671724575774503
1.8688387322849818
-1.90480433408296
5.341406820469931
10.236919024632297
0.06734077272501082
2.1937456816287018
10.570123938966546
4.854735196855312
4.0958535905562306
11.790548075332609
3.257746526593221
3.5472463034641404
7.40934773770965
9.770413212953402
0.32404924041380756
0.1656378485529979
7.522548785567631
4.031309301067234
2.7634321306781233
14.026705991053358
4.555624380751276
12.542220833633902
4.0638134888417685
1.6613683667733468
3.79495482343741
10.560371861321517
5.235185822242416
4.249149654738924
8.275873845329428
9.81081040505595
14.995441504333295
1.5908506628043888
4.316238633834359
13.299393803441044
5.857357079322918
5.0374532293859735
10.525873002897672
3.345232520940825
1.970973842198986
0.7891553193586591
4.647684757091895
4.79278894383188
8.998598494318887
0.299791790541696
14.05315734176952
0.6317831366647351
4.066717396275164
0.963309757959343
5.4172086340612555
4.521448376886464
6.701473474924095
8.848997911833123
5.491231550578429
8.668297194101713
4.469396774283663
2.539556586660085
4.669977229922042
-1.387558475521553
-4.143997437505497
15.845593006689942
13.529207446087828
-5.113313192283043
2.2938387692351916
7.267381234754753
3.2334919428976634
3.512217200835749
9.839978395362031
2.9704539463232003
2.3903165142258795
7.193308283351232
10.260315916942943
4.461401197147001
4.1046301369771525
7.53453933022474
10.139350466903263
1.6987069873816028
2.226201639372988
7.499115029497464
8.272441610072296
4.757051143574625
9.86023154698681
-0.4030087020426478
2.3183139064914915
1.381041346805561
-3.1799873019806117
15.284371689767374
8.406989195664963
6.345279322028148
-3.4105255980185962
10.347396984172914
1.3943909182239074
5.809298958415194
1.203653576189641
-2.7347529987229766
4.990805496559413
9.50598688210042
-0.2385862055454302
11.004686834384415
1.5512496001983664
9.814943882502241
4.563772796439129
2.81671978919332
-6.550201986329937
1.786450903542491
9.830076657914134
7.006057263940335
7.385093381314167
0.08980341397262981
3.67875881209238
9.512777162130142
0.7350868518307259
7.897938652335388
9.296127720652784
-2.3628257522224825
6.096550370431707
5.275344300875654
-0.030462531680520044
2.484972155121385
-2.559859986696819
-0.3813265844819469
3.966132612337379
4.871452330681681
8.644424454423003
3.4889169212334377
-5.720990501065675
9.258528100425622
2.3742565041628496
1.683298275908406
1.7420167703491156
1.8771359825766654
-4.264237783935229
9.238300534937794
4.695383141614124
2.726483185567838
0.5237941958012171
7.572341052572073
13.216221110113377
3.736906819290392
0.5891438529008557
9.538017025250372
5.602762328337178
14.641639033615036
-2.8304308823063646
7.391955740226711
0.20799361216670142
-4.811303033963224
4.071574920280533
5.231781217101289
3.74668382986132
12.429349757522292
7.896113189650854
3.592147454977525
0.7117196680088198
9.400654906931726
6.122020086248883
6.267904338064071
7.793587997984039
6.131836204035945
6.640088362160393
11.572498598547991
2.3735458257920925
8.27209585448514
-7.328102018648105
6.702336372229252
11.776892190192633
7.214719532758691
3.455975396820042
2.3465947406636976
2.6677110064311957
10.156532610575905
6.858035036186366
-4.4645642144986954
1.738644217544116
2.8781739313348993
7.673230069702131
4.248158600666938
9.652982206461328
4.604778422795812
-5.111050860049186
4.822429836377491
6.205882543328631
-2.9529299425029185
0.8383553172899418
9.297638942059084
0.2087139901409243
0.05456449167130817
9.07591568037395
2.830130295933958
11.36655644629075
7.902042927144596
8.134577137411483
0.3043906408004262
3.9706796302100145
4.719126864482718
5.122513199392019
5.8748040348648045
3.5632652445530013
16.86067550974367
13.958081377043252
3.830742032643735
8.591815995875223
-2.3345404904801503
-3.2045698696147475
3.9073847211272694
3.8010256164434963
-1.27258789374957
4.230216410019979
6.527518425412039
-1.1858664447615652
0.507134380128512
5.195339575797093
11.309100563908501
-1.6394073206042616
10.481561590562876
4.371855699465635
6.6171987463929405
-3.475688892945831
6.422682338945814
12.645400586628583
0.17068517664226368
0.13389152324292564
-0.48807519191520576
0.746430436171921
1.3403048629926033
8.497986927145561
5.181511465506591
9.551762189149454
3.03286883770796
6.790972106540478
-1.344668231981994
9.35800216103528
0.43232056271826114
7.688572370910338
1.70148589131609
12.890980493295707
6.9310643029144305
-1.490362302394857
1.5680809180544757
3.547701960113188
11.917705772749436
-2.9685940357004723
5.4898372518182
-0.8367514857965102
4.706865130277008
7.013929923112546
0.4342717427011955
9.204216177289997
0.5325761043492845
2.7944552261886795
1.9009038914825096
7.529989097294476
1.8582125036093258
4.377353785851752
3.7374229313235436
0.6383872105920592
8.114963519168167
12.684334250520134
3.380468364153292
9.732399961336869
7.85715995304775
7.213801595767737
10.573147615838675
6.693244547564428
0.2443754761650565
2.407738208855033
-1.5709226669011054
20.972654694217315
9.48329239269123
5.591237747559612
11.27970754971011
5.373227044967789
-1.067963192020013
10.488669100436269
11.425198213078527
8.095974913880227
6.582023469791278
4.200100462618398
16.885700945869665
6.4846473942983005
-4.130515862155214
8.973359291831333
1.1867542320390028
10.22219723712106
12.044308899054272
10.757417805927528
2.696814644276358
10.171320400379951
7.01368377870415
0.21315136479470675
5.363869795785562
7.199960820997137
5.085721816206453
-2.066366735550589
2.5817659150591568
-1.981769250263329
1.5771539602043898
-2.7480184485065005
13.49370800999156
13.019401065876819
8.15205051791293
4.756125015397567
0.3505083981804704
-1.3299982517924107
11.355622381486643
2.6279080161024964
5.217494372381435
12.162604004758172
11.946984005201116
4.4556841964533005
3.6995603171562372
9.081650784943156
-0.759820340827515
6.8062160255641135
5.2087732179747785
10.933768027008018
8.944315179181796
14.886070289451345
-1.7157611790951908
-6.2142464630303245
-2.9487900047304585
-0.8646777751044521
8.009592784355352
11.89130663525119
5.351654012595214
-0.007444466936966876
9.244888226735753
3.2386677388074587
-2.276147191373566
8.626008222520834
6.140937731953754
6.594126206358835
10.975262402184487
4.289613243434774
6.79825549227994
12.801610120244018
5.811301627378743
9.850081487053366
10.085662917812442
1.9447009902224428
-1.9786545193239276
2.099665418009394
2.089594278228465
10.39545009544025
6.146196839038141
-0.09923687711745188
5.549178662545038
7.044577379297653
-0.13377640230482069
-3.851628739043564
4.9951439785093115
3.288720632392083
6.083515726079552
6.552422530577026
4.925829633858606
-3.193316954141901
3.4767009362607175
-2.5712425880332717
3.095332193179038
-5.223811356835181
3.8094763119281074
4.177031008494895
-0.37645898231589126
1.3972019892267227
12.491718899751303
1.9897221283538755
7.061668587564009
10.879507576587322
0.8051859771541197
-1.5087158723252427
9.85917980726747
0.9469923558648237
6.29140332824243
2.2507136809322184
2.3027235158238977
8.63487944555942
3.989207744838132
10.190641856487677
6.575200245195344
-3.891582326188681
-4.3642062518736005
14.178980533847602
6.066232311398773
3.2519709792407054
-3.09291147213757
13.031940308976175
3.7124924790725915
9.726041301305697
-1.0510999900086029
2.199182205027707
-5.7319556093764685
-1.6397943404488506
8.351089560178458
5.126055678053815
9.26817425313168
4.9637590116943615
6.993795317344509
4.487080893555824
9.703346540367626
2.5570873237187164
8.979045011519641
3.182991639818819
9.10091986124283
10.166578348095056
6.6543713737419035
2.7550080715720004
2.433458213244564
4.487890963550333
3.8835806766173495
14.391150009025091
-0.17012619324977862
6.419855389072801
8.617910127045942
11.404467269369551
7.6855371159717025
5.381381057735776
15.045127170627325
7.199336312143794
2.8393828314781393
8.497359342555177
11.288171344096433
3.9224544478342813
3.3875799655739245
5.69333592607019
8.551072255331952
6.159744689084336
3.332744782429153
2.039240831922365
3.4707650306376436
10.450904695068044
5.443253891020644
10.414842864220159
6.109078049100094
-1.0332685333879663
6.723311356849262
0.06605664067446249
5.326077637369352
3.6402316734052897
2.3442789196117237
1.985470382390055
3.5609486756779916
5.092492208018161
8.441259598142944
2.054827549181693
-4.604714048246089
8.227873006051992
4.90323306448416
-8.60524681036683
4.063887600486027
4.984126966490157
9.934781262120257
7.626736626528122
-2.781903664723785
1.19663964467036
0.5106651109688629
6.88273237475838
1.1337883175292167
-5.92869037330243
8.708562488613792
1.0024602997627143
15.723743103860501
3.1736070255679922
5.247802651388272
5.950055642623159
1.3373766102391924
-2.528645830213411
4.292998340111578
6.120609702646147
-6.527653593509486
4.813228044472625
3.4612349969937775
0.18935664960537935
10.884195880221867
3.328379912626483
9.15712681341361
-6.452014665008155
2.923267558292311
4.57067433500836
4.135368262533731
-3.9720114034621243
-3.166044442562532
5.902143703004407
6.791746330233767
3.7667844407058726
2.5271380793686418
6.392837131941591
1.880399861464678
4.745942715655153
4.531453572291744
13.954225675459764
6.536768662727193
4.286285464637498
4.192836140978338
12.635649419717591
2.0627212618999238
4.3910714484680575
7.79170180061234
11.05614282430327
8.01535725657359
7.600231389306596
3.4769143944175487
6.0765339861606655
6.2894614645917954
3.6025788156034544
-0.5226063257602926
6.394819062189809
3.32855067247543
4.452622759829918
14.588762844507022
-0.6326570047944147
12.31856350298206
13.586782192997216
5.5201825891260325
9.964034232913635
5.618532470269522
6.8056953519333465
3.803951345941206
4.0082684368737675
7.033167738110628
13.646447422660353
3.854813127327728
4.251211743761067
8.637354624930232
5.499265372361581
3.4298872641849276
3.8771943202256285
8.065408331951522
-3.2766003040812866
5.405430096523071
14.613579591290225
9.874882680676196
-0.2423576081370049
13.002779944297249
4.71553126795289
7.167994920267116
17.67606990754493
10.424988968088694
-2.0041548179987307
15.541896733223583
10.047602408619401
9.198138607207525
1.2184836911615795
3.01389839518622
5.609893684082289
9.68675828879205
5.851950260678375
3.482333148744474
4.711940987923341
-1.4307330080144522
4.815947719598171
-0.1264222631135441
7.778442268188513
8.798284097007055
11.591113369600677
2.7342220674065567
2.914860649889976
7.820670698974947
6.998288679708288
12.518151478402281
4.355061804534368
12.726935477566936
5.310986891610227
4.9366043071156485
12.747032303416779
9.417083187238255
6.081236698710314
12.65786601241517
-0.18937034672432418
2.8301948762952946
3.698481698433639
-0.011015725453282776
11.926384935002343
3.719176603100779
2.271384390219713
6.115225970009105
0.5792672473028277
6.495423117038852
15.587511174427739
8.160140457996784
6.713990996898417
2.9955395364163264
2.085844486672613
7.914389786220733
8.987595022363044
10.711386828473518
5.627329797888479
9.492095182319837
2.070993238949272
7.043669654072963
-0.5815951072419487
14.824701117101876
1.094832758116702
9.057043548760856
7.282474401981022
-2.54323016236214
3.2033481172664318
7.362034412256607
-0.7515529574585589
-0.8144664152610837
3.9018627265557795
0.491725787796923
12.464383928080576
8.155596247486526
5.118305407641409
5.461202944223648
4.83252006295279
4.8693723767105555
-2.064037956460554
9.010203503638884
-0.5098697630661224
-5.239262386598737
3.9846967702926044
-9.570920855913743
8.883290793417462
1.7943746390812736
0.39450757469266406
4.899616468275493
14.583835490046843
5.543754730252023
8.448508034766014
8.509729509685807
-1.60856372209415
6.930433989059127
-2.485970730690081
-1.6766096192204434
4.432297099581063
5.602583148723847
-0.10967550270108717
13.247136796666693
10.848090576688923
12.049947667001174
-4.720566173814316
-0.8042552790537529
6.219549829787144
7.183667480769449
2.1632898279121338
8.952737756669212
4.97746510251565
7.2787134024887115
3.2094765836468606
4.729237695573477
0.7086643385079379
-1.5140875552013071
8.347284384993012
-4.077194226911562
-1.6125613349239014
-4.2921216980608
5.971675979673345
8.942231804424308
4.56582198371784
14.187773466152343
-0.3362714518791119
14.414749544427124
4.870160328708206
10.552761900578234
10.209043467229186
8.52317143643716
0.7472607175539245
10.260989464572534
3.0259222843889586
7.626042738835095
15.921274536597682
7.294620552488402
9.333037592458027
-2.8401188226078853
3.0146714410527795
0.24096588144348363
8.694100338405349
2.4510115873667484
11.607480592095104
2.3628680879547783
2.937717178503956
6.717565189732051
4.343044667653224
0.16470689667889005
6.267018671977626
5.817955335288829
8.65477547482164
-4.909816652557113
12.940483045074092
1.6626337269833975
3.764614707098073
3.5428295294597625
8.213484092425984
0.8796153818273722
8.153138703633966
7.249659417900151
9.846719500328994
7.949221967598057
8.047017394118052
8.235950072958339
2.550331548128179
5.551579150866735
0.5233252162080575
7.553842079215278
6.685792262037683
1.9784583149731687
4.402527406118118
3.1081884396370967
10.123114756448892
3.5901373392818208
5.001469957395398
1.104154557083882
4.608926464362222
5.661561383594895
-1.1017515021006856
14.252142734158337
15.049652265270815
-2.2221349337111835
2.1589229630835516
1.2124302618401637
5.4130352419917935
5.363011780486015
-5.60230092147561
0.27982533708182755
2.534311988433318
4.465078129290218
5.3152310361086395
4.754197969944045
-0.8709731974564141
0.3667357934519715
12.527164569526448
8.096544549196988
0.46295955047405446
7.626726197351877
6.7617925729202
1.4805927298316273
2.231584454098929
12.048341641053742
1.205819279859698
8.197510047080234
-0.4743543200367686
4.874779645947847
8.721253115978824
10.812957536044287
2.794823994040887
3.5931363115006842
2.153629999106224
8.410561387635434
10.943423782161737
9.999747210608922
7.653724909860253
11.015637681177276
-5.862874900185398
10.97586954510137
-0.9465329254421402
4.584396217029355
7.028883581960554
7.253851367672627
2.418073597786804
6.174138700330623
-2.127669140196234
12.49545006236703
3.388085419472441
0.3456234880936524
0.644436152644646
2.609324593479273
4.752812038625385
0.2419925299492256
3.7811004231208596
4.290628963702244
7.9413228653706
7.171824494938038
6.185239184505411
5.558947800973009
1.4702535086016768
4.978709716267998
8.356471574611767
6.208125494641378
8.92110846283811
0.9097235844514824
6.052134245827195
3.456174276826858
1.879181680226031
4.593688946405348
-4.101129039106787
0.3452515732650423
10.794621568532188
6.4744524447041005
0.021761929232685162
1.676487560068415
3.6821080297152413
4.8863643219899355
9.675827600115124
7.782666870850321
5.426632480397399
6.489268642989151
9.292455772012337
-1.103197345558927
-3.2121215861349075
-2.7765119171541786
0.292687688241811
3.9624791990211863
4.2331379244365515
9.36920073269674
9.925512021375578
5.304930452877734
2.0781767498624015
6.662891302674266
4.153866195639644
7.33464218224446
5.188757912114415
3.316338786773176
0.4726891214220701
-1.3720656975529462
6.262927972559418
2.874100187139623
1.158353264173103
0.9087791467350854
19.899127508017507
4.784640171583028
5.21498821272392
8.789766860438094
2.9661427848651383
1.9264050940110713
1.3401359795847836
14.783954249685195
6.214695037649937
0.6559813686077245
8.907689174706853
2.6168135919888518
10.155037339554957
-3.3134331064771017
7.7629949082584515
-0.17432636363998633
14.380440440878777
13.1877997294372
5.101314872360304
2.638769538444226
13.12915401349099
0.6631625738584397
7.179472466114072
7.0394050959391095
1.0206285793218512
3.687952073506479
3.189782005856119
4.427577173774468
5.452907362996877
-4.971413691616057
-0.11207699947267802
8.923802500920026
-0.9665937644085956
11.133950536182123
7.877522695132628
7.02188751735931
14.885222853571857
6.110418072634686
3.2747230726619496
4.434798894503958
8.950643108554644
10.033459542033661
-0.5396004029835906
10.369728812786349
7.421573539271846
7.678702598699114
2.233459357695404
3.3571702646847594
8.875391172030993
4.808904348945638
8.46736192832212
14.017333974026162
1.8242665652024583
7.412074786112394
-3.6423199883335426
8.76629636510906
2.0975032354439684
6.416305138750596
-1.2616043532349561
3.33547393092009
12.217656306782448
6.117578687435776
4.1707555879272675
10.255661070923285
7.309505315881093
-2.1293303176335634
8.786642414320166
7.902325359590797
10.259527635099566
5.550290815342601
6.480086120036291
3.582583279961765
13.671333365794037
4.868305991741649
1.37276948635792
8.658515790953368
8.26180897493606
-2.875527413891657
10.590681989970143
1.073164244045751
5.118840153225226
9.387516159079972
-1.8422874459827225
4.7823017445305425
10.444664388732344
11.945737329134726
3.502647917987348
9.958866539755348
8.411399122135492
8.400775703037947
11.244494609985916
6.41341846038105
9.446197294692755
9.132118039075804
9.843583301488136
-1.159046524045606
-2.0986108907397147
8.370156719895633
4.790627568054121
10.294040491291
2.263880092645709
6.653748586741291
9.765732491013297
5.0583991344435315
-4.5580438660430325
12.808073451102423
-0.09395774014355851
-0.05032149778497974
6.25639652459933
3.829171165257143
2.6950844333491393
-1.5711938255131912
-1.866033047243513
11.024043473715222
9.904894389037556
2.693610950134752
5.224838006139242
-0.5836525791551548
5.318235231940654
0.8952322171507756
4.757802487006086
3.7213943426420344
6.54716107970578
4.742557456275685
-1.2030568073106371
11.345560588444572
0.42350501629041215
9.268592489321534
-5.683818716141491
3.512836832033468
7.444519922904291
9.10367248685862
1.1979586011096335
3.6623288143065045
10.119564742025982
1.7589476195015572
7.9716439885506905
4.573063549382814
3.01830474492412
8.137139655618233
-1.3798671773098183
5.668897580679944
7.060790314187297
12.781401647350949
6.545501242625946
-2.539925749451614
3.787814391346559
10.171983862710597
11.280943134869101
4.480211489499298
8.37025307842907
10.704091779570954
5.4216894773123965
-8.387065246468477
3.3255198069138716
-0.619009230183539
9.221791840358716
4.6104715079555625
11.493168633843025
10.995864961058418
8.586455665917333
3.738187499384316
8.214708940529963
4.244218523192653
