6.937185103963396
8.86343112845784
9.462843555743236
12.979843777315196
8.333849331055728
10.313235107249163
4.234050231325338
-3.3200241175682983
5.517136264468418
12.623221336530118
3.4393173339025958
5.662930414572845
10.15904321831712
7.561811394438108
13.256904476584712
6.41104927736036
7.528639697038727
1.902624282939601
5.3919836314914065
6.4176533236328694
5.276100647289715
5.142431948549377
4.168213191828477
5.399325531869875
6.309430484937556
2.8138127037274105
-6.065978741918455
5.183671877279585
2.3304290088774144
0.5813277369320105
1.8048179168567557
1.4041859018109664
4.068503742056992
14.883399227384402
-5.189453756151623
0.4385500109315039
9.914557912284543
5.0608012149196435
10.584352223974037
10.577239709446339
5.602738286053404
3.2164634160399825
16.58589217270341
8.49826620961359
0.8579361040954057
8.883035485836857
5.46019178817044
9.437575002768451
5.206032642390766
20.38437783343513
3.978126805886572
15.07879999975471
11.99401149112316
3.591057560090723
-9.325773634420498
16.573124130736296
-5.196006648052631
14.640336742307662
10.038715906889156
14.164647679809327
3.9689476813337525
13.966612999553998
6.537693137828282
11.184534652239758
16.267779312558524
12.695490451175512
7.622505945067093
0.9396658555668802
9.187654789616246
8.39478184031292
6.002284705540495
12.995158975681598
4.961592058434558
11.671645746029078
1.8657709377432194
-1.1172978738412143
6.740220617990653
1.7323642705544566
4.746013013781783
4.834382096718171
12.187080861684422
2.393131594552695
12.776043096961317
1.4025807000849753
3.523957402106647
8.961263351788684
-0.3468574530525599
6.606883416481702
0.8449825231201853
2.5594097863533523
5.1740840614757335
11.529443128347662
11.773840619695122
3.001664772920322
-1.5131123259010204
12.408065920660253
9.940303183467547
5.629615626843287
1.1287139071002406
7.942839996530792
2.550385883036274
15.777284953550406
-1.6797993175797572
8.90785232123201
4.882406876381415
8.142582074594484
2.1440221858161346
-4.027395319061656
5.016229975611351
16.32434408873661
3.8647406722248183
4.020114210383274
-1.5339208987790158
6.874771940207694
3.5119683985776975
13.971582586300567
1.9490296909584996
6.879686731578749
1.9542047594305556
0.40076114430538645
8.97114117685576
9.0239881700347
4.997964995240118
1.6167596233479928
1.3618958855603243
6.173665179555257
7.985424665002905
6.401929330375413
6.800175081574294
2.5469842626881998
7.700876922170742
10.841351690582814
12.891283438496199
6.145487098141546
6.567439253494354
8.555017099045628
6.513486981767226
15.854098278253986
7.392475592150085
4.002950019902281
7.730295287270742
10.306175680677189
7.460288027574286
13.44951133605612
-3.857432948770427
14.815756518403052
-4.004188130006632
0.8313922276583279
1.578207430048134
3.705971960731492
-0.37282277699091626
0.7756227960020574
11.318139221022516
12.433031020091523
5.731926551734613
7.976810299096934
-2.3200973554295015
2.5249421210009957
7.300409855719965
-0.29463140637604024
10.213009971743196
-1.7793593620545822
9.983619360324187
-6.6995877885290795
-3.574023584836935
3.546783775502181
-1.9952309968552644
7.835881035222035
6.774417780029755
6.362318499722058
10.758602268518848
14.440875091154858
2.565001100269499
8.820720604905551
3.2049361381467065
12.7351118102886
4.802450447374323
-4.477088231247503
0.2542318413764191
10.856559839928956
9.012852770633689
9.881668790277036
7.571720049709617
8.587871754155307
1.8063901898972583
1.8748428688734746
-0.9065632727694055
5.476480111308072
3.574988278554027
6.083863721152568
0.1750418784944312
-1.1740754985625168
0.5998003370547318
6.0855177233390245
6.168206586577705
-4.369677580829498
11.36509944449806
4.422907221671285
4.922245624359114
5.751956136800167
1.98784335093523
-6.629802663973612
9.2253990811164
3.201246065928655
-1.483016491101754
5.83522157904459
4.293397651959923
5.006885782992235
0.6360582591238213
1.1988468675390491
11.030114196002355
16.361025478479874
6.197144872657339
7.588697672124051
7.248131658417665
16.475352488240965
5.004454436521224
15.897629555621638
7.760396216969216
9.447058634905058
9.670288828479421
11.064160330449326
10.917453084758801
9.455818868853616
0.9567494930119667
1.8083365462245249
10.964147142229617
7.206411572975469
1.1647001432659483
6.872519017690298
0.9227674805416619
9.823435537492227
9.146685661691855
5.423688686417598
1.072035198621455
11.169549624416833
4.960482490151589
5.012423003945546
-3.919650120160533
9.405732592176175
10.130000673622618
2.191791201110981
-1.2267673668400194
13.023032383086452
-1.834367555732011
-2.2432663718454044
7.714673771898016
3.458131948639156
-8.066624365779301
11.149175581509233
11.256425586492684
6.079664152378331
5.807523682911605
5.336013119356155
7.710955918315814
1.9808896378908738
8.594531654431687
5.278082783185493
1.447359915798784
4.08000819836336
-3.793193173700871
17.04131418919373
12.600931395318831
9.176173762010581
4.350933425377001
5.935497834175635
7.8921946091371655
6.204339353971005
2.29343256944273
1.0479792382042268
2.4139026438408
10.626140043467325
5.245556054412116
5.241748227714471
4.238325480987585
-1.28918671276816
0.7091982413097933
9.37190614460279
12.374664551527886
7.189216779442521
12.376464574086867
8.67370803330775
14.80066121181426
5.181606247878941
6.244357674975588
8.761160926017695
13.971409959493183
20.194382776882073
5.3672321899131585
11.177675330339223
3.31564711793049
11.26129573533331
1.1330388194328238
1.4041862993410819
-1.2297159667421766
1.583724562352761
13.493084474841769
8.27893830216577
7.41455360171994
7.324646910605891
7.429945229044092
16.721650274593024
8.38411401022092
8.4686064344178
8.978767092388914
5.9523007181406244
-5.484591784765607
5.157211492383167
-0.14645805648653631
9.154127911199607
8.246251835916189
4.450138068094314
6.9681813981154255
1.341562929245339
1.9265557072990225
-0.647241428984537
12.445769496827921
4.353784685702594
-6.264071917988016
-4.236632088776014
4.163939206457534
8.439502309836456
0.7166661922054889
-2.415781932894184
13.354087513736705
7.667078794645951
-2.380731260205108
20.46439078653801
9.518857675201595
9.906035661853164
-3.373229785698017
0.9152428614368118
14.06384964943666
6.9711735310675005
7.742397969614895
3.4650401174468652
7.31561847828139
1.655092466997135
8.673354228886078
11.533356678383125
10.080698041680748
4.213331435442569
0.8688622497339518
6.717059997994294
-3.3928274619967116
17.84254149030005
5.83616305412616
3.646773404770843
13.522318802333164
-0.7105091163540607
-0.4938189863824958
3.173765912066178
6.531607933035343
6.4216856106696945
4.041539514468679
7.629891655703282
6.514921987935646
-3.5653146260270585
1.047058203600316
5.373266895260004
6.364003758210975
24.07259665016612
9.555748762224631
-1.3463033080170028
3.180576311915465
7.135963557251732
12.552126624910048
7.041223375029381
2.8075191468357277
4.90808205660219
5.884226335296909
4.564249054384533
14.150646257889735
13.379678141481119
7.809698704596124
10.582171407597837
9.041825155444544
4.207873696188956
5.311592642015763
6.966654332970931
2.537739704453364
-0.5090211324554694
2.7606237743786224
8.154985793582682
5.740876639457732
-1.708222764930043
2.9047084470709414
13.915785600318333
17.862190656156844
11.64112359522209
9.789524199130119
10.6845746866802
12.042963045035462
3.852167974644754
7.420915176141838
6.906465686523244
2.2101260787783654
-2.431806480294041
11.426842649827233
11.36591858124562
8.586156464892948
6.90948361084574
0.3433832030039152
2.7741187688682523
10.27601099206511
-1.7498261379991265
6.310964611506594
9.824286013542153
7.7841265550880205
-5.797435780673258
10.646481010457002
7.667124216762223
6.426873301824501
-1.7112775746648774
12.342124784683303
5.67258443719652
6.608062933162726
11.02367175820904
8.244289468707912
12.582889535859639
-0.4590480515047419
4.526710690628041
17.832623982633237
4.008421220164207
15.92726057900074
2.8007080858362627
5.402547357637231
3.6836247837802505
16.509320322690822
10.285049038158405
8.686158990527634
3.8219169285985553
11.098860491916577
-2.163605130867941
7.276001112492717
0.24964597545776623
14.297255258674438
1.2886884731316428
7.159094702877038
4.472041452763673
17.07286251504126
6.055881358357792
-1.8299335545138913
11.711656673365338
5.624387885381046
1.2066491912196309
9.777060926994924
0.6366405419479984
2.3222497826611868
-3.630936666751781
10.172009321772489
0.8142629249519828
-7.662814799931979
4.5012107809707445
8.5447922150242
-4.721271938461635
-5.890608760928702
6.341744795011244
14.824835814115081
-3.931558921547051
4.28688600518621
1.7336624297920231
6.471574863712339
-1.1597052486982529
13.6678887345751
-1.2779704485417867
12.660454973239986
2.3763434103814842
7.39286737310848
-0.015275422113977477
5.257497290103384
12.061234525178847
9.663755936733704
-2.8816882651298243
3.278052178495178
5.069278569215201
7.4710061231881575
5.047124486503731
6.850041910562574
-0.7052730783270249
3.968371382682906
12.570641055890484
4.427091372845637
21.179983640720046
-1.8359234000750053
5.76825897863506
9.30492914456585
9.196941680615728
1.1048735511768708
3.0250942375495184
8.4527638947091
9.425538800800908
8.14616857723934
2.007145425671158
16.454316891689285
15.069157966143246
2.8818832701767185
5.381031731060102
5.774205746164119
5.094226944963649
5.340601197510614
7.294839571595888
17.417366981610073
8.906101491350547
1.2349964313271116
11.340705424445646
1.3346672733389022
14.84850226742673
12.285009298007854
5.561702639251057
-3.2892578448514698
11.758243237121043
7.231516537556771
2.04063285593008
6.361949940613883
7.697518673735012
-5.015566912886868
6.548278758759809
5.318663319868511
5.458060115953856
3.2388617761468717
6.378082247279407
13.917438430935533
7.116289154118438
6.333858784084692
-2.7156493666123644
13.88914447054374
6.4023819943975075
2.8590250954021013
9.781218322785296
12.983607255413727
13.429037007312974
14.097741784266285
9.863425544509415
7.980062006730082
-1.144930122475766
8.561499574709499
8.380658662547965
-6.236375129804189
6.693821270795052
-0.3749974797247626
-6.662960193619233
0.8778263494338647
3.1205306053142237
11.319546194219747
-1.8090643820481933
8.049223355843854
28.61706637973908
18.48412814138226
3.2765065906511395
1.4563648457394045
6.814358557003671
5.339585265517149
6.614838051408011
6.576558689544649
-2.1938622356633743
6.755321705766178
11.734406447410102
5.226980934210772
8.77973348192329
5.906510513144578
7.356986444026163
3.2481016120314945
1.0098273342881798
15.548459959518281
5.8140027535058385
8.335721588914359
0.6995180041021323
5.989840931522218
4.8790399409792915
7.859313535079924
6.407478372542605
8.77881804844615
-0.394739012797686
9.422743374825863
8.506114563374847
7.409307893792123
2.2216939344816438
8.13698437316897
-4.462739168010238
12.27453977162007
2.827631314558589
8.93334006383251
4.652435879783496
11.743661099199802
7.353071146570565
3.3665670935528698
7.8333513097954075
6.178734676752701
7.090083811725051
5.324442927777942
1.4448027030626518
2.7180555076020156
1.2332038277195352
9.92975380182806
9.916120283444624
5.719830629010166
-1.8204778814835842
13.087358564030952
7.315651264553177
10.283862262869654
10.325751137433532
6.060311027426654
0.7448725297149021
5.87469834206583
13.094605960691553
8.847979444238101
13.105535258273239
12.548764754567685
11.925500444799825
14.023479341210457
12.33794394261259
2.538256331853483
6.879154066068561
14.75460634228108
11.556100534432415
4.967484585259088
9.104721311330843
7.448564891059502
2.322404483529828
2.6255264505985862
6.215857759383036
12.46259935414174
9.98062546853381
4.723040623284081
7.819798055101974
-0.39225596867173884
3.7164733716500393
5.204958800876585
4.4163158808417275
3.130882659908433
9.708614271800558
10.589229921528002
4.775034899330307
11.460301820264338
2.1598195805021403
1.5214699194602277
9.096938078135496
2.7933841023413777
2.804127694506499
6.826272572540836
3.9661900708324245
12.355051443297175
-2.910955010894982
13.875273800600036
11.178225908761336
4.555704921798689
3.1010548517993777
3.0154644983018164
2.664388142334379
5.543050002331695
5.114202318877457
-1.2621949880668435
1.8513639997772549
3.7091442962444203
5.281233414866476
4.117848578680564
1.7376540082655092
10.060704417192223
5.404986301456841
12.140558835485368
2.760305880477567
8.742196501763123
8.838213131711292
5.872659012624528
9.161344857268741
3.0559804825447947
9.151761272326269
11.85700795439077
13.54873335130424
2.329608467549285
-1.147125986211572
3.8092267627245486
-3.764883742927525
9.05492953800507
6.266402740354664
12.641056565206988
3.244995339458302
12.800423553627239
9.434309157409677
6.331284914955254
8.5009313276158
4.938357244792031
2.664161805689779
9.167381582526104
10.643153356146573
4.015541938870038
3.7711978058905973
9.23305918849508
10.22846951623248
5.053658860822209
-3.29091385314495
6.4398821078644115
0.3226128671269528
1.25732558641994
5.263279787186273
8.509051766211934
2.167764976612484
-0.45619279461478435
-5.854332718690991
3.0638315130444793
5.560235974248432
10.28433909840219
12.454258422033092
3.043142638447469
16.422689871315054
10.646548868924736
10.502534764029384
13.876099775305345
-0.7627031133141635
2.410187174390154
0.4501852875156498
7.068424590376113
4.420577843784832
8.397632523031863
6.472261372864489
8.18017375524098
1.3748044909889892
12.918435536462079
9.529320755760278
12.618489488423508
-1.3473035697807978
7.464700846050316
3.8272712272126355
9.249212076335462
-2.2154980640085995
1.5337787345888643
9.042801702320839
-0.9252127172526512
7.678135533367673
4.664452082965559
17.274397398734457
2.5250537618679636
15.68890447689647
9.96792173151581
10.860098963527115
5.71195311891074
10.931318202740602
3.611590512546642
4.031800627716826
13.10596138556468
1.3757148430769792
4.439653743952268
1.1542664250920787
6.743151578382333
1.6047013259363405
0.6119460468731512
7.672602395764269
9.191471107588068
4.802108321296155
7.219992684562336
6.073725386128987
15.538785113324645
1.6465655998770483
1.1168772892317431
7.208514115593798
7.109411636473493
7.427977172862406
7.31841463991808
4.626195368181542
3.8740055414879118
7.857841640115417
3.122312857357165
17.693819141214803
10.52103078200114
-3.4578105725876007
1.00767833168557
-1.1597585572996305
4.25944250036958
1.3306690071825935
10.206045801075733
8.878478319309199
17.173746084629283
-0.839315413816756
-0.1310425406371447
-1.8576241480435476
2.8740800712891867
3.547015721365331
3.4871051437168785
5.4349564178361165
11.493331839357502
6.223046804013112
18.474776857605733
-1.5459272801880681
6.939153402342807
3.838517998025487
14.80505573743438
11.61945109329217
7.216149792023328
11.455480291362115
3.9077148102477883
5.280031351143458
6.895425758285767
6.68404344563382
3.9478082487928576
-1.3229998497074344
5.167303646217471
0.01623683277502419
9.041529286131404
12.853960520204676
2.390956918626607
11.121229164497008
2.3337957708368076
7.110486935134249
3.7300960389260647
5.520184676588054
8.81944567399647
2.993648475152403
3.494788307743199
16.534783690513507
7.581326560018833
5.080110836819258
8.457378124611408
1.0819846506304769
-1.4481452600309357
5.5254598013371625
9.806828722734256
7.086134813077775
7.452335346975851
-1.6276987564710517
7.575310199531499
0.17524367391014728
2.221933680488784
-5.3092569274564205
1.9288878134422545
-2.005474275519772
2.040114160517378
10.918511568054573
-0.7885984356640297
8.764267639846933
7.9060055806176734
3.1040734681882323
5.974552723473495
10.342242855933614
2.3037171806533725
1.1372179623991494
14.002893059827475
11.005516927286775
4.216175946680929
2.328357779098375
-4.253582423095418
3.372727267969247
3.3235131147462402
12.210666007472838
6.163609294303779
0.04941899875311151
-2.1405541677724997
9.800936021513804
7.396856074687526
7.004406514145413
-5.808416551241315
0.7235938940863909
7.852132683750758
6.019641755098048
5.140442637758139
6.548130623232282
8.448292330711368
5.806692866896326
3.63487292482483
7.516675858251252
-3.827591917412864
-4.37542705289578
5.84866423865009
6.447313776557882
5.415122307973762
10.022676479267096
10.123066557340891
6.235434546792309
-5.543347692215313
14.904254437392657
12.858165349540869
3.6219709456656934
-5.4980651215914556
-2.260492048712095
7.833742593500481
6.789646836236953
6.202443724487469
6.237185079809834
10.805328088128348
22.079336838084703
3.3181298509090724
15.71013199860513
1.5882745824334217
2.842059743467862
9.19896489031704
13.94290194506466
2.908035774348889
12.078733958780646
14.75192877587709
3.55630754779401
5.210940453164051
-0.1067225668367815
8.057298077166955
11.193197223944527
2.1119608061421453
-1.215518115255759
8.013245779494081
6.6373545103210505
10.33038587678702
1.3921463964856162
8.998548175516657
1.30084355180111
13.258360848568334
4.25853688837851
8.492401017169316
13.181351754414553
9.533766782747284
9.38713234620462
-2.1487465373518386
20.035497206869092
3.6522062279695
0.02255621415953879
-0.8770881008453069
7.655473852567414
6.964404671699073
-9.153247577687443
11.439459672041576
9.368765570014535
-2.355256062828106
7.251999493308461
22.772362798783732
-2.2071794129336464
2.5153423383341815
3.3193511095328296
19.266075483345553
0.03437966709030871
15.13499599014472
6.305134026457733
16.198808914118985
10.948495047225116
11.826452701896736
0.9604874010956719
9.095957112154078
8.971457000609071
-0.28534890132814983
1.2013827573551676
12.874855868119232
2.09166178719795
9.471248456775418
-2.0647221036443284
7.8113162026789045
6.616505526974205
4.5168649406799695
2.9186897498551683
11.324023493421109
14.07100326178445
0.2163099663962056
4.901195930254441
5.421976999648627
5.631685869606858
6.585389349109412
5.075085709964748
5.4674325693599
6.3916825817142
10.729019223034925
2.8614963340940207
8.70273993399669
16.316713451846105
6.199067787503692
18.273026452686516
0.24088075233258266
9.155411839453535
14.75760213377863
12.086145614492775
9.902939316275804
3.9874121966472695
8.149772527200177
9.130407305709756
3.998457598615394
-1.009709861462463
12.817204677857836
17.25953396724058
7.426799053299033
15.677793653416686
10.106508888470833
6.618584251869345
11.340377964291187
4.608604813663411
0.7088043046001591
4.531595030265413
-0.7349988788010426
11.769807156709216
6.682976131946024
13.017906339613875
2.196987544319105
6.936820284755793
11.706063715666062
6.996174516870965
9.786835167787851
8.71795366878556
7.277547721835338
12.103218574195402
5.45924223229699
-6.615926664020245
15.516101992177752
1.0913807723194688
19.821898308886848
6.092766899864648
7.094507638894145
3.783353336847166
