5.750806735853419
1.9869144511261982
3.761710856114392
2.5688130210510187
12.581703722902784
7.254177361804769
6.621708203969935
8.21059464404175
2.1658587808944163
-0.6038854477709918
-4.94725030974352
13.778081800025815
2.1554772778374036
6.998924244549471
3.620464300732064
1.9461193589944843
6.052032862864172
-0.27681150189931714
18.069713181643067
-5.9945401423567155
8.500933000446317
13.096872272378878
13.465645345028461
5.861896182581085
10.274742309763797
9.112903718092948
6.594934767497573
9.619524716926302
19.557605290946533
5.019889098533416
5.636143669844485
20.862327993099136
4.9741650343600945
-7.231732990609952
7.679139958713292
-2.3619550307427826
5.12665452800014
0.6056766155508262
9.576083539220374
7.774746392666792
9.6700703543671
1.37810862125768
4.271300811551324
1.0320742570570465
1.3587893268398172
-5.117929512586372
13.202500682061821
6.600325548715429
-0.2294365338149431
14.82128124659707
8.313217758907326
7.406367449371006
2.2546157701116125
13.042690938426468
6.084612833827645
-1.2139604278107603
8.900579101998185
13.662124669277109
5.9023482863561965
6.361848660664903
3.9105959121345193
10.694573276028724
4.37621473647193
10.029623808847667
4.444431247311212
4.637710568851202
-0.7099593266943964
15.961425558882409
-1.4866919257209465
8.582506885453157
8.064560859072301
8.1642742121059
-7.997559678156046
11.480182646861264
16.436464885320255
8.017404939841157
8.931613945222661
5.260416491332504
16.611191530524934
3.5609724918799537
6.967267383655823
-11.789621563558853
12.661429427469074
10.703830798856728
8.926357142584624
13.311115635902826
5.672378552026657
13.824917858117512
12.645535541583744
1.3538843066026853
5.916376557986569
11.680140265402734
2.2531734719913463
8.217483412245041
2.101128822493454
-0.9746545224715479
0.30218703210590014
-0.3497147605193742
5.5239170408321225
3.2580802737980865
1.2863428269819739
0.2775687127225126
3.5854814268065542
3.7147528436703503
9.314916811271218
8.26524663397021
10.945412815393407
0.9188499143301971
-0.25023674810721364
5.747829263312644
2.36767067169259
-2.0605266721140225
16.26866152727331
9.607117345461177
3.507205889963451
-8.637634180397418
1.4192141674228838
14.410770303121874
5.189640546358357
7.649368867336524
3.6771980887885913
11.548033462138337
7.50548091344892
-5.804642123967501
-0.39569891935868373
7.100422494458623
1.6003978052929773
-2.450894391061004
16.87524003120925
11.473888674157276
5.1864697218654445
11.538024974171996
5.34675763489712
1.1292729612043946
3.037045897258257
2.5360739606180935
15.928219280187289
-3.7490790127042057
13.567085922310856
-1.6523287441276722
6.649353218999745
10.694421644098004
7.340605879284597
1.7096903669314223
9.741955282185382
6.126698940136526
2.2687025820372475
9.66772903510181
11.575404433757758
4.633818792943849
1.8345034952149302
13.567556070508864
13.437250620838771
8.078422100530243
15.14657939098771
8.160080821135134
5.320420484714413
12.854297500962936
12.229408271563727
8.16632202967251
-1.6820702147385056
-0.7846136289817327
17.47965407615307
3.0445495730167424
9.739915558491553
-1.9462487959928971
3.7514412824039414
10.66873086982919
2.929187946774218
2.51589755772661
3.5395609315207683
-5.0970050421543185
4.631865213045337
7.010261234192134
1.5909915699252508
5.243392574754008
9.651918361607024
8.807948909670568
3.9252831349187027
11.70664879278079
-0.882022167637273
1.6952671790840972
1.479698986180992
3.3530770821655005
-7.266588983862885
4.523938224461308
12.479845843424112
1.434907114304596
6.551949649590789
-0.48929966460453933
15.379088503860192
2.1762051531044415
6.727804120677624
9.574820973534317
-1.0644508006348072
6.5371261798746705
5.560973814224423
8.359422750701723
-5.213151045606832
10.456983110161094
20.513787834393153
4.1044085080239725
-2.6356353785711466
10.330105364520929
4.338969248501001
1.9107492906902657
7.720664153919072
6.33065060640221
11.120162515511456
14.407794389886096
7.924332403232257
14.629045853549545
13.264074325439605
23.418604444995026
-11.723121030702089
12.150249155775537
0.8155803098401071
13.195276257174173
5.875724265722186
6.50229529566245
3.9954559379751284
1.5284166105671764
0.3139690362231571
-5.4979590952045765
3.5178898354514008
19.78566885397155
3.82604877028589
1.0445487983954855
-8.242274606416451
14.217752256894308
4.526876607258778
9.38282827508889
6.2596796200814095
-3.1027220885341382
-0.060724082955665004
9.789632192725147
3.7316521001052294
2.8941895195334006
9.110478780127345
2.40230460211822
-4.851207716213841
15.414698643110997
5.473587820160481
-0.17866710886351012
4.919030680991151
13.970902063002924
4.716091607146336
7.7570871646695725
17.212887827828176
11.998325325576225
3.9588584363691193
2.2235174553976074
3.43133331807518
12.959892985372612
0.6974756244964562
22.304899657888406
23.22238401459468
4.804894169225963
-0.49798066450917133
3.0922443799372012
5.5192918131698585
13.710820514496485
12.134256558989772
15.100312345363806
3.9136252501094684
8.416198325495861
3.470565398411682
-10.720356936175854
2.02336091371052
8.410516072410134
8.070051375666505
-3.349268989042331
11.636899770601454
15.264067132954501
-3.425515670177546
7.969229902103426
-2.2041770903443823
-2.1211938010418
6.613887234619293
3.5377665192365826
8.296342569827216
13.71197978218608
5.754380362854098
4.9537871112717635
1.4670999212828226
10.518841507858069
9.248454268839403
13.44904864505638
5.59957752884581
3.5468241071965916
-1.1767526846228114
7.145277364310174
17.344791154706655
1.3754183165132599
-0.019373545931784086
4.842093965843338
9.707944006230331
9.64204046479088
8.858403078866774
10.401051008955195
11.722464392135091
3.982225459732295
16.67213352650976
5.528079519353508
10.18596381793962
10.493384844393661
10.464619290248294
8.974685151803225
-5.798813373271699
1.045492176698855
7.078712081908281
-7.064727935307552
6.16494121998503
15.387878864666249
1.9274692604183938
7.952935801253597
-0.38327745439455363
-0.4690178155758389
1.3178239745515041
8.611366347711282
14.008027767759257
1.9299603705018704
14.261845495104588
12.806649037469565
17.577429903254043
0.9530179846064843
-5.748443855279637
3.7846925493475703
18.518766609135426
6.228271922075042
1.1197141392787078
7.00766266096354
-1.7759037249678498
1.5958409729300627
11.649131525726656
8.164869759346537
4.207956298113776
9.104661481530858
9.913454093688093
9.41958722728094
5.882121781588355
-0.7414293634862457
0.25734965718108516
9.280808371152137
6.905219860306229
4.274094155126208
2.570102611423938
2.715216222989393
5.6037074527487905
-2.456237904016893
-0.4741608964273576
22.828290509416945
8.974372598756885
11.676435941742604
7.330913449776175
2.7057476119288526
-2.936550689920537
5.086817562699522
3.188394649569367
14.03878240802413
6.724148297703563
10.026080115253992
3.372469946932508
9.10888389852516
9.35578663738929
8.267932381688823
18.907412024995846
7.470721639338771
10.0223324034232
4.889253166951118
10.134894124416778
-3.1037838483689946
10.827267815118535
2.7713599248565832
1.725883119302062
-3.620827195489303
13.847666569748233
-0.2615520751877014
2.820798923295483
5.113336602005663
12.069859709220042
2.896704144383365
0.5166332739455504
1.830522790875361
8.106944210121338
-2.878350173285929
7.179474973581432
3.5221403101141875
6.609300782097065
11.935771765741556
2.60684237112656
-3.2543326700818547
4.016234016406673
2.986085200615903
3.0318845860736245
3.687892755110219
14.572813669978006
3.18697072327405
3.4642283267552134
4.534093156007797
2.9260486544049025
5.672967613131616
0.535914741369095
9.563248980148671
3.347140252814813
-3.96267738039799
-0.6472440463610996
14.346383899102253
16.449574200840473
7.522200931653417
9.63458801418005
14.767565891414893
1.9207586291151495
3.4957081398975207
8.188114527958902
2.013256294567353
3.3252765734616765
-4.650510440858513
-2.466849065188592
9.504343759922778
1.8627876698980623
6.55861212021521
22.977796656026726
-4.8437634733900286
-1.0644901855507571
3.7664287661781337
1.7560582592421916
4.193497070342657
12.032544739846227
12.860450095589233
4.189626041730014
5.799210629107927
-0.3013751904327693
4.031375273791849
7.217848678201537
-4.357932089241688
-1.255258336046574
1.6823707454764163
3.7999922259464265
8.386064857121125
7.175762947809604
9.605774783250148
1.5103408077324145
7.883815936551768
1.6267760369927622
5.503305153849004
13.522635221085304
7.02464063977993
10.0752952105927
14.35474244007434
16.306425551519226
-8.893875197701272
15.632654787367473
9.6306688959062
-0.21865472767380023
7.360530842530984
6.59895406065738
10.898809859193031
9.727146460804551
21.576187973611866
-2.0808397338790883
0.45216678726867876
8.801212490173906
-2.0420648254011233
6.409251263993731
4.406620801589499
3.8909759189818764
11.556244958729783
15.238197826892817
7.145496746555636
12.269639923933816
1.9169728000193906
7.6847836715262945
13.119625633143835
9.442408603269255
3.525255097657366
9.771919970822806
-4.5255551903177995
-2.6707622797014086
-2.545412976084849
3.5138721498122916
16.509153448033324
8.294058533046037
4.2680626950732945
7.004546795860417
1.3238584305232521
5.585860804450455
8.069811239997444
8.91350689939069
14.566352544050021
0.8607234245988025
6.753827706335084
4.6703839127389575
4.870381857932824
-0.860862537187236
8.329804941640575
3.0835827162090776
13.673222092914216
6.210526084987587
9.625595127928193
5.32497093350639
21.39606395313846
14.21529165727814
9.827196900597436
4.471444519111466
10.736131838368998
7.1238596398710525
20.645539147314775
5.049502035646517
4.647454640840651
15.140334566780119
5.613944765503983
3.3100466524452217
10.878546349531488
5.8422250907283875
7.64710713368253
-0.3379154245540983
9.464099907624188
6.002642131716189
6.133613753530382
0.5956754634128218
5.602428736852244
4.319312061489217
8.414621578524988
3.3979099293250483
12.084618658842414
5.465622267333793
7.833961920691627
-2.424365270172455
5.9898086471825485
-0.6882631380563851
8.147135012981579
8.607225887826571
-1.2839787130891551
9.591749434527788
8.49234514959027
3.8656713288601403
-2.7054310773600907
4.64376183378864
8.48796206141606
2.4166686696102766
-5.495783082252343
-0.7424210545378473
-1.161974196452709
7.8940260564423355
7.676287696657119
6.048295690652658
4.736166787970569
10.685566871846412
-4.1025657481060325
5.364066867136084
5.146530074136516
6.402430371935735
-10.766971949436186
-0.9389463969569016
-2.6719039991223426
4.1332134709153
13.185872033977176
5.8333438738104935
0.731295317451341
15.167279935770742
11.792103296685497
5.703394875498764
12.350127115347963
16.291370446066868
3.1399174198871638
9.845860725206462
18.972958009939525
9.485271922482717
9.220380574894508
9.175081523142799
-0.1488833780834371
0.9403850430117844
2.7817117380846543
5.735696305177774
1.5096676194404974
13.949444267310447
-2.609894141174335
7.825148507476859
10.778781293016781
12.593611689817024
2.0765634565998194
5.389249268316953
9.93530307724246
3.172694770906965
-0.6288846001824986
7.043803106939853
13.713318262588801
2.82938781033654
-1.235511553272965
10.845466501981896
6.998575151249012
19.531264184059168
2.0472878792494464
5.805914097744873
12.784123510077473
-1.1123983578305694
-3.8690814941014278
-3.927230717615835
12.586673163583196
9.521567352603975
7.221795735741077
2.2177295364650877
-7.34220367374402
11.052977291217875
1.7172352635156738
10.923326594411662
0.8898567328419924
3.0959040496316
2.664130577981776
10.863373670830516
3.2805901298940543
11.093427563091403
3.3959565742621196
-0.11587005412884643
9.141799760804133
9.928333740646439
6.65955324534579
23.793430253453625
2.600414851397977
3.9633626524822767
20.845169818201825
0.21823234475994546
9.694970741210923
6.426635696626347
4.817894724385456
4.896639115952084
8.347665043464787
14.477164198111371
1.8489320532359796
5.563073230493447
9.447993191921887
7.967188582518175
5.633055213389614
11.234735665847253
10.824014923413335
9.844379953392329
0.5263868562498999
9.247346083779389
2.839720835157563
6.7101623580140135
10.132113404217774
8.668147540661803
10.410280949066898
-0.6234946721131447
8.594165641189083
9.60350317142411
13.44676390921405
4.5824776069654645
1.505036158007579
-2.844943822320225
-0.2205747574693815
5.834453828530292
-5.9858089899059195
4.639345357309965
8.136281835340455
10.708507783032001
4.220554146091772
1.699739287524391
10.637567598692211
1.1188195102967224
16.97087866092776
3.8204539040076755
4.128850169025583
6.727889321167286
4.388609252454507
4.066735733042287
5.30244967789966
14.187984792944826
0.4905396344582931
7.54424977554549
11.480710884504612
4.714220853308033
4.932017465997778
8.333806705562381
7.192070019164266
0.7493298975124763
7.39646975724499
5.1832520704528235
0.3232618856610934
15.67519438131762
9.771559391475966
8.320913878909014
2.609201910874009
24.04864341956152
3.2160861078983976
1.7524894387144627
0.8395435811313989
-0.49271357114456205
-1.698291131592529
6.326212224021492
-2.1869509896694215
6.020658520304233
6.494541964716364
8.997955330560984
5.26331502025056
6.15110841417299
-4.996486270286153
11.403387555008997
0.7615019864224974
-5.344633266390984
13.863937499875025
3.8319859947088144
14.400195886917787
5.138618213558807
11.662023381700408
4.09587475006583
2.660327783113236
11.074814034918528
5.330563456029622
12.413633551493813
-1.7777101907219341
5.187750056602298
1.836127087777598
10.868117962360143
-1.198364381717826
1.6700552912508009
2.446786445430611
-1.674686658187782
1.26195093678498
13.197625929166229
10.009231304087558
-0.35114114479972436
2.474394043031187
5.774166302613975
12.154087039459599
7.918268022568397
9.852574272314882
3.7984807202236186
3.5084005502146365
3.902778121711738
6.2784853582942715
10.006542415778814
-0.1660021195852135
10.960698455573056
14.454414756874687
12.407834058339947
6.905972192203386
5.336758517762734
6.713089939029116
1.6087565618296846
5.795288380718507
11.021143783871352
5.911482844670042
7.137414045487305
1.1007290901629103
5.902963875764663
4.243366575310095
10.595899416020385
14.17866612981752
0.7650672355853736
6.131285366845938
0.6172841302300016
14.72793562838455
12.550039020229727
9.373049971827683
4.98826137847298
4.80816844476612
4.685008334049455
13.096115363784346
11.772517275395495
4.468617215841805
6.007505039424829
6.86619137490055
5.46228990866247
8.772563962628904
-1.5910244385581693
0.6210566525421957
2.1166433933233484
1.2420678854997238
3.5938016527223486
9.58731250617751
10.217179352943145
7.397242099536158
15.191093887141518
17.83910946519418
1.3279561291116222
6.672102902044883
2.528345889435697
5.539041123699987
3.3975561439389104
11.687027644659993
1.6833221772251123
1.5737006303263765
7.186558797658652
5.080614168380078
5.0540650534080855
15.770786172583941
-5.429351224633956
8.048139609064403
-1.1252945494620024
0.8467023301079681
2.6124415570261093
6.287546582286503
15.348031027150999
15.253492771141886
10.108245737870671
9.24598153446949
5.601056683195804
11.909808460278253
0.07290277751298913
4.357650584966859
7.67884720261974
-0.13294959855556332
6.234207449354349
9.287328988904122
14.339131409336753
2.4795075657891643
9.41624068268421
8.684068450387041
-1.1428125795534108
14.903994894116734
7.8795099033739975
8.98026279179193
2.4074147887769772
1.1275243636315402
10.696562817834717
0.5811751830133378
12.345086233105427
1.7422101912623384
9.344099552043097
0.7331119444895347
19.164981339801507
6.076823734553886
0.11678960151959927
9.896076049054964
4.873185992577961
7.770014302092145
4.528424348722776
-5.86843444933179
9.365494625448484
6.119767630883022
5.153771358293326
2.1940017220922807
3.2288599559943765
3.0802437807770966
9.175202255158478
5.197383407031485
-2.0982058439216296
4.231416859847245
2.549093243683185
8.23219690879056
10.061670110333488
-2.7504108402852765
10.60762116531241
1.6453590174302244
17.06573275699185
8.934150716570695
7.439452503534703
15.254543792846805
5.130043652682209
9.52118907943078
-0.7902496771874565
-4.996202324173641
4.004777679266922
14.40021626904926
2.7560962417425925
11.481075867684746
9.278003173949998
4.251135648262576
5.417422215847088
4.580239632137895
-8.473596538742974
5.451747958468541
-6.79228691087353
3.8292343563169196
16.31628173513654
11.858406504838515
17.780328363785674
-0.09858481965097532
5.833397626330923
10.671005031440808
2.7031361242084704
11.955844724909237
9.207196827917311
3.904208765583886
9.440712391459874
-2.185963338419386
9.25228115123291
10.918337131469027
13.08011239148551
3.5760475591537273
10.471871692759658
13.170821397700704
1.5953935024763632
16.005113643593983
8.577413281580698
19.89440273091878
-2.914575776997067
7.4385429447686775
1.950052536670139
9.210025611230702
-1.1612063687951508
5.673534685506189
10.726551845464853
12.787723319551485
8.381239832718734
5.145436694328684
12.715294710091516
8.346968482624238
1.851483466515928
-4.141985308748117
-0.3362163625188046
10.61952307887752
7.380656375714274
14.51098501041116
14.54721533181648
-0.03355776947444156
13.779872496121225
14.319778846482032
0.3406518511002954
9.652812371935735
6.117627653443631
0.5232703054973689
1.249098867803574
8.237833445661433
6.670990212863086
8.4812094691534
-4.057462294844013
12.18631860967959
1.9551194949506066
0.5596616893684843
8.27279710749504
11.757093206900578
7.038895979727153
13.553796992330813
9.084740861242103
7.936761213565191
6.6616855094621625
3.1596355742174964
4.139489141167547
8.885356229312688
13.283390993888819
9.409450022260874
-1.4116205261225216
6.108580926573007
0.5901994166662483
4.866506208349617
2.830794628839896
11.51888251927099
-4.985584098434602
1.2662817606209948
4.442903021979845
-7.64201862922838
11.136788948666698
0.8718393344846325
12.724571800284203
5.922139665746756
8.194992664804586
6.920327878484317
7.991955531843734
9.07632368748261
5.865835448016257
5.507897235589287
9.236169562623147
11.397362435890141
-2.325237156328834
7.730902449036209
16.507999360054985
2.146837510512595
5.644311251707566
12.85629128958827
12.785545117078868
17.64780572665766
9.300172541773835
5.906015925722316
6.679298247165804
4.4113223259300245
7.7159135856454775
8.247009231894268
10.422996771111112
6.895485746688116
5.721601450737708
-0.06360002993125136
4.934113917788308
-0.6456110816943577
6.461335073063694
0.23901159704686314
1.4236910652054462
6.01628161976422
-0.5488673485492903
8.06732103048572
3.9102462630701056
12.41684705854612
-0.16058667732268628
4.738002302695297
5.761998112615584
3.122009979893002
8.393040551126477
9.708412737630512
4.219878963933109
7.843961432769249
5.282550829881841
5.440266966970791
4.758283316091175
3.1644477058178953
-2.4193645505182886
2.125487809212829
6.880400981117659
4.649560758526185
