15.799682414743483
5.677590178354943
10.448191538909395
9.868442977868272
2.970574066521219
6.283401122055994
2.879000472682121
12.7175311043206
7.307249184414236
6.154543901711183
1.2053908604639147
4.312133561789846
6.639015028801651
4.832549717652773
8.55799004728511
7.504885451013593
4.448433092052609
10.545528290562428
12.365745729361775
11.409466286891757
5.205069768477613
9.538730167695826
12.56349510349772
12.289740364950987
6.63949686377701
14.597536077301434
18.322849447760134
7.2284303949758115
3.297585230798752
3.7896082359228314
6.42717548053047
1.521253031029845
11.47006699467396
6.69290667567676
3.970778557196401
8.400742116015522
10.730670730969184
6.0500169341808565
3.634540136460539
10.786517551024932
-5.337500240137064
-2.09744909339112
2.221262369835582
5.1054454823145985
20.7127147654312
11.550106777417724
13.880028261893921
10.313374560295287
2.5685202088739336
9.345350120522523
3.1902856166438918
-7.733410611955634
14.380595313964063
5.359691829000933
12.192933491426853
-4.240347362340936
3.5203351001259837
-7.602005702993912
4.39911728853851
13.62173314524171
7.29458973885061
7.652290523818295
6.527832104503247
10.841779419359803
4.266097704658423
4.394427051130764
-5.161057799997126
3.0727492288587817
8.446575249763374
2.0160766137295107
10.788796367616593
3.058732140319175
9.06258520009056
3.1558697297066747
7.156349161874688
11.837501675152161
29.005579217797877
5.5678014991638065
5.7556704803798935
9.631285929310593
2.9415110299337064
15.616585472015645
8.109040925774659
8.012622958237834
3.543419916158116
14.10906290658414
10.372214058847169
7.044778493557033
15.958034450568949
3.330329307520914
0.058619236834129396
7.370137284096618
4.263674103485019
8.268883514268254
2.0233752250707755
5.144720088876378
-5.045482763321731
1.7203668582918743
2.6192895824745066
6.724945035515767
0.28427475654571666
1.198908415306148
11.125182249977577
6.911286265472257
12.986038299478732
5.312976577826795
-1.7452152258930909
7.305582781082633
19.739853141371878
-0.6107300303750955
16.513180493690953
12.053829634501021
5.202504840769417
10.601930413227823
10.337714455692812
5.7763823224895665
3.791627700842174
13.961406405744002
3.2142751907872085
3.398843819067073
-13.090596850055029
1.9667673993679209
12.175889414793913
6.672707898518071
5.98800557512826
11.269874992735794
12.767188388354324
-1.1825055998350358
2.8776125454415715
8.719706006104406
1.9510775828941158
11.674794139467945
3.944687087856991
8.075829903305015
10.502397375444241
2.9162529917496847
11.528066935928049
15.045986281159138
4.2750507724843825
6.644791331707573
1.8409203968099837
8.251718374013242
0.5738838253345602
19.683359003859053
-4.23558202440115
8.492179936162918
3.506449218926406
-2.83112645256087
3.5303349749820674
15.903906871187985
1.860908692844541
10.733707092734988
16.586098681430094
20.136605938848525
5.040388275029206
5.5075913580950395
5.465057894109523
4.44003000014144
-0.14386709365826267
6.863435784965521
11.390338229581273
9.500692330860776
17.419956694091866
3.58810290780496
10.573879766366158
1.153447347534211
-2.7733939415078144
1.7171744010294354
-0.24727301012138625
-4.675800239669549
1.0959113126941826
4.588575827655834
8.775134747007131
18.684023203447346
11.420873721594901
7.385110870730259
7.185636983156016
18.431997573727482
9.198075159866622
0.7143164746274513
5.142142624910545
15.182957623585713
4.138626427016873
12.04260303197139
2.0778459360303474
7.225745640557692
2.681772086193973
0.14119441294866508
5.289793629220583
1.2436380597470542
2.416578167969435
8.601715254148068
18.681810420337918
-3.1357652014252775
1.2873822281893466
2.7562310471762874
12.466384967808226
6.210630695407963
1.0884770879412198
-5.565546937645125
4.997028722831031
5.737328442218278
9.521997844171192
3.2944498551763064
-1.9262122317934667
9.334929428809872
16.567043310305408
12.03317027332881
6.558290908348258
5.017903344214719
11.401867095525972
4.163745162824363
3.82078505932277
14.10005753722505
9.398926775491313
4.028232662473454
0.7377834779316856
7.802225091387698
11.539085878716602
8.977940730496075
8.256012594300065
1.6342854359017913
0.8752025790184419
6.393718427500756
15.217182534072787
-5.6318516162314936
7.323606631998858
9.426357218735358
-0.41355308977361727
7.147622078589777
-4.738705101987016
2.9402363162865117
-3.0512567942550124
5.0337965122592525
2.26084756420435
-1.9959939375690112
17.566399966416967
-1.7653121354654102
11.349831283376275
8.346381074286796
7.580711807981466
17.47471239570766
11.858227433952088
3.223549349541631
0.9688794904521121
9.462943132082197
12.72681315404393
10.867302460494127
7.537764728644346
2.010396825373934
-2.092324983868691
5.5573728073056605
12.802787702841078
15.499415059859734
-0.32450842087528553
7.9105017789833925
16.53304041999867
10.019765838783563
2.7038165060839785
5.142030472656661
0.8596339931681349
8.874955063456563
4.504156875454326
3.3171837535760385
7.252875665133734
5.319155714615459
7.455621469152682
9.792530306491589
10.44414575103249
10.168380678778227
5.839673324263241
12.428976920625693
12.898933701448495
16.914620642458985
1.5908449482426956
7.99908994141879
7.837021133127307
-0.3257464599381299
13.325370800339002
5.067298704887152
-0.9603881029476362
-4.352549166006456
-2.811557552435982
8.896103950276677
-4.802690307351355
-1.2326575902392838
10.403682663828667
7.657502082918157
3.1069645926886857
11.359632706767432
5.4631065182482175
1.0323888436870243
18.931510901034798
0.5372184421123265
3.294137820829283
7.713904401229983
6.897143757404711
5.563468567353014
6.056921618256058
17.723265773829326
13.104694593613306
5.85460040148254
-5.279725458915635
3.7793162708973673
-1.2140602330100574
2.972628525900103
0.7052451361162131
5.826213347762638
1.9711888857188473
3.4624569766764624
17.18277818730641
-0.08205286467113027
-1.9173533932243432
0.23452587790529567
1.5149311418281117
9.441258945091288
0.6391230585541834
-0.501355187926352
1.4577777975194275
10.046201032446687
2.059977271046063
1.336685468336146
10.417930376272647
3.3238703429503915
8.518350994856593
-3.774676401108241
2.0163924109986207
-8.577240712622686
9.047978240086932
-3.077372484063849
10.949948757749114
4.850805700889863
5.67718729917941
14.435961975344803
11.235191924498057
4.567797611274439
6.671916418711066
2.1975944822117945
-1.3776521618712376
7.668278763801514
10.289331735643714
2.6560713566581247
8.579591308800833
14.698105792806496
6.689942990351736
1.4651286987627925
9.061590948830485
-2.9076721074100256
10.694639483521879
2.1112575323694105
-1.330254246783559
-11.728782562066485
0.7293094036806362
2.8928034291499922
9.271489524771308
11.838166933566043
14.246077156312229
5.826065468343541
16.126548824014932
10.390814672221342
0.5343903374912449
3.343521140702407
-0.49778987380809614
7.794637101670411
14.074629719131831
6.42011965543105
10.153137654639274
11.821454280083547
11.442562780016036
8.164708267091008
7.445181837436185
-5.5830653951341205
0.04515983316242966
-1.496115421049308
12.996276143716745
3.9171597979104003
10.015543212150625
-0.22680562966375195
8.75261251395636
1.9503453308992214
2.1999194733373573
8.64404157040021
-0.46349992713333865
6.702037307692665
3.2800898049607494
15.024664336310488
9.042534068856186
-3.2600196875450784
4.821262328671633
20.39099304382447
5.016209572680326
4.516059615098202
16.955347637900196
5.402685801225882
8.625369539196772
7.987197614395205
6.868257975438575
6.925446689284267
5.939354317224568
10.875708678274531
6.641763488518698
13.952815429234546
6.101460133396635
-0.626215624899757
0.504350523621234
-4.643356744761828
3.9580993439822767
15.620692148512878
7.695719401671237
1.9837237044811422
8.358140185231473
7.76867185952468
10.351621570893268
17.940684470662525
2.6465779662034103
3.2349701918511813
-4.577012521606999
7.024629263823397
9.6577393062423
9.051185686896037
5.79300613638618
6.868633860902634
8.277312242154148
12.005244015849389
3.9577228760084235
11.10827804069323
5.893254958409506
9.927882597626525
1.5668145688310169
5.314467976930322
16.134335704448667
5.107587748779951
18.660699978451124
21.130145559272272
-5.312111784031769
13.067117329666932
14.43776541932987
14.993664797442454
11.316286948821151
-1.023608682006258
6.293231771102587
7.032128237707334
-1.3713135506118466
4.25391711399892
8.875397495838133
14.237588986284736
4.6647429336210235
8.220808422976397
1.8243412489734645
7.291189393219095
10.69318366731158
28.929459986307123
-8.677963138185838
7.996504836089458
14.574566174909888
12.129440945965204
-4.476417530239811
9.337211743960852
11.219308915090764
-3.048999926722777
8.886649932197095
4.298250583308929
4.729650593035531
3.025551739322157
9.497015924154839
0.7796313467193468
4.4662977776835255
8.943330719603535
12.582859349320724
9.823431931422148
1.5380844328363725
9.972128614848886
5.92535210554468
-4.05548379389062
14.761846710261898
9.507065479469649
5.99990309183796
-4.093378463349914
10.377452611540075
10.823889958229053
-3.789006125181972
2.6748901905481772
1.4006584479535151
9.35003911366882
6.978336027435726
8.946372951943593
8.400894581237011
6.257219374578312
7.869689585356996
-2.7963600186224102
-3.2510824322436864
6.028092088609893
3.781026751759477
5.510098797107374
4.3045778775259835
17.002930219032066
-6.367030873830453
11.366782703242205
-0.9671736039874332
3.0174179916634567
8.262867910970543
4.099609877062559
-1.1892337853169312
-4.382635078426693
13.376985491709636
7.212249631314428
8.688721351133687
-3.3977102788763958
5.741001039367078
3.9589782374360314
-3.3729613674158827
11.05296539765246
4.8560467600158805
5.05764536552101
9.186475258180392
15.326051176927773
17.135131189432613
8.920195808478013
2.594669336710614
11.311626232673177
6.571138157066402
4.082677460997919
5.722690163552694
4.675408463349583
3.3857082612412492
11.920181153720549
8.718267411301534
17.110200901931883
7.398377431415518
5.592036102806192
0.8027662037952306
8.371189079626822
-0.5381873162013537
3.522191715970576
17.84602650145312
4.675587619034463
9.395775694733176
6.755459435210848
14.458109740015669
0.6081569080056752
5.044635531028375
4.155371690535548
4.624197946394265
1.779974151237428
0.2365115765402992
-2.0363789556986873
13.968240393368754
5.883128844694827
12.395018664413103
10.775861887693901
0.6381437267433476
9.242797094775552
4.339551574568525
13.574520728599257
14.469153999567178
7.223810450521105
6.452141626812833
11.894318461625229
3.490493368381242
3.9360433149856284
3.2298471014276835
7.255531355236151
2.9848775848650417
2.483835349105011
5.490504664874329
6.507324220085568
9.987871579746514
2.548544006863651
5.5746457061358745
4.713220169886145
-0.801882404288011
3.1183706153805453
6.887056109179924
10.449738414147156
-0.8017165630218397
5.643626498396507
7.79897145592268
4.6626675380801395
8.398171056995698
10.959875174245987
-0.932887191453533
7.52397220232672
-2.1477212538954245
2.5628837146924286
12.211242846967238
11.681033757351607
7.901314601049617
-0.4675122524427682
17.970745999738334
6.396353658469921
15.433088442320056
-1.9731022007241954
5.212434348402118
6.480163794276182
2.6231484129228346
19.447727445584626
1.8575488491707741
10.014852083414528
5.1814060251730325
11.5665319140966
3.5029095765503695
4.853590917690679
0.6052303520075855
3.0120632292397693
2.8188279920540302
-1.3610947372686812
3.7481798790944376
-3.948388550221866
9.331280106322104
-7.060726971814841
10.244281871234296
0.37614720738537333
15.55327682568878
-1.4456843028693855
5.072907136792727
15.913435526786474
8.462783743656273
5.492884253685524
4.029112605866337
4.720917628867716
-1.5731345675119757
3.0953880804824037
9.980924595411258
18.26321752935911
12.72491202151086
4.159205185174752
4.3676294933044595
4.872434427990743
5.777851569764753
17.427606941611593
10.89473368128911
8.002730465113277
5.829070978895522
-0.8155147358502637
1.4492034182618596
10.976861446882545
12.696168229651771
-1.7286526655224037
-1.118467357260422
13.97162851533159
11.977958715268292
13.44899766944092
14.676579270223144
7.3470469871598665
1.7454853625824045
12.142355933603453
13.044938960886697
-2.4709312660721743
21.401087615752882
4.437501272605647
2.369642588853201
-1.3590857164735635
-0.9813491515556656
5.749084462195261
13.320728252047363
3.054663186139323
14.981221330796693
3.6795172519221677
6.4724190249312565
10.662416890137905
1.168411306426381
5.955313553695286
3.821362053725855
21.640443107620122
6.659488972716802
12.322987497169077
10.332408846649503
17.518637433254703
11.081610995419403
3.58408824270658
-0.8575345924865418
0.4231522027935446
0.070950464902368
2.4170392289466633
10.095649214345979
15.895464644481658
1.6164970527434166
3.961743001738821
-9.47514824249405
0.370260708208102
8.871744092449742
1.1733035672181789
7.162717838228402
12.394404709991225
14.917378620794997
3.356656334503718
-0.5980163548205653
5.477903375171493
12.000338364321568
5.643594210800911
3.601961042399892
-5.7663471833121385
6.512429618578438
14.679140128889431
6.327930680521736
13.646110103563526
6.126542278803139
11.683591671113252
16.251960643576023
7.213906716835619
1.2156102320672622
0.5419464227244415
16.67671352385193
6.489271946754064
8.376244129016538
3.797005853902612
-1.112334454078674
20.333831430165098
2.621700159074305
10.401038581581142
9.640520201380841
9.354746315422874
6.344248144623588
14.766347418175
4.470399649049787
-4.276184038039464
8.605036427638312
9.56170002110716
8.829219975510934
12.42458706503555
11.592508679815138
15.344245930620199
2.257575920943941
2.083110200420694
10.144750290434132
0.9176459568272826
8.532374754214818
4.0746576618987405
10.825998175617542
1.9481423156000535
8.966688443569938
2.1658716223073444
5.1657559954861165
10.463890449173821
-3.0867545278413306
12.854607315982609
7.582638949041783
4.3834103860915254
5.049697599526058
-0.5867341848494441
9.150051364355747
0.25604480244713823
1.8065749742429267
-2.3737722892140916
17.56474284474092
10.5636868339277
-1.170285277317622
5.098177213318103
9.867473570239449
0.5247210857182631
8.50601966415571
-5.3110470293523075
21.579319186976747
4.1909543445960225
11.23555665679344
6.870844983922863
2.556953686716559
1.7990895384319776
8.729151417633233
8.795933874683758
4.185288406533131
10.776410763158687
-6.509839378965276
20.18345355366654
6.4391081879786665
8.149381947212873
11.808232122401762
5.764559803071957
6.237279291764539
0.405958405836472
-5.311695251960952
8.771189739014838
-0.5535060358704156
-0.66699419844762
12.549763986990483
2.084076445889975
3.6611770930968532
4.063338448785473
-0.8949831626114007
2.3597591394478674
4.7595600121880555
-7.62507768067848
-0.9570078002629527
17.54284656885373
12.060877210883412
7.97716261007471
1.6712616572728534
13.347757382676697
7.016643624914985
-0.9520049275474118
-4.764824705945708
3.262577345254045
12.912680276202742
14.495662362631409
6.830279037914254
14.945344188621425
1.6854151149982828
5.644010600352876
12.539429035785323
11.003149263338916
0.540196733898723
9.375631593876719
5.984169669536149
8.594694051637715
7.903353333590313
3.3930163524842025
1.8591946515295383
-6.282711111969885
-6.236205801039105
2.3855219120338904
0.07211227898814432
10.020598709632523
12.879612103254669
9.403910830930062
11.560521411406498
5.468774306017606
2.167713790419984
4.725863392133923
-1.0699105456649596
9.8421135719126
13.31023463027235
-6.369283956159986
6.4967062437789425
7.684865205793249
-5.385346884077659
5.265229374807439
-2.998763568337173
15.170539396344358
15.146915448442007
6.457432628986764
-3.0150391750323386
4.282627248293119
9.499193958611272
18.02492261622198
1.2015881567252231
7.240645459742933
10.491800800660561
-4.408215351346726
2.900435140656045
3.207970946006142
-3.8360031154338117
8.045857798396018
6.927939936932626
11.464671213026673
11.221644957930042
16.93602430434983
11.775468501062416
10.377073338414457
-1.3014090511950904
4.201657442216019
7.041252630289512
4.892089119560951
7.659644095210197
2.863027041407493
1.1695110365123798
11.583640883048776
7.1520462681004044
-0.49764130594148437
16.020899525220045
6.036741624773712
5.684908238950242
1.6815989439006183
7.6878875229164985
3.6257578140289
2.6878736415086384
4.8129508467112
8.296332182893652
11.967800701159064
10.223899605658154
-1.8525951128064229
5.409740382040162
7.3744348890622735
1.3984643697308936
12.849392394711693
-2.7058076083506837
7.199771157533338
0.8579789909908397
15.125205747615164
18.39575140480084
8.037331828110732
4.975658182648695
0.5166689669211095
2.9047621998881263
8.44542496323571
7.984412215239705
1.4099726251557243
10.733022986857167
5.120726565738172
2.2085988358532385
5.238801370696864
-7.271014851800823
10.829929372825678
13.093038852135908
13.143538923213342
8.695295308744615
4.572564029474632
7.235181769941439
-3.2171617464056297
14.246265278444806
3.750224050357356
8.308837852218874
15.44872636861508
9.967940526395886
11.28582269998723
7.910000637203054
5.658972601184441
3.1252168184204843
6.546201148717964
9.934833415310246
-4.158783258890628
4.316727088610893
6.422066477983486
8.647261517161477
13.968684785522303
6.096759473912083
3.232017869209701
7.818507050891305
9.048488756019378
15.78840661498739
9.981392207621674
8.189426549906791
-0.3959145782470266
-0.5669751606300473
4.333733938769453
6.944867367789615
8.997440429816262
11.590070022754233
4.718417918025308
15.31826247863756
4.4159366755978215
-6.494744476463225
-1.9843367461343675
1.7104690246336327
8.724498250521794
14.055084933617616
12.432842030158984
4.56629797027921
11.955262576912471
3.619374535696631
14.646859480686258
7.275051384480145
5.978040347466777
0.7487187718059953
-6.810980749085431
6.006345232034975
7.46151702880945
-1.5999569356546832
12.487264509128703
4.154750803579404
6.175972688335929
6.5169190684651905
-7.309629532443692
7.158478374797487
8.095678548728987
13.532363060159721
-5.52056522994795
2.7223345415518505
2.3513379455783303
11.87188904742974
1.0435553757679905
16.509695133487657
0.2819096821933105
3.6411141393491313
2.514172750086777
9.565865136290054
10.895031376313547
4.863818928025457
12.808749371180088
6.2756201702097805
8.286153576881446
1.8372946582130414
3.0398615774007216
7.353958957874372
8.642460901734385
9.815780836801194
-2.228149687478995
9.161914229201749
4.4676122072377575
3.785154532004429
-2.876781301917884
6.745017560066719
-1.303004004569348
9.693520698096638
6.354187985759809
11.36221239806531
5.596483246203006
7.645686116951538
14.007941395942325
7.545184223925373
0.267854047048389
1.273874207867876
4.045719324147452
0.9305791324407151
4.131220553449841
0.7316150680423803
16.88889849419732
15.946267561896779
3.7473046314141856
6.293817416502622
6.758837960835698
