-0.975328648303428
-1.9891482111799492
6.326997325021706
3.5781081499086107
9.768485678925927
-0.5507446965054008
2.338304202546359
8.522259654169233
0.1719580392782616
1.1701515693682056
10.04923106896178
4.0384176422860865
12.325931661870536
12.576010872565577
-0.9705197499341853
3.148269567508639
7.879289784957566
3.5121610614563856
3.947712906740622
13.494375953791561
-3.2750711069797127
1.6366111122592284
3.2015868225896074
10.980308817812052
4.476053969563732
3.9476074961042658
8.783646176361714
2.256995749973692
1.2043798370626355
3.629302653256665
4.536486012760719
10.667753751416067
9.4516082369887
2.548569112753483
1.9723740207127167
-0.673358068300197
-2.550947087440707
1.8098424963776711
15.171896639896046
-5.97999733931397
4.061846712442292
4.12406511838247
9.414641535650981
0.8694964605268627
8.910622103343309
9.905090827557652
3.2065575009441494
0.7353758156943027
22.090515789917486
5.906588262560763
4.589829199401077
3.727476798754722
2.941137863614869
10.152592045741002
4.784769177181561
8.916826923979478
-3.8221211854898716
10.589779190787787
5.05323609109273
-3.5960892457634985
3.341499319827212
5.5331261909423475
3.043334411767826
2.107702522840662
13.617561343742684
6.899737307384662
4.18175391765926
2.6312276138064954
10.529042098249962
12.834956463747622
-2.998931352398359
-4.785343685410865
4.745151559407454
0.3311893922127229
0.6079954678055053
3.884573046380744
10.566983164655307
7.353488220167087
9.809324675950869
8.276765364663833
-0.5178523114652491
5.424048451865839
9.267106816950909
8.208689935461079
-5.751892412365697
7.26887408548069
-4.005254384863324
-1.0467801805205532
1.3363515381596136
3.3692376190397444
7.737603770866904
-2.343025020135368
6.347908021061894
1.6530515175464287
5.705834383151794
1.4359476532916293
11.091847958087945
7.596845192578942
7.5617185762112715
0.7800618051067172
1.0622308854543543
2.632148313595204
1.3883829554265517
13.157012719131778
4.9063498772789504
10.504349422520454
7.020820769108454
0.2891387826642209
3.1161978890777724
-0.12575492963035728
2.1789299655092105
9.786300180939271
13.38214412243979
-4.105561101191757
1.494423186583803
0.8973631303576282
-0.8774424311644946
9.827941257538889
9.054655446258373
8.5836191680432
3.698874947498235
-0.19715981893216838
11.155177628541887
2.3946658249353625
11.280454041888495
15.814917589735533
2.066817279208706
-3.8092585345974186
5.482826024080357
6.720412667660135
-2.383905044765177
11.959418403708895
5.207939807936582
4.157342335298926
-0.7976199094670946
0.2695662278478994
5.528656337970644
7.804323862833134
13.545419476055013
-4.18700296561703
7.549529286901652
8.017075911677129
18.452858222311747
14.937594715036122
5.675961054801771
10.393253411102965
4.212467831573944
-3.1555853736259802
3.9218456591868893
5.795421380939725
-3.235177793319032
6.429538592603246
12.325263660118388
6.193618479004305
-0.910608783561079
3.902227549852138
7.748699209869372
-2.9440017451766636
3.2412432474277457
11.885046881872332
3.976020809812841
5.069619035491782
2.909123456369283
10.749170378962074
3.9925233690212725
11.409400360882316
1.9056018589940042
13.847963295210626
3.9434761111013357
6.12122389603013
-1.8163780598450696
11.36529734884638
-0.20246254242197326
-3.443244025772213
2.2882057269408165
1.5959328944325897
8.612790444954179
5.697036697536681
4.319300374476346
6.464911866044391
-1.3664081626097637
5.0964247666804
11.818663214720365
-2.4253216207214052
8.585502854183158
7.713575923538746
4.825728146994889
-4.244785230361279
6.043656491964738
-4.575071532281152
1.687058667412782
7.496047836210602
14.378959120415187
5.955240513857247
3.043124534355376
5.830455021541884
4.6849112003616575
3.3151932838007228
6.384652266055847
-11.982258149252143
7.481072089291816
5.200831193176558
-4.115273521019146
4.017866172567462
8.924668112138612
4.085746636042018
14.646125674752108
9.432534692185502
0.033503345889291936
2.3912233148054947
10.186297099761209
7.288397650801927
1.7821256942046992
9.98823256370017
7.9890078324771405
4.170367728573952
16.54171773845647
3.186839885133428
-3.573932544327956
11.779510568229298
11.599217614493977
5.368765890869728
5.388012970720087
6.545894927705794
8.802118117024014
13.148781735926756
12.8553238333573
10.239812893621629
2.759325189322995
4.466957238262476
10.575394959781406
2.4534354230317135
1.5079203144790716
12.821964781324773
-0.6302947711312141
3.109901033132616
10.850842936668982
3.700903155260237
7.579930614045267
4.025201777463793
3.0769747592240724
2.056007043465699
9.15932229072135
1.2772988066558204
3.655722806366482
-0.9756892900964642
5.607986592332729
14.618576762397518
5.893758021112523
8.0955827191712
5.499816576503816
2.9739292716245136
12.200856293698736
3.8226317425630074
6.454952404914515
11.285416241172994
0.2562569249911757
4.6545620152207805
7.8723591237482795
5.181423185019261
10.475524907661285
1.5477115797277001
-2.3908445056392074
12.439916702291324
0.9253968592951489
5.006047275552898
8.396466990092524
5.0810991343321135
-1.7933922199665009
0.10752654929261896
6.273325215697922
9.773204068767704
4.3523083708085615
8.03648010965734
11.070713798943519
2.2668872701145757
2.987333844012402
9.050047121204043
16.027171925703406
1.8359095729814001
9.504388372651064
13.925982375851577
16.155612179158858
-5.497659269073278
-1.9430229740405158
10.718175829583636
-4.379306678855025
8.870266823755601
2.320530668603453
6.129333858895501
4.536559819512204
1.9117936541071132
14.829282873922926
3.4752058125155347
16.893403892407946
12.462148133527215
-0.6594508555693728
1.0217506713927498
5.795457230692317
3.1931482481352815
5.24332107509359
-0.9920024615014196
3.973894848327217
-0.20540764075333673
-0.5042907321907482
3.580719012509192
8.28891910045547
14.860979252769566
4.868358587179815
1.2535254249753343
-2.431650540213635
-6.254108066379141
8.411390665832332
2.167990830515283
1.4125139787950731
3.990511185418834
-0.09421581684741565
3.333878068984925
-0.39970467166869295
1.9369593090265536
2.471561851755481
8.670517053682465
9.76534448757991
-1.0865372789277883
5.719138060549966
2.0612323734435662
1.1924807993819435
1.611496447656891
3.642114194084324
-3.599639986579909
10.046254151359957
0.16635230028978443
6.312500924196772
5.937680033720147
2.8225347818871414
-0.7093341823838006
-1.622492707814768
-2.1177002987413376
-5.476086694903065
4.34469853873861
4.023796283122699
6.536100864991658
5.805252068167537
0.047335134753313746
10.094322135443058
-4.699449276462767
-1.5576019491003787
20.36054538622668
13.382630956268292
6.840799904954712
7.38737105763344
7.279411758289074
1.4287523552138364
3.777828189340843
10.235161781315963
4.691848566222093
3.0054848106792647
8.849962928242991
10.071279143883174
2.39943041808915
4.1323332807078055
5.469090366628901
13.675208085342526
5.5839332593041755
8.80602368525882
-8.217220143398256
-0.26057713217225986
5.335095379615524
-0.48082296626829457
7.1834813977140195
12.093964875317747
7.346038480249602
1.871735228544427
14.321722525204812
4.769486768428125
2.69250724531127
8.61622399872604
2.9660692080550977
10.391143866556568
-2.7819204646504803
0.5703021771492978
5.926978395958931
11.894117970329273
12.164999543666669
-4.161296196350465
16.42371662833299
-1.2470065005031996
3.784949977481291
9.163147315602101
7.6735935232048895
2.2399842272928656
11.391457506509315
8.227436342733052
4.697367776744554
1.87565957064739
4.886052151033564
13.147360558041331
12.565009250500001
4.282310370210355
1.6624540143034992
11.260227851870866
2.242054283369396
-0.5049440877119418
7.7087577067873365
7.147952585208229
9.758905789986411
1.7306022300418293
11.561271088345638
4.5912886264977475
-2.3800695728607213
0.36721047999939227
-1.4026884904224293
8.39841634883073
2.351162883225376
4.77220279214868
6.09952717677441
4.522463234610632
3.473295143315521
13.346547343614624
1.490794414315845
2.869726978145321
3.6236652578426867
14.398593520177151
1.6922653232949045
9.128087139063636
0.9708265580779107
2.2904062218864722
8.620360828603335
8.718747613809768
13.259915612371593
9.626697801870119
5.513356803016516
0.10388728074328846
7.1821134047612185
6.055282878795186
6.112962074786262
-11.255334521088802
5.682519410772134
7.317797520847309
9.576512839562279
14.227902474683441
13.554987409253808
3.4003391021553484
7.73491956851041
3.93289230239393
-6.657243255114981
0.24774117427562992
1.1564941367930492
5.850796739885902
-2.670668572176907
5.085681344682696
6.382458611319753
9.511217240027694
7.562015220306403
3.4401276355966868
9.632845297426552
4.931220377629046
5.379450658475031
0.14172450334611142
9.23758657922652
1.2105973302315727
7.326733816796288
15.055438379171568
3.004422980588254
7.173266074430245
5.837336120657339
6.354027447859975
0.31346503312467355
10.38470386644029
2.9530663550185445
-1.4468344680817813
-1.2102858803789394
10.566069859956926
1.3694593953254512
5.981067385119604
-0.19316771875549232
11.59014020783912
3.3439098185863037
7.333395804204938
4.7422657717767605
13.410244108348937
9.741267559227081
8.637165793963726
10.421695281061773
15.220082563113566
13.563459291813226
-2.251516971746568
10.692069675000962
5.10858902790657
-1.7716757919017772
1.317214193517282
4.468345466806413
4.103369757549663
6.646314246374091
8.322838901435846
5.424991051632901
13.648350707595927
4.53822347703261
3.517112019442835
10.03215603332568
9.945159160793537
7.507971107121583
1.3898473469879495
0.7656002684718715
1.0398384424295664
11.75105059056266
10.155723454631344
5.61240342584329
10.034281713151511
4.267877403446764
11.786867903741161
-0.09877482664780768
2.7671680466112396
2.6384510727582993
3.5450306230113178
7.255925318634761
-2.4910740590673637
0.2817329620979594
-5.913065501458486
5.741048746909378
3.994730925543946
2.768315288096016
13.63009681229711
4.601359556784964
1.508658529070944
1.5741861178244791
10.51468499790171
9.99887705267469
11.510727660616507
-0.8830585472388135
3.5817253110529257
2.41389011003828
11.586041977648227
3.628422096707374
2.2010698879223973
5.890813088917303
3.3087578425760595
4.041272383410995
6.921506756144487
-2.183622609058519
15.610316505506898
1.1926307038303623
-0.286473786251106
7.004250981951877
10.323223476599196
4.140775612411151
3.5425079012078213
4.274914830691214
-6.1697158383116975
14.103397832029719
0.8637847597167352
-1.7780962837283907
-0.5181818002354399
2.7781260264591996
2.9538586671966316
-3.0153760956820337
1.5668024856360194
7.451417445654901
-5.729393763371242
14.464665039663966
2.999241215111037
-6.259642795115935
2.998894902058402
4.854276829112278
1.6358347833322628
1.2173040880378716
0.6329327720932154
14.565384845463292
-2.928247659300558
2.442405853673101
-0.05118576990910895
5.779935702402304
-3.5109130689498356
5.302666246931213
4.699575853208402
9.742186962726851
5.505080443047477
6.8520627633023174
11.845302639915696
-1.5550064010223963
4.910347561837689
3.282745358068182
3.4457226588208822
11.022428214610656
3.918023302749279
1.8517733683835296
10.413733802741966
-2.800924493031122
-0.8677033795690319
5.039733487472762
15.136097025089637
10.990844949162112
8.436391811889436
1.6961970570733378
11.264111904834209
16.207925861609077
5.0724229865735975
-3.902692723697811
0.6813786058838929
3.0254272870158667
-1.201490336102009
0.15566385513506287
-1.5332356961409328
9.570096624129814
1.974384110682773
4.946366808159693
3.082970839814704
-0.16354747073517384
14.392993794001034
11.361355200012273
-3.8224784029189784
6.769718983969215
5.176308863374988
-0.5926897133231877
4.308672772164458
4.500797486510298
6.103595414217457
1.7382896251534206
7.361411965146024
-1.7191872825258265
-4.512358530185521
5.017395451857228
10.207401988481767
15.314585626927098
6.735295069037752
1.9216775787194194
5.960111338568622
0.9441684786388951
0.5454601107226855
0.2942841638012994
16.20552609776925
-1.417146654612143
4.458705556341101
11.656237848059178
0.18569109471553702
10.150885234013696
2.571709648973898
4.948352281970466
-0.09245919712585371
3.0376572038655247
0.9184512538196996
8.688925676509903
5.020322064239375
3.34375314606674
-0.19607139495931492
2.1500767283097124
1.4618706981565914
10.02589225526237
8.612197604055318
-5.340303520666019
4.596541383438272
4.724447458981721
10.055832493263475
10.147965096445642
3.0801367735979532
5.887847766158243
7.678513952990977
6.704197154523094
-1.5578836180955973
5.8441162007722545
-3.1818163113311595
8.13588583456575
7.19166340619007
3.8575095640705004
0.6503417580011615
3.4364679785769514
-9.168068095119013
1.3006457357437538
5.446083128079125
9.649804854185668
5.134275001673203
-8.15366598297737
-1.628403451065683
13.838202524805606
-6.4240047701175875
15.613079040605962
7.4045811724617785
12.683151805562964
-0.977692936452585
7.463338868802971
-0.8550674425825484
-3.8140624445835645
13.239445094335181
16.686892240732313
2.955021635442255
10.162220160208538
4.256237370211019
10.174891068232107
9.964807605936787
13.48188648278437
-0.7043710648336434
2.634565441377067
-6.350047428569868
0.32000207995301855
5.666367666126159
9.093035702258756
-1.6101903982010617
11.773868237513474
9.586042786108504
-0.7918675996385716
2.664132696925148
3.7744890371169766
5.524810237236839
11.462219874787294
9.807536152345861
4.518992295919228
4.636933127290343
-8.545584319478461
10.986464181875643
2.691502385700751
6.8504783126206945
2.066646834435757
5.3064883938013505
6.658589200487864
6.978390193169048
12.103775557853648
3.9674383387245427
2.269829970227065
0.3096877648336669
-8.582458802291603
6.469543637855623
16.834537139661983
-0.37506128021253193
14.743971076219857
7.003454294935758
0.5086590159503706
-0.7576621604617326
8.623893962062418
5.473001030955164
0.5202675153278795
2.771428769079942
3.7666016030328997
5.458360894676916
13.437701982200633
-1.0655272047521667
-0.36907252825671755
8.04463497844556
-0.7881875155409293
8.936128602413827
-0.038415297947772764
-2.9052119007263775
1.3545598182831475
5.98737483713594
2.3765089767523384
7.663483074090836
15.959791408235514
0.49139782419580147
8.879761130760995
8.344244404310546
10.991687099364734
3.396258087809917
8.596011613485746
8.475216322689349
4.555164576268479
-1.3855828104581738
7.171632988918175
1.4562126817020742
-2.2857195940470296
6.5031128866702925
3.369101790023228
6.14791628118983
-0.5842271893410471
5.74560808772999
3.1292172945545143
1.9253081710646462
3.9757850248123425
2.3765816698234987
6.065988797221001
2.0271797291586235
-2.1972933936115115
0.967775672554473
-3.0938623473045554
6.202254148827855
6.988123991101484
14.410208030326224
10.303302412996912
5.517094305485072
-0.6721280899674085
5.0725884720076255
13.910173039600334
-6.742877261003596
5.755245554046839
9.54834863088923
1.899072948648707
5.639729040051654
8.366814007788843
12.363361286474053
0.2518829754622822
1.5767107463074472
12.120226788933467
-1.2436790699924885
9.530605710806421
11.563208316314606
-3.2545157600363597
2.4200474206990816
3.167878937254919
6.518326765980557
6.873966891432627
5.269739246366696
5.523207972991635
8.631323415269364
12.417999294223506
3.9722173757091097
12.103237833571441
1.265857274987631
12.563622879639363
5.669783259520091
-2.3461666866634463
2.8843772589630596
9.38621995533779
2.4433986015784264
6.146216350933451
0.48583175661192435
7.395903045168238
1.751727539642662
3.6220302491533127
6.26179620431925
3.068782426140797
8.014069372140524
-1.0773449781348905
7.222117866231672
1.5314446043868026
1.8622585738493918
7.779054463347229
1.2332701744350532
-0.26979363533713663
10.487032648361911
4.083486809868676
6.975993265132482
7.5615503409025555
3.308280506868645
6.193590103387877
3.8497572974637873
10.841609946900377
13.215053344561408
8.649856781124424
11.254451055804596
8.986337429924026
12.013182000879727
1.565292410522913
-6.342845382306331
9.66265967336987
3.8432127374078036
-1.4320777388286379
-0.34942617849506874
6.366734367822623
0.5046680286433185
9.975111779885417
-3.7683526601685085
3.0355291063710754
3.145532646282777
-2.5662660800752324
8.048438619485928
5.1683644599682275
9.22359276257144
12.960511006837276
-0.46158098956428173
12.813899506950264
-1.6338091081108814
16.295211106276447
0.9115222218136694
-2.674506597966385
0.8463683837828846
1.7843035709806978
-4.750927123389355
-5.32430730122379
9.114577268074976
3.591305583201806
6.896696826114705
4.037801008174331
10.043880207013496
3.635146092529629
2.306787345208937
1.5365867026754092
6.4538908030891236
10.910400998306763
13.436865341435727
7.409471451592889
9.36865908013246
9.560521245279851
-0.36740295204315876
3.9656198638012956
13.551866017337824
4.300275255944357
9.184626261315112
4.557494895791628
0.13555730689318235
-3.163347432657135
1.5243422755484342
-1.3355813803992325
-5.581609620566899
-0.17007734929451424
19.701197751145322
12.461140973983994
-7.362859785648395
3.918613428289674
-6.536006254408759
8.75070223806955
6.991269596024131
3.488032068967063
3.461556319981208
8.747172146356826
1.545894508028508
11.479407203995772
3.4536141940864615
7.224036109575542
11.85799091306658
1.8993252552553845
10.12058897854827
3.1995795965544582
9.538767286557439
-2.0799724419506846
7.099726717606223
-0.3947698767018135
-7.595086652301147
1.5546944624182535
1.1215696788954093
7.1796541430380865
-1.8357482580420186
3.5916123787910577
11.133933077355792
5.8553863325621744
10.856322973071634
2.7744541654721506
10.582593542136703
-0.09085001779350055
-2.14876859024558
9.002335596389639
8.28212236156392
2.3101904069624783
20.02174540064331
-6.0281709084627195
-2.963506057117481
8.642944893655287
5.006126346982763
7.100664565620461
13.03896308129359
6.151416323789551
-9.324677115416044
5.168085767285074
4.8975478913673705
6.506069416184171
8.974944237721479
10.138227671598557
10.118562315735105
13.142174469172833
12.41710342515473
4.2173194362672435
11.844633190950526
3.7129551008748933
1.0608568041369886
-3.8082297694837948
0.855682329710425
5.2798279578463045
1.328960203692481
2.127858405444562
1.4696920031369953
2.654255183086466
4.253598224927793
15.497115360977844
13.676247365676684
6.451382394965199
1.088983775041175
5.264303715227332
7.480137127670261
2.327064652780679
6.20673773724632
5.730849001184422
14.464785867740478
-1.0122025995946586
-0.18651018079336623
-0.12638421426421598
10.438594578070461
8.459570788285754
6.0799417391882296
7.604782118819193
-1.670511709298335
10.684010153948178
6.728133631057796
4.668646456878025
7.0127596461059145
7.934280199250201
6.204629859667454
6.35878917378577
8.782609214072176
10.71979143201139
7.002651515851488
5.674596128387352
5.129768426739584
11.63998966894745
6.436399915639215
10.181997716863155
9.97540643707454
11.903430055825545
12.90956759891529
10.202262783574799
4.8536850798917115
5.5362365451636215
1.0984064112367382
9.050246549065196
