3.879555374332232
11.790793969766316
13.0959807251427
4.377265749500332
9.191073720439789
12.490679404592658
4.465567619815032
14.92745528483448
11.840408264896357
11.309868008547097
5.095930756205076
-2.3165102936381956
8.784485744304373
6.677807991130912
1.1574052676514688
16.575806221686157
2.6715245781282504
8.934205210515348
8.735583749981588
-0.9055882265495558
11.91653642874384
-3.796469613628874
-0.2116191340859377
7.219389928637455
4.841267709082209
4.666931250629995
7.551606818557
14.919810152446772
9.982111642151146
11.665707529531197
9.532215403891236
8.32393353051943
9.374564597579816
-15.809522561445327
13.381045900055348
6.862992208319461
10.456998553581634
4.396826245752359
4.746440972123857
1.6743235963684713
4.261102350200539
9.63199564649702
6.433649650025737
3.006940932366297
14.572646794563532
7.497836171528082
16.017579800904446
17.1003351953909
-2.4830880882021766
-1.365176079385039
-1.316050503606501
0.967719024683225
13.996251050127896
-0.6683163688521399
-4.648196726442942
1.225962671335254
2.4726238541273724
11.583524043142228
-4.608688894663642
8.991217505402489
7.719922634114546
6.543327719238425
-4.428809024136916
10.031314732816268
8.437960310493441
1.2691191637165389
11.984535445658999
7.290009425767439
14.675124686611783
-2.225341892045879
7.880740029774986
-0.17102821457438822
2.315333891396877
10.775154400569265
13.194906062954859
2.4670154033103495
7.527882454615514
-0.853089720995988
2.551877547760075
5.770867893116812
6.414314185344709
7.249921100640961
15.01225788686219
2.2379314476366776
22.620148502356745
1.3227230774729781
19.765570476011256
4.359949154741005
-3.4788108104894295
-4.471288771521268
-3.1899143209586356
10.154046793283836
2.217739418729662
5.382556621249722
4.400059246409255
1.3565303328707001
6.014699699157123
-0.4028497512689695
10.349419561969398
5.98895122435052
1.2476272642304318
16.30989878820182
10.201078182911036
3.5752018706378457
12.566719447736482
4.951730850277949
8.69025623147871
6.517110411015023
6.427265184770342
-0.6174746267956479
9.102743214630822
22.263692923723422
11.252841053080536
5.495052131690215
6.694299853530998
5.734145911705464
3.965389133609443
1.4003931285769928
11.456607451823613
-4.331821294522104
0.8283401370554211
4.887746230561259
-0.49623550449717513
1.955622991465022
9.274364620991669
10.192346077895806
3.1233579723527125
8.713310005050966
13.66484156929318
7.820404626150861
-1.5193868887917885
7.213976072075075
-0.14817125757584027
6.053875786498862
15.652134084275085
9.684791769712167
8.999721750501843
8.739333773774378
-0.651198092455382
12.067871823484026
2.844214739895926
14.903836193706624
10.504851678212654
-1.038326097579283
1.1835614961425076
0.5245275898727941
6.585578287969618
8.753185442460587
12.967000413295764
4.176159956677945
8.180089380802283
8.369772008143194
3.2095619615683026
8.820312714960416
-4.31168244382383
6.684419055030748
1.2660386148563507
7.978282607130086
5.176350360644988
5.303889260873945
12.893482786637449
17.915554386977135
4.3684918253590554
8.168680888648169
13.996995708898453
-0.4951029744940394
11.366283958365425
7.8813957822423255
8.824395410109082
-1.4612114380890908
3.5710653688973575
7.7574889849920385
11.259077721295863
12.68259707263767
11.449205374094824
7.867141288467646
1.3781751952916563
6.418323061064115
4.0906521009737835
-0.4328280863650349
5.012352579078697
-0.8372358730566392
2.8426216226899896
-3.9701839361580564
-0.694336520766452
17.664398353336978
-2.6388209741030746
7.442745298920689
14.992034813804308
-0.8184743914119519
2.28988395434536
17.01331510363177
1.7008156904151708
4.316579302932878
-4.634562842068322
2.0151168480748827
1.4535213350551803
-0.3087207172733599
-5.235968745051755
14.049556241926572
10.243962740027996
8.190286005802069
2.961459671256264
2.0381930098111107
6.347874806407077
11.633118778633925
-2.7513881479121594
5.671277438279762
-2.4038262500529495
10.889525164215888
4.790221931195312
-1.150632773135694
-1.156949875825715
12.333456967391557
18.859547865031935
-2.039577786586845
12.178910948944804
28.37506468608029
11.423338823311965
-3.5724814376768084
9.507083657189797
10.744872566405142
0.30764500788165083
5.94439113464023
4.24943881394382
-1.6865131933043935
3.754450290823574
3.2248886987407896
-9.921718081508859
7.008578444297207
8.519313881922569
14.09237623685655
6.685801610431934
6.87016548868397
9.15367565311402
-9.464305075628646
7.971254559410406
11.737518499868571
2.3242633560390646
11.537886817980237
12.98115595675442
17.539139683258114
-3.1523962615298373
6.046434538665312
7.9100391840434305
11.628447214179891
2.4010283468840297
20.35053095009867
1.9833860930565148
2.760031638606499
5.123751603108783
5.158392141253611
-0.7410157077447632
13.931075596331329
13.517857347097854
6.229855374150953
15.879890434243855
-4.359148284886194
12.66132866580861
8.632494522019588
8.047439888397522
-3.0253460143111166
6.014411624787707
12.696922044529643
1.8072835280035866
19.17497835127736
9.55982922439777
11.999567768229994
0.535526877507194
5.54819673790346
2.200666801494267
3.9283849566581437
11.588638554161161
8.569860656047535
4.815401535397174
13.76982892847085
5.204271244906587
10.086516694073163
10.065106734564598
-1.6170139684090348
3.3956763889696138
3.4803100089298287
1.765572391764704
19.316643282177363
3.3713115269811906
13.10384869354105
8.364506196651574
5.064028283265951
10.492687447657477
-0.6269847807749018
7.322581923719792
1.7335536893165981
-1.1384904650474033
17.890042612328486
11.74019566231981
5.066728404711785
2.5269755318614786
5.842099984410128
4.517440737876143
16.57692300921933
14.883189949917671
2.8821264068803534
12.32184530319509
8.407806719385132
10.871468084091813
-4.24245520085303
5.732296208872655
15.943064267954199
0.9586210600588752
4.989733250352411
12.417191135662664
16.120529788217567
6.42286262456898
0.2317918506784249
6.199307990727327
8.50283410432596
-0.9471889961750293
5.166764040264312
6.193316444001287
9.02157839239618
-5.701817999298585
0.5868462078506482
10.56321956402661
3.6861142328964953
17.496380230523172
9.70193680914134
8.443475069671923
6.485411071220625
12.082367405131123
11.846116942812568
2.7914827078571314
3.1540188103846742
11.055733761587451
5.810417376373765
21.102379056538588
17.145644694452926
-1.2888873953422655
10.520707148931553
-6.84888159572861
3.7393075991904423
8.085907145545622
5.613152475163613
0.009878354672757439
10.331883908098138
14.36153968073578
-1.9199936951414935
11.233847450905989
-11.663761160291866
8.074591216129416
2.7657855059664205
16.83300125897992
-3.3627144536875857
5.279901421038415
7.323199615806558
10.46736253943535
12.679329507926841
10.459739775754752
2.5639006813434473
-11.225619868748126
1.8261351275397262
-9.818442965718226
4.726853922063521
3.3385635279928914
2.7929421840564146
9.124532509456518
8.963949884595996
8.005289107180488
4.511940618530576
9.942318932590206
12.929408100075346
10.11138249123998
6.024538332836443
6.230205897022439
5.17106826992396
8.747851097136806
8.301968242718745
9.956518842762403
9.775922170972263
0.10778764922567152
3.6038194248597097
4.974974251049071
23.06169764405652
8.036099800691149
0.622840212089236
-8.714102748530422
11.546146882558904
0.608606194502566
6.124756165530377
-1.2387767323157792
11.330819207143074
3.033087294438914
0.5944403807245973
8.302230926926722
7.022206306394987
11.270541077678043
16.34798786123635
7.557808196053857
2.5885962715425226
3.7764970916959393
12.769060583734435
12.474735026852004
-0.561606244156236
1.357989478727741
17.62738204409989
5.910486072145899
13.542943056016703
11.695317697743452
5.828243835862525
9.530000856849535
4.090129373059751
8.934085223546782
17.165512297342218
6.328816470156973
3.2041409436838095
7.2763991737905975
10.65430006126127
9.430417557151653
9.24316029340207
11.414870354447848
3.1747807552157936
11.519388559820353
3.8436020201404144
-1.6842349868521849
-1.0026304872190632
-2.1540482388851956
4.073406030245547
4.8030124317051595
8.762696573034296
16.50404774059536
10.449908786541604
2.120211347416023
7.817057078845544
1.35071934988658
14.614698007762035
10.734167881759983
13.63261168380819
3.3433780210620574
5.212005435641452
-0.5519482556930466
11.906387174814236
14.880265894338729
-7.5893208683268725
6.264112611904308
19.177749630696344
0.44048233741933984
3.368875990219918
0.3276389345710795
12.942196103489035
7.140409572603634
4.253532767129178
10.939915486694135
13.072213437907509
6.680898490569885
1.8431675088498034
22.659731538267685
15.463319694641733
3.6233453586655244
11.310242420606887
6.902278121040703
7.373314070611578
4.808216316440539
10.617357004373794
2.002567329840651
1.4159430900070786
4.56382898525197
3.6415832423084527
9.113989857955506
1.633235897820036
7.805986411278886
2.216954696476793
12.718133726188764
4.657657961545016
3.665978207109516
11.93157725340245
5.467740055570951
-2.1182945539888838
10.25988147110371
12.21377707771185
6.945111885404133
8.820401097742675
12.183492874859695
5.434180934218126
22.547716217816905
11.55573962666822
11.524178748899175
1.5636224564979546
17.19864252459714
7.432598751037953
11.324364701833375
3.3966539512574005
2.2147663463931684
-1.9551205395910598
-0.7471693159954711
5.349309183802878
1.0934741850714138
0.04935995526372672
4.894089024308078
3.465938682961577
8.94916571227222
6.053239466630914
0.8801850415573176
6.357146507463036
-6.213153912282813
6.425460894008087
9.797021799985563
-1.9045431558125552
-2.595540843355824
8.486949123996888
5.6385477785498885
6.194010694131584
8.311088210798644
-5.822092763274027
7.729391853204257
1.2044607603161044
5.296482985920442
6.630783570319956
9.275264432041624
4.167573512953497
1.5159447847943568
8.331075949636512
8.706749558422317
15.560737906997346
4.94127541063966
12.058342696722647
-0.009307041889493384
13.132439696966477
9.770673370556718
6.312549440038371
2.278464206347754
18.927739033147624
8.022915636799025
-1.2295623825163036
5.692148702307068
8.7849288341329
-12.298118304023749
13.66241465660542
13.71652891358086
13.304675970826521
14.60803202456297
4.767662409061829
8.381140133666282
1.7072907757325781
1.258741128928956
1.5333225464711369
3.5759737230071145
9.029816540497848
-1.0825521496953225
3.574747326140301
-3.969683396849069
22.119488908668128
17.293894970922796
4.819163787581906
10.51859184124528
-0.8611231836065345
6.556672870863837
10.965795238239927
8.82676951167558
5.159939502435881
10.6177992502489
-6.550549531271756
9.934438292144682
-0.9067308681060702
11.466749679159076
9.725867430705886
-4.9342145845853
5.5605080728890215
9.72186338638379
4.336766458130187
7.862837731980433
2.226278517455832
17.680879244377987
10.445481938947855
12.264538685899812
7.926639706726226
5.119713865034646
14.924661326105328
0.7393546336577206
9.697755081344592
8.598761810940726
11.122336173206628
8.629703686910291
-5.674056275996477
4.3206211062461595
18.31109767099599
5.511893857220391
3.868339693637922
10.66074276206381
9.022263304869282
11.79516172632782
8.026272021628143
6.216322760645074
2.596067641357917
7.446081686696777
10.809290918824454
12.731921937393052
-6.388664557744178
10.364628462084843
5.611976242412663
3.7188123363154895
12.18000719107928
0.46387150850244474
11.63062920951037
1.5269504509811833
4.0384577260509165
5.606286161040317
3.2557127997145585
-0.6887743813940617
8.834362092586442
-1.9366360208575246
4.612130689250549
-1.2588809451355365
3.7968977352631623
2.8641652276806875
3.5144565654006814
12.808470533972226
9.180172884068696
-2.8539483200428464
8.227662163791482
14.253750013715402
17.72931987434768
1.1731538932922279
13.090307929239058
11.661624115222217
3.7104403460635766
9.735388720633175
0.34368116621483047
13.77685767548472
9.716427955780278
3.933802593487314
6.385371754865249
7.747680912220595
7.056412005329883
13.474115177754907
13.401494606767422
11.272926524880955
-2.4764436014388664
-3.4137438008224734
11.966930102789929
-1.5135934711092238
14.310966768400803
2.804532020179741
11.902181058415737
9.70843955734906
2.411476379652364
2.4563840466568263
9.083225099941334
-5.878461643149539
8.230491006076381
8.98358171433057
-10.62878663939614
4.839269275183149
3.1304008161193746
-2.12576159751654
4.230840158725237
8.120263282786414
8.462382688700568
5.298559429909459
7.955408661403513
8.451173937712973
17.511211217680128
-1.6975492892371502
2.403221440593384
4.668152038426629
4.041091051266908
14.867023962890038
12.895228689670487
11.177459179631878
6.249433063957514
8.673948828558917
5.442035033037635
12.74734613183633
2.948720648614734
-8.261763345624317
6.689218909040303
3.4304882083593418
14.715644214393519
5.4862809187666315
16.996420035558906
5.522433032839424
-1.1715222481791736
5.994577235648836
0.8637611040789483
2.158114417485089
8.787865931147806
16.78638154787256
-1.9152577275638114
12.78134762070411
8.079623570241324
4.025676250643956
13.491220498667756
1.0863574733427939
5.575931486795208
12.059368306084707
9.87071237471227
-1.3737015725262927
-8.161205210427802
-0.23582491877404177
2.485736875700683
8.672358642923122
3.305853799907453
11.40836636625497
9.354983712723175
3.108568871528137
14.735540445572969
5.287101567213032
12.374466727640204
10.916500414526602
-0.2995277337854416
8.796632452453583
5.540046840108771
10.503636595214587
13.291944534530606
4.657152761019549
9.482432357935258
20.678269126725418
2.6307466222894558
6.3705274174782005
10.891108501393504
11.010845261568043
2.6863714949599915
9.814597370444462
8.15572238977852
-1.803055551144488
-1.639699463456255
13.074233883613932
-1.3657537378218718
1.2395007030859402
8.007457945860303
10.130976757883616
-2.155159643088382
5.801281247609607
0.6239953311941848
8.411496987804885
14.632287093571978
7.760026570255903
9.354537295195962
9.606361109528695
-4.169123365825017
15.968708667696001
14.665119878421976
9.452820980933929
-3.5788283583565654
3.514357516531084
11.737256222813231
7.060756540495127
11.792099543123623
-3.565218013263605
12.554972162092309
8.368233783072206
8.087975846566486
9.307612264921438
-5.258623947525562
0.05838517593331094
3.8953461556612123
1.1209410642856001
11.1480204544693
8.166936085343353
11.648049015172756
-0.6559702183390463
10.735175369490046
9.392565116098869
22.62154210670643
8.316343911634515
5.4538537920736
0.12074034476315898
2.8982004634854
-4.593732794050146
5.794662595904099
7.700561261357227
3.013748554123673
-5.215847704970557
6.585778360360714
11.147428122598598
6.722544010141902
-3.174575738123899
-0.08919075361335516
1.9379461709745174
17.399625802250547
-0.1154349522157796
0.7908840305018066
-1.5695270589444412
2.979286173527982
13.88288226589477
-1.5908152247458363
-0.2749438878182833
13.415544397581058
-5.508091384316833
2.88677453393278
16.263286590456076
18.23967595669798
2.966690254213923
-5.316968214973349
-4.340545420573859
2.5359219127670825
8.559757226340242
0.01193265757611961
0.042337142181979814
-13.232620527719963
6.815224862329634
3.9736603796681123
-0.9149747900750196
2.925448699954395
0.5954271672197633
1.9321178115393343
8.902323926500562
12.321848568043812
10.303584851165427
2.15756309003774
13.67533216037771
12.390093140590674
5.496313365781006
8.773361354224164
1.8118664195189282
7.994510972988198
11.031732304183212
-4.345933075184837
5.377188261112599
-4.2829629711167545
8.807411785648917
3.813035247367563
19.84741238480928
1.3166358562973501
22.631028517246435
4.175275744978253
18.359647429254565
10.273611923394608
-9.619441673664731
10.091548884546066
12.465517835061735
3.3329183903644846
9.162364522280798
11.51141437610365
6.110962036245382
12.291263379515186
12.107870382099815
0.44529112663935067
1.755500532355395
5.691129768598856
7.718371092965049
-1.1406365350972374
8.196558316022038
11.453019099491062
6.441939505879282
2.9296834311989604
6.84368872167803
-4.475530792250078
1.847203734060173
5.606223587812385
4.112037693657995
-1.1159691614399616
4.498705698387316
16.055525318675315
11.628216134450225
1.0047472972139992
7.9264615758282355
5.693535181189097
9.702970456664737
5.454101020391283
4.325168887267752
-2.9993164202999125
6.256856850437854
4.488590316975243
9.246041523010929
14.985373353280094
5.185937102976896
-3.4442652345413904
8.59432911997398
14.412611310593428
-2.8916429341789662
17.702140072393927
-0.4541303077213801
2.986670808908886
16.744627582896115
4.906886360000753
4.818248957239289
2.786471553831471
6.117164481319444
13.810739133827353
7.3295382472086015
9.515762639839718
4.557069506440368
8.977176428169049
7.200459709699654
13.42718952078765
13.903317170104168
2.7240294085807917
5.390231718083053
-5.828603071959003
-9.33270610739551
-1.9849642394721645
3.280745968817527
6.25964805519558
2.0232993741573897
1.294361994994114
4.5899572524187064
11.98061459867504
4.569012427401943
1.90722539858508
2.92313863431618
5.460807766448921
13.045437440140978
-5.595630303240181
13.90743794459624
15.137797791886328
5.440446108411977
2.918652159632545
6.929920463139895
3.505245224375912
3.2303040609458633
8.541978896582647
-4.725622653658926
3.5947292539582736
11.354624807339977
-4.002959706127713
13.281316554425539
-6.022388830278285
2.157580955048045
5.84556029152465
5.456294132958292
5.348496101975578
2.6288411012012887
12.126968716150827
0.9172743368697382
17.314227922766914
11.395179956227306
10.0433421504653
6.6115817655594755
11.506108224841501
12.50087699295327
2.3266357004643883
6.163712986787248
10.674198870860959
10.219349684442815
9.834421046309497
0.8150632762252439
1.6181567374798034
10.424568845011459
10.99850649471786
13.730470872935218
-3.4943879880217903
-6.739153616332208
2.8121304515332524
0.803290472189814
6.391799222435088
9.767032145154602
9.57210071196818
-4.1961653672309325
4.433821872090236
15.300520501932784
-3.454817857217499
9.223940366131217
-2.371849930986862
6.9209907948900256
7.035028395757962
14.893152339120917
7.418972130449733
13.053654937142067
-2.145818848212979
-1.4518324097379818
-10.17589291170913
-0.32684373033954817
-0.8530085900025481
0.16359432366475968
1.3564306443017218
5.790255917409922
6.360231512216478
6.205797585364634
0.8167327854655477
2.5464246990258874
-0.6208339940859995
-3.977128133983383
7.614784765309994
9.61837027864388
4.671998723471994
0.6022555469864805
-4.251527684789599
9.010231548358428
9.816863319972835
16.668074144047882
7.835622775982259
7.652840656019606
6.786399389500907
8.251761871061571
-0.4366223195094756
16.882171654232096
11.498536045533381
15.238825421131807
11.772616491332217
6.284135176844329
8.35047944345919
5.87641454189055
6.17805798150443
6.4651926365445425
4.295938348083196
-2.688091373325266
5.262148024995732
15.977536875284212
3.6557143494032465
1.7616754110762551
7.694688454789229
