12.24737778235657
10.434480027733365
9.241284315120453
8.72409091174974
4.029895763428259
-7.810827370881434
2.448904753758045
9.445407546854863
11.486998261713131
-0.08792924567549676
3.204238220687671
-1.992295944450298
10.643664156238973
3.8127563357444543
8.572975595364468
4.9407172105294475
4.493406606156671
4.742087496163953
2.93973859460801
-2.8335916882052974
-5.150875912062851
5.687015354835257
12.593517190593747
14.490080418953827
8.646726616902017
5.703541472611914
2.4790249998794796
6.637407040307705
12.517804220560365
12.409156256995267
7.705011478997935
4.711260128574439
3.9211996352963117
3.1020330163578143
5.75520045918991
9.483775667157968
5.898431307350157
16.921260338622453
11.917601467227898
18.855858013048557
8.909899528899972
9.732955060651499
3.7338929587659946
11.477389610337184
16.944463172803378
-0.4415810472063084
8.224284528711514
1.1306070346947004
3.4414223453277906
3.227809126660529
7.991991629735001
5.845113826396541
3.772289603086003
2.4620511320907275
2.5583943807673197
4.942347919127145
-7.716403631869392
-0.9249484902143159
9.879845290675334
3.785913032674566
5.370265365367696
6.337313503280441
-2.803146937309064
11.451077521823914
6.437975821512016
2.3333985415954457
13.188049626253695
6.529802121595333
3.454829826552935
9.587436601899437
9.957866112125282
16.262805372872574
8.528371944287041
17.98591145671665
10.481470892409249
7.567744315805809
15.23656094734724
3.7250910576624934
3.786998967215783
12.789284979122549
6.2053687176807255
1.5938325543902794
0.744795905780971
-0.8874322089336619
4.608179321952893
4.285307766404461
-1.4846430560581556
9.17771647131211
13.904696387291846
6.802542096325881
-1.8510974676639878
2.8632161456165854
6.880991372847028
-0.05967426587341018
5.723993459552894
7.4870869501430874
5.4241831975639805
-2.9152175937196594
5.408175342525855
9.517291869175327
12.157563644730235
-0.647146941741692
1.2189951253405118
3.6083110785405323
3.5041179598694083
11.73291167804901
3.6421599167226897
2.3171463779227834
-2.0256281425342646
10.864611022475167
-5.039807013645909
7.771786865464522
11.48779990320881
4.506358015065281
9.43420696452852
11.905786273802642
1.543047348136624
6.34461077253841
5.146425866278964
1.8428583932700948
2.0526397211626946
5.540744534475594
4.107046106729467
8.825539465101386
5.790341213622437
11.622921303525045
6.365087827892458
3.390715173806465
10.21057980539755
4.870665571290783
8.146094443570533
15.711939308391619
9.095502941111263
-1.40203719598951
9.065751469218878
-1.8856293957010166
6.423455499453976
-1.5757882942129235
13.778793439327611
1.0808726376107574
13.046910548538449
2.2951176968599536
3.2757906501229286
2.488584530940491
0.03856387969305031
2.456297746920207
8.933197194263263
10.219903114648442
2.8220366123722767
7.1615237171896
2.233629047740692
-2.449425982318357
2.972029593234626
-2.596882000526519
7.438428565824781
4.0444197204329795
0.6086714451601205
-1.66334623401828
5.9893769582040886
-1.0811385295288578
0.5877982372896771
-2.8777841281182344
9.111564416478327
4.56920561982283
-1.778954306611067
9.116295827007706
7.586372935493995
10.024816574561383
2.741430529768949
-5.86010605603993
4.930996770545772
6.591894909107228
8.81741484669065
0.3722654670717018
10.927912961327177
-1.772552606398352
3.653117972995452
9.262696430691246
5.267531783081713
5.025328184022019
2.3781384702328707
2.9565144536909234
1.0882733641925548
7.637776799389427
0.21052973815614529
2.9418509401778934
1.8375302055216562
-3.9089811857003163
5.102861818433017
1.5264314313432323
2.77580966610928
12.980417316634622
6.798486003078827
2.964031685101155
1.7073605618240206
3.819261930941099
7.430242953864664
3.5989139342815024
9.456081452197242
5.499908021135461
2.7271490954982136
4.266065357855447
-0.6506843644909841
4.471877198884354
5.978791456499149
-3.6464171598199204
6.16182340306108
-1.75343941086616
1.099230154630796
10.323191577135356
1.1893839522007992
4.994224084271282
6.465190035735769
0.2879131687839589
4.946138132418977
14.21916299942854
5.784237895362973
16.010043100674608
5.647536522057615
4.679611542814822
4.2716277290547
3.9284669361511324
12.248337655320437
-3.4452382336996195
6.975599246241229
2.187910883374248
-3.8728249206297614
6.853323224187488
1.8719128387513053
4.56810708759075
13.802378741546502
6.651001969815761
9.080910415841734
8.48872654230188
8.466263826607296
1.7549955132962514
-1.1796044111161992
-0.5464284798962877
5.139177873201947
3.561506262504047
17.129792866810018
9.65119071791254
9.622570938902596
6.991284843462683
4.731832688113014
5.901204672515805
7.792907032264679
5.554814339154348
-2.498167771350695
3.6616233775587266
20.94189187757903
-1.6919046877784947
2.9451625907637657
12.163271284685356
12.858809808475831
8.934431678363374
8.825271126890007
5.82143214340522
0.2567264816374748
3.6856617530950864
9.275863224672092
7.2761464133357325
2.1767612986368547
11.7453716005505
-4.743681746474683
5.346200871718695
14.763564125930671
9.954041210481988
1.9728335842058176
0.8386573506214283
1.587464231893237
-2.181098101216585
-6.438317791920202
-2.788191002675143
5.986927357833082
6.184214551079091
7.091371353877445
8.609025137357806
6.359807887223136
4.6823278592407656
2.1116493186660654
7.645076320661401
4.629583985967803
14.356152702475509
6.06771829408455
8.001454804666475
0.7838368348287763
8.29321825689027
2.655064711574937
1.165911179141422
0.5782858843172152
15.313295907491087
6.514744373037233
2.6747082930157853
5.684193031784505
3.3005594406583447
8.829378278283185
3.84008138322247
9.47477363132073
-1.3627218410824327
5.245017420903691
13.371488830407309
7.040971258897293
-5.533405800016986
1.9020749778306065
8.301279204036586
0.33534874135119663
1.961909371297624
-0.9537355254375495
3.3410119335389457
4.876670216142441
-1.7584111674271998
4.609678561222053
4.968967599546489
14.77737498387142
-5.5257010241292726
2.3478685785554885
9.322914659415442
10.235134597359515
-0.7724543974333109
11.007858269364647
5.550383533522674
-7.7809015127427585
0.27543143189689623
10.046699565933265
-2.699322053673918
8.211522953006076
6.989608903976455
7.153972469531683
5.753027934150008
6.348175671008453
3.284661628668529
11.475765146796133
-0.6137969024969463
2.4390179244770818
2.3328647647718794
12.009738130733153
6.375177586106263
3.594437185303016
4.389450168338333
5.938054379652881
7.174345515904677
6.495541134120213
10.345610089947087
6.68225995206405
14.597861422759896
3.6062974803185694
2.9633691373351807
4.203532271824164
11.723258275299171
2.7544036422512987
11.558292329952154
8.336756342643383
1.5461684471812491
6.984908472727473
11.243830557217157
7.249657037770626
-7.180442010026734
-6.310328612794283
2.0151019005452016
1.2350307670685137
4.369554722711181
-2.4196437605256076
-2.157881297049463
5.716946547665401
3.4320405914432883
5.182667409506085
7.654341881683743
1.9591585956856603
6.866786498178685
7.841563306479509
-4.858873646534368
1.7772150850798907
14.519939836622175
5.974358425327374
9.29907551221411
3.1790999713006234
5.323921915512961
5.422883674188295
6.474379949264662
-0.15536437188872743
5.70777168917588
5.899585650143049
5.088102006118593
9.169103804460882
-2.70506327047932
6.881180471761994
9.735237438003018
2.088925014368315
7.392744897618835
1.2032478651473406
2.4979961221633524
-5.145674324622693
9.343734548865559
9.409711596397651
18.92827982821813
-0.9433049901354629
-3.7993830772931885
4.795450586951191
4.624802659260869
3.0388118382079297
-0.06683253252672694
-2.5193253071201624
15.264564427703206
1.5702094650294454
-8.19907018645507
-1.2675224827253544
3.3471038718890815
9.094882053474443
2.5476071511300855
11.460226937588315
9.224767634092386
-1.2181892265358893
3.78040372703273
8.445415171470177
9.796476335935672
10.2812665070329
9.86336849074565
3.610477345505192
10.926776400967857
0.011498066688808706
10.505264336277564
5.1155139545437835
11.408152598698646
1.0772927178136664
8.672759678503887
6.548976576553055
11.771188103944258
9.572306898692078
9.906431874225362
12.403996062695628
8.191978873785299
6.502223831261775
3.4434047479638448
9.999514443830755
3.779550139302856
4.069383490433157
10.90946104767712
6.961078876273841
7.586176329334964
8.270604364537876
3.7704231022387336
2.392890462755103
1.492281201853391
5.3069039269083
2.507320802346296
6.857021428953228
4.29905682572541
5.82092345497976
13.589801674086672
0.1092510653234644
9.62616092297117
1.406900419743081
7.463874852179449
3.261007765401199
-3.0015055984253447
3.66510504676887
12.32977621389985
2.5719312325439043
15.650578510898573
6.17497922850884
14.009640880830691
-9.619317904864833
6.123311825750861
7.17737254178345
3.9429423581952943
-1.2364257391532547
11.444335332629784
10.64366674817632
14.70212049808549
2.503407539555369
3.351135552305583
4.269070934902572
7.214431962020315
1.818344122494962
7.930724092344249
3.4522034618960378
7.867173515011391
12.419318793927111
0.039398756902302434
9.944840471107685
1.8984371973925223
9.187996103103234
3.9737627451520976
12.111475301786392
9.286834332786153
2.3899415965581055
13.793868003231502
10.44347871182984
3.9409223243569924
5.406350931487134
9.374203065821646
9.993659653275728
6.466528671724961
5.628620991324421
0.5575047658166881
4.305383374857453
8.602914617280607
1.5392392976368798
9.025647192940507
-3.5379141835491463
-1.547152584619755
8.021301636015938
2.1126340695634602
-1.089621549948431
10.50958652641743
8.972487288298877
-1.532995482048415
7.249161129038546
7.840618289198786
-0.9194690548204045
1.5970702512297525
2.436987406943051
-2.650536944856883
0.4827881700222969
-2.2977109186784705
3.025940356198005
6.382241800265215
2.347412213337166
4.8566691572231955
-0.015340654408785959
15.436169456644917
6.460512814977916
2.2138269380671525
3.896356734827796
12.364475597297446
6.342580967318493
5.256217617871769
8.443518931719522
10.542342605066713
7.434477419010129
7.330837994009874
-5.514426667467525
-7.739566180371252
6.483284222980868
0.6366261091460803
5.715171750312605
9.548431659303276
1.2421756988269723
1.747847926854837
9.797641681669454
-4.175528494231952
2.8037489252301198
0.41845460333991547
16.943924712015544
4.619096867568079
6.402122161600678
1.4882910668285902
6.505087001785216
4.84009766860676
-2.4049032194747904
4.1508604915572676
11.34009889504976
7.946862991628997
5.224280237414099
1.3392247966262243
1.1929486319934215
12.562069826729331
12.0648812136235
11.624472742428395
1.3913203070547269
0.4783497102919765
-0.5482651121377464
9.723322768631009
9.424232257521076
-6.660973791422396
5.003112800830181
7.509718913829879
2.203113389099805
7.554624025461072
7.618485393410776
8.557741798378277
1.0316284148540342
1.3124795520097103
3.697225455248531
-3.5963176278081184
8.50154704443717
4.096941813932095
2.3202429487910146
5.856908735368709
1.3003139980311302
4.3972765788768235
4.690003746536304
2.6893600382908867
8.549749983597838
4.1555766099251485
4.381815056702786
11.745429870805774
3.300710278716586
2.954452275803266
6.093837322881186
5.5772411171731715
5.490565144827534
7.330155632189447
4.2851447276458305
5.389753482305582
2.7329145354272937
0.4022048138818004
3.0256678579032323
8.206702113908198
3.124837943256764
10.433947016710402
-1.878650009156888
7.150106739448079
1.5677580224881376
4.645398224332617
13.498408284340648
10.665040287980833
0.5874339942848028
2.628239380899534
12.510552627816791
-6.566475019915565
3.2011590181612695
8.828264613686603
4.482198873912261
10.016241398266086
11.034835952265118
7.024946423263307
-0.8355493161039274
2.4666486945104413
4.535398871430944
-0.5691298525421296
4.874907202978974
6.52305435914049
3.982327630541502
0.185787398936327
0.339744216533453
5.593662905685652
4.7417648103195855
13.722478196046488
5.882316662042431
3.216898119974307
2.5833864916316287
8.68324296782325
4.443423774277464
-0.19005679060502434
8.942425193166237
5.670324401906539
15.48885741374173
11.93495923435523
0.1106166192603455
4.293382676046266
-1.2443817558834693
10.157746763369087
8.595463791592675
4.220752382444942
-5.9451905503676254
-0.885790154144396
2.509341729729901
16.166641524996574
5.351037342642996
14.04132589591078
4.408889923994931
8.070942042472907
2.297228338619772
11.830906842262799
-3.577350055027492
-0.15483644964806853
-6.72872907500491
6.243033129509488
-6.463541691496516
6.635344997320171
-3.514634279438976
5.548458734851877
4.649702224914652
8.463670379717383
6.446913649771655
5.767042391037889
5.219896008365257
8.252242019316368
-1.2086761611643029
14.681471746341293
3.8305421381300264
-6.284359279073179
10.666968192307518
-6.84533308011612
10.356707483720042
7.66376744309221
3.3909670321386582
3.6227239603292647
-2.1060732651810348
-0.12520836487877673
4.428529924656294
4.698554239116499
6.088898472443102
10.624713619197614
11.273860567668647
1.962644951798325
-0.8965461480172161
-7.86807266296713
0.9779595674087895
2.146252398596965
-0.3857164376312463
12.650162892471265
-1.3676493130786662
0.4809423838481788
5.71984032709371
2.0219994977093165
-0.15261842130291825
9.85572838074291
3.2020716414638835
10.31803998267264
2.986081379350906
15.150562093716792
3.667238541260398
5.961497962604839
8.611579139573177
6.052662815011839
6.718028382521118
5.225436185023183
5.07435802496825
4.165542904625409
9.723334833283669
12.102154526403991
3.4693718040035675
11.497105655404384
1.3942026160670657
4.668008805204578
13.004455185863943
9.497518357173616
12.927450730850515
-10.478902932994579
2.7448598895642875
-2.7671200266140454
15.416249605290535
9.606453046066799
9.283685687485358
6.050064728715277
-1.4937258339268915
2.707429735572221
4.58844743129746
6.490606447717647
1.7725900481696506
8.43373272629502
1.75483713263079
6.0937387240513115
6.424546805846505
-0.13430728466840147
3.12592818379792
-2.0140385548836672
-1.2952263230551173
0.28247903006051445
9.95788487979674
5.137954626656699
2.318646114597164
8.445068878817166
-2.831445238616924
-6.509063843238605
9.33554361405476
6.2492868318026495
4.047901437017724
-0.9450889231170714
11.495720997935212
7.542193099079406
3.419623383203135
0.9481861373290439
10.215634560533966
4.434762179009444
0.9797657225218828
8.369246123228722
3.5746898177690163
7.8530250392321825
4.194201231803019
1.2361842993809247
12.264391612121841
9.677713571413237
1.0972661801918946
-0.026292356406068862
3.136201243822293
10.701508301864624
-2.072268636842317
13.008597567682182
10.382949304216016
1.0630414827108674
1.7841764684226131
13.863491492431702
0.5612543058214952
-0.4909460605274836
4.835922914565897
-2.7545031702742264
14.896090770668728
3.0429317463642427
3.5969264073852525
0.8446819655647859
5.664715145641842
4.164685381330225
11.727977148167701
2.0395439780874094
-4.393629674259138
-2.7578446833975434
10.135196571903661
7.534456143552195
6.97469463792743
12.440140600942314
-5.540208129388086
6.9319462699745085
8.408676156428275
5.407607434414492
3.368513644696428
0.7721922269002732
17.1224103462438
4.911505972923348
-2.8198503415228746
-3.116160463362151
-4.378994870927764
4.15460597419167
6.384365338627515
-4.150424662109549
11.783547635453573
8.44329571086197
1.6401320651102562
8.554865051215547
-5.622288373783748
19.89727550112015
0.026510261108410482
1.3614156323674185
10.310669212338542
-2.1896627848482533
-2.2633789121307943
5.545997620709772
-1.3683566901729938
8.615056375366425
12.34219682733759
2.9385440295162906
-4.404938675354664
5.355301911142854
0.6020161153613244
4.256656685756923
2.711529421262158
9.985727837802807
5.587020571542449
10.845127458272694
8.507517914518916
6.2990760493047055
1.0160830444779068
3.3966860735234126
5.265878740699717
0.8257344127788349
-0.3737131085147789
5.120108249458234
-0.3186975101538869
4.082416137481289
-5.0511026437299655
-0.5771411296420883
9.254306261230246
-2.1529755190896944
0.8887390924815941
5.81261852853741
0.22742274911908922
6.417022081377962
9.74353954453159
9.344741951495703
-2.474075182378291
3.2416392211719565
11.087485435194921
-0.08560941474397321
-2.896397096171592
11.739410929105304
6.602932395421488
-1.0259022771230208
5.707400539774772
-1.9996122898498792
9.513049381165056
0.1853338465976062
8.889221335866381
8.15662498766709
0.14111250644718343
6.095072115591462
4.070685919683486
8.465986825538721
-0.3655181228064963
9.605882619759516
8.413118943204026
10.193467529165646
5.62474443887724
5.377990880169428
2.85357442027692
5.167062252784033
5.051315598428882
7.719148511187369
8.690550298507658
3.40390785864224
10.539830671053116
0.23927981543501975
-7.396135346741481
-0.3770485540044284
-4.17254398531694
7.335495072297213
3.8092525896948755
6.821574670187432
4.032156322817342
1.2085246938082679
-2.783799016246329
3.573340693379167
9.223984627168862
6.990777476824846
6.3002118632261634
10.467154774871748
5.171164022021504
5.827676613865361
8.532236150547531
6.264231779553014
3.762037079417358
3.499277950577239
10.216827649794503
-0.3225991895965743
3.8818030729490345
-0.49844688729614095
12.219806864531066
2.931385885143964
6.875508281869434
12.469738455274106
12.048599652318217
7.351256201103729
5.778217345298459
-3.706253704684066
7.732294332709969
1.8387353489069211
-4.712015928795225
5.522423115913676
12.589597956036949
2.5121622209647505
-1.1567201328360293
3.340998175388616
4.463121375263009
0.27935651294533237
8.25252053512201
7.208828692749235
11.002006516463052
3.149950601554183
-9.56181311500431
7.99780750422319
2.9397833295201865
-0.09518356934463501
14.53519896811801
-1.4218431731599077
3.4138885935818846
15.056901174610179
6.864360845758975
7.414840777511436
5.583345579574901
8.44738965777608
2.0938293009282862
9.55213075631395
9.4612208783204
4.547207141449926
1.4631067855325917
1.7095793799530643
6.2623447127102825
6.655467668422147
0.5138653790805989
3.623272323667922
-0.3302723859398302
2.4775530261663166
6.033821884700337
3.1624890686193035
10.423321347520359
7.238072983727433
-0.7387352066366368
4.724352381543799
6.793762303600043
-2.2854377678783226
8.63432442101288
7.163443324906787
7.608012128015979
5.4272718293724385
0.8041152817957515
0.9826552339637744
3.49625389594918
6.516908530810038
8.134505497550059
0.6851637143238003
9.113976547304777
-4.1628618263481005
10.732738713278653
10.97361104122965
9.899828106914077
2.8704411945631065
7.595881425848362
5.228132208076943
2.867369647991551
16.92798457254562
9.323612731446428
8.401510364651696
2.731802883853874
9.528226087507793
11.475588399536782
7.657132201591425
4.1581444826239675
1.8205891147659665
-4.901758547484638
1.9773143162200117
0.4177722801488999
8.664163817067568
-0.276246985651472
6.356437519234643
-4.114192688575329
-1.4867715453976782
16.28079915380968
1.8450272948028874
