9.170915890753108
2.92895310861699
6.894199706230102
2.1425775311313022
4.473333370128831
4.0076124484011215
12.8644878583972
11.408106978240744
-4.745445950267637
15.237891487658299
5.666340269316348
5.495073878188178
3.549695934612166
5.482778382128812
6.450229566194936
12.548614888431077
1.1811521373772136
4.051263300218608
4.525729665811961
0.43106222208609424
1.4894142352416821
2.221712495967136
0.5320948904354905
10.146091501347058
1.7306790317459981
-0.035635503142113834
7.099984562657317
-1.1211773825710463
-3.40095271667966
1.7352814443739184
3.3229550147515177
-3.9016179570425527
-5.144922510368934
10.681397540551895
-0.05958336679034115
-2.636408289442702
1.418782498828421
-1.0186856663086274
-4.145501700514471
3.6080870759455266
4.369532781239194
6.941675181138388
11.142637398101618
7.2874995946363885
-1.2771459469862068
10.00326482158265
8.992954082472886
-0.29767101806710894
5.900360495494676
-11.218335726018049
14.22335496340045
1.6113948859257365
-2.4040701744533797
-4.910690784695599
2.191361724022182
0.27517044123733303
16.976576391056092
7.980292737896424
1.2530071622979806
6.972113518869739
3.6674762263615297
1.4844517953163017
-2.850840415234128
1.0254796568070508
-0.9806084122301009
16.557140720076724
17.913600275164953
4.726838178689093
4.149750468474527
6.87944394453738
6.847702749512492
4.276550020694417
-2.341866060617723
1.0320031468847386
10.77255968024203
7.316002722400166
1.2823686698706789
2.971372216792429
13.814830734162237
4.95014914272227
1.9860434025286766
10.297819398033315
2.0191888364196826
-1.3398362813041107
7.196163159747867
1.0318175887132295
-0.9579611443268323
13.105624215502742
11.06804869584489
10.930814206910183
4.856611272897245
1.6661980976033202
-3.879910372529398
1.4929014150390811
2.175507488756522
1.3387145437216241
4.5994452233476615
8.27958680287967
16.483072845604593
8.705149003143365
13.786635319549815
8.986665677743034
-0.7349945348071554
-1.1042488118994598
7.621886632349693
7.887882864018328
5.145622316991033
-8.508926967011492
16.555207217927475
12.319403943377445
3.6712230155691183
9.1296027445322
-2.2778739911236716
5.491585816690103
5.892566682591799
-4.224051602457061
6.233262778513531
-6.2665066333521455
7.504849478333226
-0.755085890476908
-2.4747664412598693
2.663175497671962
5.453056123248015
3.0815329609161077
-5.860967690696302
3.801242871266078
-4.250723543186926
6.40526645538049
17.555178454088335
6.268846460333414
1.4068752697194356
0.9146916793055722
3.043696284684111
9.615207231724945
12.295861752954085
9.96604878902212
6.867417956383153
4.465830656840033
4.785525208607069
13.464863993971928
3.8721870159674725
8.387463440035349
8.456886009565189
5.139817313544834
-3.5931458799487865
3.8438885666876947
3.0575297042382807
15.81921576333913
6.342587920678331
5.016719769871816
8.86893127791967
8.904756428810169
5.095175732508823
0.6469541036207627
0.4047150671186399
0.10122924398111621
12.124325349682284
13.376540115254665
7.174873194047118
-1.6076471963155363
0.451872452244396
6.509724166707501
16.571941348621444
-1.550067145431596
2.456920195532832
10.242321185568283
4.304389102454139
5.861013186634164
1.9066775241262388
12.571619656746728
0.18685925553235405
11.223354607742774
4.865621598395885
11.21665988262882
10.253624994746236
5.369046516802564
-2.063514682215988
-2.864340639624391
-0.877250266710095
-0.2254151694090245
9.1831791961353
2.9849126263390193
9.180674600651834
10.417306755380467
9.960591617420086
12.027278800014074
5.550041827204962
6.781042367706037
7.2441633947307045
19.120914282866853
11.944872793494195
6.722625743020126
-0.49473501800218855
7.595040569316637
4.393607994978863
-2.2834626383019616
-4.529215124374808
1.5615898531777015
0.8105743458315686
2.029952237836619
4.725845130283979
-2.0165641496575146
7.753029036077968
0.8342628407292785
7.314349577991305
0.8329062148260908
8.034361622664806
3.288449792998219
-2.37854225403661
0.33144985242446356
14.181105539143974
-1.9162698274146663
0.4189215725307731
8.24148013319883
1.835914130998669
6.214793716365449
-2.587486729923503
9.603795869269169
-6.2819721487901194
3.9179680657792693
1.3235061442933311
7.623237023674276
11.448056253857928
2.7073598729589374
3.306384164301883
1.9322171698024415
-3.6234036709504505
4.950135660608123
8.009644392047385
2.4221957651368986
-2.275025496177861
12.864168741550209
4.081521541768229
-8.222535353306741
18.71676960331724
5.981795806442778
-0.9715341500020109
12.513159124552551
7.143273144355294
-1.315565815331568
-2.9033380944389
9.48647872130253
3.537046130866462
-2.7432332765908845
6.1865062512355395
-0.6182583921484799
5.086774609497245
8.557179567964612
-6.401174347381911
7.383316170094159
6.838590447105405
2.1722705070906896
9.26819521184706
-1.6013205196229539
11.051470862808948
-2.013258840319854
5.709155411455334
8.848735134371307
4.39550374127404
8.321346351932213
7.537786742175946
-14.918312201645996
3.1381646889753787
8.954038817634546
-2.8064045806129947
9.587580092956056
2.014064369127949
6.542046164940318
6.147441117835937
4.367156982313913
-4.660617903482786
-4.120931789294104
5.071862722045277
3.2443901625295566
1.8451931017344463
4.000785423670646
6.874715099592484
15.581481221651577
-0.7000500573694337
-7.253462716450679
0.48655017291236535
4.076091746453946
0.6080232210010266
2.3791484069469573
13.354579303860476
10.755176213437524
2.867514429165243
-3.675405196791538
0.817035143141867
11.38098387955679
8.77066703471552
-10.116362113534892
7.76401803432598
8.0604095132069
6.7949852594664675
11.186927876338276
5.934981208915493
7.292614845697577
-0.5086346789410809
-1.6685970697813515
3.3713430517430822
13.738891278023878
-0.09333743168815634
2.1995075307540777
6.607543789573715
12.569091865400727
9.910254304145408
11.929034467160026
7.365931786651476
13.012704993130345
5.891089201386524
7.811723396146507
16.348190181991598
8.416561255047633
9.793475469031055
3.7996887852477523
0.48513383955580736
5.828919091725633
3.3279795139512114
0.09323210586874708
1.1363244372721875
4.119580530593158
10.480321357770142
2.766667796971794
12.521888179369729
4.061298363102463
7.018991896438257
7.353107786457008
-1.713712388211837
5.073521837007057
6.073682600285587
4.638451679078443
0.4992144528351856
5.1118226169477285
-0.9069355122401879
10.51819521588445
6.954049816184463
-7.5872914171322545
2.6471199724522805
8.189917609966944
-2.0363518512006484
1.5498435777718491
11.116675025318635
12.6900464513956
7.738998767909324
11.86903512339233
5.567113744580292
0.7349974164078499
4.335413452469004
7.28949554829792
4.507625823536662
3.1016036330027936
9.635118075742767
9.75142467969407
7.898218807149663
10.519182921608756
5.830724867713887
18.27254725143047
12.849281603826208
6.914321138099718
-3.3119883540764024
1.0987339160299356
8.751056089908595
7.2663008559421804
5.8390536639839
6.085385615353875
5.562477828652421
-1.3392877988512364
1.2053576716006384
-3.0404907350600823
10.041873760403709
6.272913717012948
1.6679366655233965
2.4756593270712504
3.124448207272269
10.10469521691833
8.54248065158741
3.1939332925623107
12.467265988991098
5.993365972809292
5.182811938999252
4.988364738601345
3.8864749133605594
0.9740915646512969
4.31274773934177
15.030306590927175
6.5568805998957265
7.790551832888502
6.202136491113138
9.73357230759973
6.000003165454615
-4.0911399542840865
16.81307053663642
-4.757877793950751
-1.7883518420805196
5.835392634763711
13.239293509073104
5.170031721482985
7.8734972571489354
8.207997053119346
2.5412554081540355
0.7085430827961656
6.352920670446211
10.470682980411132
-6.115492581924741
7.774071122086761
8.04325128266796
9.098131255139332
-1.7364044994467802
11.75705417309684
10.327978789600417
0.4424019489922122
4.259922614488838
11.774654785299925
14.079977632969198
1.4184737245101278
9.180571458493649
6.483590852193093
5.064874167535955
-1.0823339144083004
-4.536100889078761
12.912194105492057
8.420999661568425
-0.2733525158016086
7.395743952673401
2.260561524675035
2.7519234415401397
0.5165791151801451
7.925495186928485
-0.9815434110009926
2.7405428478947127
2.6079324069131933
7.951264571623737
2.2248999940053924
5.69029655280903
9.023953135951894
10.775902917155056
11.80935920088547
2.234151937558653
7.265592078590096
6.278797182849492
6.685670917841093
14.737441732640786
2.800093940232351
-2.788744015342271
13.865595748627882
0.13788540209865907
-2.0903160697357777
-2.534814752899697
11.184050240795827
15.55771113545178
-0.7915993980190565
-5.169199327793548
1.3801335235434848
-0.39489610736876823
11.106031689954225
5.175131357189661
2.5228372881698657
-0.7717050111153858
-0.15137194489029238
7.756231318101295
7.373358767641867
-3.5613300972230855
9.37622338501609
-1.32395285758402
-4.307752865188579
7.500605475422624
3.4945881837622026
8.157193629948445
-3.3315935951136986
10.680086139132424
-3.3415056233098444
5.596873932447222
-2.928605740432797
5.744923713371164
4.177819420748666
5.161776174239765
14.94594544432999
10.77463951054914
2.2213258481043674
-3.6174531556929708
7.886571678345309
7.528964255420753
1.5382986710880626
-7.592578996587507
18.46801601842661
10.027777667101244
1.583325492956848
8.446099996367199
2.4353614286895073
3.29578287464651
5.1943827052446245
6.9480667900062105
14.408855911430484
-5.565891627152455
5.103292972549316
9.050629039317874
4.383633016561972
2.547253157380138
10.402661815434943
1.1765709976386929
1.803594531253431
7.000515039909329
10.401255791104473
5.722239797306555
11.627087117767445
4.321292612609014
0.8602042923195521
-4.689724522892236
3.3042625073909573
6.682773044579426
6.866894673101961
-6.220806057608497
6.726401969520892
10.162650134438657
13.890698123952511
-9.331597147620924
8.30183574057928
1.455979247827131
-7.354520937558242
0.9643956131439899
5.430755653314633
14.504004741060378
7.045350977967692
0.17563523865698216
6.572073681498794
7.432191194205973
1.6868628019090395
-3.2062758484592875
5.589782885740852
3.6184818378140644
4.17492968382181
7.31316844638168
-1.1768930415846084
9.085068234462526
0.9213619149021879
10.748579061661175
10.719967282746635
-6.564032387751627
11.832232999004159
4.615382094682245
11.823047697518978
-0.2900347408691024
7.623935354133001
5.254452634351454
6.950387871176853
16.028190691577507
10.396342336758032
8.180375787505099
2.2324044135302
6.175288409424628
5.11382922265408
9.301782781192305
5.605647785300751
9.6917413211579
2.347301924273613
-3.4725423987903055
0.8702635399275076
8.93278326315017
-4.7512002356511065
-3.988352584570139
14.108025924986375
10.842566322365522
0.8572131967030119
6.489185125147393
1.9908218377942677
8.304673002759035
6.170185149966462
4.092667192061596
8.721630046593319
6.903164201035044
0.14652525696936536
4.554168967231151
-0.5244173711135058
0.11845590806008222
12.219029911182353
13.304931839482123
9.359458341922908
0.6034259150159649
0.06746726468717146
6.175360975982236
5.953939879411218
-0.8476401831421034
9.640488627950157
12.72809726680981
8.68283783566987
0.11754100483586516
6.336864059664407
3.0235177303287006
-0.46641123069729584
1.217963114251543
11.451219862915842
1.8489396922476276
-6.654224428620509
7.642077959431905
7.114370483655683
7.768738797991455
9.10206607812231
-2.214951744320631
5.524543148174488
-2.9330352801247788
0.827494005902595
7.014322781130657
4.513920249451404
2.08518919806518
8.671886353719085
6.7918859314884426
3.3561444692001383
8.82520429678297
3.7853247820467084
15.020702576702435
7.60001984750301
-2.143867769379911
12.46826156810592
14.246438662743522
5.1608869325494355
5.430873693717723
11.084841742677153
-2.0963057984571307
7.502947103078595
6.168074202488844
5.754904894910422
16.6103509960634
-3.670727372897555
1.4998295724754005
3.4506570664494833
4.1514789144846755
6.940517183162852
-0.697267318050848
11.4823310019498
13.508039583321876
1.0291765679847846
6.933802487516715
10.174977144943316
7.382297021980065
0.1733051443289486
5.031152857463893
12.179741353020235
4.712549405234121
7.086978772065611
14.043219504607098
0.2986307020069341
3.1230514371403992
-2.9057894087817457
4.242551367774328
2.2654908428594185
18.797802403041032
8.33796628218909
6.072212943352657
14.339228092514535
2.0584652637685252
7.061154702331625
13.829101780238325
0.055578795372024814
8.48548749853464
6.205603700311978
3.1178994307061854
13.676221619550827
5.843053294700487
5.6360999375389325
3.5715539233282105
4.2676977484532745
4.238099980592758
5.013247806619379
6.551178408936557
4.741173847781767
3.1338626098436766
1.1080817825870066
0.30756157875533185
-1.2170529658467535
11.195913682672812
0.022470675301255127
5.666584663553312
8.209193502580604
6.606249753291756
9.136359892523714
7.611844668662508
10.037189413445239
9.489852569319893
3.4598668402680812
3.5967302719044807
-0.1130289451954134
4.2387798329203665
10.63056289557681
5.47975165837847
7.173517970655564
6.883439725554281
5.773513483360553
-3.7252823343296804
8.39026172795244
-4.570494955319355
15.149087517574968
13.811285895905776
-5.847770576703033
4.716514378153419
-8.509312845135996
2.559183754379786
10.09599983576847
9.394827728955356
8.171754828776123
5.226617410142565
5.625754857482791
-8.42894183844509
0.26069411367034157
13.993724246406899
4.918069252682914
2.254823843358382
1.1553264620943424
0.9027593753400551
6.342170139080861
-0.9305316901669727
4.224667239825032
-0.5621657897725791
8.593440849370879
5.195292800150273
2.4793636491806734
-1.1973155241342663
-3.756113623002058
9.531863525420425
4.3115484089661775
3.048467586263906
8.615116574893332
12.93599895907333
2.243186411935952
9.062403949946429
13.245431684908729
5.358463415778052
7.851632570482862
7.1068848623305545
11.253970489424347
12.831620662363589
0.40411164688011514
-0.3693353139053892
-0.9939503350788259
-6.963200226172074
14.203648994138414
-2.2549484719252693
-1.070865711556893
7.0322849356036885
9.852359498934673
3.040963961418439
-8.664171491884288
8.87545585538658
2.855840740698384
4.908816424096539
16.022193492249933
4.386578091743491
-3.767298607407687
8.274121301054988
4.7358628341991675
8.224161337965125
5.598060945787823
13.907902468940733
3.379235586057021
6.404802898398552
16.463106181319084
2.1839705537028893
6.970914997080733
6.9541534628878265
1.4421295599902235
-0.8118909851699909
1.2785830702522412
6.347635050846433
0.7723337285436296
-1.8835013908008147
6.18995624998956
2.4866440853437766
5.032578286839071
0.7455870524369044
5.778940569662398
1.4247531135318
1.9638788826599738
15.190821276590631
10.050988696893482
4.402114470004564
11.639188879531812
7.432446859567647
3.8718087691108956
6.713821645558665
-8.16018400423355
3.484862851939876
9.459053882919461
0.6751287275040561
10.557426416110266
6.568496245126379
-2.695792973472744
9.82780157999639
1.515347830681581
2.7838100038994553
16.287724011160016
4.387815607065008
9.368279716364878
-1.3302172649795212
8.086497338929057
-2.5343236861739458
7.5359966814490775
11.106672358053958
-10.295217819594408
8.35943714338795
-4.661172930106348
-9.057835118244645
9.23573159102408
1.854601821471368
4.940153112408448
9.066374743716255
12.524112790286672
7.699147948081903
4.260133483619764
9.916022311292348
15.024849411663585
9.20218215767741
0.9679229394461961
4.329605816823814
3.938811193809192
6.771746134009435
4.3295858092123325
-0.335852808764213
5.186158364135545
6.8485557206288865
1.8076815189427435
7.454629992138505
-0.22607491339096875
-0.8982112900156558
6.503646979749027
8.903179585861086
0.6786326650489212
-2.4690432786946124
12.305277074179756
5.78296836239449
-2.655504036136392
10.297854057549472
4.690837793745479
10.167815886221272
-1.969676996219766
3.8040574294403626
5.195977223095012
-5.743514174532711
-1.7042310480376637
1.2802227924588188
9.802068494931564
11.367391444223198
3.233349570819009
9.109896969891127
-1.9036358523782821
10.185057806415598
-6.6458085463078564
-1.2377578835645275
5.1739023221385185
-3.7376814026384952
5.497960190154838
9.07440815528926
3.0860012175365865
8.995641713195717
5.653682022384781
0.0824780055566885
7.409768211505726
4.175268169555585
1.714390062592425
2.2578393415509552
3.777084841225706
0.8318383257468223
8.006715569460804
5.637354666688767
16.966556539885183
-3.8799666817361995
4.259631598955923
9.53430438235084
12.326339467249745
3.8196413318070954
4.612512562547236
0.9011195365553548
7.929310817343051
7.140838281653463
15.347525816465549
1.1915721647885749
3.0475526697536135
1.5096879140644326
2.922840281313638
10.366255787748127
-4.767073953110378
6.53123412586916
2.4362542255052526
9.095540273632784
-1.4801057027726232
3.660372199284508
1.3780175009829367
5.867923473172586
2.7789115542413336
8.884438863969816
-6.111229789611329
11.637416865271474
7.0780087306439965
3.4531704319812766
9.665220612430838
-0.7731081010073133
8.722379181394714
-3.379366753474569
2.3130033164015433
4.596794560889852
0.12716151298930267
2.842402194201383
3.1002853348213852
-2.1254539487247035
11.862700757724433
3.0120286034403665
13.062698917701736
11.87001213248312
5.9513309193459945
-0.6321664787791654
4.227560498183451
6.580292914317847
-3.9507422674356665
9.250612836502741
2.880050425604582
4.640611481485483
10.981902096287268
6.846842587225895
1.7375211660345498
13.376301448398548
11.877195088719631
7.572008069878122
9.707064092879616
1.1506610816085954
3.5322333323168715
4.878795274900876
4.649344261783296
-1.7677918348436616
10.40738451601015
0.29595859540386105
1.2198644568279886
1.6293322574133828
2.6046517301455148
11.18486827383257
7.011740747326524
2.3959925572961835
2.3294636045886192
15.244787148085006
3.755451879265588
1.8438494975338595
7.086439057345663
2.772865952731367
4.9706107519948866
-1.2514306113806226
0.17182774447980975
9.083699116920656
4.422158828805704
3.0050519784474545
2.031492073054871
8.567338558332848
-3.869652874610214
3.6548686041204634
10.278286922554885
1.0992402907022893
5.378779206307285
4.358341711228909
3.091227830588901
10.38197925877473
-5.258569105580236
9.081549207965793
2.7330163997800097
10.456374696012404
13.513796758534587
3.247996659926866
0.9600891465443331
14.991311227280333
4.588584119163961
13.391841894739539
-1.1098887720118782
10.534262848863749
17.752564062659218
2.8535649432113246
7.870258834500412
-3.063442260386055
0.29567536233116076
-3.0554639694088506
2.8009868161719953
3.5308903065468864
14.228499425533958
6.9701269764095946
6.457147888603527
10.991459109946941
12.045505911588524
1.7750550599556707
6.433595253689131
-0.5329818734202076
8.593748907794671
8.523015890007567
6.291413647083367
1.30664194094871
6.975952660742726
3.792132995231107
-4.806409797880244
1.7274490564230023
5.457520617971302
-5.619618411038147
12.251091562924012
12.725108884040116
7.542107176784514
1.401056729322511
12.293291533646336
