1.2803982280155402
11.855273136085067
-0.3804113187481084
0.4224443718240165
0.28463756712486
10.487950437684718
9.273353084630433
-3.960292624500771
-2.0135151632294104
-4.0511826939526046
-3.8346063709418257
-8.410850366178162
9.75806874231512
3.87344631978249
9.65113133909705
0.9160074246411298
3.9635994671061496
6.137837144990014
-2.6531558917542215
4.777143997426015
4.789953886492338
5.3888917493269775
2.1814228563230067
9.127858495936241
6.855501061153831
2.1603906822446515
0.10530002207891442
4.76512829527707
0.7254340917885709
5.219688851971236
14.185845917702627
6.368805752497507
-0.36972494440918346
3.8271540297623785
-0.10311951324741209
3.3088030401455057
6.367981072363348
-0.15287504503153837
7.457861598998869
-3.100730786114422
7.191979846794126
7.5390962509393145
1.1044099518945458
14.082038936311246
8.445812535591898
8.678340304193467
7.87910486312159
6.548501294211538
6.723344851442006
14.501924646766774
0.145508925614934
-0.3820051596731693
4.479660590355505
0.6524276037731251
4.988766758711745
0.539556273732261
2.2538222463489985
3.981541869947124
3.5171576403426426
7.373479970339094
10.00958179616417
13.443431077182929
0.3855434119556129
-3.3211234542256243
3.6736063430953454
10.49513758076689
5.246703316740627
3.136845867146381
7.3389291129614715
-1.278973426935993
5.181415091543865
8.857246882088416
9.541298181703244
6.295727679389846
7.755604783354523
14.297649167885208
10.132070084859722
9.588044210180202
-0.05233639062293882
3.4191978101515375
7.8779983896551435
3.4046128514358416
7.271377389071695
-0.020094719822786544
17.342531015041214
5.851738276587667
-2.481604381165506
-5.905230725546005
10.567243238760458
7.844907266945254
-0.7444208118202056
10.24089628571309
0.8081991318040407
6.716147713030047
7.2516918918244855
3.682737720271147
2.1489667333395706
11.036584617494595
6.33344955353037
11.483675491698165
2.536575956535786
9.107439246775026
9.96853013994426
4.259695813378012
5.913625241952979
0.7137522509615075
-7.9217304799367
7.888450976317224
5.051928199036959
9.041158920902703
-2.1560863765040486
-1.1927160176804428
-0.5465785919390314
-1.180717540412748
7.972884191696872
-1.5996384942074897
-4.943364362083786
4.690374483042458
2.810203401914834
1.9018879366182624
4.850267618066473
2.367976464530633
-1.2838530834905812
0.08867211338252456
3.8753759759835993
12.151671684239048
12.024676575243742
2.8987290095584273
8.875922850295147
6.07101500319244
11.930119516604694
2.6833886595905847
9.606624925326791
0.9510224362450463
12.095802764006345
7.02720433188205
7.6391165735503455
4.19714953775687
7.847431592698388
-0.9582531044289553
-2.2817739604365865
7.494599259552762
0.9241126520769782
18.281108430842423
-11.077776376675573
7.3946772956451605
2.5095880980025487
11.320986472769377
14.722598902102627
-0.8334954843640947
11.397398814616562
0.24261537029927194
0.8107631440783813
3.170370440974576
5.534328288093788
2.395151776208871
5.701656211646274
6.736144073379559
5.440170705618837
3.563658142733563
-0.9501791689970673
4.94308674238264
4.040670309233004
6.890425070265913
0.7808290425097204
3.690640668053394
8.91030052887141
5.479039567139727
3.1828892340358745
4.049560005716315
15.194390924589628
1.5951607362417457
6.40161252797723
6.418774756201966
6.247832655656571
6.500298629770222
5.865140870899145
5.282250855853873
-2.3512682526377002
9.360745962787158
2.091390633639216
-3.880237907601317
0.1704708698209898
15.421445611606394
-3.1956853665569795
1.916482510260269
2.457007209825109
15.944741149489504
1.7052301489012778
9.866520568916266
0.8480580404793949
2.1619090696991083
10.330439235233513
0.0774123577547563
9.007127105181402
2.499893331908597
7.0147281019268215
1.7045245056195633
0.5545836194315106
6.8289731284897
5.979841675133993
12.323450565120899
5.370671436545479
-1.5713076050509143
5.131660136869935
0.5200031685600175
4.162489017734467
13.743757817128026
5.92000462396903
-6.62202097471239
9.307127957714098
-6.475189997404982
13.965622025372625
6.083397531572398
1.6321440240964815
10.829584911729079
4.887222298126948
1.4655462095098357
16.681799358899788
9.938631942353144
10.954925797132857
8.025759926952741
-3.2199672127621763
8.444023300500223
12.49793794669479
2.5576177374779387
5.557518429207578
8.031661889426868
14.060110230557994
5.662357505067792
4.489199104334654
5.181353207093235
3.7910182155992613
-5.72174724101225
3.543112961575015
6.865368691675659
8.542528105196737
6.808994066523149
12.37172546447604
4.328219229773334
-5.737488992028042
-1.1066890624767112
1.821463880105076
-4.512312626137668
11.478323541126922
6.625497580330449
3.2017156456783993
9.271365862530798
14.160713191161307
6.523666132397908
2.2728619669755803
3.106979054843472
6.75633088224617
4.738876215693338
2.09393207616494
9.9711547657869
1.3967402478438027
3.3139572292885955
-0.19650997646738677
5.136878551932301
0.5329996898866605
16.94824004717494
0.5526212680862082
7.396909946891746
6.387200330495269
-1.9110468352376357
8.66967810312521
2.498023687815108
10.257188846235568
5.275827645969706
5.965430899833031
1.160885745977152
11.8013769864952
2.0014982029403936
0.5554819011312033
12.406658868780116
-1.7030419548466105
3.529994237696988
16.39720512660482
6.5367163403320365
3.1029519863182813
8.571100266985244
6.6601003738239655
0.3548432344852124
12.422580783099821
-5.9032902124728786
4.039228716869928
5.034695514299125
2.4537711357906753
3.7239250469962886
-1.1070690430717813
11.063722255109969
-1.6270875036111025
-3.0681540236388933
0.18984210562939463
0.4842647499464352
11.46327298803023
-3.9905507718894118
5.34318389384721
4.829952823011601
4.535012578663698
5.799079876822848
9.743602596341091
0.5576024251340197
10.66534246397936
5.144636190042242
7.167793786234782
4.489697239397723
13.150732943514127
0.8612406006695057
6.043200349321832
7.786815677843322
12.013812804849335
10.273170026415194
0.24162885844958915
9.379438845073945
1.3154952787485392
3.296284591345385
6.150060118963591
2.378700323405435
1.0602928306799528
-0.8873021071966463
15.120368049304673
17.483428151317888
8.032272319856558
3.8945973644100707
2.0700735810652455
11.611261965537842
0.7344300789285381
7.796660069558612
-0.5136540990751763
6.539712598564234
9.399268180285748
-0.4483827682484405
7.073027968805171
7.748058470718681
1.4859128217796145
3.2170174254543227
5.884447135128842
4.973154541751636
10.630731036654165
11.776403785148297
7.8095487374776695
1.6262051116745369
5.390008681792719
2.1887265903937165
7.729288394103424
13.966995081975135
-1.3344864698315098
5.089252312864452
1.9397024260033944
-1.275954995698977
8.728212941358189
16.477086340768324
5.955402673748051
5.743595278289585
-12.714437107790339
14.181623479497125
6.104160736144328
6.161927273012096
11.568001053936923
0.5582974459184467
5.871439398679714
3.840381028321893
7.732604563755675
2.1395331696988715
11.618980939581544
9.524891046036906
3.3191962071761028
7.5611222788932695
-4.5115878099878515
-3.846514649033696
14.941653914484817
5.686223676340946
-0.7586500700835925
3.0024876051721394
-2.01471371329679
6.884592485144703
3.0698044925797774
6.94441599544218
2.2747251818082246
4.534865172968445
7.40980836585601
2.3557212058149615
-5.708881941669235
2.5298743720129298
11.929365178458983
-1.67128244686144
12.549231101645468
6.224665961482312
15.51650815078973
3.2796472562486816
3.9833878434194165
-4.9647719137959125
-3.1510332529867355
2.539607256780616
4.040697637674913
1.3265704766520408
5.687249704698168
7.92298544323966
7.306655602643396
-0.11824973988364196
4.769126800668908
4.050506875430948
4.242366161018014
8.644491017539764
3.20433939010611
-1.096026776549074
-2.981628966828824
-1.532975518683167
14.436944622273113
6.589416721193016
1.884660067719612
-0.585655636958939
1.9827586553861343
2.75151375058361
1.2679133732144425
12.552285122268739
6.089699891635456
-6.665083116505118
4.764217615178351
1.9658944962743141
0.5715109629263191
0.4849516537820353
0.6488406986308681
7.6177950748817755
5.918468907424015
11.581364318638435
10.374902607414068
3.200813859329973
5.6497481673678305
7.589981363032023
10.676809546008421
-0.30678784630873324
2.068102989300675
11.443430328731502
-3.933847131372305
10.74692148767616
-0.8143608427312419
4.18199045001243
5.5690844538144395
-1.515891905816252
4.539747115874084
10.090132620054973
-1.7340141047426085
14.079282864193917
1.3403336706999376
2.3390359011222497
0.21885912836681332
2.848529516724622
5.580036890408835
7.3387842284634095
16.297104834383035
-5.67542720644869
7.752318482276237
3.0148627434515194
-1.9152273903830483
3.337173030836134
4.344232392188181
-0.2596044689346009
6.063088655375013
-1.0961615320523004
2.0427981822270223
-0.9091170782825442
-0.34711193350436353
7.652454474684165
10.76934322089164
4.960776418915123
-1.4773585045704136
-1.5614394296875886
3.6141916553994
5.707719546849572
3.7107215702761223
2.8045354637605673
1.0603337187893587
4.46956498848935
7.527641151183911
-1.7961195936680339
5.0851133815473455
8.372829793083852
-1.5574856070248444
1.4040159788745572
4.835809836882969
9.238211455126091
3.665073992821448
12.953543589681718
5.038394734191896
9.423610519742596
5.2022550188939025
2.7383007571844438
6.545570751087027
1.3904382488508915
4.5539858605872165
5.740255298220752
8.101006281271204
9.461666812452464
0.7016746891780281
12.263457771135254
13.170935424091672
8.286947575675562
-3.3966026672013054
9.025432911859117
12.651836983900886
-1.814823361152773
8.185854201788924
11.971247491322476
6.526968820492921
0.7618080929469295
1.5587160756216365
1.8171495236805464
-0.13420207224558034
7.098933461647314
-5.167166791722979
8.757834501685107
10.04792604905536
4.359762900666
2.953102762854247
-6.929332623272284
-3.470327211378903
-1.1253323948606333
-3.405687732693359
3.022106523849202
7.8393876943030225
9.73028200963628
-2.9510808280408334
3.2396015926944015
13.426841793422842
-0.7845618618163535
6.7696831685662655
8.820354461684072
12.543883692934658
2.367853662476193
-1.535525984817422
5.5249870327530655
3.5377562703110783
3.904403106416728
1.3375949965328342
-5.159110926203105
0.12343204141139275
5.144132492203975
13.522048188116791
0.3368978274038197
7.060237763696993
9.908648261119632
1.3845277112105348
8.920744877686257
0.8477102509370029
2.027784881937752
5.241302698103861
5.808168526471713
1.6683956061275085
0.3054923037505777
6.187620547123808
1.9753167112322045
-3.829445835774411
1.573314675041677
0.908514153510052
1.3952537296182093
7.5440758302112725
7.863334821775197
4.303866471792791
6.377132723108456
10.042466183728902
-2.360451540126654
2.427726594060929
-1.181167170995896
7.189542980465668
12.2064386948803
5.91384468947207
-2.359588118869265
6.53353697479044
5.330058494988134
8.822392164826198
0.14116377243042555
13.683869888951769
4.146077684586833
11.341287769259475
10.965064351290572
1.8869048567917068
1.4925886039350789
14.416669829858066
3.6483919592159513
11.531119018301121
0.6711900519463541
12.078449333192037
-4.7044746690249895
10.829357722430242
3.575759707234888
11.307476524884738
12.73333404091294
0.11972445767617135
9.57125334676223
3.0337289882986234
7.592452592400561
7.571139422900939
10.095376868750357
-4.966237749071334
0.48670385609159306
2.313462021313107
-3.8770035518354886
5.269117777676447
4.652708120952097
3.1199429804218832
-0.16387071670525888
-0.16588180868450753
3.0570732506404377
-4.444975112493573
5.828652112741213
6.706379424137909
9.7270995161588
5.976602833383316
12.051324728867751
2.2997271719585126
8.146936678557863
12.174186210006589
11.47640072898481
0.3515779949775304
4.317099029367846
5.4251180273045385
2.9274642339835344
3.3370644471165036
3.286445084526055
9.762092343864413
5.116952470456175
7.062998938085744
1.3757548986581645
7.984425673341979
3.5946618213235277
9.739362628054561
10.290803782289245
6.217391834570182
-3.729968383939176
-4.015210204985384
4.253827938794682
-1.1917709324342125
8.070876643443896
3.1729799838598343
2.400082151205485
7.339509478975386
10.801470715885573
-0.4739830155320335
5.295255521597245
2.244082466059653
1.8655742581710406
13.818022099902915
7.795498272136264
8.618440371969273
8.141211608550176
-0.30362330759994194
0.37922184328972275
6.882699581741503
0.9449801908356283
6.31902544830552
-2.92405446674804
9.980213180086736
2.6890087168122045
11.393229217565416
16.901543398603657
8.69167184682201
9.312409852909385
3.327678439396247
2.11748610753705
13.103045753678026
-4.436701881192009
0.031086890534157696
4.851476196354273
0.7758891987254106
7.587571951368556
-2.507203368322674
11.616073082229434
5.58292725597211
6.110277395428653
3.368928315330952
13.730885425142045
11.484080859972613
1.5213280462124863
-1.8585886443580213
6.525396902301434
-6.3293800163533085
17.96144812019312
2.2404233454449227
11.769621090904746
4.591461774002143
3.8852411272489316
7.921695363421556
1.7462542198665592
8.881623896245323
4.24185173152237
3.3652492684777133
1.7591706249912797
0.6546922382829452
9.066962846316319
5.033195930260602
7.029320648729188
9.162636995306762
-0.3440215634555499
9.678156573867845
1.959154969328853
2.022086987539187
12.831938688196878
7.703734876102799
1.3880851638521126
2.8788398028965654
9.957791110121999
-0.42158399458655094
4.327485550461445
9.244991734451226
-11.057423200355977
3.7977824822324524
-1.1957894815794292
1.3609802655279921
-1.758007522647529
6.527111144307643
7.570246914840417
3.866038416449962
7.6186705931263
11.341784014692312
3.4418912938967776
0.10675680302256474
12.925502858150175
9.444980588275488
5.949242895352268
13.439307428953882
4.015598075407808
-1.1457094076777858
2.9454348779058956
5.619022320244151
1.1052468359839085
1.475411335422403
6.331011409776714
3.650970917886052
9.467908910215867
5.490579013870614
-1.0970217402613258
4.106452432928007
7.992944328459878
10.008667496368155
3.4646914696627324
5.1482787070607445
-0.8378215244463201
5.705128227308857
5.770941724911622
-3.620723702541042
11.01985521296619
9.24049712789883
-0.7009397703853244
2.2258093351311006
2.2270344461153835
8.586987435290906
7.357899765370835
1.9755707185511748
9.568588668525846
11.10167045432183
6.487794807537012
-4.129465380249663
8.721269294684658
4.386701566854827
4.909999618897215
10.36939405555589
1.6399114716027734
1.8923230069251824
10.304926582040407
6.4262971424873125
-4.285121334227792
15.242244020941412
6.811899778637926
6.630640750952573
9.670843506695617
0.8739075766800513
1.6228096251202233
3.9193858613203427
5.6353017135302075
3.435016142123212
1.8826012828435332
2.549907911395308
8.986369414061361
12.348802599299054
10.148793763112037
10.591315390054369
5.272987259608233
12.830205526936588
5.39487967336917
-0.8738942733613371
3.1689547210621147
16.287596758494384
8.948116511272993
5.590363769073573
3.4157160861540588
3.7817024414561775
8.589732990995776
8.822524209176525
-1.1006326803935353
-4.506116104308548
2.219895054359621
5.596249954252686
-12.21313374453816
8.65429698112112
8.022159596848809
14.34510918114348
18.409440501460104
5.339765719026391
2.976618940524495
-9.315532203809347
3.359871782366977
9.711014127825395
0.10735311686661064
-3.8400452612293776
-0.6315209290992225
1.7914016083381878
14.713099917713782
14.32576294818649
9.47075490343926
9.52726655871713
6.228622961162291
12.591131301017452
13.541276366366922
15.31455664383716
4.930513650492595
17.165857789503626
0.19143866474293425
6.824592688311734
0.9701916288023398
9.047504865545905
8.396212974274981
2.716690792179154
6.820291364735597
0.8496403565893917
6.179848803688335
7.395487354108145
2.1081352076582114
5.81862537796818
-1.767795475550182
8.160373033660019
8.316638389935683
12.778081805775756
5.591802145445529
6.637756658371793
8.843418740020205
0.11378548883090556
4.7284672562047945
0.26471426573298995
9.393217901917367
17.237860517883156
11.46159688017693
-8.98074844628046
2.8813244328091416
11.103177398871942
9.802097728197037
5.313314820557151
9.883354779385037
6.434870414953912
1.1193690847620448
4.623466658029601
9.07492648616468
14.00566945276044
1.0286076718663335
13.32845684971689
6.843685812339264
0.622512797996781
12.684798629562419
7.309440621655279
10.713624631101428
2.0573754539253435
-0.5163709143054538
-2.0475045839056403
12.752470938471278
3.349227004216429
2.5426874384944695
9.86216382012424
5.572256295522715
2.4699499792218007
4.926879680500377
-3.7448196151595425
2.3641363284954595
5.179428334508929
1.381072002628649
6.934615939366021
6.365585393274497
0.11200184532348656
-0.9209906451264667
4.381091521724514
1.552036058766043
3.888968849956349
5.689045984676835
1.1541438571293372
4.631886845584639
3.558453741297972
3.8227711389861407
-1.824774865984284
7.760427196638605
7.489399448550003
7.436272961806718
0.6663317687034604
19.680132848533784
4.393188398982063
-2.774200286865595
10.436224204626377
6.1197909856155075
8.754353446482945
4.456154957549166
4.190441107458419
10.32485256095011
7.352871697295816
-4.667181536585906
8.575484036947522
2.998396354839879
-3.988029189240941
1.8131938441801827
2.806662214284698
8.202880359101849
7.72892163258453
13.696875212344969
6.617801226686447
11.033542560360234
4.468156137468898
8.364208683485097
8.306657672697636
10.854925376934412
1.664292302382976
2.0105697416303583
2.8983284727848657
4.04021178829583
3.2165529227623595
3.3013826750486475
8.721631469958854
2.0771592421686647
3.0526732919807964
-2.7696982543077233
0.8227813993256126
5.939977166311953
2.270968066727755
1.3739354514956021
5.535083650779763
10.85571995030066
9.918568228279023
-1.3632233120223143
-3.1282048669103144
5.255236889116391
1.7381623315428434
9.55372892989978
1.0796752277406405
-5.088519002581782
6.566558896507514
5.704622722038572
7.930304570855447
-4.611274821684976
0.5415447772976805
-1.1086482026825593
8.007258026709867
11.105924866170202
-4.394737691681328
1.4040215574355557
5.324804159020044
7.236082014068245
2.134539368479053
-6.868142534112469
-4.473339015802715
9.385211042218288
3.7179580963195145
4.219065323905086
6.222382283762112
4.0989774184563785
10.035913137534848
-0.27338949973588145
7.519206838412282
9.10054419856619
3.706281965476452
2.7720765281821937
14.427517300950365
-1.332260929781552
5.038979279081209
0.8883801969898346
6.744019574735733
10.565135313527467
13.364231055008869
6.100961173227342
0.43331111867539374
3.181556451301178
8.647605598878162
3.3649994850564555
3.13940261141456
13.791861076788921
13.393701393526577
7.195693951893055
0.8819720194912302
0.9257394542578932
10.372232258258032
8.194325197903847
11.120143177442667
4.214404703682474
-0.13808866749649518
6.698250544051269
3.6446264781096
2.592270837838795
5.9088699825066
3.6580958941463804
0.8878315356296707
5.155348154679781
2.6639265791722755
1.9882647146441554
