1.335721434473415
10.110638047173023
0.6368596039613514
5.862470227686047
11.004287315636693
17.154737063110815
7.366430221681284
3.35776365371569
3.639882135688212
9.732221437161849
7.92182324734259
11.557969044994692
-2.1672351566923442
6.982257156777058
1.5581305591708565
11.518275827175836
4.184550578073524
5.01660163647308
2.209264434408056
8.96150268987922
-0.5994639611404065
11.052526590565641
7.095141432737264
7.867253817149282
4.919616075120529
-1.6095818636801358
9.41214256750931
4.096452511784489
-0.79897833196965
-9.871094519839378
7.774115850741464
4.016865225266017
3.3919039251719965
14.105406025218015
5.6309002742730065
5.474872687400092
9.626584401332295
6.402766500123837
3.8947654600556025
-1.83549572265344
12.413286776628624
11.14908795535706
19.320761689876896
9.950551633727336
11.96586667106501
-0.3893713893602584
6.119741324051417
4.375197284514864
2.5504023130778584
7.701453144627061
7.010534539674887
9.579952672980719
6.307203803703135
3.3351054907254616
7.270268142824679
3.0554840363424733
6.457958783678763
8.043995618784907
3.6034880905224784
14.660940180195391
0.009150422437309125
6.254531890187548
7.732812915680147
5.977301720308388
16.301570044720563
-0.46648810971589594
7.4228883140076904
-7.467371481639113
15.599742567339078
18.357669216749365
10.042803577034404
6.84270325763297
5.995008242912282
11.952811118756415
-4.124558131565463
2.3627342179819184
10.140098785126618
3.1894762699076393
7.200697992427617
6.579770115860378
0.9573903194633671
2.3485522246678436
0.276732638939861
4.9816706726980176
12.094998888398521
6.502305886261661
5.865028660989511
6.327572653658033
2.9194145307109403
7.232811661916637
-7.442525157800988
10.376516698578945
9.6346598864763
2.2551595749038817
8.253548095562843
5.389382940157413
6.719761200476466
11.10209269725606
13.576050074457758
2.94941282635821
1.521875741965875
0.7163257028538768
10.425107856283095
4.8839494594009025
1.4825864569854517
-6.295484701966849
2.62667028620444
1.8803106916360903
10.06682405470372
2.8985150107888007
7.8095514581263386
4.06869356459315
-0.36101776431999966
14.415789207753527
-2.7323561794141664
15.467498247745782
13.475740041476104
10.804191622108444
5.480842784336948
9.827370022180762
1.4777339993772545
10.70585999286932
6.324850685795214
16.231414277837793
3.910730517850843
0.012817769729898565
7.023426953399456
-3.2919033954692996
17.018660935430987
-5.954365855573867
6.292828756550276
1.3491765064548513
16.074044840429604
4.723309725946879
4.01994905832461
10.158967146063382
10.679871044185587
11.334227886208335
3.463477439573335
15.960603433359513
15.27202912508341
12.250915602758452
1.1213121596435007
7.2615022033607755
8.676547541432832
10.2043514239341
4.4573400450798335
4.430916855010331
13.407269755029603
11.794688154495717
8.51420852927412
-2.0298330176741004
-0.7497514671519898
3.001683690774196
2.4028398841433685
6.90444149639494
3.1793344930872127
-5.583528179931475
6.720004804109909
3.1931054287670673
3.6104423068747757
16.00246988951927
-1.1060456766589084
3.413801299551032
9.326528433183
7.934191321606469
6.495019865537963
2.2288941958814696
11.566787350505958
0.5028284257787989
6.879373217601484
3.6197696138213757
0.5812095473375471
11.589272760166812
0.06504888911105589
4.899095481411026
8.898862542704258
4.177647282406046
9.164758502319092
5.26456211079425
3.5771189335038134
1.12328878355284
0.06148656202573921
6.1296233934396795
13.50118075366419
0.4293670520213819
9.605947351447716
-1.0159035709669988
3.3522535600510914
6.195422927897376
2.8751963174383532
3.2613436858075975
9.266180321365804
4.991510087580089
1.3537439131172047
-0.6979704003710925
3.912605550032006
4.39576250754776
10.885933875693416
4.832523081864121
16.904685267260938
4.030891931199298
6.769378668869672
-0.585999772320581
7.354668226668265
2.0044923867787254
4.389986349085672
17.088216141507736
6.674381305185877
3.4465440407443313
1.7728445160262938
10.809834404789559
4.2277217010228965
9.701276289215528
-6.851584034996781
-1.0168335638290857
13.00952707754698
3.0510777997692275
10.707068162843045
7.503441988078886
9.601364239500082
2.3829473554248923
8.59021972547263
0.8634957242076027
14.475950188357285
4.858287710773404
11.373821788008753
-0.7897374482335744
1.0964772476566171
-2.665057014146834
-9.965844895130628
5.855337800271651
14.389460074593481
1.2088790209950062
10.901171370192815
10.876988902860617
1.3720118888347024
6.6355962077945385
8.13101578968591
14.912553848181874
-0.5029646774335426
7.626181268707466
11.853994700417541
-2.2672297162231914
10.930342451618188
15.831273301409238
12.572371751794964
1.395324729738535
12.972998542724076
2.6237799181936388
13.9676855522126
8.176847286504186
12.909088596959128
7.588114496769634
7.1013276196294415
6.615836756572181
-0.7118108992129848
4.405622663382024
4.2941937350237485
10.401578874272273
9.37382288713368
11.219607846624879
3.7538896712447305
14.623511127337705
11.909033073080858
-0.5010356193856733
11.11745993660519
14.827665803009724
11.779008933265102
15.668432197761724
2.526736245927427
-1.8948768280188393
-2.3105982749152663
2.0971708619857545
9.500488680206804
13.544932734930477
13.843322934210413
10.887085175038276
5.507816748454175
9.417006029983025
5.468602665356484
-4.784746492946898
7.469331324010054
2.949008133538663
12.040317317519811
6.38968891180617
3.5416115706113374
2.0247473088893133
0.9962046493494006
4.844297246212188
3.9094295394169163
10.92843039406668
5.119575539080966
-6.290707210340724
5.698296183131365
-3.2272379924112755
0.8326389223868089
15.371554644834452
4.689304342490044
7.526482430855008
9.696826530738882
9.377378010202143
11.731814699292826
3.6197575644772564
-2.4810830074657204
8.854421100020922
9.814536258748682
5.83550942844254
7.245058772621263
4.352066994864938
10.694800161821593
-4.071328875812581
-0.29141129375058217
16.6773947904631
2.886255927522347
1.7807024545847092
11.833460655239719
0.5839984434195689
-2.479932626811852
2.847328530111058
6.093862115254884
-9.622325163569004
6.995274640154317
2.9659146054607644
3.5561838579167815
12.935357599860003
5.3438948082793045
11.902624542261059
7.335150039210845
3.4794550113653515
14.383585209193514
10.860180973094478
-8.769553216491868
8.0587215839838
4.701162155210435
7.199272369340841
11.681651994414024
14.90357395072849
4.3777248884259325
11.569250247519648
10.375301727553115
7.5745301885203
3.4049217947693906
-1.494315294405089
15.302194238496572
7.544535687041054
1.8284327081999852
5.505400096991312
7.345376133162115
8.48572219801405
6.269027901655326
3.85625246324283
5.741752540134121
0.78410296505138
7.459881674164714
4.744503586156484
12.673507634851864
3.815964349138842
8.285971442800303
7.168283876281212
5.507437314931024
10.649480330041822
7.060725265896042
-2.592176717279166
4.5679364013209955
0.1672086177449259
1.166699598128715
-4.742591388197344
16.9308282847351
1.3149736978592586
1.0627151233355887
3.6599575525906176
2.8549792091590867
5.185768047464398
6.352433508119687
-0.010700622663597947
5.593460469578738
2.7450832126300577
9.516207466825996
-1.098049832978635
6.753991729517452
0.03421394031020686
6.582116729279885
3.4377468794403456
8.685821884341529
4.214981515091949
6.7872259181659285
2.4372173451877046
8.243531975587585
6.998646481362077
5.739471327951443
3.354217720112203
1.3980996405691828
2.5449493708505213
2.1264420302650424
10.900412024329448
9.002681619639878
4.392519922042782
7.250062405964771
17.676718863775136
-2.670288267594497
8.774066166996551
4.206128827103932
12.051671578783942
6.367859217515394
7.169534506550161
3.2884581045600783
5.282603212877348
-7.097366703049097
6.893244603758017
1.8092700520457976
7.12160119904878
1.7482297037934078
19.305219711036166
2.9523902272161506
-3.0486920111315534
9.056491536467828
14.37800035373885
7.854152580133667
8.152619042587386
9.807370872382007
7.09108158501261
-1.5049112206690705
12.25414511097761
8.034667292690612
5.624608157519384
7.827104120984988
20.101896180686452
4.719671543540906
11.20237218002589
3.3186208471640892
5.417324742811668
7.158200082061914
0.352397839910493
9.306234051116505
-0.510970715830771
13.331757448145732
7.134400745142276
10.89253552778218
12.940484123200967
7.655527843459499
8.454830367050961
11.312522232230526
10.165242013848765
4.526720501736706
8.086089085106646
8.791527418361085
4.753172779338089
1.6149280133276447
11.083506818986432
-1.8817277252392932
8.978997543103588
-6.080157559045258
9.809598000767625
3.9044508222385774
15.208254942488894
3.715416926949209
2.9887003571885695
14.853339711656899
-1.640042242074153
8.230293322771232
4.975869772047465
5.040671763911911
8.202946038903203
11.781226671238182
7.859338144268179
16.19390931927764
14.79343162343434
6.532640361740297
8.8151419817493
0.7494490990120797
15.07351062534458
5.950266417061756
3.728339241748927
-0.5428240742106443
11.551556983750556
8.728240578988313
-0.8896282867090957
4.968248069346567
10.784978878535107
9.14541015761528
12.416335553703423
4.655597401008915
12.862192715637118
13.694719388236523
3.8822635035221724
9.497661426895569
6.880530982615459
7.429179877087776
7.851650912830708
4.117419571495606
-1.0134323002099102
14.562244713418883
5.640703586021357
7.59919319145038
17.820444449312884
5.402525151690047
6.570799456293881
4.027176295305008
6.695981295577768
10.468810910557291
9.060775601187958
6.121186878936922
3.8431214945996253
15.173058314146797
6.328243184680433
1.7692100769373313
17.217339954023196
13.822785902338847
7.196853708866126
8.870785816366048
-3.6777346448596333
3.523761167540015
-2.2610581061919035
3.6596005283659303
7.719189066320158
15.467571496520723
17.789052203666927
6.838915008615519
0.5847648712173417
11.637965884771823
9.364912155881111
8.530536630360952
0.6029371943293329
10.408234173613415
5.438666668821929
4.6150364743438885
7.36943724014053
4.8955021611154255
-5.548775755299756
10.265335857470983
2.5156652536666164
1.1778025668112262
1.5269368172928974
2.1469776065099206
-2.9855976405461337
21.482492451545863
3.315324639363747
4.877792895888481
11.099751645507673
2.0107074834603735
3.4242088188357784
9.924635751393811
4.608342712759264
0.04964437770251795
5.461159913413332
10.894979330280256
1.2795053948037962
11.688894855832174
5.800861301894352
5.2269870115863535
16.354556966814044
9.412785924112566
11.721531052883318
-2.028092789788843
3.6376730977975185
5.674834236979024
2.2286340091926315
8.186290938436265
2.6873591869846796
6.011556434970279
3.473199824579618
11.345584680092578
4.405528390923776
4.698332194412407
6.499092842662797
12.953358151224968
16.14948618222079
1.3090977896745413
0.6945989652297033
7.703796730920108
2.2726868632373054
4.668966627943725
7.643548497078171
3.6052547991373065
-1.6368408765104858
10.138687434659062
10.535462177543753
11.092996003892576
3.811072842482966
1.7488676014240392
5.461687909668874
10.348235605330705
4.4054880225247945
9.76726178517465
11.454196011688598
6.192337745219066
-2.2812091374606176
16.71440648194637
-2.85286293837979
3.78936790767455
3.466813608983023
2.146915435802284
-1.77636930813991
8.91354660524025
12.76028236673749
10.104405582141512
0.9654172407365955
3.602014681765891
-5.226826711642612
15.249505692015154
11.667985630369113
-0.017061093507329872
10.128088255063002
2.939336779897394
4.1074220864249815
-5.557982543222966
3.459604025114767
2.5299622875531638
9.39246665600425
8.669946827999372
11.250694967853129
4.43026512588648
6.559568344904555
2.1803844696344727
7.33275379552636
5.518715138913999
2.9046056035171066
-0.602294968918712
4.2567878884147134
9.68195435352078
1.8191173329914028
11.122963166945112
2.709433428702963
3.3066890161159517
8.016606886258868
-1.6236717487257009
20.675604154709042
13.02119742078391
4.618019218603065
4.948932066451079
9.213580643410674
5.407812479275426
7.012906848385575
6.448478673631697
10.763273276600131
11.724676302411943
7.856805178005235
16.216306502941514
12.688945284611858
15.401048560059357
7.089718020602504
7.1833136535901785
5.099479291228187
7.962836071786808
9.971741342883846
3.132414785666469
1.8882527381120404
1.658100443253006
4.551349879967169
5.514741624044786
-3.8419412875777823
1.9032678316054579
4.760632398750615
2.6424510615624905
1.2327384737052682
14.493865211718813
6.1023520124132835
4.07946315579539
2.7837760727056042
-2.3324639048659375
13.652110005776795
5.3834388977706
5.486655768335844
5.8411645680643325
10.78526478040312
12.137572656175308
10.990277768033739
12.354256076157885
4.390099627404249
0.5868351418010223
4.049095790651456
-5.316826467723299
1.75485939606964
6.872460144400657
11.58983514091113
-0.9481389273766281
5.5773424141443675
12.158666149853989
8.08445647698289
11.70017019816606
-4.070752527925617
2.383014153548497
8.088027534416325
9.543702951509658
-1.6572147781317623
5.39194660460092
7.954592218814359
9.735097093795623
1.7763691416033103
7.189012072474409
1.6341375328057604
3.909856357352262
5.5296734684847415
13.58572812316465
0.09390598326653166
11.50884584586355
8.59018822582927
10.352239931945231
8.932669734498313
8.347276601112021
5.113200281347679
12.098136214239652
5.125628701711408
17.532561112680472
5.526828347656458
5.181981563403255
6.055893377854974
8.723164072959491
8.169266861764399
12.474961883555496
2.2549564861480422
-0.8007663840319204
9.936241072114864
4.625837347591227
6.651415123342707
9.78633407940062
3.125756512201432
6.992365201997684
-2.6222929633137166
6.931347715946198
2.894660603891485
10.661558483283711
10.39107049160488
6.4630420651917015
6.026524501672072
-4.589008064068846
11.26800404657768
-0.9120783246690483
4.330644818222082
2.85651283612954
0.5830772293382891
10.319538853042515
19.108740020686042
13.80934845689389
-0.21410317968056347
-0.18179997996247454
-0.35040087204612824
-5.910771735504531
7.719175059912561
4.433249316827818
1.781865339673483
2.1082967406961224
6.25585655983832
-3.5253069382483346
-2.1294488801465388
2.4368160438374264
4.885154585039626
4.967478885496182
9.715254021815198
14.407643655224886
0.23578712081572561
-0.2125360240706069
9.93683838920067
10.46824177830508
2.2285765510712197
4.338754075626843
5.792355883765864
10.203520266564272
2.310756674498328
2.873407663740611
5.676619892221347
5.910845864314372
8.006840502110348
3.3578545157963853
9.720233195672401
3.218759859316429
0.4190340307477136
4.587318040865461
8.680317730397052
2.2351771412982475
10.756854746453808
7.121255860923139
6.50237974695011
6.2686586182146415
8.876909438848813
6.07358345673536
6.733160677631858
15.304838884394297
4.472691767692042
2.2918906227989613
4.2891283088299215
4.860814230309769
13.656163816967673
4.147927930696825
-0.2812785710095307
8.817953009558996
7.95126302619105
6.520773395118028
-0.850775781016349
10.351899937698084
14.247931887157234
-2.1275303918731527
8.673029229790838
6.771951343968456
0.5046058529706201
11.366058494222143
6.351720585113138
11.358064053790592
9.024362597278786
6.80405404417663
3.8970063176090557
11.846487522853083
2.9166493106504308
7.847497409172156
7.173310411061234
8.70739727904214
10.216284006525342
7.08795614282058
17.00987598541713
3.876962200425616
5.650491512922826
11.476021414714896
4.368379605545031
7.7150539077318925
11.080472055493853
1.3880042332671403
1.6683999527644637
1.914289283003189
4.858756696209024
12.462780478459628
11.215679361740644
3.09817814707208
-5.251794778266111
2.0582725744578516
8.236292655311564
4.518664203988264
0.3284118528806683
6.757507902301178
2.8371880841200423
6.120039983221669
4.29015331446827
10.981117709137475
8.81784155672523
3.770069216338451
14.257856182936644
9.910971821305012
-4.324190906829479
6.6925878335019044
2.436109066091872
3.717361000101924
1.5016717336405803
10.298507085045168
12.625107299333049
2.3268961584226355
-2.184758794842235
8.400342346729703
10.981717207413915
6.946952895460425
10.168818714142501
5.4912197106604195
7.52036939406391
3.7074531539121143
6.911382447861403
3.103224262607339
4.48204987334273
-5.548128316594026
4.757227558044599
0.9738082724449653
10.652328912386901
9.980410040593616
-1.8037144825201858
6.797428439175131
12.8845347544587
6.804506145102052
6.552214547143744
12.25864238357348
5.1095638103817205
-0.5040496332975328
-3.4878528321093327
5.1445066590689885
11.633865588624897
9.980818036385376
5.295023252052818
-2.1403656828613435
1.695795601992839
5.246853617465917
-2.143689621984805
9.672726346421342
11.640834193248315
8.972829205438615
9.868554876280177
9.31337684905683
-7.493630760572406
3.3444437433415857
-0.7992696350682218
9.075145374615342
9.739529712138559
-5.798414118770994
1.135485316227454
-0.9569559047405916
6.295951340026255
-0.8768783039352677
14.590231045119104
13.825168444560177
3.9761175883179347
5.759013458630182
1.0415159023473297
-0.38624247887794994
8.800434909792235
7.729793728516582
1.702458619943763
5.042520592760464
9.246356589268132
4.864888391685006
3.3091306844412562
6.826598140830213
4.36279824504337
14.167599167789149
4.942531082001508
11.529252923425485
7.590534465189029
3.0381029621882085
8.971893247136041
0.03195235873409441
4.695832043225051
-2.212942573730116
9.197253521431273
5.642102843260062
5.145314832279313
8.964774764153411
9.174591355078302
7.686930183210206
-0.06955520768033008
14.171097685045508
2.8051436656281012
7.640381247265976
13.4352660283583
8.029224829912764
9.269265730716441
2.053617320490453
4.146400608130117
19.252059391864254
6.784136339963175
4.0940665902629405
11.116718210091847
0.7939364652768797
6.025681810454557
5.091800849409067
10.517846089338258
4.754733571650687
-0.06102428950156824
7.758490598959876
7.75256370622886
5.292494936137198
10.932202566663868
3.151183306244204
6.598496390651842
3.6827141592078103
1.4379188770961537
6.75684310251605
5.255603107124077
4.503900971625544
8.775898170362439
3.031604170812622
15.167705330549387
-4.316989766594867
10.937503933755039
15.043209811258745
11.437960329108481
8.2149914261146
8.82893975622238
-2.957856250635489
4.667455462280736
2.7239252255075104
-2.5319445375270497
8.221230427636183
-4.406033684813162
-5.682032466810558
8.369376827423268
9.619990917236374
6.858825613180861
6.298531370964858
9.202709039114776
11.24560958043983
12.771805597161421
1.9668806805984307
-0.10361922180135963
17.59126385927312
6.942460270669442
4.6064077432626895
-2.738287174965201
6.597237367875119
10.483659087196848
6.045249841591714
-6.682495802889539
9.99765970755612
3.63656438941115
5.472189199133218
18.412794552209995
14.745654620065647
5.2429495392820575
7.7100262605421115
4.8245373943683765
1.4245062516007687
2.868739090772802
4.694575405116393
12.937656736706428
8.287569179019503
2.520476384929026
