-0.34228112585935566
-3.517228349881968
6.014591922816345
6.310884397604662
3.2530146202899943
10.808774417962628
-3.9166840225135235
14.635351727072948
5.607993579741299
11.570581283323904
10.04705202073919
9.596240631734121
12.57583518747447
12.474057233111896
4.46788510711018
5.684969275242615
18.992635367990893
9.685045576037435
11.113573269930672
9.81323104729443
3.341171535666716
10.228979103774876
-0.7946407458566034
16.93428628052691
9.929753121774493
6.600133517866815
8.64952009181609
11.805962400670184
21.847712030902777
2.164143966133809
13.86279519522359
7.990028687713956
8.236276159945373
-3.7032597414050983
5.158020121689295
3.479229260950265
-0.951193849045314
9.81828292154166
13.16920825028519
7.6195351248829395
4.382109962356454
4.455094885945691
18.659458491220338
8.321272630547288
11.244317689861429
11.245079658061368
5.055294277922586
2.6579782793826037
12.224661615005598
5.923613433537248
3.0259370039380467
3.72834650439338
29.882237262947147
5.793682306637262
2.1602583790288112
6.3945864033949675
-1.8681864602992686
7.218657371702307
0.48791725663631613
5.333635033246873
1.1008561745954628
9.66185472006797
9.12038458645078
4.535718539972682
15.778497957734125
7.5908493162416875
4.431980282172131
-0.86120706607743
5.887313832550651
0.7501982556357083
0.2705852077573878
8.109905308080915
8.204253665713725
13.928083420202048
5.083514588689264
1.9016564126632813
0.462042695774012
7.235429197285058
1.8503930662916304
6.08858074571033
0.6428742597205872
5.867750532026903
-1.4172842985723575
4.305043314780502
7.128697089431277
13.094791958197874
-2.867568523698994
2.572141891078368
1.3041205656678034
5.793942225517479
-0.4158439203292197
8.50334812476962
6.792322476254604
6.508804572990341
12.106571906979283
3.02302987679142
6.195390217657433
3.8421202729767807
8.018554751158781
6.009281696107332
7.154940075227845
-0.5457393058635649
3.2093120785374465
7.856394942503735
9.426989213079946
6.905647207646909
-1.3516876096727097
10.578848394150697
5.531354019655696
4.21989094716662
11.76779303623063
23.778146100634125
6.1893875862522725
-8.331159647893015
5.906392405171564
7.2246320517835905
7.591922856773376
5.966382170288015
12.626639882880594
9.110221957560427
9.246444877531022
7.673164204116102
6.079952382152147
3.824307577491865
-3.9512533489627444
4.839523752458012
8.056239873556184
5.296200382448998
16.541869154199567
12.302822108268204
10.453492804549306
10.487521985771078
0.06185401872237506
16.14093800233867
3.0050746518912685
7.618594757221624
8.226061819466237
5.657011465976705
6.123972787173258
12.853145307101492
-6.5780464087310175
11.993263117967938
0.662895855143403
5.823036774255261
6.207804996746658
5.255310692281808
3.5710006290114684
11.240284371738182
14.828024468529062
0.4118909678689544
11.894549317636258
3.2247708468217517
13.585042243462865
4.210406920360548
9.292166269467645
-4.5201347245700365
-4.767301703521108
12.050630352254665
19.289545181234757
12.597387504343667
-0.25062282730626784
12.245621611239482
3.291224873663694
8.312779931872225
7.7665883026996845
3.6427921935538112
10.544492899000428
1.564999230001102
5.718062618909815
5.1801912419773455
-2.972053572866761
3.368197716499246
8.054904536224555
-0.5010494337075402
-1.7098841091646886
12.846056434804083
6.17440231190272
1.6218825359820093
10.012071328028128
4.816797384808948
6.345572857668374
3.1763741551502127
3.082595946879286
-8.253919183682516
4.012079375362732
3.667226973992445
-1.9740832306694607
13.23109763522233
-0.4607584619613556
-6.266792289623686
-2.211036842462237
-1.6655419135031337
11.791088740597802
12.085609187653388
5.64733084158542
7.325466644435261
16.515860423484458
9.004247738934295
3.3538672337539683
-4.318541253026991
7.6174971230858395
5.587359934158393
3.8484769252277693
-6.070944843467396
9.377054183106527
11.067254283341352
9.184410229829222
11.563404142706709
1.1526924831353131
9.027176605212144
6.750757022032301
2.516971144526748
3.318220638451837
2.714957904479343
6.050688859572828
3.0650453692497317
2.731841355818673
17.429646250565852
10.898657512705999
20.3658313283968
13.677471439801742
5.766049991355844
8.06288628449007
2.532353430723989
-6.203036285728443
-1.1909794341645057
7.606465985488313
5.590661861636621
7.206351170834049
7.513717449488542
4.485988981369807
0.4639106427229942
3.1098080103723724
-0.6684420039796768
10.710517262297763
4.820453998092724
-0.8758417431490324
2.5484045836494884
15.417267776154254
-1.7294850407539126
13.406696282478762
5.682221581208374
6.222738374330759
11.32260212908841
2.3740649839872274
7.144392587003654
5.840346619874277
14.835631884217205
4.578875872282686
-5.144769685384674
1.8355716912418156
8.607562987129228
11.906437408296371
4.957873939742183
17.230947947526204
13.199879295602951
7.060835852450704
-1.0332345387992472
-6.101530596836035
7.6025593886955445
0.10082527747598036
-2.403790191505383
11.840241231130195
8.748095847349719
6.525661034013735
-3.6732067982577785
10.857697926013834
14.577706564092574
-2.202961966064219
2.605878341537563
7.53787483396472
0.8369554175592846
0.12349953237670785
10.426859922868847
2.191394741318692
5.694889563825235
10.856232904826253
5.062785305662875
2.171985021919435
1.907839099554506
9.753506629008669
-3.0081883717155495
1.452092527294929
8.365656862285578
9.223838124226862
0.665265820971574
6.70900684452195
-1.3205891668182383
-2.6401011392679177
11.725275677112549
-0.36348699520454986
10.239825831163122
4.220195929074162
3.587318546917907
11.52179185440498
3.371487395201849
-1.69901067587658
2.8847105869484064
8.510525703913364
10.257371888035108
15.062589464557684
4.067379864093681
2.96688559134649
0.2055283959241141
16.03320648372032
2.511397173430488
-6.497287378771636
7.5471326676442665
8.699545984930156
1.2939504674692524
0.6964763437265988
5.335300462021842
-1.5987912801683377
7.791137866283857
-0.9871301445002594
-2.8998636680677414
13.750644815353933
5.795629680589764
6.252808201037534
11.996216977706254
2.970320190765112
4.4627865869751
10.532589320420719
10.12355409642472
-5.1869455718018855
7.436282871753103
16.9706413860712
11.270955033318174
-1.737044156996502
10.610298420743515
17.543961584391354
-6.570077731199376
9.255034174752938
4.195107512409773
6.795711698397548
12.34230666572982
8.471191566018856
3.7087519953513177
13.754845987915814
-1.367101921433167
9.661403447357365
10.102186974920148
14.774806378430732
5.150271069206692
9.598588968447185
9.587841884357147
0.7915571982917058
12.777971190425976
-1.4381121785571782
5.456938196358524
13.926024906646289
8.431095316115947
9.703190696671143
5.810021190467438
17.545155602630565
7.263289691091855
16.387100414514123
-5.7738816969186235
11.85285097550767
6.226111539991815
2.8325337772982033
5.930491571159327
12.735424169460941
8.333637578000284
0.1983853310121031
11.399687743673535
5.843315205793505
11.118443957807893
6.4524397283832595
-8.637328809094331
10.00058687868022
10.054127563568535
7.418204300212496
4.118675703663423
6.417177361113636
3.6931349899714587
13.973894066238099
6.374414150730296
2.2256867627344605
20.01754079864036
-1.0606853614887335
11.609313414409229
8.219099418245115
16.16950781536744
5.333177870273497
7.566499434843174
4.250830258258917
10.207542508974317
-1.5214427352863797
-4.185075862928096
2.2457948121504825
18.12426655368677
6.047740620970813
-5.118400423105793
7.7410517246868045
7.421398546399499
7.645600882333004
3.8875318168274284
12.396736637415096
4.431406168817462
-4.505991227738072
13.512907961239161
0.9185436344688922
2.9937575181419636
-6.958313243271791
17.289959244604887
3.880383121896465
0.24290696934490263
6.473886347019972
3.917618041790274
5.814585357940394
14.631705485835107
10.646281345134408
2.9521922003847805
9.959308473063905
2.4897892219261486
12.528561698339466
9.278912295014116
0.8305596347090587
20.70367473669422
4.837817927177783
-3.170274813925266
5.560035008787986
12.304721999860785
1.7856278684049203
11.661881831803253
8.475312689505104
-2.2761565199195797
16.30368590397042
2.364314259700194
6.408192427606066
8.361612440772266
-4.992178309568629
3.105856202493819
4.059458181079577
2.932891475061007
5.91367357294263
4.997764728765576
-0.5349779719173826
8.824945552220063
13.992761850333068
5.477330777506081
-3.537410241826482
5.102088644526594
13.963037203176334
2.148717543898294
15.364255586465077
-0.33194165394248554
6.275722786392473
-5.267419805362932
3.1325200036144083
7.894067168702941
9.092727066919212
9.993899897098729
1.471905546383903
11.966442677970779
-0.5390067892333832
7.090062452761753
8.03498649656166
3.0253092897965552
-0.30797206535615995
19.384651830933358
10.431277411190875
-2.0302050943336862
6.74786314928531
8.256217136221167
-2.6072020069796977
6.136590705724911
10.73084308583563
7.559029279270463
-2.6570696040866846
3.8628790154064676
12.634233935791269
14.596062442122411
11.33350244733931
-6.637268952335532
3.3047688661081773
9.846561219804961
2.6505145200234645
7.990338835677346
6.175984757748755
9.682174532659602
10.210255219838961
-2.445347535788729
6.9558937626608985
0.7139021032350863
10.121605333501464
4.21888072258993
10.6742679572957
1.1252709149225737
-0.34664965209651655
19.0717389465449
7.487421335011904
3.581960475795563
14.356883041827775
5.783394648110164
6.986312948879682
6.495094505083145
5.227387271099916
5.288765029578384
14.423763067110013
8.729611960564235
11.105990830515347
0.5209846455921232
11.78737470140748
10.947744308924154
17.703397198036928
14.120363964998052
4.774121175293992
6.989048079213841
7.905222893904824
9.241343228499677
6.761256642066566
10.774917460378486
4.92184111055844
5.032254081052504
9.511746884486882
5.0714925287380614
5.420135961667652
-0.72944457625207
0.48219656494574714
14.408486973542741
11.51477733175267
17.070177426865698
12.151509713504307
9.995238669960333
11.30330034580178
12.430311107104156
19.349764688057
20.81905133559229
4.632303960415269
-1.3091544285254226
7.428935796970689
11.29668034186483
6.777001932436425
5.462864057691048
6.6491052765996415
6.8860524151513305
11.830042723175122
12.214266158609494
12.871054521371557
-2.6227929876123426
6.338435111278691
7.3271031117521135
7.753783172747543
16.672443092461712
4.556287843336109
-2.748339982598754
6.9293233576141064
6.674489236322712
6.657529879539533
10.317178191171429
12.72424121463899
6.144087407586665
11.313443064456408
10.779611420263516
7.149804473152193
7.785109850632925
11.865463650661908
3.4017427519852466
0.014649620151526044
7.713971556133296
-0.6349059705477957
7.010763031131015
-0.3607943170870733
6.371380322952171
5.051654581403475
15.298180996494084
3.250198452522964
4.666235612364217
1.3387157416094206
7.967457961173587
15.586674864346339
-3.1742243100179923
2.6282530467425325
4.179660718474998
12.091036714690677
11.957679081998604
7.338085799087679
11.473997088608225
1.9695352249362479
11.330603446584172
5.474277553342844
0.16222449814301676
3.1120346500475082
8.436922461846018
10.72248493938802
14.827155508308342
7.546645337274401
12.97508760035462
3.377614256020827
1.9697906661542879
6.868467299005067
1.1088499060270447
10.55657026130015
-1.1268617323073293
11.871215309201549
3.546434505602486
7.7191805544409515
2.1787413418789012
8.830665018018616
3.537697726620562
3.9894802891009578
5.653924047818169
9.444047855837109
4.171586652304941
12.584761990833663
-0.3277007126546989
9.380861388745544
8.825719816513365
5.9487441081799615
-5.1678192220296815
4.956324234264031
2.575827049438994
9.482813202248105
2.320240697098749
-3.2740482739118004
10.078175074952405
4.282775973422033
9.119038106383185
10.756661945436711
10.610047761834196
7.875700866553933
9.35728141287751
10.363978394015943
3.687062412350439
7.834470601639837
15.658744251454753
13.590851089803984
9.588680896835317
23.94386232669482
3.569586081663827
0.6254321010540735
6.08463118157876
12.642486890366502
6.858608019136998
8.128385844405347
3.4031666514945256
0.25012586653030855
7.596007765446977
-0.22856570001626686
2.206163687542288
2.9901416574389206
14.156851633749895
10.82738165962553
2.169730665779302
6.792633512332473
4.577921779743974
6.908002445027736
11.718956618400872
10.402156860187148
1.2198743492412563
-4.914896723179954
3.1421611447758466
9.953099131129264
8.416091386115248
3.4770529123751843
5.551634296590627
3.6365285173481308
7.795993210942951
13.662351456986437
1.16398841355005
6.957724290160487
-0.37208360099442483
2.1054888128335416
4.338118607446764
-3.481591684602945
14.406086375500536
-4.767539437261183
2.320899752322732
0.7664514487783158
10.033763834218473
2.832096165668822
4.2547103328189895
17.46416091012741
-0.5179376805024418
11.074597473596139
-2.1875553870585787
18.82099514362311
3.3749190789698873
2.292032612329262
9.664272880172982
5.039460663988065
8.23122907200439
14.576753285401615
2.793699188629382
4.8351702250272535
-7.473821896701816
-2.410596901467578
1.7676554133829976
-4.153088405962068
7.783981195576451
4.742432968708575
14.349794840220726
-0.17102550099618785
12.699705844926331
3.1464013461826488
6.073727366059237
5.8213542849361986
5.651430050848477
4.657440815513574
10.071582409950238
8.919144684567154
-2.1516043315002396
2.667726558155402
12.553483010114181
8.222134106872954
-1.7044964429936371
7.3179627648014955
-3.7532247741040123
14.36548350102727
11.667480755488421
-0.6498024455620319
2.451364073772623
6.1760336657141455
2.8800631108899797
-4.954485749482888
12.494953297910218
5.58421118944309
-0.026055581645353598
5.9138325667841
7.203531886200951
13.361670350202077
-6.138874133240725
1.8963516590102074
-3.8995497120769453
-0.7413334332588066
2.3595596369179717
9.252214864255794
2.3412811490952423
9.331040070136158
5.6209459557583905
1.9010499749334535
5.690068633900667
7.3067264468600275
17.880095588358405
8.438255357255422
13.637547824303038
4.53593977336591
7.9005304378682055
5.163768250546634
6.488774146220287
11.586899273077986
1.6628005876586363
5.295380803710727
11.230843388544269
15.117546677125814
5.714328415684969
7.400887099606715
11.016006842364607
20.16933990913408
6.826515261011042
-0.6972144993565195
11.748838043512851
-1.4776598951370605
1.5449232610053807
4.429889228484181
3.752893022546301
7.460531271620553
-4.636539663470453
21.26147517514392
7.0090284726934335
17.514222852575394
10.304283303776334
8.03610803602104
12.489288262500054
10.231424518500418
12.744151661712891
2.2042285276999682
-0.7810662576438281
3.6679200107873533
4.581790210066342
-12.599606856691942
7.663117858775021
16.026314025613978
20.114561398864936
17.546389059164213
5.39625375368268
-2.5302135319898564
4.764918661670214
12.678586377445644
-1.4306805656429704
-0.5742701727492934
5.181850669608922
13.012039863179968
6.254908022843896
19.95858586022061
11.673057786434498
2.285696893955181
14.37511275845352
10.034904717715822
14.161654804469539
9.534129033587451
11.617354327950089
16.59431576054071
0.0028426398864116464
-10.377220705639168
-0.45338885885670255
7.4248668192705845
8.558364981860198
1.0895052532954326
3.4220448658692013
-2.8153513779183683
9.975399273096828
3.6017048629511064
10.423181509016668
8.836190419295585
2.488337765887413
13.0024289941753
1.5161946599365788
-0.6107653956229129
11.41974258680359
-1.6967801287500128
4.839527857710319
14.410229804284468
6.656443352905535
7.130858517912047
-0.1953712632265825
5.424905732248744
8.43470660546916
10.53458536402511
5.406685973195047
4.035904386338619
11.314889622358136
14.910737062901534
2.6195868299913703
6.944542370562871
1.7091098657046677
12.297820373192568
9.72362030795747
0.26508841716511533
8.27426843481199
3.889018454577239
5.23572858841431
7.565825058582691
-7.30873977821485
5.566664892186406
5.5711950609968035
1.7440993491052792
-3.314577689804686
-4.3748022222747025
4.579438097088104
8.280153272418698
7.975612622074862
5.463971753725651
7.115104344955203
3.822711658142876
0.4828099681692972
10.792501334055984
9.427544005048931
-6.196579040514013
12.164152088765986
1.1388023471000404
3.2527905349422546
-2.39857583771143
1.7015236387422021
-2.65231058280456
16.330389015104803
-2.740218883929204
9.115179633585125
4.982333801466306
13.212802386326338
12.622771918673642
-0.11233274907918833
17.410971453089857
11.026263953235299
3.804556716794696
13.978118519796606
12.209485343815942
16.68592420443028
13.42983961173455
-6.787677952145353
7.033642172427248
13.21822337773282
8.697665382165422
12.791090567659708
8.228671241651828
11.247172548810045
9.976399210953602
13.819562006152228
3.663771932401405
7.994419498804439
16.032956260164834
6.304622849303716
-3.5249319180956284
5.811838273560852
17.556074881387232
9.836917956283049
10.108036735870357
2.3299972848751644
9.330615524022305
1.6728733376409215
11.458551091443793
9.981438926701113
6.788116759277917
2.3007787979497656
9.366616846812912
7.069132563675293
9.216181651796406
2.0860043308729783
6.704478524819421
12.496142898084571
7.897414255637431
12.500789364580609
5.528964529658717
1.0754463843693136
9.114129434464452
1.118391064893804
6.412775582955291
2.1013589026691193
-2.1199932084872195
16.829762704197694
9.633004129637678
-7.073038682286732
8.2131366040426
8.118105587444935
12.111949744805267
8.25873441330652
-5.3849053952424075
12.893558105485141
-2.1454468427430378
10.642904500384574
11.133749766147584
6.320595587564438
11.675691966507811
8.806852487854318
13.671069701896421
16.051399304671172
-5.91881459231039
13.70939431728344
23.297572447548035
7.741350008215163
15.50379034712762
15.267655197868054
5.251204916447197
3.1291341249341875
3.402074227723292
8.828886834275387
-6.873747722104614
1.3352796478182025
11.726088515689682
8.219073439470058
11.497632139330214
6.574705691845572
10.50692694437857
8.965322481980529
4.714038939140532
5.119189241696615
9.833745796676643
10.37181524257295
5.2062391672463
-3.6753525391306727
10.904150561307006
-6.718901099739439
9.936632122536016
4.226898492346441
2.9181708111949605
2.126083229867754
3.2552959052879955
3.405747789778642
15.781838400919476
10.889031018603163
-0.8522481156955317
0.18583759302458347
-6.158618813916096
-3.49915588008888
13.361166183347756
0.5624776738063488
11.303603256828318
9.931612417523475
9.477792691689228
-2.042139169856645
11.808220455303008
2.799570235919181
15.712976782796026
-1.2120851238691657
-2.305656013546251
0.5748917581680857
2.5753888129314486
15.630350684723062
4.198585727274798
-8.410545352852804
0.9334032465682203
2.2582400372865683
4.501040347676435
8.607391924415765
8.295373427504979
17.169001241312753
9.943354466461752
11.450511468545788
8.834996582213275
8.308534228157002
9.937723176189083
2.3562730604942317
7.742262406664741
4.444965225727829
-7.2394967497804625
14.565172972508957
0.47915123036758
9.358253967073967
