21.53710060718993
-0.11916367592163724
6.438794405846474
0.7848606298423393
6.6683081683236844
12.385246948325292
5.314628223073159
-1.33753657459585
1.8529398962311712
-1.0201532207718476
5.6723930668102645
0.3841889194269146
1.0335937916186824
-1.474332252335449
0.9010489924166087
-2.5294098104563982
6.710389108344945
0.4465799725812749
8.03145841656091
12.74230472160032
-6.243067593599939
9.899995952001495
3.9212074903157257
7.333834514335245
1.8065546248798388
3.6354007349558235
5.564400428211785
7.379540095688178
4.343276515253121
2.7067182380078347
3.2400325165686703
7.95242244339625
-1.9903988029865785
8.105711115769633
11.112146695162622
4.879369324318006
5.627111570231957
3.8708489740458547
3.375732782043276
7.207024420968284
-2.51086581263094
4.593853822445157
7.469669803184027
-3.342911973651149
0.04078326836585999
16.245754279676298
4.977571525770853
6.352143927425685
0.2570452322059671
-0.5794429735394591
1.1938066634024773
5.939207523820356
5.323397157660917
4.427481675407682
5.809070763154349
3.60659012990293
-2.9266000113721446
7.098168007147249
-0.3791589262711099
12.56840884098401
8.776726023314614
9.23234351091198
11.689315684448978
11.490819486273354
9.72587371903828
-2.462342030248335
2.232357883187992
2.6744322107488343
1.906158926732322
10.464996023958145
1.9765194476136438
4.117994209392453
4.862641302281603
5.9148351176675105
8.016951851100544
2.578894509484587
11.420422939855467
8.195086009033508
1.5526831384355892
7.52849178850088
8.6422107055366
-5.492796069658821
5.19010256695508
-4.047133748497046
5.463769516799415
2.7724444715512195
4.520642372723393
4.394983014220345
7.939832990870539
9.221064772702542
3.566020452646155
-1.184258508786499
7.070225058713596
6.162967397495952
6.778731967617901
3.48939904989978
3.403462050064455
10.914809734613268
-2.344310194476763
6.971057367234019
13.476941743830121
2.4205608518307065
4.676429034041302
3.7692468604832925
8.255566326393186
6.904079429159503
12.202405938336447
-0.5778211838675116
7.397155728739136
5.644944929878197
8.215055497747144
3.4417642501955177
6.31703814198387
1.7290456932573388
0.6752552742925473
2.0215570879582323
10.176657134395583
6.0545074255942835
4.684369889261091
15.42325782654259
-1.0389454446741606
7.107263906318197
5.374421183993682
13.241108354328627
-0.05700836714183577
6.928144566913098
-3.6918293353039235
5.880297197706949
0.7937888253327441
-1.7016579677672636
12.325705899895992
-9.182091048807658
-0.030884617092114652
-4.0615355857181115
4.577602440491214
-1.8075148030144836
2.589192404185109
-2.79245299441451
1.5065919745912075
5.845073907633557
2.053892476374326
-0.6824591988786795
1.3819329184749019
4.092529830514602
0.1583312777074375
11.803954789781631
4.845811883301525
3.806206219826463
7.265342427916856
6.738663581815793
6.4362565141009895
-0.5358043299631614
-2.081051889965167
0.176339114150327
1.939135368379614
1.5934403222745441
0.39106183479467305
6.619192150310731
5.3336794949175435
4.274213103072152
7.4016575374748275
7.98304654414345
9.515638520560959
3.90160240645086
11.136057257754887
0.1536855814349405
2.4205973754677217
0.4847655183215398
5.702641566394695
1.0945829629775345
18.948370784349862
6.155979665337062
7.295329097306912
4.9479536027376465
1.2864099878171122
14.057845673075231
11.536076903351496
9.04869682561928
3.2271524608916256
-1.5639127688335446
4.246629668575371
9.017119092187876
5.750403204584252
5.842040655570834
-1.9517052930964454
-4.5511346708347755
9.31485719635382
-3.153310555446261
13.774596979448669
1.265500024665648
-0.7048024943288853
11.22468444078527
1.0111614787403695
3.2852332791175707
5.577262931717941
9.860122081239755
10.340370635805993
3.3808560284749447
4.216828115767317
-8.440982226082502
-2.182410497693356
5.848884025752687
2.919260720396645
5.739256994665775
6.803746510047594
8.516424013013822
10.694914227071799
11.491947117823338
4.785131987405364
10.854835532848034
3.9365022261265707
10.496750118951205
4.459968383458985
-1.138604238130421
2.4896275918114608
7.71933838083273
5.563152230994821
-3.5421242251431035
-1.0319074393684735
3.0409828093061764
6.975751164558961
-0.8020235718900866
10.635184030570931
4.778693113267867
-2.344363828433025
0.10226924596250608
20.086028634286727
6.101411122502522
8.25538429636238
9.234506278918497
4.993317060602335
6.336813366056794
-5.480711810074181
8.873365024511626
0.42066134479462924
14.970785266752472
4.5656355662425945
-0.08894118871458989
6.494723435107368
12.135322088887419
0.42734311489497445
5.094701662048932
11.575576758269408
12.495827332456125
-0.08061787296264544
0.512341733988845
11.559954384145815
-4.68533340579082
1.525088925644532
2.80004954760081
4.613719905444764
8.143231054330112
-0.3078480296546253
14.104861813685998
7.9955771643982585
3.1359829185846597
8.204818097134469
10.985734075353422
2.3671428787402617
20.724562377292962
5.717266676477031
16.23112213624337
-3.9346659976455243
1.4295712162340752
1.709583774573549
7.049184418308285
10.265927070615202
0.22934318590164526
6.14398137913081
-1.7454258047793578
11.906210029380512
3.9852693363268146
-8.55781771159041
7.623697122480516
11.765559484944578
3.461754191519871
0.11208129057781147
-4.427228365400861
1.466006287831624
8.79802786376944
7.416153697954651
-1.5995014382357127
5.150341494425208
5.0353555178127065
7.955774905934752
4.449035744242473
9.294829933414817
16.677534981231368
11.474412757126533
3.620872647541463
2.991575789241313
3.8473394263870695
2.787334455028347
3.8103018067994014
0.342477702600295
2.536110244099051
1.0864275628686655
8.22506795188856
12.19736491411147
-5.230188615042199
9.643822830256843
7.356832035765973
10.944797010514758
0.8746835911637953
4.50701939382939
13.20472081437856
3.4466315099914633
-2.453689054962984
6.62889511723074
-1.3114456749053742
10.453694558757899
4.7154366093411095
15.18943268255049
11.681126732333276
16.954083527634136
7.354459765587027
14.101291029671689
12.138770759022556
-0.2786353999910567
3.3850128674252606
4.116749714400929
10.988762269773162
11.152817265553493
6.269207611687205
4.5122184470962265
-1.904835010792831
6.884833021744156
12.76246067294876
4.258376046024006
21.336793829492205
3.1919154113877166
11.086170046622076
0.9052124197136537
9.168338217165944
-1.4870608718653973
4.205694031587103
2.4118069464022334
10.824918823208407
15.333967269780343
8.341384489648785
1.410436060010632
2.5782499656108007
22.11453806993798
12.12020568879885
8.234518367620197
1.1947422007899444
-0.5038827883606078
8.772835619032936
8.289087272122874
6.394836295649499
14.572807429039612
-6.258504033879905
9.139219820892727
7.189555312144566
4.75337102585717
11.894131420723706
0.20921464960660963
-0.975135515147767
10.23675338583044
3.997882390683421
5.1651084938921645
2.2031429902031756
-1.527068734894521
7.000590112509017
9.008596749235224
6.486189893509883
0.16697404675422156
9.161755947140334
3.9671010059235066
8.738813530122027
11.024657996099535
-2.9819155217351128
1.272119267074254
7.5481003306010805
5.156189918054819
5.482009895528088
0.4252799674138563
-0.690957203605933
3.064299575588266
-2.7315751794042855
8.048107460492224
10.184519831113255
6.655195368197141
-7.886691496648874
3.985625019816462
8.217248044363505
4.7699508151937
6.403598959517226
4.010075271147885
5.104095778218122
-1.5854179808293125
2.2066059195053906
9.57951627984243
2.2955044606811272
-3.219219371047746
3.4955089818719447
7.080755791676573
-5.252702710345899
5.776693832683547
11.498618173388554
10.171141241666515
2.424934058444347
5.569868884594392
7.905723501245112
3.6620906157879354
7.320667974499098
3.9263786103710423
10.222134830001778
4.64947233208608
2.101821194465389
-0.9496392891268748
7.457944632647833
6.75260114214072
5.571831947650253
10.998463181499318
6.352857414778297
9.421129006466508
2.6992740042641317
5.952334871169313
-1.2460287167742061
2.9636583816170754
1.4212271027196257
14.778076910735308
15.358136665117971
-2.800545254697548
3.4171170932971364
-0.6934516271398659
0.3453198858152602
2.377453589059086
6.1221572475080235
11.324802149332479
6.260617847221494
5.880967851644931
2.0992667361070367
14.51997402038069
14.200045736939101
0.8035718465330826
7.5373971780220845
7.1071331931435875
0.5367282560483568
5.534457563927037
8.773118592532851
7.906306572708026
10.233385823670444
11.099138874021381
3.2959715526904283
3.5292570561820336
-3.693712853336592
2.0831900658756153
6.832137370935056
-6.834942109785498
5.908300870469924
2.985064814743091
4.082180494508634
6.4604796061173495
4.738938064312144
-2.7167079499214655
3.153332077318025
15.321737245837866
6.006270882659979
0.002944056207180523
9.730258275742194
7.437157410606321
6.835753037096994
3.5486670760631016
0.5183331751538991
2.8885258463470995
-0.3167848049098563
4.912356736730945
6.219908772145681
8.654846997302718
8.294091283006379
1.0254785162417348
6.141909191457542
5.482043612441708
-0.41151146325129595
0.11210874889680422
11.46107174910506
2.789794277140752
8.890687225996421
-2.497815704606178
2.9925560281132624
8.046715109398184
6.3932094533716235
11.200333581692284
4.7545007856829296
6.848599087233806
10.772577484552912
8.344255543027538
2.749171839215565
10.561456383665169
7.157361936573935
-1.4288606133818105
1.5645332332332775
1.9640358038238686
4.731275034909919
9.804899817240978
3.2721725379917794
3.22416004838555
7.07421963675564
2.6503409657344745
10.25004044829036
8.738926432876815
-0.8113035714953734
12.779400950631711
4.242026986493793
7.197838991914296
-0.7412158929455526
8.564667863671247
12.8137305278739
5.062105621716299
1.912350777647751
14.72399432371109
4.871306832593206
16.282795179807973
4.689700786136362
10.039305235304615
3.2696900706978265
-0.5334639712677136
-0.7664909756592566
3.2997739204768752
5.010046636242806
0.043178544974202815
8.496805466012939
4.558821144618269
3.7297118645902856
13.374093432099144
10.332253190955502
10.916630789800728
12.20547766509317
6.485571645620052
2.220496408080976
2.7769366280265317
3.3249407648605684
12.521773873669712
0.3219374667745072
0.06710976952563463
-2.8986695626113335
8.11490393359254
1.774605037396002
0.2537702062513265
2.6864821190742374
7.317667031404934
7.602228334748618
7.397084270710746
3.6790060449072968
11.315205859314517
5.375348402239896
7.391614923169876
9.200037685826173
5.533285197946551
7.995939461234636
9.25974495684868
5.634654577482673
4.311971947559553
6.751738763200154
9.468545497037987
15.844842973968387
1.7148657586348586
3.476476801639864
-1.258042370563162
2.437652485719916
2.347755928802954
4.965512514889806
2.762939348506863
4.917345231149212
2.535447039424688
0.049555892392469936
10.196243737734125
6.610477720064268
6.521260143338458
1.7994490056423826
-6.463563991424111
1.0896961439657387
11.91089217601357
-0.7493478419091089
3.3690918367659073
7.187353799689448
12.603000601841899
4.702755613906339
-1.3227989369095061
2.1398192883792193
6.456538025726687
5.30935874049128
5.143558410163599
2.4641268027681003
10.367278605634063
-1.107393654958746
-1.5474292035189423
12.714802019976661
2.2794326078526335
12.397000915608336
20.272290970565315
-4.681750765895322
-0.0787350562967033
8.174298699479845
5.707624524036088
17.090411168121534
5.268887029843173
12.094442694959364
13.78517226948417
4.485155715907789
5.118032667622741
4.345123760326009
1.988810533390076
7.970520299033072
4.813985438826398
1.7533402583297244
8.780781967837141
8.193738830704573
6.9962063698376316
-3.328073357895315
-2.445488477457615
-0.27443146152137743
9.809751129869015
7.654826938791062
3.452077939397563
-0.02745689182473221
0.5666013178768017
8.739893056344574
8.856690135688336
5.7818509393614335
10.972894681175505
4.048272954905263
4.730527180137573
8.906190376844943
10.377775770690246
6.927593791886094
3.2264634133821
0.3392068198628393
7.387460529312641
-2.713678054586488
6.146567161725375
1.2417091802636744
5.288186915923739
10.276551981912911
0.3634721487981567
-1.0032491696891075
14.047712061910937
2.92273384016223
-7.119532592664704
2.431543603570288
17.409142948597896
1.810147106936265
5.853660756903026
4.097226821467938
5.431769632433008
6.319223559865146
4.259815517452679
-3.197619895309165
-4.558959739002029
9.95068159922215
-2.469674895651324
7.2106904435631956
2.37975586081986
7.35818192160728
6.066473042728864
9.648952329126331
8.28403924933659
-1.9528142187555684
6.459753262681013
10.318743072540816
5.858347761251701
11.831084027837708
5.1617331795857755
0.8078219368220418
-1.0967440236452202
3.708594874195435
11.076551255629212
-7.144688758036411
1.5085064856501762
5.372389130921914
16.692275517764912
-0.3702063815817871
2.5086093816822483
-0.015326162893159356
1.5790116065687516
17.292446192762227
5.126470715911723
17.987443283893008
-0.6612743548777491
11.108203169680973
3.782226977549086
9.89372305062582
5.5799367849320305
10.128376193946137
-0.06979480333208876
3.926529094334174
8.145390756793763
11.721305991706005
12.2632415396785
6.332636646836435
7.294385349701389
13.000128566208636
1.9212760214105051
6.572528461799068
12.48751739369065
-0.4617437091484877
-4.67107837365889
5.192431971934776
-4.775400803967791
4.196805907977128
10.150596593091242
3.9977133547321957
-5.050864777438184
14.226217388212397
12.572546666516168
-2.6997583992587177
3.2036750242257903
-0.5318040760234668
-3.139991611641305
-1.4312110867703556
-1.2385431090619496
-5.045835076024952
7.92518952002545
17.559892598765835
0.07300808151531779
15.616950582959426
4.363621303298374
18.770224590770972
3.7049662927084914
-0.972586297850091
5.627924062418902
5.527299386057846
9.045553310772323
8.534603343713703
-2.2434987030961375
7.078700913543154
0.7681217669438085
1.553273123812216
9.649772111681216
-1.4730149885833939
8.151532738541183
-0.2651537165379527
4.8610996677043365
1.493899043897919
9.893053879688539
4.6702255911039705
-4.162418722579826
-0.24009024670248635
-0.23964410439428985
4.820695870701133
15.884535585573532
0.6255498032972007
10.344113142224819
9.672403196935552
9.472610363364712
11.388359727641616
3.622130201038914
6.317648068012623
6.281462933913305
11.581204757547633
5.671713171749556
2.8084690244427812
3.994405027861488
6.876282130122027
3.3057135096473527
7.0363097767977125
5.232641972665168
3.234253168174793
-3.1163161527558625
7.249032106292146
7.446278304004329
7.341929540301858
0.6438654176510807
5.0965417216890785
2.4264498178838547
6.852534649427606
4.594382807410065
6.164090298848194
2.503704288276496
-1.1158262824676966
11.651442377552517
18.77559559401486
3.190393063265285
2.4048791358532546
-6.784892065469506
9.026950690459454
5.479294077141636
4.899606675313744
-5.876019816770011
4.799270528313452
6.860062610855694
11.79662621028241
6.620495825729262
7.579470915696547
9.335779710824461
8.00888629879781
-3.346060869731822
4.6576818181778386
4.519401998981785
6.082943335200783
6.831464981831841
10.877374174542936
12.714868781572026
-0.7407653144245554
3.4220078595163725
2.1157966943003883
0.1836078430538599
8.486428550160872
-4.343528510613744
3.4003752168900787
8.343831434303086
8.902112101401656
10.617531622065355
10.211756374132687
1.7411624996920567
7.664655644912564
0.3779489529041782
-10.156758184159095
7.227544722135709
5.63736122090428
11.498214501799769
8.279766962076957
0.4058367072947444
3.1860698845564364
8.42644148248491
-3.801328944623826
-1.2493069635808363
-2.72444370551173
16.711731474176865
13.076593913207358
12.224587713600116
9.189954127194337
-0.6999138053900049
2.1407500965528072
9.24322040918143
-0.5113022609245594
5.601430062695564
3.5731375003784454
14.112726329791005
10.924806052071045
5.901206383090731
6.06605525700744
3.5984881655531415
2.7877246520844525
6.1096630015528515
11.745633444252594
-0.2231268722263522
10.780090825401071
7.597006883640122
-2.578280029232266
10.442786249621978
-5.320671686903031
6.4821878341660994
3.140958045461822
11.465263334123367
8.183229415912196
6.354485752278334
4.290910757021643
9.962358750349477
6.889535513303645
5.493371937404456
5.397310438623572
2.420262077321266
5.960743296931336
11.855993618293754
8.929665342426981
0.8913309974680357
2.8260224444006203
2.6978363578441913
1.874778644529612
9.159117587513645
8.519388445340464
0.6866675119715229
5.121656859655631
2.376292312610609
8.67091602562006
-1.1992523935785284
3.1299830199717675
4.542664116730933
1.0663316744631892
7.7459725576885194
12.14282122291369
2.729283272102985
8.259030822454731
13.11832427259662
-0.5740996597181542
2.087235887987572
4.116826313195764
5.299811702238086
1.089453001330464
-3.038243595300467
2.9948249672102256
6.821393578123883
0.05394737455355081
7.502939775380926
-1.5752158366233244
4.87821204513111
12.541178933939406
3.2732598208378096
1.2811142928569312
5.120926921660134
2.8590499075158973
2.9182862401198464
-1.121659225787698
4.2053867057355365
-2.152710850311702
7.966125348951647
5.511149611018668
-3.9296396142256587
1.7906916907002572
6.957756501760231
9.321950555562562
0.815265008815389
2.0869473880700795
3.6778821546886986
4.718461013245022
-1.961255685094014
-5.231666198109563
1.0912832279905378
2.3535818485124467
7.32243289334815
3.1965145878799968
2.2171165230358922
4.1832869264226185
-3.409149169421032
1.368897503356088
5.020397703355173
7.404880337007326
17.942839821185324
14.894380826319736
13.526226213269503
8.021732330734457
9.824636944951033
9.17003946159508
1.9384995267393224
9.062230327972749
17.326083870387478
1.692789157342884
3.949742482900442
4.9062926966648535
19.46302929284434
1.688084740706973
7.184180774988335
0.22617417302532328
3.4895756003866816
2.7142550955081823
14.723624008620012
5.982414715147062
3.010802441720146
3.8461597955967073
0.44464252351450195
14.134909064315393
-3.371609853816567
5.57721426222515
-0.31009646416531744
-3.0806497976370384
1.4430960358339098
5.398726578282442
-3.5918276817395807
2.374753107193755
-5.3773834147430595
3.1836438255091406
6.643421970433938
3.622088287564869
6.453559262154722
5.050217036317212
8.143825832221177
0.02372773532506134
16.354306579035907
5.423910082960894
6.4372151176854135
7.2329479979403235
3.0496156961969385
1.0822574349093623
1.9815366373075918
7.8507814521901755
7.276186287741623
4.173602296887896
12.708801690322815
-5.418862895321576
0.7481571690101214
14.954696037568736
-0.26678426028387836
-1.1137115905721782
12.798587139238771
13.777434873577564
11.509935727893636
8.609472415059088
-2.2322783097215835
15.64008820504587
5.030878640897118
8.177633080813067
7.8249274493680385
7.885462721953914
6.037108547980504
10.103574668643454
13.51297135467959
7.792179129022887
10.40559639240179
-5.953197323920945
4.584946570673335
-0.37763017409671296
5.397594371333605
-1.1409124986829848
2.708378386809047
7.679592029508176
0.25641755152628853
14.956444581530592
