4.877705914399243
-1.5251910147015968
10.208466865468452
10.486422014251291
-0.3802246047366751
-2.054260200269775
3.727382673242336
3.653295630577435
12.318374699102028
5.024460232995398
7.017624571937566
5.594212079973885
-0.33404724577766043
6.053375634366667
2.2631311929685927
9.306907113456495
2.200805456318895
16.162648734582376
-2.529474592601714
1.2743490038876586
-4.110669413160775
8.180008433939943
-3.0950060705475613
8.519711630928523
1.838465388396373
3.2073829917552708
-4.397359978929638
12.726146704698131
10.921786056609239
-3.1708744321444904
-0.9039310177489819
8.289571080943679
2.3649336255086366
4.845477146687319
9.703141193432225
2.091554750757747
-5.403072908688525
3.921161825294786
-3.47966900859476
7.128561801543238
15.475167586687741
3.8035808049936
2.6255860979992907
10.542870290483743
-4.002090988558487
4.923812945945777
0.8827462374653336
-2.0019674151715456
14.525137502451678
11.444050675053475
-0.6919548602037953
6.522273327638045
-2.453186390896926
4.854947787208358
3.883527900149238
-0.26692314787886673
1.9023444175311868
5.853458203467103
13.396851150518113
0.8618378413320391
-2.097346348270176
6.265217613842751
2.938734802071571
4.806110828652353
4.430140433285063
2.777629300629825
5.594386123946594
4.157054441954873
4.510334463166098
0.5810953618625936
8.675086838923919
0.7655045013478086
7.8437918370340745
5.635082278988186
5.6701437649267294
9.727753418163829
5.105540610919566
11.615684499087905
0.978473788449298
7.470147696487478
-0.5745482893966125
6.072668558752764
3.3192565696767664
1.0805549235373295
12.698786499734641
1.9066565837402996
-0.8518871548837472
-2.97369393245199
5.1825677302009385
-6.133764632479394
11.983038385841862
8.98350304562895
4.108013996497183
4.01017046895097
5.790939253069217
7.9019866124595755
8.101169644649865
6.258673575085707
9.766092691903598
-2.491964816690441
2.140994939576249
-1.0043782579497522
0.5556075224498338
4.61066708046794
0.9336874712603915
9.070529921304818
5.522700303464029
8.438012518227325
9.273686576062719
9.645462006575087
7.850875777116812
7.339091416231387
-1.811552343442293
0.10200604944662395
3.841346038503444
6.977475149767227
0.8967798366252329
-0.9710738436850255
0.09046096065678988
10.160578795544328
2.4871504892576928
8.881343080864875
0.6985646938422192
13.208838360241971
8.18882331300378
4.81422237622942
-5.974174409423801
2.4825983370395974
6.179350502490735
3.6164330199671366
13.23117307296227
16.644626579302702
5.026241596345611
6.3787547273687455
-15.104935026215578
7.015228620618753
17.8491476985061
13.41979181631951
7.2721003798006
7.282366347353181
0.2533863500818434
3.7599293548166166
9.675345619084112
9.207542279789523
13.679189582023472
0.3079520775749385
1.375479668793809
2.58803633710329
-5.503355569212852
2.0180413118730787
21.10952565874833
2.5340336025478645
5.993806170319594
5.549583821090093
2.9263436175898008
7.464764443718145
8.303498292079809
8.389369570084579
2.0998465498403336
2.8063941464278623
2.4295834934230833
-5.2363864565457785
6.096752636687693
9.9920574865885
7.005332416247651
2.323794859519124
2.7148063902628015
0.181024239258047
0.5145033069424567
-3.520988579838237
4.647436845814133
-5.3748495681433965
-3.977560359855268
8.197777969403642
-7.901746389204419
9.421448685796172
4.042198718700579
7.30657902131575
2.550895433407246
3.5268974607872803
6.304123544820808
10.282353570879494
12.296220277165375
6.604226903967136
4.583874095145255
0.7593875473191924
8.088706294653196
7.773379353513078
6.895880219873957
-6.232240177652422
4.2606096192343355
9.943532307667173
9.303670571256376
10.663654378820283
7.821687297994399
7.091833090678569
7.1306234895962834
13.93244278698894
8.865069893313272
14.421613749021585
12.309154632766692
5.534345696443433
7.527182588979424
5.722934947217783
9.316484996469057
-0.002994902841864544
10.93470890022514
-1.939585872989555
5.027001578763916
7.214740361571804
-6.196776073028849
3.468806895574026
2.187833208509117
2.770691548897485
7.551075272920147
7.286732455600487
2.9566826202307768
6.0212367265671425
-5.848831288318852
-2.6697498639095505
7.6640487772240355
1.1836182576765961
5.316077756789205
6.648654707855361
0.32472986111845703
4.840270357273028
-2.1245013560041466
4.154723213878352
6.951851902451317
10.532455887294342
8.051311821369199
2.4852217673768147
11.623132561196046
3.0431262281194424
3.5913325042111475
1.490364973234806
-3.479004989384455
11.356168570357113
3.978539814202639
6.819408736519646
10.723331060230665
-4.658431326429315
3.8687274431890994
4.832713774014311
6.359605441454689
10.720499330477995
14.290566397217408
3.1663444598184554
9.606077955537124
7.41708294722751
-0.004375394888008088
6.993638080846486
7.65144030622012
3.038418941192562
13.574215131910247
15.296465675772449
5.294793068618565
-1.9784322676984978
17.802041689842056
7.912974481778862
-0.6240144859156409
3.4800353137337927
10.440380393220352
-0.0586675397836558
1.6194195774914242
2.451405498017845
13.823286280742373
12.285083040769047
10.167059213313753
10.738277523710074
7.289556735041416
15.619449151991084
5.783794633570762
-1.339307500078423
6.060049282963972
4.554479947175673
-0.5801564894184787
8.38370958104236
9.294550471807176
15.311925323639658
3.1645537708096527
10.751318077932574
0.2421318348105741
-2.3245503864710857
-1.8337367896547923
4.730215336700432
15.293697341403975
5.282650563185439
-4.475085792644881
2.2711448640133245
5.004382949672315
7.650154928122436
9.38263355658301
10.818596676612334
6.405051185697786
8.873792728831521
4.35260955097931
-0.518449591201505
18.39898550026617
16.59209300883178
2.5799194311276747
5.301800924532403
-2.125547269647993
2.8764776493481596
5.12359251251374
-2.6829158179467516
4.405762675046982
-2.443520156450652
13.39088494617407
4.1901242206294835
0.8620202492657345
4.90165793017621
6.538952001685179
3.2840785758741076
2.379827612181104
13.859986251637494
5.906412078553688
6.536475922371743
-2.45316173383695
2.5998631106661607
-17.755012668692444
-2.2493231839166574
11.402497428741631
6.094529211908271
1.6205134748396621
2.617122373522229
4.296070452306971
5.72573110607484
9.66138671118684
0.10576587874000243
14.828362894434992
4.746770895705777
4.822949206561208
10.13595553144201
2.763193226601258
-3.4617434455342124
-1.659421662816464
6.86021400467093
-2.450366851364275
12.944031113758994
2.1633902847903124
17.115545160929294
10.603076340711704
4.18041262604859
2.6618907745145544
-0.7917608596966961
-4.616850252200987
7.767570055151803
6.967627609142186
6.766665471703551
3.495038197820467
-0.9925471139937585
11.477265987227263
2.4061946181837732
22.635315293780163
0.228705582949134
5.321200377412486
19.676512194727962
2.389480914676298
10.059525984859997
-3.8654915758063915
-7.829906988415827
6.198430518963987
11.219786252508634
3.2515169386327907
17.689836184393442
7.815877935451679
13.664543566016047
1.3413396497590528
-4.710529911973481
8.0837275672122
5.766594189491177
3.889498206138404
6.081487688865573
6.789895103686295
8.273175812564277
7.131936993764816
2.684166599681574
-2.372194190661536
2.8022896109066022
1.3080291823046624
10.122687413143632
3.1755715759673495
6.509522571035389
2.811041797096902
2.1703187687343606
5.761172595037132
-0.5577532535621295
-1.0085956026523748
5.807800187334403
-0.5246787085839077
4.9815432997722215
10.25917106707875
9.709379935770645
6.161635645034339
3.351217925992067
7.479740792404526
6.789803699649052
3.4461034210081682
-1.1428806877728332
4.516626742826758
10.21359281682997
7.302879155987782
13.278165738563498
7.698676434157738
6.504801971379966
7.470480503622506
9.639588215186318
11.3854523445946
1.1044204751969038
0.8406785408883186
10.462313606055016
-2.4914911745708697
6.167676057043134
10.71945883874757
12.519810547790167
10.472352080993964
9.529455830770278
9.876688906543354
14.619978867266015
2.417293199708297
7.657934482968064
13.843504276102074
12.749051094120286
-1.3981384835393031
3.941161575864667
3.20516222323195
9.200618444170743
-0.626018711059348
-4.462011622903727
7.287000090424304
8.26096480812164
4.310138194822766
12.505345767490322
7.553574215637065
-7.383006533656056
4.584901319573677
3.904641090165965
-0.6413745438752478
10.173900253835075
6.002980965755241
-7.441055919933291
6.852200815218448
-2.2077213762861616
-3.5116143094088006
10.123433902731442
-2.7636501348143714
8.694884834898437
7.934704522671797
6.470607055088967
8.899173740901912
-6.258609751028898
15.50558880981283
0.7241651549749077
-2.909594915991237
7.581144009354221
11.070653705938232
0.828953616738926
-0.5957769259391288
7.75593104572965
4.073040453957909
-4.5449842027419685
11.683483328521179
4.319945673219271
0.6621683145454353
7.707833879484222
-8.09724120046208
1.3785083554540924
4.309980963995142
11.447449778629434
7.939635610066765
13.228461736462295
0.6661908409098527
4.691410164688189
-2.7327883333140734
7.07766650131923
4.1540988521429725
4.583419145008833
0.4999423931841367
5.824539543369221
9.184208061283762
1.4377094101503172
1.1841615783125494
9.637178622002615
3.926908246369837
-3.076599244011385
-0.9904250193754436
13.097954204960775
6.976161948565745
1.3774966056272966
9.040275818764641
12.885090089536085
2.719214600915552
-5.869946417682085
6.388052185353073
11.05524253168469
15.514190802049054
-4.238389738462496
12.263892880755407
7.574631030695123
-0.8657843534893379
2.1613907652799154
7.748824760772478
14.773349783763924
4.072092179188676
2.1088544733067547
1.2393340834405886
18.83757149573646
5.316198750099431
-0.9650249842116065
4.090284598377032
-1.3486005630474702
15.324464093724252
7.818943526352808
5.752673464915319
13.118527666913185
-5.340258701793212
0.4882660996723427
-2.2476407555063416
10.820750480459473
-2.3631034936486683
8.959822713220127
-7.29080959346299
4.13354972788499
4.9099222679186
7.423558901330287
8.580205549038368
-16.636397348373432
12.950067954243371
7.042021490716687
-8.756712569849409
8.35644443511999
6.720014441543064
2.360421033406605
8.018652812430936
9.14054718562276
12.764531451275811
13.810514811484945
6.651476796263674
-0.42009370197102136
2.757256885894418
-0.2605486010565681
-11.370025458564022
5.7153843729468345
-0.9721063262213194
4.34085420785277
-1.5937025313415187
-0.22172548271302617
1.9094425767452607
11.15787846477263
11.404981750167059
12.14445094692354
2.4695557037417855
3.0748446754587766
11.13897673938517
6.013344553846279
-3.282394357767404
5.342252524243728
-1.5549276402410719
-0.38479786259850224
6.218709057384736
-0.36298883729961195
0.5561602888563528
-0.14932954214299965
8.339533732060781
18.738268463744248
3.12530200458402
6.222821283902297
2.799558907129993
2.6336921200707226
-4.0321979258053915
3.2061455794058347
3.5639192419911323
4.23504444935385
4.540108566812428
4.545731544076844
3.4237594152738855
5.520767391212533
14.204743875424
10.849542181562239
3.7352257818017245
6.829695511934428
0.7085620938084269
7.6455782875705
-6.178942113531551
-3.026065329169371
-4.455558758225356
-1.0143958795664574
1.5481184674990733
1.0756424352480098
8.63350753006425
4.016250265093232
-2.377424015316251
0.8846370647046502
12.67985099085935
5.528916396250191
9.225599442727543
6.4026799135977965
-2.055606371917869
6.689960438048647
7.85802156961488
1.4602794832019037
-7.443354266602974
2.9228093203129877
0.4648011117826254
-3.949984772199394
6.0603919753126085
10.033352060028886
6.709390859935957
6.6338174064984194
7.269469189665182
5.793339868555015
4.75748066922899
7.132891517384745
2.4696165058654516
6.274886693948544
-1.3129195479108544
2.2154217301559576
9.578636416700586
5.14223419409748
6.962524774134035
8.146257581916442
-5.150624798564614
-4.744892276777671
5.207371036251065
1.1309012069532969
10.074877639814348
0.8929662358600832
6.636399005869579
5.494230113319601
7.0762859623556915
10.461555237375121
4.6273254983363294
-3.0395382005069234
-0.9498424946330513
10.366340884045577
2.0395541540146565
6.186052984797315
8.040430463437579
3.0428751670822716
8.97462966516568
12.057127976017817
4.191757167342059
4.424907946513052
3.328631332277853
8.257749952644263
5.643651285484788
-4.015770782276007
2.9978021062487388
-0.5728637927420177
-1.9390568399505552
7.711721135759391
11.44999976773137
4.942919791826856
0.7545604263313519
2.786191438961566
8.893362312332908
6.461177204259788
-3.2684111535066
10.877475601358341
6.0061706832916695
8.387980927713567
12.16011103728503
-5.043857215970409
0.6573880036771318
13.036375804946355
15.517504422861638
2.9095937661766893
-10.276298962769784
-2.9560510409519543
5.0821732095461
4.056967429054471
12.130253146974862
0.8466232141138148
4.000258332066982
16.657386632945816
4.81806152327223
14.258516371192172
0.3848056799093711
-2.133861565651575
-4.655591296518988
7.404468138979413
-5.58996177325286
8.431430164187791
6.215979539138745
-4.503780848955886
8.862645809376088
2.997539922719675
-6.06422871564668
-0.5163073510845964
7.07755458574454
-0.4280727624299905
3.941260483380556
4.49821278977349
11.438513441824632
8.332520738799559
1.8337406611995188
3.416049602434348
7.406213538858264
7.518272475068455
-2.444195863386005
8.181634407796887
2.7999249097357315
15.472343559841482
0.5323142940593009
-0.6285759203440113
7.554784287415814
4.8047108105625815
7.586786633925927
8.650701742583877
9.514618570783231
4.583732639174576
4.524890259068518
6.041162071108087
7.798561121234877
14.479255813987631
13.265070948340252
-0.6205533741899361
10.55059527244698
6.3365679521695775
2.9997058576911937
5.502590148100186
2.454372537850035
9.682326517243231
0.5096614320509607
-1.525375012829132
-2.5603606236905456
4.643008766031967
3.8175736419468933
3.9130993455916503
4.09798748331307
1.2540247673165925
7.354169246770367
0.3363687227082668
5.7534505490839845
11.370631253598441
-6.879573984571541
3.689942955508273
3.252735091570443
5.440821417200098
5.234095010813741
9.505867291103822
5.577122222470259
3.9024884019648347
3.5362687857528847
2.7701334038765784
12.716754766940946
5.685781972612588
7.9836519275828834
9.35710458834442
6.8314222138388425
0.6113094969128168
10.18690453281545
3.933346885352687
5.860365445446976
2.483124586150997
5.36624030389436
7.881445983858134
8.50410794641595
4.775575169755837
-14.847388704656371
7.940274106025791
8.746118162102738
-1.6372116218944797
14.643256267263546
-2.181347831473076
4.379980893727416
8.497591761796839
5.072617520056431
10.90545475087007
3.609256909897627
10.382035275497294
3.5362359557898393
1.6848258895755635
7.770931682389962
1.3391970845995838
-1.9654212394063553
12.42425732376194
5.335773435766778
2.685748499240476
11.886732950676823
5.35229143094849
1.1801650945127626
1.0071521451353393
4.780638953556676
7.7380497252583735
-6.431713570738273
-6.334631756990767
14.866416430549318
20.72293659333656
13.594876046177873
5.3883656628893455
6.609245847554773
10.94433111331996
-1.3706040005771962
6.799381698940815
8.811178151090974
1.010310587418222
5.111901019672947
-2.8092103945094147
6.892797633986942
5.4127925759561375
14.265268002025913
2.1553168448304083
9.207493633362441
8.36029982950448
0.8951744473243428
7.230691572331762
7.492928273703239
-0.675351305578352
14.061404159991174
2.4895924114524024
1.888308560297979
3.418025556133133
5.216287878889084
5.625386062529895
2.182149292459546
11.739068911530438
3.6096301754113993
7.106407507503194
7.856448869429234
7.589662940947882
11.198891199598867
10.183815971376665
10.122355763388487
6.005777945161742
12.27735571385842
4.779516171832864
0.12569628373886887
13.188384455644599
5.790549119542628
1.9125714155514153
-2.2101713758539514
-9.011419378103588
12.383282889481372
3.0580414978235413
-1.820045258635501
20.615934191990487
4.558083609576078
3.8839000608121426
7.187974624076111
0.22693159444519173
0.5087645774798242
-2.248916403351375
9.099524045577688
16.969275808666232
1.6145398997569398
1.2414421351378908
10.169065294966995
2.0586489172637457
4.8390828093180405
5.667163278442832
5.119564966285047
2.313944554415009
10.594162306306718
2.817024264209433
16.558304879498635
3.5189986336174433
2.459030587390062
-4.15979807307326
11.282485027113196
-0.08580601456258741
0.6424129267083512
2.0197898322555874
5.230143376423677
-0.18013056773430236
6.293433938743987
10.60561621752902
3.146791438211454
8.785133521029461
4.348129597817441
6.543899558749679
2.868861417615807
-1.2788951600736738
-5.962291804323747
0.540393320087353
6.881760881479701
8.649070881115062
8.413803841585745
7.293570280344223
2.8461845303302202
0.1513622278560165
4.447176528238338
-3.5060640941952084
5.963656014787785
10.507288666003378
3.198510658730076
7.726674846518097
1.7293114698899008
1.956843392751738
5.962107243381745
5.404917105092382
6.485557495574951
3.97945762960524
5.606310402341577
-0.13969844927412645
-0.1519057737930587
0.6863518164574094
-0.720648514060668
11.200145472233771
13.30371318269876
5.540927504049926
4.233538662742208
16.93947383719801
7.042729119289537
4.786375591174899
7.4486754315351815
12.190972357185634
7.744385071158074
11.745940121436874
9.612194788726532
3.468559626407974
7.531686148567999
0.5875290970644023
-2.039180449374755
1.0495332241059812
3.4266593855107867
4.011252044143211
3.771742192468328
10.720840565962053
8.412970132794806
20.977653213397534
10.71410466595293
9.308054181846089
3.944604699164168
8.311255226003986
14.886936231920929
8.846892926298306
0.10781140287627222
11.408740496020178
8.903458843598207
4.312885551007927
-6.449865333831788
6.739365716269878
-1.1919067530499925
6.968001295414145
-6.114135016582459
-1.4037700277202405
6.358759652492431
-1.3869562560322795
-3.6686930149315513
6.261530978777008
3.300786531335539
7.2418544059413374
-3.1207203509988846
-2.260462433993963
2.511595251583578
15.381595544353072
7.651295166850897
2.856691090627404
5.047280419792069
9.664081471779825
10.772382622481
6.597951200668671
-2.1653320177434976
2.2265044077449336
-0.49853624020626564
8.005913564562066
-4.209206024362409
-2.184861515524947
-2.0299693216481565
3.9324675076293585
7.0781817490991505
8.860934301065893
0.9116672296613784
4.126275307449891
6.565840557969244
-3.864730286841369
-2.3462371639703186
5.353863117404886
2.1163263404580075
2.5562976959869173
2.2110173958895647
-3.7406231900613367
2.0528020936608855
4.619464609180723
9.407357343936091
9.51787975245686
3.6992545310680924
-0.6809732564633801
-2.1056999820371587
11.256946137179817
2.39559082489256
3.748245849159016
12.980997490386498
13.044362111751905
-0.02393419696773247
-0.5312912388928401
4.197370987849511
7.0015774092648
5.1581825952949725
6.459216822168991
-2.638301051919786
8.867069896390458
4.635994073232473
10.21839308086655
-0.36208418660351827
-0.5414629453013253
13.616007764812137
8.268104317961136
