8.717158842794506
-0.8902282842541123
7.241111320153459
5.388330454917989
6.179071559326665
8.634945635618017
-0.4877489693138566
1.4401811560165099
2.2066828103204683
7.468999841777893
5.685914148271023
4.179174670284691
8.368858947482291
4.8209083637595445
7.383998316447217
4.330398170721262
0.04087485965369453
-5.55184518596184
5.1235368877109035
7.448010876507375
5.978526169475405
7.767440860858898
-1.3851656136591792
-0.9751304634298021
6.2177176771842735
10.665241403530473
1.1106840798448054
0.35043638073679295
9.565670359152731
12.233842620538649
0.1592944159820009
5.051948179720084
8.932515088563619
4.562972479699357
4.438930537549034
12.547331252361372
1.8869785674654436
12.439423142290458
3.2440031938342377
20.095930739017316
9.418323391841694
9.008185886058044
12.400531771768673
11.898379630890915
12.30188386070392
10.750512528698964
0.8196115560641282
10.08594989026242
1.0884687485165045
3.210588046119349
5.944334772215687
9.865855078790297
7.6112806166603075
-1.8236134544581457
9.85564120158973
5.659549026509587
9.704638792369394
7.535619565605313
5.434147939121444
4.583459675439415
9.491262004421054
-11.653431914681647
9.46651846030344
10.924311138937213
7.955584291601252
-1.551619043845477
-0.2453605098334739
4.67878308437807
4.51814117274414
10.245932675853187
15.08366264520141
5.2131532634152205
6.9026867992577134
10.326835176288668
11.116901241261742
-3.4649886605842513
11.472036083867707
13.177431121880954
-0.06691915887730371
5.272802018090947
11.459581540334213
1.5390742654702145
-0.08280526851124215
5.502675359565778
-2.760806658096068
12.721966845421786
11.607116567233646
7.754598628242245
9.563693474200461
14.679573829650103
6.70891807553986
3.216623889981425
3.742386748455231
-6.160487027537171
6.824454557736903
1.1936834988711573
-1.7957166725383669
-0.04248439749077004
-7.526219977744182
-1.2554623857551528
2.520732311314876
3.8766584834590327
-5.848740318540781
8.141849522062497
2.879388175787326
5.68608986465391
7.128793314356059
4.853787824737442
12.849814538594423
7.60695878284757
5.1345886212413525
-3.470511251964684
6.987288799700966
-1.7886200813185393
6.822716900899601
-1.3084069757598789
5.913174840797268
5.926550892784958
3.46140219383496
-2.5554510839289755
14.11455297328083
5.601503049181531
4.190175650561866
7.181132227777853
5.022310570988082
4.742517297786984
6.123815143559569
7.162139640897633
-1.1858127738749031
4.515026659486059
4.595360251395891
1.5864595775155368
4.9993182283274775
4.2167262698809305
4.160039723112519
0.2538992818114436
5.772305956928135
-1.0061180014551887
18.511936093763467
5.372548976941555
3.7554107133850847
4.013202036893324
6.5301945998766975
8.585734858178355
9.598012394330485
3.31469475795845
4.325498411179555
-5.201848899711482
5.722755331699107
11.368661242709312
8.866301860526693
9.379019499812408
2.0942436633669983
7.052852108157315
13.717135750351055
4.240448335222588
8.171729286132752
2.578101929884249
17.298354509762014
20.210569918124413
11.697537768275357
2.940926170490278
11.642057248434526
-2.145975170575925
15.864766539227823
2.725432934597116
8.153097999260115
-1.8540769107742587
-0.9509668978422621
4.373537953293759
4.364997656784305
0.11222834092746048
0.4019033780079655
7.68426109356529
9.942104846972544
2.180284161907777
7.220946497491661
7.226261219068084
-2.648078146810775
4.897332780231985
3.7901661148321923
6.508099603909393
1.0203342691815864
0.17017916782229836
7.945690439342304
6.492361702799711
10.541098796527244
12.481545829453399
5.400066921751286
4.51842917779498
10.593935356916464
11.076397316080147
11.673845334854093
9.057886949614876
2.941679424379832
5.41890139921971
3.2693245985971564
3.774358389523079
-3.3421671925182217
5.457938540742608
7.262220006020434
1.6424164392054488
4.228488732786989
6.847472242590175
11.019930336592477
2.9023551959191956
7.047692486831776
3.3637592459830454
3.1765827940150944
-5.380708691785422
6.919912661578356
8.417256849253292
5.543122871803646
-4.087971158490003
-1.3251450353235228
9.648175832349317
1.0795335122311873
4.331500986549634
10.435320931162805
6.739172391836398
-1.0005364817288527
5.42238447673114
4.145676767629906
5.361946280940437
2.0821575081364245
0.7277263330180634
6.113731122802761
11.050109370178767
-1.2618638289792514
-1.8726888624980838
2.249698402772898
13.575880611065422
5.682255374029352
10.7586685194499
4.3362723746272565
8.205545142076236
3.0980510730793505
4.865254243888341
2.372130537304736
1.6247999428323063
-7.554045078316172
12.174945726878546
-6.517979372691924
3.058947731304709
4.897906554013583
4.041515144727937
4.797875424138006
9.853458542945567
7.5546106628647625
-2.8263193721324065
1.7231545897589564
6.775772330741927
7.812267857741357
14.402093472982475
5.272219345968215
13.981143217197733
9.605459326549024
2.5870172772156437
7.864014944634123
-0.7020586320059037
4.081046002080947
4.87791353564631
5.5071711547313615
1.4565101000134653
11.458205719240457
10.999846004408177
5.814120084236986
-0.6422286212940849
-2.1513952412092943
3.2161220431008846
8.6717855209139
7.541081137938778
-1.950775394575782
10.734972985158322
5.758866270871376
8.357986458121802
2.100801106184158
3.90790980053287
11.186154260077577
1.3394504374683491
-1.6307202287172924
8.197594934785016
8.655480421932328
13.711311624277581
3.1838572893455783
6.1475416883797855
6.410156745064349
-4.194273905388448
1.2957132011029122
4.289468633321201
9.270772610740881
5.6044151482391555
6.656920204913101
5.515298366491329
6.3517552107390145
6.16752476913769
-1.973632148439676
-2.0688257700428423
9.80737868192704
4.5580734527538205
5.003672420448658
-2.8289882158533066
5.8634295137974535
10.46103075952659
3.0901222400207478
-3.2244317789627495
1.2823206743974438
7.0183386177120415
11.897430105642986
4.159402335351945
0.9963229632641966
10.21819507296218
1.447095501203255
2.9036684702423097
2.4021387491708897
0.26735539297343003
0.21455183966739622
-2.7538749017516757
1.5752920705392466
2.458957039493737
11.760988642463463
-1.179824742981701
2.888148829837843
7.041219112390822
6.339880245439634
0.9993280494757437
7.1262217403871055
-8.99490049557213
7.444808662431796
3.3710154588368826
-0.706969052909515
7.247027037791184
10.441834746478051
0.2916759952856638
-4.102908468037611
2.787505302972917
8.430441766630196
11.746038054355186
8.287801049187506
0.3136860031767643
4.436527894668998
10.76458921826779
6.796931743613831
7.746871640182933
0.08640413075517195
0.7494711195564214
4.6486596979666155
6.8192431430679346
10.458351387557133
2.521531352510154
6.800135284952818
0.4108154879472816
5.644420955937742
-0.23334405276664683
1.5491435180762232
-1.5671514959114266
4.409746702729649
2.3058795430202172
-1.5847742428349036
7.182189018557329
7.509644628580184
-0.6770865002796649
1.340860777001481
1.5703127155603673
7.11377681186816
6.800404324280637
7.063585570096118
11.416020694991678
3.7478278322354015
9.421616409893371
0.5998274657713916
0.9919333221385798
4.006272378196714
4.446348873376548
4.140468870476501
8.708185508514314
5.964279385181699
8.876626736311215
6.194330993940803
7.429521687404944
5.277450880677618
7.084630857594604
-0.8008153019159883
6.602228664777234
-5.409519109090407
12.83118071625567
6.305957809828457
7.35382150333977
2.0531933200020784
1.903475896845742
7.486584508462162
4.101651739589054
3.00306857126324
2.6042566550338764
-5.173965341799191
16.066894543147114
10.228929240671734
-1.7672284641270828
-2.917128918223936
0.699676434483461
-0.3789643113603036
-0.4715332963196479
1.2308032499089618
0.64684602878991
15.966079853309775
3.0098930400308412
3.8328721063004005
1.1031341626074962
4.375115697899298
1.9690245816443632
7.4168234260554735
4.0302561437053654
3.915077837555688
4.2176396131696885
10.164571307240891
10.694390632867517
5.943327415398002
7.773036698960932
8.904317714338225
12.861187635831712
5.204754368279366
-2.0447567649471257
12.96587506686409
4.28312656243188
4.300375462265106
-5.0854132824996405
-5.360693492940051
4.18281941132221
-0.2072155538454732
8.999507429614653
9.634977791088357
7.508009120193237
15.663496534330621
21.03143827252231
6.988250799819812
-0.6404442788985474
8.968594193374198
3.5036211978231826
11.822214247729152
11.701858735115508
4.335720354056125
2.5334162754470015
7.0733330724402705
9.99220685425739
3.4819243764462144
13.059718034206714
5.131244234200608
5.361772789656848
-3.4625455704434867
6.48417852449822
-5.773594441455021
1.8500998664470254
6.8685238456486655
3.334406706053035
10.34051064609131
-2.6260695117103294
12.407343778421893
-1.3254299824234197
6.608522613989978
0.19060916223355173
5.12035572236648
-0.8917063566757379
-12.01504870285374
4.718580566787835
-1.3568790068492556
4.077787642402328
-3.5183549845770923
-0.3844966027002594
-4.869801283455349
1.3194790243428738
6.732055789334496
-2.3631560585253713
7.892645010291614
-2.7221568158185203
2.2145054114005096
0.8372859304214524
4.840902502282711
2.156453046880371
6.2112333273397375
9.08053975476567
8.956716755464011
2.746122052450162
6.1838659359610695
4.383865696235054
4.239471716115047
2.315682853211587
-0.22138791696652937
2.312728247938368
8.989115782398212
0.6135811156375981
-0.3220858815630141
16.67636998094475
13.52692908365016
-0.26526279600218405
7.927358116532603
7.414903989339349
-2.411398945087778
8.079170714452726
3.9352222902216907
-0.3981256373830897
2.3396698150795716
3.792958067639193
7.4654863242592455
-2.199889233088821
3.519224697599629
3.647917353378298
6.353573944758694
3.799099780633373
4.20945229292742
1.5417586722208645
7.3404209602812305
7.989892440660245
3.4931714920286225
-1.2299963383381076
12.825389855341061
9.55820066770772
-1.4997635026589338
6.151114689400283
7.069231202034003
6.038151945984705
-2.721842632075994
6.08018117273103
7.554276343639083
-1.9019964828005724
2.473150345371634
6.572448055612085
19.58033594333128
10.592342760578852
6.5703908572998655
11.201757936953786
0.6318060435815447
2.4270984011283416
5.772164476618868
13.051097054586254
9.092186648924688
2.3038490229508723
-0.3581929960873289
3.85318341146851
5.6701243386882485
8.58924722504037
6.824203195229665
9.467103709035616
2.792174436692481
-2.0230680987743366
-6.359436056804084
1.8408966138232061
0.25839659807469495
3.977140709324957
12.03612922546108
3.7147892491898107
13.68304970082608
8.021556192495794
6.875444436439993
2.5393298645170255
12.783252666203193
5.9578536754068985
4.956189820144488
4.451650861548061
5.247440833521811
2.3484044928698893
1.9130401862733315
8.569513760517136
4.45679274152645
7.973279579251524
8.980386207926312
1.2108542483941278
2.867843755391337
2.635739591985747
7.761032515587524
5.481627866561923
15.299960345326562
8.706976168300084
8.412073297184817
3.250943143330487
5.414086969703233
4.184535899478188
5.576297980060156
0.7100733365582101
5.780711536364731
5.483597177083304
3.579380181544987
5.054375565708561
-3.942762698992598
2.5942350748962877
6.957404792180057
4.271233064387762
-0.07328308439707332
5.133111260300332
4.988539981156765
0.28339382358240073
3.034416830477098
0.36396394986510217
4.263675561644206
6.391133617536349
18.757455967750037
0.0419895367898695
4.325161979128093
2.1918147411150635
5.892559396779058
2.8440159335936066
6.572802544784718
6.743542496315291
18.545795157789946
1.5411671480441131
4.103880520057475
11.210027719174104
6.721584127765306
-4.182015492582673
-5.597475376734831
11.94332624698476
7.659409946135605
0.5730315736108373
7.099357151031677
10.067990886384617
5.276282762603476
8.76995409063878
9.204285811789045
9.884407797925366
9.341227382817127
10.398291039548127
1.5696326755775012
8.121365066954631
5.6026663236024
10.206426772674245
3.607195557838161
7.243783123883415
9.3609473435222
16.49574406814978
10.90084096302425
-0.8563719169736217
5.065577492364492
-4.075048824801465
0.5281116410494846
3.9463086907662124
13.069875615014375
-5.36395463897524
-0.16825715563920873
1.1399541284893435
2.6152360875058003
-1.5188815607312671
5.320556428451819
-2.979704358137253
-5.127979110436291
9.599568710871775
3.089494330028368
7.900306400034975
19.191654973807843
6.822198947655428
3.9473150358510303
5.833060947535177
2.464546925399663
4.49502451336971
4.577543244346934
8.292721409819471
3.3723431787363185
0.8180603348353372
13.561632885360781
14.804908078548198
11.749659662870613
6.459927831664756
5.833380457642372
5.510814420600705
3.089884331337062
6.922560292652775
1.6228438875146125
3.824834834088061
9.510057114464761
2.0509155807418695
9.533940204731454
2.0037718414591263
8.80958035804635
2.1325733101935587
2.4781225083744634
-3.0431803364575707
-2.382267711826252
3.567044397737183
1.5408029389125728
-1.3922920532183847
4.298694007732521
7.9326230098676485
7.276222117054601
0.9230480454171732
19.69687064574196
4.36702661000996
6.088812282629007
-1.2631464631338094
1.3549337573528693
3.948291812193805
1.6421447830921019
13.762101480501823
6.4549098618483445
9.223824595377403
1.729977379975025
5.235039559234063
3.830196961282785
11.547041647912204
18.02286975013321
1.4717620884457094
5.825371096196509
6.569050633868539
9.1038782211889
15.585745986531489
9.295071696746874
12.713576151440412
1.5603267240683278
2.3745223780666342
2.6928759509124034
3.2257076147608337
-4.001244813236992
8.439295460759814
-4.002214620200993
6.315732575215982
11.473350768153157
9.703259265706563
6.266460877737263
19.311936907499714
2.2002262051048658
7.519027390195248
4.085176953057588
2.575162721261556
4.227093125921717
10.521551213942056
-5.0399556661907265
7.004550436654485
6.133388803768047
4.116722817912929
5.491049259420132
6.2017916096957055
9.334908302627552
4.8058175356767165
6.528755170296168
6.466963670959337
9.937300369276375
2.239282303408016
4.023425254323486
6.622434938072286
8.185954963688268
13.285013782823702
7.7426594134162645
7.565336435748762
2.342607956374043
2.8583999436137018
4.695589955045122
4.164011453211971
4.32250034252924
13.189059792528047
-2.5515707512491383
7.7224360993738825
7.936264402687216
-3.859902932199633
9.146183334804014
4.939688969712934
-1.7599941674970632
-2.173446480683743
13.78972641100049
2.6183475740083817
-5.602255812056974
10.433950430355729
2.8319327846763254
8.620784971059196
-2.9904141334580263
4.275685088632538
11.158524103654994
2.657373458317503
5.004320472594537
6.772405347046309
8.42519315590537
3.799915140636367
6.619950758309526
8.304324432707716
8.824568389440154
12.68671192440205
11.54527138060496
4.941815081277747
14.952934728080574
14.081202756745133
2.5685294801529737
3.9759095946011964
9.667364448227467
5.371114630379281
3.6796504096316096
4.287495447971185
6.441345564378526
6.027417812031431
2.4725374835913194
0.6376515934077434
0.936968384862813
-1.0268094753599666
5.19378661509519
3.4356601377245624
6.438287226058508
5.491429047280603
-2.8551329576456155
-1.6490882629457078
5.981279142784197
9.968259374623504
6.796331247592301
4.151159482751231
10.764966559719126
4.785657587932716
3.3374764423756784
6.832337973144111
3.7596041789477606
15.310994764863395
6.436280836501981
2.0372444321984724
3.9204195697027813
12.9762505233338
11.12115256250512
11.261577828832916
3.459041518803269
5.7198936689878055
8.076326927788283
7.456544396722654
-1.923723917025577
5.180318998590352
4.832543475680757
4.345435996461243
4.7811145984285055
5.818227556606994
6.321086824303317
5.73192686219871
9.115805868042761
12.647401337760295
13.704712817717992
4.177243238476235
7.263379390693155
12.180538588593887
8.138877184924485
5.742361106811341
10.187639001351526
4.94201749846306
3.852999521778847
4.403802330193777
3.1652585747604247
8.666004089209446
-0.20305910697468965
12.858224921637285
6.265887121138928
-3.3809190202054413
2.7832716676761144
1.5821460096683273
2.9976340286662917
0.13621136118254862
-3.0281242192045346
11.070783917052356
5.744376582557166
9.415474604142435
9.33210736789611
0.626676150110745
6.112750048980996
-0.9164919571974535
7.9824049296122634
4.0228433817505405
7.6194921222877365
-0.2623158041585816
13.59564508217845
2.5083930091144753
3.247470391915498
10.751873111173186
5.626279007434244
3.7338488753030337
10.551888847666403
13.940627443360247
5.176607630214752
9.803644459775041
10.694590925961943
3.5348879818769294
1.1325148838177284
6.257504299453813
-1.0324569412589808
6.797737207980369
0.5558087347419409
-0.23505677618734655
11.51089852406514
1.666860344927546
3.7306334886980066
1.092129238583098
4.63119336464067
10.685613455982883
-0.0857993419387384
3.9484609567990896
3.4834384266168765
3.9617289607663126
7.790714558636963
-4.442229388346377
4.738407245163577
7.277569057807299
9.179782693551992
11.98010481851006
9.301565692552815
1.5976026881795757
4.955505824863351
4.562306932402501
10.737845958586947
11.232508732564344
6.2151945475968695
3.2457818742820725
9.976863810549219
11.497983504659866
4.277052164255908
8.638398147966132
8.152059943785737
-3.058299306346621
9.869404693867395
3.265073728162668
-0.9294443720329868
8.04014933458536
-0.8911369731133121
10.902724823883492
11.280034809904162
-0.9684959640478157
1.540461371279549
6.765892837833865
1.6197239062317559
7.1203844910487595
12.53427822353304
6.564955275073083
6.082482572722444
10.215995788548112
0.11332963306273758
-1.370609441609977
10.597054419210217
10.618642295698738
9.74909134513544
8.361451974628146
2.5867889044816366
8.320270802605684
6.054425969013647
9.96741727851332
6.639571859388768
6.496534816013941
5.582052167576885
12.94026492934758
5.76986057770468
5.698325460799972
6.447112284831827
7.344563012535138
10.68098806248798
-4.342249215765667
8.647089096389463
7.378795668010247
1.9850627974226507
11.159289703538583
3.3421983894627685
3.690619446972584
1.1143893480859832
6.663820314691878
9.846540847448676
-1.9646540403122135
8.419668990249937
-0.7901521534149367
6.9357491067478945
0.5521766013506682
2.9378492101604126
-4.669749810854905
-2.881101585453381
2.4613094849756325
4.717103189071804
1.6171312692811508
5.872816651589455
9.950284780233051
-3.353030364640854
6.331390452821303
-4.5230736476768705
9.47076864108401
1.332441867731295
6.892386149455264
4.506000222246092
-2.6695592690736234
3.2797096643208397
5.411704225908539
12.450577516518205
7.738496592234557
3.5538492304243468
2.6709016030717283
2.1373606408035015
2.7867431648631817
1.9806680899894529
11.739689392254851
9.94898106629761
13.862348777086375
7.329846993257465
-1.8259042160141306
-4.266730871740858
3.323825363311282
-6.674870936560071
4.357466987780315
6.947850926138513
15.150321370028648
2.2010134845416154
3.5352262116080855
3.2428211008947594
1.8996149659581878
2.795563356852946
4.576751186850875
-2.1200996593627215
6.649966758479201
10.389673542039231
13.575303618293537
