1.311947376150946
2.278507702196517
-0.9009254815207681
-0.4523808048965128
0.4458482521486138
7.537019625605199
10.424647654998873
4.597062891766035
1.319954332585123
-3.4851555112214747
2.911098771193334
10.98088991977177
8.445275128972252
2.8360482697969913
10.473714264680371
10.11098162750827
7.563747006712098
-3.292595722819991
10.605350107335237
7.998157779250035
4.4466732529163515
3.5193635566808976
10.58218847668929
16.563803500010508
-0.13114545207593764
-1.3868001311235645
-1.6054555679415223
0.944811868809114
12.966517134299847
14.419480219678473
12.888946906940774
4.654687344043921
6.331340789299301
-3.2989972555007636
13.421429831206812
-0.28647426197468207
6.173621088233128
-1.9094809214058728
16.437374650545486
10.109340687696536
10.318080515964615
9.016364032109944
6.403324705453295
8.336147131154197
12.620267440714784
3.16575956272858
1.1075195453226776
8.838724871149637
6.29429538380023
3.373956016893907
6.303238758698063
3.2842337184284154
-1.5159609660125835
2.816756209554372
3.882579070073738
6.761401242668664
12.452068747936824
-5.119633036228446
9.182570608730977
3.988405320825205
1.5801114404964407
2.6187622716063133
7.310419078748309
-0.6679034979924401
2.6488271371362764
5.719240796578956
4.985669442871078
-0.6024733665136024
6.956060070731919
3.0177433377759595
4.842913292228709
-3.494513360092798
9.492392690929908
13.299733699325785
6.835039524458242
-3.364594213399881
12.89548658996567
7.041025103350593
3.682013367047246
16.495577558928407
1.85476693888302
6.996434984139339
6.182331727661816
11.561826046383977
8.37549632094677
1.0618161222159834
5.759350630506063
10.532852758936174
15.847720466041277
4.293580475710033
0.1436587659780013
5.369081032478238
17.735862020494558
9.980607487434229
9.468778009816873
12.333029432509656
-6.706601973988153
6.642628562428285
3.1136530578100827
20.200678160917352
12.979035934886207
0.6094159582379115
0.2835052371470388
2.261401223751491
2.5565539704959703
1.8590859928349657
7.291152991496096
10.495894443672697
8.81311349498686
12.991718046165207
14.724901797918818
0.10640382853495378
5.70896595330346
14.011465522512314
11.504740336148203
-0.11196202549525669
1.1372409161567871
-1.8738532125999088
5.865379211441371
8.935486308422636
-2.4600441904435275
6.208671092112032
9.23756235227662
-2.0464223384455185
5.339168750337237
9.793542310930361
4.239012230429444
5.747431187452683
9.632244026997293
1.3960801053891956
6.2125359044400135
4.825652418053392
8.27297137976784
7.152060408468719
-7.045550311185172
-4.998906518848857
5.698716776403751
11.900672416349984
6.484168584571677
1.1880260614493228
2.971389126259548
3.14762144821827
4.8230266214675765
3.729517647673055
3.091470206942245
5.958537203250058
10.4972811003477
0.5092986112903466
4.30902315907266
3.7143350510692428
8.662465842750645
17.519699730424072
0.31182093244808673
9.038704234597759
-5.501219933926887
1.7672477184122064
-3.326352966440174
8.32305192587447
16.46748695761402
3.965788855592533
2.8733990710662844
4.877167613926223
14.461955572833961
11.990817645212744
5.693311813128928
5.069762186503462
13.635906601124347
4.70840206012452
8.1771314228147
4.246452356391215
6.396376890308929
12.742220982896567
-5.264413642553523
9.509799977486624
-1.2708950082175852
-0.6116887053307476
10.5138483102856
14.466600143849563
4.767821250380385
9.895866444858028
12.343339660112402
12.743786493982082
1.802526553766966
13.8405476216486
0.5425214640603029
18.343348870484895
3.003302606084102
-1.883523157172263
5.394514062005199
7.660659421361225
-5.0755011965898955
12.2394558950684
8.004745074350751
0.5513332401557953
13.1777272922568
11.747088525497162
14.314057680457735
15.784838459482044
7.05543664396377
6.671935780097016
8.258108018852878
7.6045859302819245
3.173746911049194
-0.18555079588924972
-2.2569961145503896
15.264783680402333
3.5902570800552938
1.382541153468769
8.302567490431793
4.286019178586423
9.853601083494517
9.06423961722452
9.974168471155451
1.7934930472674289
0.7917875367544474
9.173708228454855
-0.6815448453599382
1.139173400224637
7.501164736546202
10.92184087384327
2.04125699218766
14.665153507120088
-1.0705056028109716
15.372144935086851
6.17854544460117
8.447484290268441
-1.9533721607610959
1.053185221383739
18.6928629099172
1.913633105920967
3.972641673936864
-8.68015313197404
-0.17204312621486917
15.677512517493769
12.811194215141455
3.783151004066073
9.99037291170519
7.255130955701141
8.388616055134651
12.985889093328272
10.18359369533135
11.765268420215417
0.003246209500542996
7.781279479977165
1.7712431085289921
3.760087977551339
-2.2554524699986
9.581134566449622
19.240873388421896
11.885090988869948
10.032724994563402
17.2107179378092
5.257913941365236
3.2217735850635854
1.4463202997970308
-3.2178247409223566
-3.190419057241522
11.131305132297872
7.951531936213977
16.11679488770655
6.906688952538733
19.22471235033005
17.123184895624036
11.573623729593946
-0.9761846480314178
5.078298009701609
-1.695490559566565
-4.580200842426239
3.85954227875709
12.129337799867429
3.6585786164924627
9.215186420926592
1.0345155241952142
9.460571252319127
-3.904026467213173
4.7232806529281905
8.94223834888337
4.252655097561663
-1.8957670778259654
8.926187271010932
5.074878634646489
4.830723029835562
12.618077195935406
1.5520738118267339
6.491921251548487
4.659440615114422
4.1790442314239815
1.160833854927235
-3.6582102728043377
9.03698608917448
7.015757001120737
0.5379000098127671
2.168865128406883
-3.0552462627844594
13.174073861953271
1.8150269188966437
8.403829486162355
14.022139647423693
9.79518410393236
5.828660256999494
3.677268838452855
6.464270764483553
5.4333177004406155
-0.5626233954910171
0.43757987529299225
5.78119709731494
5.719424450347081
4.649517191884583
1.0777493138605214
21.59619455746349
-0.5801277831593206
-6.577700374028806
17.095666692642116
7.808339061154499
8.777881165751122
6.711180872530749
10.643228102139608
-1.2570940795483967
9.49976601660088
3.8392672882873815
3.337871222452146
11.330544219306208
16.530554415479124
3.3234310821399577
22.475364898832176
12.842612068109007
-0.7742518288662703
8.12714699028508
1.51562452321419
19.341118112466358
7.47431409503377
-6.063421435890204
-2.1837860277431247
1.3853606713601199
8.768331195433632
14.726846380153678
3.8797880595465286
0.7417448751625964
-3.658482623895452
1.2713745798980742
14.639305415093897
10.237811559977846
11.722173810261403
0.28354423867791745
15.74044046593206
1.7062527246895574
5.71465321074651
-4.447337930460366
-2.495946281746221
7.455730717719954
-1.7336243933909712
16.40982602269443
11.775814323755323
1.3907144792407804
4.287918019990846
0.5062505872470577
13.240805852989418
8.073895242629213
6.746485831821417
5.5052984940812895
4.7037014359437626
10.815832215465097
11.12216555133908
-2.808727522997259
2.3599213732834317
6.9465303832994225
5.450864935612501
6.133266583475862
-1.0131459649686816
-4.214044272464836
4.175484343295469
6.687992190065486
-6.358025366056744
16.36613762874385
2.28993434799395
21.034896909395776
-1.6908124242552587
5.591138072684327
17.859488476813787
3.0105093944157417
2.85112592759285
0.3154078187983389
6.347334370542719
1.2981998854973842
3.802761775291123
5.82003684318354
-1.287963160701544
1.1272300947485139
6.409432903989625
8.964161737800334
5.807621311582039
11.270825896840135
8.213864242196365
14.108477800341058
5.9473372477858035
13.626865674703492
10.500646908172586
5.744020834962515
5.089205001561927
0.031277560795446746
5.261842763485269
3.0728465936942464
-5.014554460473825
5.810861019788788
11.155404047562428
-0.2293815794395746
3.9015117284243774
7.5072884555336845
0.6046125944854381
9.768335046205744
0.7189658477803604
10.635365126542926
15.380080077569405
0.6591682057094008
8.807371575390905
3.5449301861818965
16.04399553695742
20.837527397978285
7.97553245629227
-8.308749676167476
12.301704586912054
-2.026237134278066
10.768161745176187
-4.521756546078731
9.26661370050963
13.563113494995005
0.9540026697547459
11.355152915273361
19.189923079078003
-1.7348587940602584
-4.612802422760973
7.687778174766137
10.319341681878768
9.308359331147418
-1.2428364723057381
13.675571576875033
11.748145991523518
12.695218239533357
16.060051427433578
11.475560113755979
8.113283422592842
14.45996853660984
7.6486925752902
2.2171345541229153
13.977330958308523
16.057311463755518
7.121046334764059
9.340118356326412
13.429462272317036
16.00818476415772
2.7749698688805085
3.7845505633135534
12.021446426282541
3.881200484916972
5.771534091776779
11.845194534773768
16.565930041423407
12.94255288060079
2.92989680151505
6.939509164779892
4.849935213592944
7.79581777409057
6.24147689137642
-2.6091255344723
11.553698011898838
8.463986658118497
10.580636796611945
8.886057720724029
11.752355827477704
1.3117711577019575
12.521494490046889
3.251792313968249
3.859357813549183
4.381753602287242
13.907118088755226
5.2533376718105504
-0.09090691925604322
-0.710536057002316
9.17071944550726
12.642546434416381
4.406914432823255
-3.6432006592808133
12.145528107925927
0.5867123876120921
9.877870444366476
10.144456692843423
2.122244586109474
15.10311660215349
9.186081432205075
-1.4074668089582447
16.843407631245242
5.370299019500636
3.275147569816256
3.9605756581173304
5.55835931474619
-0.7582977418559178
5.205628770769318
7.477611730851829
3.509603992713745
5.3303708333383195
9.863787534757698
7.826694716229643
3.860422004953116
7.1715792764045645
2.5904473163576243
3.575838825875969
14.782195702811807
2.4304006760519905
9.767631751465652
1.6096705482579745
9.51773877725059
-7.039640015974243
12.179337755500338
7.781033614753805
24.55906686157669
-1.383185548076253
2.4425203929226678
10.257845919003522
9.906487982409635
-1.6717836477275663
9.022204491677503
15.593096742090063
13.79275670975181
15.579524850936545
-2.2027196527698543
12.29594959026178
-2.8746983851599115
7.523644060560398
-2.7386033390129665
3.025540471928404
0.8687089855443126
4.234215071360244
10.705815167509387
4.930562794435751
21.738235193115933
5.032380255904138
3.039337172939371
4.545295354856623
-1.4945105855342202
-3.738501183777462
13.326270960242248
-1.0900019900648026
0.21274568731659382
5.5467330798843735
-5.171935414147606
11.129106450320895
9.383944728602824
17.111115030787616
-6.896813692322537
9.694363754447354
13.162763661641364
-2.1389989774024976
7.86706428393443
0.03917815054546825
7.318541019590161
3.2350626576840362
2.491703171502336
-0.27884552338329627
4.08797479438381
4.228832281119948
3.8729025049653467
8.289941147859075
2.9636613710307453
12.280174763887477
13.674493036903804
-1.5578597553305702
3.7164060332725914
0.4531957416348993
10.300125212581024
9.308200935271977
10.241345920350373
6.041450010530138
13.565156243590746
-3.477738281476075
2.912368321172767
4.753579440413269
4.081809540745743
10.312528353894525
3.583637978761653
3.1256368706247346
3.2286662108903093
-0.1507545394183909
7.615831425119257
12.688468931775978
4.973967197090213
13.809025368068479
6.0507519603422075
6.114997106268849
-0.05199099650297612
-1.2978946205030635
1.1538465290274207
7.294902197460626
-1.765915109509944
8.713265924946556
9.529229064024486
-0.4735464771935529
6.726727965445897
6.588179153385296
7.074395818673175
14.624263092617444
0.18559393965733317
11.42077368423211
-12.534575807130345
15.022749313769099
-5.104860962717693
0.7330624181866794
1.9255954994034825
8.26885479795475
10.271554389701116
-3.7641789297968824
8.217152156132883
12.603715522187315
10.78411654163911
-5.258968393287994
3.698423814264776
12.512383026096492
3.892955289871845
16.966028701558308
19.233459958308664
17.105002907973486
11.649047977875767
8.263379889274805
3.310633758571551
4.741607375906266
13.306630045897172
7.694152684954807
2.3959268995500076
7.993988167704252
7.398254831363765
14.153687962217166
9.0120941850869
8.723983363973048
1.6344334173435264
10.097171348369812
5.804141822121257
2.581258694011754
7.76985956882269
14.65922676802538
2.2115354284847037
6.7364160018205865
10.01719933653667
0.13614415066488572
5.243739439718671
6.342845681397041
12.42971409953098
-0.1837651511703191
0.6816144183769213
1.3355802560962218
0.7715866243388714
17.886745592434625
-0.9237315530392376
2.9221406347461656
10.881090912408467
-2.2977569502536586
4.921582503263171
15.778442040625949
6.1939183460477585
1.8847375011200924
6.974136131614937
14.328421678445816
4.971009803313072
14.37092284461374
9.589712020358903
9.33975348911776
-1.3455223098767073
9.807893510046444
-2.0406583478279448
5.5556532136717545
7.034793287604509
5.430281787214286
4.626796306821433
17.527454451418315
-6.8978339026804
4.7048508904811595
1.2953560745024815
7.242270636843512
0.4496229002392429
6.927795685484793
4.033474465753434
10.997919378181477
1.4405180051121036
8.46293447545446
5.742125393465712
5.472959319135699
-1.98857633939088
5.379139588786329
7.497111847626941
6.604460425845815
-0.6133548837081353
3.421400911962836
5.010909545340002
8.564135963228809
6.072496075870372
12.147790055540892
11.635417305908888
19.334802960471052
1.3358292172468573
5.911053960996468
11.188927460785175
6.7289627436791495
12.438118853273401
6.6473295774294465
8.059949225674451
2.7279796676518986
7.688353430788389
0.7952879489330984
11.803946670917579
2.1531884628547124
15.385592670388437
14.382549724279258
10.868608126921519
3.900354363411952
5.504497374971896
3.4348293229257894
5.322490684987976
8.13402044024886
4.829294718433486
-3.5805534667791186
9.444502656002772
11.628161973565543
4.785011863887741
12.59811934183773
13.464859936729116
-2.0693040134465868
-2.33608763268011
8.02792967852661
8.956442793390599
7.672240106860846
15.227947517309977
-6.629692725727812
5.436685198544328
0.6188541594434644
2.827244871627308
21.401130677482804
9.99875129260159
5.023497487017728
7.220429857484146
4.123122297041802
19.292906424423037
16.145992788229968
7.934562959402561
-2.033891261901804
-0.7740026951041381
19.743201033934426
7.6726966370504535
4.518506091562529
0.09929011837394697
3.4226921505343753
16.77331754631208
10.910036185532432
6.250998846476171
10.45339966264709
6.48562945024296
8.075016037146968
9.435357002028052
6.7352298407713524
14.25287546878549
6.005414883358528
7.874338611414265
8.410727654758846
8.762857917501371
6.155455895329425
5.397410880516107
-0.5532488761793513
-1.1154514775786053
14.100846471687719
3.22017678094943
-5.7945988442115866
7.399044258782091
9.821751776465344
-1.6877031861789504
1.8487171004080576
12.333178575636653
3.0024074059867583
10.811489484356853
6.036676231644808
11.300091286144603
5.831195176451087
16.408993321937288
4.185586996407272
15.20844487552328
2.913544246102773
3.6591858533351127
4.323092213355837
10.276725196399845
11.160441226727432
3.3631670173922408
15.706491683826776
9.51654819639511
13.426679052653576
13.588087630809252
-0.03815533969973561
13.136447082932662
9.987640335894532
-4.720784126237104
0.6426189419987045
8.875533636463459
1.1253858954546354
2.8687029422324
18.980525070468076
11.885491060666503
7.677350836452988
10.697661622991916
-1.462241864549756
3.2115545297367274
18.61391106011681
3.3221033705220893
13.081946718602435
0.12995236850894454
9.770352954402892
4.573995911696083
16.730067079610553
12.04385052382089
10.291948936414428
15.536674458507902
9.307958755306782
-2.165941920311031
14.611438987964362
7.424880282838014
3.9939502412236996
6.544152339156536
14.347583333674145
11.484751515288568
12.959622014930009
9.644755798477977
-0.1704033600487982
-3.4914069416244757
-3.7887421652496407
9.490054076463984
13.328907056916165
7.586363952547712
10.708619208219343
13.033752743801708
-2.09178530295806
0.9400391858720347
1.9063639849698353
2.976463257887819
3.7065693472362238
2.619521605274948
11.025092830738867
16.420645672789885
11.85650923990033
-2.3329327164383002
6.5957708466701845
7.90804125589916
5.883165688790666
8.580567342697739
4.052626032954961
2.849718696883118
3.565651421032508
2.5603693065569413
2.1499513710001876
4.714493511558631
7.049025675964196
7.272598225970864
0.6547205077230567
11.55212152027397
11.51948808320227
5.921539444457446
17.39099050685321
14.882481971768447
-3.512706974886475
21.41763796420477
5.0999178612753004
0.789708305319329
2.2745399157421002
-4.298623198102435
12.932148229951695
1.682266638545956
4.948924425003895
12.325712954875474
8.104268610503883
7.23653244988285
9.920979581590487
6.441357367309653
4.1994888534207915
8.851980383373157
0.0578128257715278
-4.020298871749453
8.309415036440761
14.399776739894454
7.1819674089767105
10.203486637536507
0.22811317411394327
6.521272129654372
9.950373490025344
5.903018270895446
9.481783380354356
0.11008816939608312
12.056009451261948
10.766392844029657
9.439084309606004
3.850210955392464
9.055495317254241
11.738716802797097
10.155492035704292
12.680620226811788
5.504019532723494
2.1378622088504904
2.7971396672060607
-1.8021051080501973
3.2171611100938544
11.973133449151312
15.485723266048314
-2.022776514905761
14.015957868328911
4.340912553024639
7.8258125633035736
-0.35347581949069173
4.465368578032395
-1.2030602737120777
6.655980269151217
12.929665316848936
6.998550733237074
3.6647977582807028
-5.058579813571637
14.880467028453301
7.4962820377029225
-1.691564550908998
12.538127948288889
10.573098110551069
18.978416206333048
9.400624908685803
8.718137519313522
-2.4220667858093083
7.8667663131964405
5.8043037270281
-6.753324400393517
6.434646313294364
11.126621761023735
11.48673599976233
2.338085922110963
15.986808948448369
7.872516264335215
8.20190691039578
2.929070347821413
1.4658228042416814
4.526436249654498
7.479706424298552
-2.0836782342792493
-2.8902397697809494
10.90794593315081
-2.687336897091324
2.1047443724469166
6.448102577006045
16.5616136847029
12.124217552013956
9.662208712546558
2.8776314669833734
5.49328803928199
-4.5032864252768015
8.917907106314734
2.4133572897103304
7.953322487027026
7.090655052697649
2.7035711980816135
3.231944895570437
-1.135105932252543
5.14240705810926
0.21513781708526203
11.189589248113432
5.290526910207936
4.557379345138355
4.138853269812979
12.142611679513422
1.1336731260743402
6.903811266795154
-0.9831711807159973
4.7484819720187295
3.674526293964077
12.606443470699277
15.749321410911188
2.4520634275734263
-0.3934484701547829
6.373720593698546
7.304760634467041
2.756684198806359
-2.5992561111560253
10.703664761625419
1.1492669131651345
9.437877891878326
5.976428677498431
6.057558560968487
11.8960453504524
4.453390888021634
6.6212381212562335
-0.5573025492825145
0.48289507039445123
-7.481402144071131
0.3216590648815556
8.453578905286198
4.786814854801051
0.2873116511657674
-5.454255011709423
5.203732175338258
7.609731005445541
3.190212509524254
8.806158282409207
8.27960946853544
7.92523418057408
