12.104154554929156
5.732009920813391
4.114592975173238
7.371508223570105
9.951317872671137
-4.574703859527071
6.536285146604711
7.547118523649915
0.6579556749180555
-1.6315053568985354
7.74742942555608
9.665929146272957
3.4412411626076658
3.8463999294020566
1.175261412248575
2.522726705246573
11.45628013904959
7.198947698387755
3.8255579931270187
-7.599445409436063
0.4514547530256383
1.7742445335293389
8.298282308339926
11.50053343400162
11.105507625335143
0.8944265163840002
6.355790954881943
-0.28245168070176163
-1.9550649671749074
6.58655031298217
2.0081763313623937
9.594240061534624
5.377137816105443
4.850522121855264
0.49105894611482714
6.677593324723196
0.7746160204889643
7.317309829833165
6.574099876761306
7.0840724882119
8.575073061895564
18.740595964893807
12.524708211207571
5.126874740281135
12.670629707366395
14.259783078194703
-6.13870105416766
2.857601310546911
3.2760084568542376
5.93566932931229
5.590880705963455
3.988227410494845
9.669820082018656
9.791084455665121
10.05076588445548
2.247190439028683
10.064768682429808
8.018981847264865
-2.9711301125974234
-3.3682026941857233
10.809085830343749
11.117044361861783
3.8377259292829637
8.672800043563784
-0.09497906872198048
9.317108679005448
5.973592575873625
-5.801637115954419
9.688975727419683
-1.066588754232134
4.701236047959286
8.74313258256753
2.8702131123577406
9.434131801937415
-2.2712644950564114
10.97759297112312
4.505171434204771
2.4293372543034546
0.41463606983930523
12.185998826503447
5.432869002890963
-4.779600030646499
7.57713120107747
8.64281332991628
8.10514581189611
4.150929539128041
1.378577778749544
11.216478492847973
10.936833409109589
0.42914899997944644
6.473229422355185
8.811899195100683
8.911863899143544
7.875116997479656
7.3361679282475745
2.582485862726715
10.173016949848396
11.84605360503109
-1.232520475749709
3.4620511393709292
7.73393575223486
8.993619905166625
4.955461067852493
1.310196943928338
9.872720817733306
6.987178923578373
-0.9908736336443873
1.4838238848878424
9.215455830913488
-4.279223478212628
10.466331496640866
12.152949918291327
3.4291903552619925
2.178406040883113
-0.7792454362094281
9.803615109922736
3.3308760613664967
1.898319788807467
10.668689688781072
7.7539512265477395
-1.576086022081327
-5.605710134152407
6.238549435074747
0.017616492045634757
2.394627667575514
8.306985053820103
2.2044172433346167
3.042413848041635
11.814720862792173
-3.5846623702007854
-0.7443477873072322
6.070971492620115
10.218704189027358
2.889364846079349
6.575592489616472
9.449713740326654
-0.20208243930656078
12.368732315345643
11.386057497947103
4.712022491030426
12.3211854468334
4.280756811965851
-4.882334115179466
-10.105107212856696
1.1861913247090823
-1.0448855284230438
-2.871705361403036
3.4739019517433003
-2.4782392401233624
1.8968545921782796
-12.715565968398993
0.901338079122568
4.998644010258921
4.758212411879308
8.246238259018874
6.636537514937397
6.1922185216202585
8.026500583725754
2.2483620457182862
4.745866264905909
1.4710226097531427
5.78096838610101
10.778944309851441
9.884344980061396
9.016326962019512
7.311890468619897
2.4591000267678784
8.706514500840075
12.434811157412074
19.239347194269378
4.505233718696707
18.124811373889102
2.2984730556626363
2.666565410158526
3.878619402294791
4.819857340926371
7.570940551307544
2.3324070832265296
-2.217950717988927
10.723287882950206
15.736877533394676
2.5501882922910153
14.2676547231199
7.896825708570133
0.750881296867024
9.518171791714067
2.097640658599625
3.8870916403470988
9.63083788183236
6.273350652166126
0.33315739771249087
4.1995147081142
7.889882478807312
5.151415259687171
9.581847000599815
6.12503327953913
4.986956270219763
11.16504486131593
2.145037491903955
7.333646504419825
4.123236188502572
7.5742620833431795
10.127418393289048
3.4676016924190103
13.347503227770204
1.3318413251230634
6.399342645767904
3.1010031797435302
10.99126303269888
3.747421790161489
7.059756780575222
-1.3468401723093715
2.269349847111151
9.990955179952067
9.492013082010061
2.4101448837065123
9.183350444173316
2.4200723793306063
7.727711019939738
12.570978557981485
3.092334302427181
-10.383245391091013
10.149635858052584
-2.3886882886732366
1.151107063172193
16.262870675914836
4.3871098519377
7.590475923512612
-5.996644221293874
8.66480985763828
6.270696082898046
-8.058368786964007
7.497381811608269
-0.9324782918403098
10.183092548101715
7.471475212846889
1.4643347290836246
7.055208697662219
2.9481206726181837
4.316167759208997
-1.1507517837775767
3.674124246472322
5.572644593182521
5.589665353759817
4.2041606450209
11.06815173438412
13.86117970256098
-0.6112227999837789
8.45344992631649
7.612685702814499
8.268604724939102
4.866953367202436
7.31965231307664
3.567511636807741
4.439263848022714
2.2734095584131104
-5.922597507583063
3.9294654775937197
11.456379355902335
14.310463813395852
10.105305076272726
8.623331176957267
3.6252530489208423
1.8923724330087923
6.0326491311467185
5.774751317576853
-1.2898805064995642
-1.9734138242131918
0.5459441478617184
1.7715170546560586
5.904504042770147
3.8454074649573213
6.539721391964996
4.748902692813241
1.4265519607983705
6.891410165904556
2.3151530775720275
5.021023644373233
-2.0700701138627826
5.476351058814039
8.319435014032965
5.779848092427638
9.832583979213652
13.480570709281107
8.284849034189744
10.58754920928262
1.9575471804145135
6.658939205449614
-1.5109860618219626
9.776895437482313
5.3902967515675995
-0.993149989792391
5.6968420314377335
0.493488015828631
8.132318227424879
2.718952021999706
2.28136821700952
-5.6061097244516045
15.680827772930485
5.885837569555504
9.612128322219238
-1.1922686857713432
2.99913566269567
-6.371831674412977
-4.908794768872115
5.920104083694541
11.678820486702685
9.668251230346073
8.155406324059573
5.733651989239274
4.288134866383935
15.44799448747367
4.334160497594531
7.71571263336781
6.69381772311204
-0.6408832370832664
8.062459726636796
-3.6979693327454664
15.544344404319334
8.42091231317223
-0.43743369293413714
-0.4116751342393785
0.0013370342734955187
-0.04815783116140615
6.459247572144782
5.680718900868225
14.80664304019879
11.736900320904628
0.8489271580549671
7.362190450542608
8.332789475489024
11.353200286784496
13.346197353644676
5.672371454559449
-1.6934423809157213
-0.40628953788843347
9.813425520082879
1.8452747033078793
11.132812286221547
8.26956588034708
-1.5884637238861963
-2.99262278886511
18.780406932334163
1.564547841895683
-0.6844797645154683
4.742059286344299
8.989541453078765
-1.950352345388044
4.100115185716275
6.958431581519154
4.26931907476685
10.91084330741158
12.172879011998795
12.572646297668435
8.172268933598701
13.100850656625088
10.983011886726542
4.160953308563107
3.7974859309494584
6.028250222645312
9.813786787621396
7.648352990407922
13.296547346099349
8.960001516569337
16.361372267526725
-0.2429849265995152
14.352739832279228
6.3266985285435915
2.8650708067114823
0.6108155284131871
-1.7262129755995188
5.456033122874619
-1.7642001250310342
3.7151823518343114
3.4600201470924765
5.90062399634791
10.021837344215738
0.40752812734487964
6.050421012211505
-0.4586821536378416
-5.0713597102148995
9.245695099923982
6.7465181371736165
5.137959615588047
-0.3355582517085649
1.8578338476848146
2.7420805976673717
5.774336959618081
13.705175935896822
8.607759497614852
7.2142798275420335
-0.8286979972467123
1.7304148743395178
1.6087902536130754
4.76146132085799
6.564976141454832
8.454837552370847
-0.5911956496403477
0.16830908260037436
2.699939217853836
0.9277280545349029
-3.2600866601196934
-1.3611055188935852
0.6795174776513724
8.973501032349512
6.748750112861936
8.396004815367801
11.856943708656123
4.453002231380447
8.659678829422075
3.617646454356158
-1.5327698145794688
-5.6664281207661045
5.1538845444874655
6.977568279254436
2.7369551846510465
-6.972932095692887
6.140002165025919
3.5069067825331133
2.034929084340699
0.6677324770315165
9.027371252874897
4.2132110811851105
0.16689676779021312
3.664174245416436
2.698859791397983
3.5700306363377896
-1.2528332678880991
6.34282355469968
5.798351190767624
8.812749659388551
6.994443259481489
0.9586199199890286
6.567695585241649
3.8663049632762747
19.166527533753325
1.3667914652323843
3.4713056126009723
9.504495213327298
13.054754264974527
7.345542187710187
6.532585829359746
8.207989781130669
5.273281288967226
-0.39094431008848796
2.118815855245614
11.20154481915801
7.340120757194327
7.973392307112765
15.105800461265241
8.703079336051834
13.70605432341267
-2.896315133249278
2.0874273294361094
10.724462225969209
7.039350531604353
15.985814172737037
11.067676295978782
4.1955109932316095
-3.052967290742603
7.011155065670382
2.07208016299987
0.6060322932052293
-3.361900518996751
2.9051294799317033
11.5876263016644
-0.4135482053320221
-4.391241848387255
-1.5634854503387174
2.2028669254891824
11.747506806795366
1.8007667950177106
3.7674211621565177
1.595608149074164
4.690761856793779
3.5377839859852758
2.54823672894575
2.1335485951133126
3.7993442553223167
2.931110519298386
5.99478169440864
7.733414979517833
-2.3358631813589295
7.670415584427177
11.134600638542985
8.234015370087675
12.933174281561858
8.55424057641998
6.376098651240071
8.80525142127268
3.9614685606094278
4.030494014519418
4.974218298487626
4.339431571493864
2.1530788089761734
7.732343105229013
4.167459325500901
6.5246040252862105
3.2854481591483022
13.77795825493401
3.222086996574094
3.4194716009483686
10.231700400300232
7.505184357880602
7.181910309659755
9.539065363092062
7.6540213646151445
4.9586285817374565
6.025688480568089
6.175322408230388
9.080271014559623
3.421242354578499
5.158438889671794
14.009336751876448
2.40131719330476
5.126630710964777
10.079960775666049
5.760629501711454
10.67208109056598
2.0081404228481206
10.141773744218732
-2.628024618044001
11.428822580920642
2.8684123988599683
5.944619317333227
0.788352138461585
8.480505288311996
7.331493512190306
13.846900555338497
12.69972009878796
7.967022753013754
9.248607303926908
5.637050255619642
3.114375434408145
4.56964760742107
11.263451521267612
7.76668619124035
9.244759129649648
-1.5456005857656443
5.927168073513469
6.766470930186623
4.524421901300295
3.4827608026652594
1.1831460016827902
-1.8197029636986004
3.174474990428803
4.720994729604335
3.5682441203195143
0.048549486908077366
3.75560736323893
4.361004274853979
0.35269268971581225
-2.5174100658742384
6.740160965982352
8.505336824502075
2.7913214533203954
9.908609550377019
0.3862144668600487
10.028330720526021
9.155845692548926
5.239682090224695
6.453601367981599
4.704958953422064
1.9244288856306353
2.6067267434217904
2.5743774963647317
12.918931823876653
10.4715841726381
0.3342260810713835
8.782410473352012
2.856348858192989
8.897748774374284
6.670706366417903
6.994818331174709
2.3775698347889325
8.262220199491033
2.296113396737711
6.768321078671397
9.176975240376583
-2.9152222421917937
-4.6413908018617835
2.2740387119944314
5.251729574627127
4.903368894944965
-2.0785364593442983
-2.2102404612882234
4.7205507789166585
14.388858158753736
5.526547289491023
-6.883146388192936
5.270173682745723
4.348717395837504
10.827259967598609
8.909812208837016
2.8225795723316045
-6.294512210316629
6.383092438478204
2.820392400624217
-4.310334611378796
3.8593937518232972
13.22075407963634
9.248832916622518
6.137160304879608
5.731181616889096
12.388156078280716
10.68889025417727
4.759920823022372
-0.0721616371515843
7.314058335984104
5.463382805275852
16.63076040229401
3.35024797901284
3.6900893263939363
-5.439660203392469
4.707573693371925
4.540006218309454
3.526984138312089
3.2649434322466715
-1.8281956700819668
-1.0883113302001606
8.680948918340047
1.9143873545539207
3.677543006227217
10.774209860255954
2.287690219058871
5.449250061368081
-0.37774139798992046
5.9336637318355265
7.453887717150438
-0.3705902023216847
3.3882969360863155
8.254215544313189
8.814169237761714
13.011928809368843
-2.9670412477227623
6.715213064586696
5.076395225065196
7.840877394292537
0.45792439610096736
-5.538102669094327
10.187035123316356
4.952618585132738
-2.613497269962875
8.310841012804504
5.846041312261799
6.544509074429795
6.741535113771429
1.2484271376636515
6.258436534088962
12.551058809418592
1.1686488225284175
14.72541564637927
8.71853160763169
5.786076897088305
7.158789748420711
-0.2426001376805944
9.848213648485014
2.4284430351120445
5.610878835832961
3.262314746622848
5.411632700489048
2.217091698819935
4.364233734335946
5.932313948795401
10.220217127891496
4.911703432150681
-5.762494933019781
5.784759112324439
1.055382556244553
11.71688413070781
6.383439454490136
7.53900449685816
-2.442414916151792
2.3687053556843587
11.192682931450882
4.382165552039513
12.712615180751502
4.805873733356877
-2.163399152945159
6.539907847148243
6.66519083737781
-2.5277810835137906
3.8515218015990964
0.9091820123831238
0.11669234062253508
7.5505640594367325
9.207580843898363
7.70807736553619
0.9073690655894451
6.437698629365395
-8.936563554623932
1.386341125207617
2.276642073554278
10.067287829049661
3.49678030611516
5.57722431267224
0.6124995160234006
-1.88665971270885
3.220232715167932
11.678134682733134
2.854850911696661
4.13604525206188
6.112285959585648
1.455542460841591
2.7858902282526232
2.7762638253591194
10.462277698649457
7.446821962395026
0.2003527342727205
14.166462041487726
11.659467403910554
4.9603274649280245
8.259020558809468
4.560168026852914
4.532557802824906
3.1689595737375935
4.664296853136925
1.9250133446773434
0.6293836072375694
10.711311461449931
4.593069936635191
7.647102728032856
4.256417289675708
3.554762854862316
8.227005305992032
9.468426887900847
4.8780178123718905
3.180705641248465
0.21405933701795288
1.3685605905060192
7.725115065986612
3.680579025110677
12.871935940131364
8.567237469976455
7.701532881840737
1.912247221539142
8.919052894104835
3.358154285021727
-0.7051865493795679
0.2597338754056153
-1.9208682833803117
7.309428082720831
-3.694326659193365
3.8293733449653033
5.716899958763071
3.269714762591611
4.193483599539391
-0.5112737849919462
6.228125318713722
6.486269804053293
10.988637391936939
13.855580842654094
6.7460569096587575
12.384266408534149
11.953054886147202
3.860497661914372
4.038631637117011
3.756019050623446
7.135791817456278
-1.9217402474043954
2.5125412795319355
9.335492018867694
0.9401575363436612
11.843273607845711
1.237309026799386
5.18517600971632
5.953605619737297
0.035906936056608885
3.5457234712860606
-3.648498898318941
7.933537420891083
3.1540277794337266
8.11087696670121
8.890288205375153
1.2759021805696018
11.766202911389883
10.574457871639908
7.068368359967096
0.2176215980693792
8.491170602667538
15.037240939748338
-0.04883111807749785
3.2212266794599542
3.1223143994460667
0.8670739128754441
1.9708326285133104
4.695127342215754
2.2886706470066764
4.442233174295591
1.43457899474119
1.3679641218604939
6.798458339885909
9.49080272752184
7.63721085490359
-4.528664733383014
1.8446509470961305
2.9614919197220413
4.4168445921801425
3.631422121685127
-0.7725872755712313
11.86059530220913
2.620107044383789
-3.953421359637238
1.3642687543143377
3.8880951915507214
-4.211489471932438
7.228057334101356
3.6545200950552545
5.3257091734065165
4.35839444113284
14.259318923048598
-0.6666366285889458
11.449511948011073
15.135119616512027
-0.34080339148633154
-1.5394790561641738
5.370112038934332
8.830532307684429
2.6652106078024125
4.013065226426619
-3.1363731636705703
1.4393321425887393
7.5368520093184355
11.173495587367812
7.990714445273606
2.127864384357311
-0.251907515844362
7.029358630155748
7.052175457646634
1.24806374955849
-0.8891290374856
9.800680230691325
5.868294979692284
4.817341349959364
4.91621524222492
-2.577097669982308
5.358561428733662
6.149770977082652
9.148696707987263
10.993955041341975
11.811403216945596
4.363284430551401
9.969121431414852
7.9530773664411925
3.3101245787129514
12.743857785812992
1.0251592249157269
13.660123240978159
5.878927542835809
5.884173800825804
-4.435297620941563
6.845416346234944
2.9083431379466624
1.5111389896991771
3.9838527553748437
0.7787352857888754
8.498306769601175
5.377140765935175
11.65003542561687
4.54191070127345
-0.5108284459763359
6.012954525436056
4.571105473019317
-2.9028009147034464
4.0717483441322795
-0.3808635537680827
6.28412784743654
6.1654046330315015
-2.076413073324158
1.830843019476005
6.682794296899983
9.112199323735162
3.016108436624182
4.4834678524195075
11.812803070410588
-1.6106554025792832
7.905336803494782
10.765207636432464
-2.0872076847193854
5.421456604964951
-0.6840006785507535
4.073776569466345
6.3191424820826985
14.230552255598985
6.810063747569168
4.107507842848226
1.8212423092975092
-0.8732080679327883
12.05698907179948
4.85318304649093
3.2282198978274947
9.05928076606192
11.621142760344249
9.153801751726583
6.849607070974107
9.655911047201919
4.610667346652655
17.782315252782986
5.909890745890433
14.511383763621154
-5.380451637843082
3.4587722341151457
4.664860290998274
4.778268618890677
6.462058687093042
6.929296036644444
9.652360294457349
-1.6929636566780069
0.14693234512514763
6.861605329745814
5.879126253250547
-3.88592783328035
7.403228964607108
4.48921305353863
5.02947978023998
1.503654717974971
3.8461161492671754
2.4647652168147847
5.351420446947281
3.8741956150912236
8.104048261184357
1.3538455878933782
5.8264591650548585
5.453210895217162
7.142538144479309
-1.0580074339637235
7.602289472955613
-0.8548192981895051
8.76383420364193
4.6040579245809
10.832788527786814
7.318762089098762
6.9734048476347805
13.01638070136245
7.305055811189833
1.2287180417920156
6.019620956070685
0.36101064623442003
5.588310893783721
13.411349370465038
-1.605608982648496
7.710634346334236
-4.390502844386445
5.555310888591607
11.276502953629606
0.257026006653847
0.6798335915665925
12.516652033553816
10.262422112523222
8.873362002526802
-0.6532968365165006
5.557869236827801
14.007184194168365
1.0779315676338754
6.789732853684068
1.2884730637888926
11.90603972499164
1.2105802845310065
7.040749562737192
6.648691720652226
12.644221625710458
5.022143293916578
3.781433895022169
0.46141333635245374
12.592599437943342
6.649678755122874
2.1562544283715974
-1.6278335141183282
2.455587637665962
7.1057350138628355
14.063310344122144
8.126591936550474
10.455490346019022
9.11090238570709
5.646118677131038
-0.47138202750659186
4.441008560050347
6.690501718054978
3.310644418079399
0.31773168928388706
4.887545106265752
1.9468839312917798
1.246289081203666
0.0991902357687029
6.492321860718334
-0.8198369974175095
7.706238116303259
16.91990877530624
-6.237944236489696
3.920576517535409
6.50841757845455
13.13308566196984
11.886144557869647
-3.929969040473271
11.226238666284017
-1.9155042020308466
-6.222294493482718
11.018777057472459
1.150705440475786
-0.3213386097523525
