-0.27472583914836335
0.33701413104385036
-0.9192435721092433
8.624231869048653
14.740313543461925
15.126709485686046
2.563502068675766
13.585887596506758
-0.27973758490929335
1.2648509219947988
-5.215049620654325
5.7941685445161095
17.51399078501656
-0.7960962665034135
4.603202615809681
4.939664439738305
-15.2088966104312
9.369644388773594
6.131685703995758
-7.406288364626146
2.3686033915914706
2.812216371175855
0.3600549524105414
3.361130473475772
2.4031730939510387
3.6629018556047654
-3.3115253751617786
13.384384536311671
7.250103141399049
5.329555364872393
10.431653597426912
5.284464364299337
1.7160171314467778
-0.9400289855467516
5.890011331834749
0.08551457019257835
4.85321317086858
4.949155717284593
-0.4986406819417404
6.309498778688556
3.1684802772777996
-3.677560911058338
6.8603934122810495
1.7178604593580848
8.843729124464387
0.4543381268598843
10.188396172024728
5.9085728379173155
11.138862584905606
12.632292062380149
7.01168387124635
1.5631477588885323
14.418766529031133
10.34689658401628
0.4725721252082442
2.7258816318241075
4.954736828017407
-3.0586717485059314
1.057928561158609
10.723264309187531
5.338946542354861
-1.4871378678239147
7.147121715774404
1.895718544581288
6.528382126579725
2.0457521396346054
8.779241925385803
5.781950304801697
9.48096198191645
-1.0651589741932774
4.79481694331475
1.0370782824764433
11.849334455611967
2.7608258888774415
11.257515021992553
12.495613917157938
-0.7504352001674812
1.5591057564271757
6.704764720789773
7.716661069680849
9.53382289104492
6.113810870429727
9.880501542797244
4.3127233260025974
3.783839648146156
10.182684462314526
5.890369948336521
8.796015326419582
4.741382506104387
6.840403194472033
5.67026215266885
5.462562344538849
4.948861906217459
0.7153328376224319
0.3080767175984871
6.98142096655548
12.83031072845521
10.242952522730846
3.873529255774422
2.47335240099587
6.670799392151983
-1.605448071771617
9.787564855555027
1.2323650722138035
3.50386399185674
5.860043520612199
0.016070110231436452
3.643286577144582
14.57823516994301
12.12585494968334
7.336386162249357
8.27417901119683
1.7019354045565889
6.5825750879742735
2.852376704233841
18.642307586046726
-0.7759233962558678
2.5974630810654373
-4.959624586108571
6.416823270550944
2.504675999204866
9.233748797522523
9.908178125185643
10.405028693624384
14.810347925225196
2.429739629415057
7.262494805338825
13.986123144026578
8.652348301759815
12.216942814912045
13.039626676564847
9.491055231514085
10.326074341240325
2.9661867612155346
12.73777001582937
-2.059869102513396
10.876385908055482
8.604836517040592
14.22128444993137
2.5605779533714763
15.69164129098462
1.8932282661384656
13.805043182286846
16.29845557970836
5.071947886434185
12.278129829209565
9.91375271897698
6.079925819801945
0.29359198731515335
15.680000197516838
6.4764737962807475
4.160118989321636
-3.062459295397902
-4.474847825485915
17.073876819851094
-0.8937240411198157
7.198957481319296
8.732664974993558
8.204275449510488
4.129976477500438
9.307220498248997
-0.8806987602943357
8.849044119522272
8.184293559594181
7.992211508848715
9.870946829934354
4.215881333231836
13.282774996160889
6.161589489181534
-0.44966644549746615
6.7651429166234465
8.174436963839643
9.353696160273714
9.243850806508304
7.387483808612409
12.340617285261096
8.971583481632992
3.8226746952678163
1.130774517182986
3.1549650321734672
2.2946499828214666
10.611403287166294
2.1850899304565887
-4.056352253638261
11.552851322246195
2.606771588078787
9.403425639778476
-0.4198810100869039
8.279485997009983
5.330239911038571
0.06710035227724287
4.806421134565555
12.453840387656196
5.418729158113727
8.853332248350736
2.91170080944805
2.1436991231498044
3.9566658602365483
12.929587221281757
8.05195574279971
10.235510702577677
3.2183389981777313
6.166049990835023
4.035566649717442
7.736989406723284
-0.2074415426250944
8.119020386041687
9.114689945663375
9.961713903033626
-2.4116767716263308
3.430522312153875
13.797853139903548
12.844073042679993
2.2945212505019628
4.517610779430655
10.6608785403942
-2.283433077188487
6.957025303530736
11.05729391827423
1.3186855410087768
5.943027273395615
9.468499552606207
3.9640463621059214
-2.5079119555761213
7.69122619716886
-3.222337795436486
6.510634598956034
1.6902166446564033
7.160788843414134
-3.423624903158121
0.9458341019685461
6.074624726087204
9.465387748232676
7.330870157445573
5.503122038632685
0.5870240818247465
3.8807201533323834
21.728229083131275
6.935343657834381
12.348189571208028
6.424553942100261
1.3296249685163213
6.811261689719758
12.56779002036593
9.464146791339294
-5.737615324510131
14.992160554136046
5.10131814130415
8.047334401335988
8.418236858811886
-11.9304593308872
2.7241734760608325
11.626199608673637
6.547208961614254
2.6854531181922736
6.068656547144454
10.81869263963766
6.544954270120728
4.396788993926691
12.080054810811825
0.5162462840410997
-2.1499781945874332
12.85077296504631
19.31553924217605
7.725961591389965
-0.03236193305064283
4.2195465193385475
-4.363169803138613
-2.1691158493253404
6.275307506979668
15.469253672182443
1.9240660714264255
12.643010397144472
7.328413291759958
9.133811238959645
16.43612775233236
9.721843450482417
2.950026330700336
10.192515823942884
0.8705544306250808
2.5358787623010484
4.9628155882220835
4.564489028481948
-3.201882647926894
5.186027551806239
12.801868177492047
3.00136674240546
11.735974728511549
8.910480810301944
8.06897997675853
1.7492058100194088
15.378047999353821
1.51507710191159
1.1847543856749319
-0.9378943204949932
2.837817330064341
5.220231052493381
2.0527086911283887
6.894799740034462
0.5300677378931669
18.07822654313017
9.810223506715637
12.605906018893375
3.7552011553589852
6.401082714439319
-2.520708037742491
11.832028405693904
2.3544606637760843
1.7569503915346907
10.553090879397311
5.146782672294104
0.3089935200852212
2.4747769037327516
2.411002117196167
2.3856979256061503
9.111109625379257
5.947679465574874
3.1164375720865576
15.222137881496803
-0.3693115403538698
9.838435782243568
-4.175049137211456
9.891186646574164
-1.8763513542465144
11.04986121605289
8.887215610245974
1.1659273824239333
8.092489357886349
-1.598179251610775
4.521163763565939
0.4306609330357203
5.574716663914897
4.070963696576752
5.32641047948767
6.234083750759881
6.439845866313085
13.184269870140511
12.937043865164396
6.714784634323687
15.086415531269013
4.077911609036829
-0.4263365186707819
5.368150427145031
1.661275397312549
5.999819302248614
5.067209880167606
12.838186765640963
11.676654435834847
0.1292990599735946
-1.566268081960505
10.211091381964382
5.799158726413907
2.486239208132242
12.547427975721405
12.874280286245043
1.7325942785636554
14.92285312094199
12.862253685992052
12.390133288439895
-10.043531267606255
11.762490719039988
14.671668815000675
10.841911210073304
3.1575404202379063
0.06414203482051395
12.505874573892061
14.86854338972665
3.3261401981120393
7.127551138257159
17.470135308335863
-0.5075595065989331
1.7961781619827972
12.21621077495217
3.9118391356254274
12.028683396947928
0.3982853318556918
8.091518166025987
2.7280595258455906
2.294069705655178
11.927801760726748
0.8890066738251123
10.380100348636844
9.841850675048558
-5.618219922702124
1.6268282963359955
5.236668863802201
2.6478836450746828
2.835957234749662
5.462758282738755
4.921318176621045
4.511471245823395
3.770270124289435
3.4869114619649673
5.4666905039998035
11.361385132373599
2.735318603584261
8.168597051270623
7.950384467946364
12.462983816912107
1.6378693643223023
4.111640072033414
8.6004585796691
6.560901291966949
8.879489231415832
-1.4457656967670243
3.623326827440352
5.090509233802948
8.450254444828087
1.8285860672627328
3.320127929120821
11.730841377823547
10.60064386694733
10.209935141467614
0.2085883491273881
17.94219327163379
11.218188561179574
8.529632188855874
2.8262310170618656
-1.1671916105482003
4.272422231365505
12.028269219328557
1.6670619174144772
-4.55780510719824
2.108827642100779
7.011993165557772
9.672634293740723
9.716341329484468
-0.8917429814505429
5.084646350802391
12.379162919172241
-3.197319519309696
5.5754761572905265
7.2800889407290805
0.2871526430086835
10.457745633852817
7.647608677278587
-1.859981601873426
5.603272109399526
-1.6293808385708388
14.406246405153464
-1.4046612295862282
0.027798075522728283
4.6113356459462675
11.143272632764416
9.695106561852818
13.586358728673677
9.570730895856187
3.1176973198288134
9.744427500417672
7.166019010621513
1.0583340679911935
5.854463632739678
12.442427827258685
5.211650645167504
10.852951674520948
5.17233890570908
13.036883378854405
-1.9564804121994577
5.162099455775518
-0.21507712983111116
2.156815819380047
9.085916373244219
6.954952761936766
6.658713878196107
15.54409053537873
5.815021378295778
0.9620921791143324
3.76723856659994
14.286340574973865
5.093748362859653
0.21975525678939434
3.9897617376543772
3.2805379467776947
1.1568242786833718
14.112505633366316
1.4381255779164226
-2.204501666765225
9.955744398353978
5.828049760445093
2.1992624812407215
12.136302715496889
-6.921794396070398
9.424000492624591
8.600999397171218
8.171564209170974
6.256073702947609
10.90784253660329
7.657689724401759
4.670272538101267
14.18492939827207
15.130302036596026
1.9847203656979717
3.1633380996039353
6.759309663098511
8.620796786305105
4.975172164134321
6.977805845327358
12.152554149941938
7.418543695830211
9.852388888057776
4.791612309979097
12.52115656527899
15.49805357226209
4.3708957569956475
0.3251996068763834
5.418299547580666
11.243616295001637
-3.566808475679519
1.764732183030997
18.26890197469157
7.328676252652395
9.901817648682307
9.591812009884368
13.818375824676881
11.382392757139753
4.1394564742365185
11.035795935348919
-2.1300254440956206
0.8933139151069875
4.212899372499156
0.2912062309011505
-7.734847808453518
9.640397544260079
4.3262954250287375
16.986011769119298
3.2962922756294373
18.23189850599445
9.197506781987506
9.476937815267728
7.452562648848106
12.1368023802494
9.553712696380584
3.9094704493992687
5.544456599856628
7.736001542113042
16.497873324019668
7.285539423056562
-7.141338239511148
7.3916704831750994
2.8350567563934934
11.926572415821246
9.318296337156488
3.3422246265113977
3.232205885961099
2.8996124616534567
1.4158374288768325
5.058782192189723
9.72716956053846
0.537470618050417
11.985528811237955
4.0043051023493375
8.739905440552976
1.3536864447613688
6.987123838011817
9.125078413502099
2.9415880624966246
11.850819297333038
7.335914359244708
7.4986312764481555
7.913308326513947
6.768325426778271
9.836246205242789
8.184997737488942
0.09921232048689976
5.591950077638892
1.623611878337437
7.710712026901272
3.363199175966823
-1.6679230980416033
-1.7084332937307893
8.612533546987407
8.394323973782425
9.933634991657392
16.2692418349354
8.111134767052997
19.45153445069263
2.7903261478211827
8.341219708113412
18.722821176842544
5.787178726175704
-4.165515480507061
8.304553178910913
9.08965056721497
10.494404527441905
5.902135268776228
1.938588866862652
4.525216432977487
5.209839286430558
5.358356884641765
3.3411299547669246
1.7744691805215576
2.242125718514569
11.932269207687597
7.305253026556231
2.9706923574284385
2.102163275823212
8.041489302624793
2.8307329422891465
10.729486150241732
4.886038079804201
0.48705912292810627
10.99695278571944
6.36247676328035
9.933188912679356
0.2690470165576544
7.827150974519203
11.07729233127354
4.556798059851037
-1.2670612035520534
-1.6251474213433434
11.488097796054333
10.079117348036732
9.915219061468727
3.1749216923507677
3.2666583792452126
7.226580575555588
9.00174044300893
6.671937086117558
3.151048268270557
10.022765377502246
9.820537905046198
3.96530353053301
3.9227486938299134
5.048275668936181
10.546158661325173
8.986455535045009
0.7870874434654667
3.8726489056875515
7.655243515548808
3.187641271471511
0.342266047524328
8.617844020491722
4.66720355430838
0.8952743112501116
4.0299366983407126
0.1977430951354382
3.1358447224570534
1.8949273169905583
4.9059453239158834
10.708833568068759
2.95040627307534
4.1277950580686875
11.414387096044285
6.53597971483659
5.271475196989753
8.895292343816724
-0.46517988670277344
6.016182351832043
10.59826818489361
8.144327869289693
2.6814276958735275
8.890796941490681
6.673645593727126
14.48733108964365
11.277895435572752
12.034121927078136
14.16179507440851
2.252167125988313
4.278622661644889
-2.903130889952463
5.425085121701605
11.040233229440101
14.87826599566977
6.915098063502742
16.171853147642693
10.709642645377746
4.322386808457637
7.43981436555266
12.72893425935042
10.733058960323053
6.949955451874203
13.760313441431585
2.619576960955234
7.938615845991327
9.022401843818452
7.122562443778539
-0.021410548828816545
0.22615501269461635
5.876841050759448
6.7697022859734
6.169938360202356
11.840977063944715
7.976710722334299
17.676818835567857
2.8692487589807945
-4.295205795957692
-1.8320511036024083
13.601522792648726
9.805913797345447
7.964265715507656
1.7099036004054113
-8.849421237861542
4.4494398145371274
7.0201429671709
-11.322568834556414
7.314163343500122
15.428329348223388
5.15261992824736
5.147608759327391
2.9121776721064396
10.067053980544689
3.6815930633158698
7.861702859403821
12.730270346816006
8.660076130540872
4.020836666567107
8.374977776481025
15.085843739294976
7.94141335269234
4.102978824613843
14.329949175266364
8.979681993790757
11.813142435876776
8.538388766616967
8.058743322278472
-0.3544772731379471
12.764327394824466
6.351915323830423
1.9712844984710838
3.8269702843824227
2.55438359259533
8.75099308844449
-3.137362471128718
0.07008268972977039
-4.451480606358944
7.968124064569315
5.935325447191941
-3.1051249778133503
10.33234255470314
2.0614065522874534
2.2337865722254744
4.756636025602683
10.4337396472723
2.1720826732221155
2.9743674208586794
4.837137994594805
5.870752252759304
0.17520996111602916
-2.02160634316731
8.4071081737866
5.107375798229005
1.5157166847414416
3.753597507054372
4.636262854700018
14.336751804553735
3.0613551196257625
7.113639399632767
1.318791250291885
10.053496253834808
2.8464636467768085
7.939592456810786
2.4000082671417395
1.1616739963731755
-2.709498117370279
9.271647643807977
2.404035638093086
8.690032756417828
-2.659322231023248
6.625741752381196
4.198920514096223
11.46163746474138
3.7249776099446925
4.8582627911349565
6.342333834150506
6.902400507543408
7.2832065147319085
1.4259389668134723
11.303966797824488
8.126033073103821
-2.349267471982314
2.566265003165346
8.14402362732705
-1.8094995356989028
1.9600295406518153
13.34020815081972
2.701396175916856
4.973092668354691
3.2017290730021037
4.331406465965983
13.30648579756155
7.286327633924406
10.89583618513301
6.954043817234151
14.827870913150207
-0.42995730624403716
7.4321850462396615
7.9148008002991155
12.868119685461517
3.3870042300938694
8.752868814561843
-5.352227878915794
5.58725277813442
4.452299756829882
7.411255853884121
2.4723038993891087
5.071169697426885
17.155902735649413
7.490184317716493
0.8201229291986651
3.5527009210911284
14.69435820355215
7.042274298879939
4.812981838075362
15.689338457198943
-2.9058104882803732
7.513219945664099
8.130374939956505
3.6024617848847273
-7.795502496273892
4.947243384774281
11.953318286388928
17.52827428297497
8.15431136788275
-2.4138953004398154
13.637305746598642
6.396274819215636
10.178866598215574
3.1366446761247833
5.300781167238903
0.2907753117264953
0.09118602261251052
6.220957816384913
11.842308282625842
-3.1834347481679544
8.296402657327652
9.142550671393732
6.7827007544637
7.787992929039666
11.888109349174092
-0.8058900013634345
6.352419658013454
4.623294375316138
12.758175860453335
9.228712663424501
-3.215587696416433
5.121040904051656
8.72261772008966
3.2817617002623276
-5.612765592902289
-2.7588088073142103
3.527029190056955
0.22988603969560462
16.255027958603634
16.029368509980735
0.5902846794113188
4.725021288511849
0.6035354171914662
4.408158685974677
12.424151262090614
2.792674668015539
3.1278571481147646
5.006964718384273
10.857509023642578
8.586089524520485
5.814971522502884
11.447707830192671
2.4349665784491843
0.4622611668875587
8.502399564233523
3.999433410532702
11.15866150195739
12.749352579706422
10.22890083146024
-3.4981148736005547
2.0504241878827965
18.87923013382964
4.4282548747665995
7.588946888707671
7.685514125031879
6.557920126573751
5.462530857878735
4.109258987162299
8.7081267655355
5.352024361833136
7.972173724061747
8.81876461912791
10.229503820203274
13.918985327307453
4.3453482179766
1.4377642719698436
-5.810145973821218
9.185223597875073
4.287443774897605
8.06621184705454
5.032634228730002
4.356791115294559
12.932121058364348
4.94435082954836
5.9696401409263515
8.14156646047206
-1.6588029264478035
12.039694300965417
7.297608187118253
8.117193793087305
5.747876615287461
1.9403884532960722
-0.9016755070017668
15.383500456241654
6.396625163627187
4.98800188237404
-0.285216510811269
9.943025714462948
6.7391012622460265
-8.072368778071707
6.999774077215347
-1.9469888351379172
8.054200568538265
11.651244325798586
8.717336675743354
10.819837729895362
4.747631313410268
2.7143235490169992
10.63829920649357
4.864737080911684
2.4431065640492013
10.460449640043228
7.65393889319796
3.093438844280177
10.210014255846238
4.261794606527057
13.359934821204613
5.6188195552022915
5.450760751782995
6.4255507488621815
5.474561603144935
-1.0627189597149824
6.772151203533924
14.613810333114605
3.821619629877496
4.851662676101278
11.328273765617368
7.514973120356377
4.370247506852971
4.443123212775699
12.357564572162904
5.558798399242825
8.056301447648728
-3.030751374191011
1.5970416951173947
4.451538258215125
14.235426052145145
16.041626381648022
3.97231843706204
11.30598438347566
9.533342123837903
4.137046811247772
14.482684185321556
16.48359517564497
7.256515402404695
11.78514120230296
3.013569013136773
13.83054276660453
12.324398864139589
4.660280629853829
10.486993345079739
4.320486213550733
16.815916587605088
6.55992151633794
12.581192068368198
13.512268880814126
1.4831667287783157
10.2021440906997
8.905069324615894
6.543936604288026
4.407888607119192
7.396956285108955
-4.669120611021224
1.635048166423
3.32728089394377
0.697007359570593
10.000311040355465
4.829581973228248
13.774012870954273
8.0637795463299
9.79619581683296
8.613872461534767
-2.6175105878564597
8.721074887041091
-1.892483130241554
5.930148827579946
15.755089595742689
8.822952510613893
0.3920275311536061
-1.8880384421865637
5.775291357922304
7.985939907389033
8.630858123487702
13.060898845486307
9.109129331874545
5.730213760137528
9.68115361679807
2.2360951712644312
7.08327949220439
-1.2534604403290697
1.0855099183724342
2.8076090171025556
2.167101854896771
1.1688754199837073
4.941044314510805
17.09476129269517
