0.09441345293335868
8.689506509037916
10.423240909223544
5.250232777001725
4.393403865419069
12.835801602059083
-1.548337063774321
4.938465080689932
5.247682573913147
3.958292650754941
15.469875193871438
-1.0005121898380551
11.624120296156061
-1.4185913605048555
4.66752609448606
9.74867787787456
2.384008035441534
7.508665208630485
0.4166791031879553
2.6982171982670655
-4.763915343074059
6.248559872913649
6.424859528924203
5.483120578046668
15.96506073836135
6.710588775425354
-0.6472158072616434
13.112791452682355
3.6442981046627714
4.603431159547531
4.674568458546949
7.811034499178534
3.4155272508628878
7.103934134754605
5.918483863247983
7.715881866788797
7.588263881335364
14.868427162667906
7.066417335150195
5.865460806182434
1.4790443127422161
5.91103242299091
-1.5153091128849212
4.685701273257897
10.855223126717245
8.827775057359556
11.920162445266378
9.941100310279978
3.2677920189149936
10.772846585011811
2.919446812214001
-4.525894373677362
14.283422606416858
4.60298740869063
5.8240204985986495
4.647843380624953
-1.486898582803799
-1.814431284514641
12.638613245091523
7.114781754036371
3.515040316856573
14.619162781854921
7.172379148299113
-0.12686180979199246
15.71605376117128
4.640217588179111
14.289405818767106
-0.6688570019921549
0.8961831004262875
5.938923711145605
10.057424347739673
5.066227774283328
0.17463964168774115
-0.3124331733425425
-0.9498723217462635
6.046081709256358
7.515082671668828
2.445150685339732
5.758018848347631
8.359585318672387
2.867864887822816
2.816321841168248
2.2845348239448025
4.121737856560645
6.386252438760625
6.1818237830242815
12.05110230394624
8.093293445299249
7.575871297027073
1.077804112581929
9.893673289016636
-4.75976359972236
2.3823022721167297
6.457125470906003
1.1000666823373368
-0.7726939346989123
14.387908224108452
-3.317059074759708
7.552660725762564
4.555940714409196
5.740050147709714
-1.8284073501113172
2.680303264751459
2.227951436743635
7.442909761497732
5.395804506762113
7.9891499486726145
8.043217107641409
-0.5882436688865846
-1.3104152670523552
12.56977560001281
-0.13657401401343794
3.5822373367401616
15.727763361111005
4.391927059758224
7.788666022249977
6.401045743660161
-4.4386268511678235
2.8146908006526625
11.173706913378748
2.694450853792496
14.28396698095387
8.943444043089931
5.461212288452462
4.668093321594768
10.172877333652064
2.2769969872468194
13.696459820708725
8.975508265143642
5.878777004309346
10.367712421952117
16.854482819461413
-0.9153663735552016
13.63969988659117
11.769499560948082
10.466614325201233
4.697441244352773
4.498126228279213
4.3669403193248195
4.399488635768158
2.1735108831932024
0.8723267967276014
4.650108097702994
0.584790289524558
-4.843580913780091
2.6311484642061873
5.818089110808726
8.079271051536004
8.07077566468
-2.8083485408757287
5.141110451161225
6.681701571727444
-0.9561920027114388
14.271020532547288
9.543855211841121
12.733869523369531
-2.4178288643582295
4.423904695542484
7.028604404484403
10.113473338961462
-6.250494465710343
11.840140700660609
7.859123329003584
7.071597613708107
9.509093616195086
16.30354921926812
-0.5169864811928981
-0.21055488686812573
4.845751026782706
-0.5715567303315172
13.919211866890382
14.573760672857311
4.4914790290225
6.009915053219814
10.587414300316013
3.708976220812882
0.6141852031557002
12.954227792503236
7.83051491185499
3.661637482482958
10.117031857613622
3.9800890396007684
1.5647250624894795
15.134369805363534
8.553797046645094
7.744408540279739
15.116856129579457
9.708354018099788
1.1417927213057801
-3.6444536867479904
7.278616186086238
4.131488615342163
0.09449445996258365
14.9647352777117
1.0046163707023537
11.033338483393631
5.773935954252816
2.1740619074470744
4.548569795228687
4.603158046831362
12.037839127716264
0.7739492631512981
14.014422253595205
8.831303910202456
2.9953950854751956
9.355420496055892
-1.8697657069123803
0.6568236645187273
7.068856759459928
3.194452996912219
0.8504858481226618
9.92094902529368
10.290846749317978
6.975336239234836
0.09035668721634771
12.823393794136173
4.653532204391467
5.97494303469509
4.092226744292029
14.888577167309263
7.512301082299847
4.04097202158672
8.648300568301657
13.69589168638575
7.683007833469631
10.088340730302388
2.967681633293637
7.838503557730688
5.286842388942929
8.230047251375826
14.01711966051192
2.2447645589288596
12.031475830717019
6.08983350412136
3.782586717478662
12.327789507906783
3.0201734764112573
9.946919627392258
-1.4143438254530611
6.766026017143548
4.105174959894866
10.172443905727363
6.005929754042944
9.594778999720457
13.639553545410184
6.66636674980354
-0.3180355294953294
6.539347312650813
6.099299406731733
10.892720082277759
5.095775483168157
5.67988645131618
3.6658690954512343
3.3505606146782734
7.281562147611144
-0.9005210324080819
-1.9689064537483825
4.972682147760366
11.943416893580757
12.59815921541924
4.878324960058605
6.638891766775503
4.482578223370472
-3.180593448294811
6.49449776868735
3.151041906651255
8.070797802523304
8.70780695292167
6.601450950143046
12.579940414267126
4.253976188377426
7.5894336647260126
-0.23173413549663646
4.93907333084722
4.036976312599343
10.439942874932417
11.020852096095703
3.3529343510638423
8.688236321142035
8.945255057615384
0.5608517181002126
7.721370663541494
10.273612204636372
12.649888745355584
-1.296779445157692
4.1123426595117705
12.243256794894712
2.5737841961423595
9.540715541681141
1.8759256759948721
5.526239361191325
-2.391588777676814
2.690811463188091
-2.721378251343129
11.28632822503592
12.341044673047962
1.3073481701442349
1.0498110931303843
2.8972812372699965
0.9695097153983401
0.9546169400923663
8.15470260520317
6.872163341188536
10.775281040726224
9.354744155393135
4.6883723834946
2.1975441919553944
3.7658587387427453
14.705624299645745
6.6751728047726795
-4.743670340857962
1.607953649868537
-3.6736978218159866
10.722636134131868
2.1482086608968882
-0.8252964280785049
19.791502358098228
2.8997970664512094
10.199112798561604
14.873472138189655
4.951191982095437
-1.5922659938008286
-3.8906134963878323
-4.241347288889065
-0.14554811353865382
8.54409582325805
-0.5453175337345835
13.3475654842742
4.4870341391469575
-7.500137684532689
4.131910808926422
2.109798426553882
0.9251916465986554
7.918232951758427
6.436707463137207
14.606610152662016
2.522211432483281
5.725946460480451
13.177900978230836
-3.9878256903863836
4.00576006590679
0.634802960112812
6.558065465962162
9.898306332888385
-1.3709541677145554
6.613229604782435
12.970574504560709
4.674247468685885
17.040093389449552
0.7209392234829064
8.264836817617487
9.019704097068301
5.4563839346659595
13.439945346503407
9.562937270562077
-1.3331765443867578
0.12566547972797615
6.518023829276195
1.7037115211978913
14.534417292656086
4.956464593509921
8.14115557287805
14.206846284262012
14.653254557645022
5.841402002720749
1.0823703513890948
7.3447263409453285
5.606946143547405
3.83292917253033
11.537949603184234
3.1037408977089647
10.097971290144912
10.852175379762944
10.789055758460691
6.924640940691562
1.9259826099182034
-3.488492976777847
10.255365720587005
12.425512756184936
-0.5137731265204923
0.9717217687224258
1.7155327137035599
1.6000687812685923
12.074361985002673
3.0524494677375458
-2.5112869101486837
4.915122448303582
11.341432199360067
7.272124734054767
-0.3924025628496741
9.909905429249406
2.129354267808493
8.330031479168664
9.790052833471574
3.5116120255618677
1.056469456489081
6.56496175125158
1.8128462926938136
12.410317415896046
4.731555044566759
9.290965872548423
10.03422233180391
7.596112111356083
11.358218821283383
6.443682951946382
15.322119832495826
6.844201114688008
0.5711008100899146
0.06877615975829254
0.9549448809628522
0.2445258640089989
0.7984715102087341
12.954740791618615
-1.172979029074714
7.967033575345971
10.723852672677648
12.049353242573492
0.38493144714333827
-1.3669069006090302
6.06989474706492
1.6829298007652511
8.008053659511988
-1.6039275526071464
10.957359566803513
17.991897531007798
13.435108738908504
6.346827522870097
0.5361985960110927
7.92687215706275
4.756529892905238
2.2534431303011218
14.649426308150677
6.25129998648952
-4.361506654827764
10.890719596276814
10.018799311903322
9.828102665525593
7.363123346450294
7.184657104895317
11.122323013051599
10.471552012764594
5.989620102069928
9.34215373978533
-2.344221552943065
5.565113834227473
0.5221951643540317
1.8401006480105702
8.783821067679067
1.1429502468434798
3.9608055534278233
4.854977319079747
4.375211893612525
7.579645334904348
3.0335909670600296
3.386318271223314
7.934987772687038
3.9801892253742617
15.310188531734106
1.9559930713259668
3.400412020728475
12.23945934396395
19.12161563136084
2.1078922876047983
11.84209041301619
3.5382979871560996
-1.0203144334268002
5.7731867256774905
4.899594468657947
2.5572827347375497
6.492022010077638
-0.15021358128465945
4.349219474702901
2.672000025498829
13.924670285775473
8.640933536805159
7.354768765032162
10.536299772594187
10.398733673979804
1.919901658260498
-0.007864340394452718
4.258702919332294
11.309215839645123
3.2134026285859396
-2.2895980171318975
17.340537001563668
6.818200189526851
-0.4498931524234937
4.129602190622064
6.873180565312612
5.20208248717363
12.35398994782836
3.639595136572276
1.1352239475833281
9.451549213453584
-0.17191368040598487
17.28219492393601
7.258399162241492
13.12878586601066
1.629228530642358
3.8655667754683547
3.562439048540602
1.0277696651995791
13.13165214326049
4.8281756688958195
2.5338358937135763
12.32422622624475
1.0189457644062339
10.144734658250819
11.537353280672516
13.917348907539179
18.144498891852773
7.32578816300648
5.724551659467351
12.01096383977611
1.2719754140179997
6.387058452488226
12.536663189306122
-1.1931939062807881
0.6475297576210215
4.311101254845191
2.1027484807700905
3.028393667357233
5.721312624947156
8.346758168430805
1.9044428358812135
7.016561132974371
3.5396213393835425
6.539733947042201
11.848763623697375
3.555246496440299
6.981155511256855
5.00549998277351
11.28648161851768
13.639153531757506
7.932828725504143
7.585745964654858
6.809401936411785
-0.600568269631391
3.605090668396506
12.58924137240257
10.365659980535746
15.513788230825014
4.530406894340991
2.114990817105318
6.962071503570018
-3.1973149917484545
0.7047664451521491
9.22733820253532
7.08685951481324
-4.782652523662957
12.810699005491687
8.38679988291887
-0.18502603347070146
16.13577613891297
9.857299748535187
-0.505070604608715
1.7387131769639748
7.453563601852909
-4.682843722532011
-0.3554686184808107
-1.3652080179688024
10.471543179128055
4.520587668006801
4.430657471455853
13.571849939590763
11.752054000187394
18.29417218511405
6.173078664258731
16.19258171407873
-3.5373924414858458
2.8651208683258784
6.61261538917589
0.2085029011623778
3.380938668416914
1.4175325879393856
10.066279952973634
2.509228389203517
5.244391540549021
5.885587783405348
13.539622366064926
2.2154980351097966
3.0016867705929
0.08853741331312026
4.985319144188492
3.9577344153929452
7.4698785947061745
14.35391208108457
11.01754344336927
0.6380982018174564
11.519704295418302
14.247134926467325
8.860987199589879
5.893550497802756
8.139442869980448
10.333092401284176
9.719181967691474
0.5433077444658716
9.850737984783574
8.367807048336633
10.23699267116707
3.1426748759699366
3.7857726423963394
2.816596793527779
7.097216460429358
6.712793390093613
-1.9431259721851841
-0.8452094542272865
5.117788213723889
10.324784138453033
2.8016250878204927
5.930558742857815
9.432655328262577
8.826833226425071
4.572190849922869
3.0817991477961235
3.3563057051221072
0.2675029107016442
6.019557316572514
2.980260766677171
7.155833097142699
8.250299522151913
15.9120837796091
7.283980823908954
6.032367515026308
2.8190082877500555
6.689511265446253
12.564738311634569
3.9040513372090495
8.18941863231776
17.870538440279745
3.6627499346732852
2.6419683397569584
9.760539872790357
7.3422528598587435
10.811670481897814
14.997778243940907
3.483110619408849
4.663190039599651
14.590542253820463
1.4821243248679794
4.994620929182098
9.69711643536304
7.623750945708559
12.467674849494053
1.3508811424250435
4.1956264188511865
4.338979996881355
7.903362295253934
20.006588152889755
1.054867277042316
6.680443721341596
6.079482957301695
7.457047651499284
6.328458968449951
12.343563050723066
11.5196380054429
5.868298281692066
4.486259152823599
11.830983225175217
6.8820287947325
3.959574579795763
7.054287544670597
6.253749849407624
14.073560391175796
6.648643430862116
11.003912500513401
7.330939959857296
9.605530869107003
10.58688797437999
9.868975036743903
8.952438885880174
9.230523920132772
0.7334825230815945
1.9369169361744225
9.688206447102264
6.151355256017732
12.293199248496666
-1.401678147118811
7.535670831161897
-2.7589059438343657
9.980274627369274
14.216175588616542
6.050375078459034
6.8200833754920085
10.18706467342816
2.732881597791081
17.807449177509525
12.049440687690065
-0.2663527683050768
5.899835741371102
13.844940903999044
2.7131170456503426
10.993869182254038
1.8509404976986472
16.130712367719795
9.012201940888938
9.39651079559868
16.293837923858064
6.731045308164643
2.11565301152551
14.659599653431997
2.99749764867857
1.4976499862452526
7.327643053901698
-2.040634244641124
11.666147909942403
-0.9324224190042134
-2.3750238017386565
5.8299248239153485
12.206758027522458
2.2552191878923216
9.985305080139838
-4.6402262976101945
8.621347600038426
1.2542888284908082
1.2391592103930957
10.0306562074497
-8.506772029791668
0.46798165501114575
6.620966856271211
9.9348718496542
6.376503582003468
5.172107494641614
9.712291420257129
-9.088003694903591
7.699986468219637
5.816057466596218
2.443800710474343
4.593643231827244
11.232802951545057
1.2307468221498103
3.25588952537939
7.610053578079837
6.0800238906051
11.38648645314939
4.6815828089547615
2.972768711653934
-7.522065743272046
-3.8999136504811016
5.668589482009698
4.685501778926881
8.009974975284864
-2.0333876158296675
6.164792239352848
-1.0218752839026104
6.482159960254219
13.823188929534268
0.556978521919647
2.2824722166487508
11.95796697636494
5.939646456711859
2.927560530122657
3.3634639824505075
7.658753111779555
2.756415147426227
8.483422217584044
6.120478380168921
1.7146483539764787
10.942059025356084
12.502045234361894
2.169493775996271
2.4724370399281628
8.234348005861907
6.505553409667331
2.1534957249947024
7.4135688932223776
6.8645582303013155
5.826295403194777
8.79898541357291
8.950034307018623
10.047575753033264
2.4603622944433847
10.768408786632056
8.116786211960152
5.023166952012145
-0.8529353801054143
2.449244198448193
7.431695534672544
4.70073389682652
6.455425317801694
11.905094315239822
1.0795899501762563
12.87744784173051
10.455618375230683
0.836427710824811
12.461015054778857
9.777601505493799
-7.061770525405592
12.898940159961423
12.510987011528789
2.5978994799899584
12.568251305073918
6.837480180674034
1.4268946208809448
3.5509707026236472
11.322854744945607
-7.182321173814774
-1.7879262401395355
5.216236874679349
11.61751589792304
6.451367138132375
8.654276319772741
-2.1846256221036082
10.435149574798196
-0.23449491275551804
-0.6762998936830966
6.160026316735026
10.92835685749562
2.7716395108000142
11.181133587913477
2.0112689817685103
4.2216706623267
-2.91011950667113
12.403635666058037
2.1681779186276575
6.576053883456678
8.234319002255926
16.941591646853844
7.807571562501298
6.681956346824922
2.198595822894812
0.04688372665298335
-6.592676710756127
13.942336107866918
12.05014290430545
7.962292743366509
10.051618706715068
12.144462347709046
4.013773378072285
-1.6016822228636993
2.5304657734040137
1.9007120341827122
12.620033515984243
0.9827712284663246
12.720132002878087
2.3028522971373087
10.15022369246353
-0.8404918915939801
2.724031977498081
-1.8653662352881737
-0.056014273127616754
3.1185852854940572
-1.4995919421466635
19.445125313177087
13.11627748778811
2.7476980346876143
-0.8763867415956526
0.9022694989390247
6.478785808995127
5.757972169266631
4.059736392002006
11.967067284728746
6.179777750195447
3.7342427372393234
5.796990295316723
5.331753545481079
20.383489500760973
6.3283244942797285
7.066891389016845
0.6709199332077427
0.6749479647412242
9.637374425016116
10.349821674896711
-2.7354069942340775
13.753651038454965
0.7042139984927207
5.811396472573374
10.202153799195091
1.0503616636610236
14.55383669817128
8.685377768070001
-0.3735002273438228
0.050242407833668956
13.1181999456911
7.240664795080593
6.329917190417061
9.519344502860932
1.2771533908942558
-2.26399617391076
14.225832433537928
0.12633671140394664
10.873610667895772
8.201707099332303
-6.103754404966095
5.547828146654956
14.304038711633977
8.546989955380791
2.3417162154545457
2.0324775805638398
-2.6131479954916905
7.130819024726711
12.401081416645152
9.121034812758335
20.374896165800816
2.7075310620966477
1.1784953161550122
5.952458736827978
-5.917478845948192
5.296574819396355
6.182491073276514
5.370310877699579
19.703330121338595
20.710680408615914
3.454232249825519
5.770351771510158
-1.189948383414321
9.008930567067203
-2.5551580646937104
-2.7142869887735976
4.19835387275134
16.10012885650516
7.34032965815669
11.245884688208275
-3.774979362162048
5.988054588933044
10.213917030588728
12.752761182214467
2.8484208536588063
6.48900283372841
3.0453792878006616
8.509324501427132
5.865064366588407
5.3230611828167556
6.7533007465769215
-7.4141509600922735
17.833464136983025
5.960936084480789
1.727559980647749
2.1043867755329213
1.6752045522558365
12.778511909599974
4.635656777402102
4.234218603038169
7.912686201097062
-0.6305940869267506
-2.2817186883513862
2.1335311382546283
3.4854180313556564
4.105316530828681
10.021924293530759
4.69074455598435
3.635155404702944
3.012616002811111
6.871308157960878
5.524222261522184
10.122257052353476
-0.35613387768953775
12.623217861022454
6.333288074888561
9.543664830628067
7.904739831055595
17.60964413839924
6.841513064367248
10.117147526672465
4.204581883584976
6.677379664780625
2.2597873876998835
-2.087982204776214
9.071573976460034
4.402312683495442
-0.2912241293528268
5.753449237811218
-7.817098157150234
9.911154844345837
9.169529443312479
8.064760641438781
1.6374777868088044
1.026658395429136
1.2401659334639543
12.09120839675882
-0.7908706460661818
8.96485539415794
4.391963267451402
9.224393467529024
9.274761692418888
17.339626352686913
5.805475494136811
8.25120647670847
6.469381110083895
-0.28706357347270917
13.62466804058175
10.420786454656154
6.561674908413774
4.667925735417875
3.1981615575629734
1.8326097599882099
10.36790966658545
1.162382508715277
3.2523193750530246
10.008889768106581
2.391891503549267
4.430874492837496
14.282714025231812
6.54847586643859
9.505809576029343
11.27452492035405
9.000965909845522
8.716915958211999
12.206276602003935
7.117193983690015
