-3.09345114391585
8.885429530797296
10.808445751292286
5.384720686639085
6.294813284223971
1.1260665086634987
7.413059161688294
-1.8418610505251864
7.650332480644314
6.288382286449734
6.3523895593159985
14.919369349519757
4.119233061238216
-9.980351204837604
6.267804192405697
5.040430437176343
0.09860664237306871
8.022435279538762
4.566079260553027
9.279027947667485
5.538926425841744
7.750978362631277
5.72981121421954
3.4608101250213226
11.998284273971109
0.8430186817437404
-2.119623739826059
3.6085043614665677
3.6714020295904772
9.472527793202591
-1.0158066346288397
5.176068078239888
7.9924733398292815
-1.1561260857173972
-4.153516795875097
3.5235623136179286
-7.119145864897559
-7.222147703349856
-6.92723339395773
13.136657766535821
7.901429153901647
2.710972127157669
-1.8865725313782056
-3.505520126084866
8.27913081955921
3.345984459183945
8.576911805546107
0.26311708990929983
13.855995077778891
6.309374744317047
6.7169797187024844
7.05678261373013
8.072519462665031
8.667435311918485
0.9661756299449502
8.52263158592319
6.870033407534785
11.703348644088141
9.376455880646771
-4.650914628193894
-1.7960721100675014
3.0976032592941465
11.062181268457033
8.344235141024729
-1.3500754437421323
9.770711290909638
12.008043883749492
11.621071855118753
-0.33933645255859
-0.43948155673889744
6.067238467384249
8.56028639201163
5.160015317046511
8.582970173003314
12.219590509964478
3.1079948860762703
1.116907921775745
9.875287397640063
10.325840399160445
9.348686750899134
1.6365580830686959
8.242219254370461
-1.5522964783031945
-2.0486618731837627
-4.491476572570068
12.053546271377915
-6.986240424189532
6.128020699016577
-2.383309186017504
7.394535520430299
12.675287187578126
10.641102500492815
2.6239496722480267
2.405763321451917
-1.5879789715688837
11.186623828104615
6.680640221292766
6.025557171878817
9.255358204891444
2.932804347204806
0.3598657993018648
11.206240093128969
4.894375742038699
7.018814639330842
0.39591008511369896
6.989742636233947
-3.514045797171244
0.0779020064218292
8.1635608612652
9.863640431562525
4.251681128368165
4.367456158485253
8.001139654948027
9.616012959802967
3.5469122954598142
-5.0025064058578135
6.297035193203252
4.741135376538491
-6.324112079200926
8.478172711822427
1.8349345992339363
4.2435091329823615
-0.8147670877343938
-3.580518888491378
8.431465414803341
8.401311111661336
-2.754206094947733
-2.857509936726067
-0.7327998189281599
4.117578910677396
5.621864452971656
2.177308506325183
5.578843103084722
7.6325959241499355
4.525756064472224
8.059898993118354
2.9985122435815317
3.1682854936930624
13.75003217849721
8.637919045358867
3.3195741576786433
2.9113936405412106
5.385857984292613
3.1690207817148655
4.323452607115014
-2.7273575954177076
11.15893721617099
12.16560727352667
6.464708685961779
6.210635251668498
2.1028976342979244
4.785204738608531
4.167032902994104
5.931024440722907
1.006694304445582
9.761776175173852
7.969747813764955
-6.204085979356419
5.906113692777069
6.7624327598437155
0.7458286036762676
6.3474823629383454
11.006195654941966
8.080414102133481
10.59589182391904
8.92448351042811
1.8546311171652907
4.760416623320349
2.87127665911609
4.036986693307922
12.604164147841145
13.061917158466438
5.124423538226644
2.9941205355342686
1.8672988091959972
9.778061821681291
1.9466842083593543
-0.6282263805033015
11.969925702799276
-1.009521781770034
7.0761069017487905
-6.12730209753134
2.7402898121200154
18.49077736964815
2.878654869513636
22.942672505051764
-2.970447059492594
3.990214543116137
5.984159597689972
9.885634640791498
4.881174382702998
6.2225835026205525
4.906023120384469
5.108372398327785
3.0890378742472815
-2.241056214866955
3.4811506168446824
14.50400457526504
-1.7420809164969766
2.884511077527847
6.187417580663893
14.950998178695519
0.08960810153023857
3.4140054182937645
5.51292589355993
-2.2667140056175716
1.3695560152071318
12.305023203827453
2.857375953429498
3.764389130790789
8.313702981108994
4.5618143650778045
12.49949254402419
3.1320706762747763
7.4314868145775534
11.234992359518802
3.0279519638983645
10.172717355215857
13.978670520177143
3.3584296594332956
4.200579845053283
6.069071510910374
6.063894202677892
3.911518922552781
-1.5405785372853291
2.59635035253142
9.21426499841497
8.684056064325397
15.955413675330696
0.25288182244844926
-0.6298853144381669
0.5879810351377959
15.086555895231365
1.325358385462389
5.007215811937011
11.315501952874643
1.6870572872600023
6.907556572033983
7.140145676084879
1.3456879768471142
-1.747226482633165
11.412981143068384
-3.098702851453446
1.0393054274898197
11.035054848487418
6.326599696519136
4.345679740217592
5.585501128203677
2.1807754513456796
-4.958057585043062
8.685676156300568
-0.6417252226216714
8.118328763593091
10.733604009975908
-2.7139176346273413
6.660209204230734
-2.4269499240496035
5.403939898003188
2.293015418053074
8.20403091872722
8.382266390775435
9.41684287248783
-11.98817176199678
6.535819860878615
-4.338015925933599
12.536239331498667
16.862759674404018
14.055699926670657
3.0073785176682803
-1.807655051943117
-9.54077329735798
-1.7022765253661527
4.009818019664233
1.7336095847692459
2.0576108046562194
0.7486372435771811
5.135698292837405
14.191990011053003
-1.198759995547885
8.530052904342451
1.7754729384918715
5.38229968310751
-1.7522567747387532
4.361602371146064
-7.688496050553546
11.173666063096793
9.949392206581596
13.781506001158517
-0.7762874340393404
8.270688430075992
1.5145398049728716
1.5009245876448696
10.331683067136687
11.22852828241006
7.344083847456855
1.9511203462235334
12.145657040756811
12.602079993577107
2.3371467228621308
12.012564201039522
1.8517340199689198
-1.834721682589989
-2.2925579640282123
11.075369383565098
11.309082728726157
1.591001375047697
6.759619190818143
3.859488491553176
5.6651364406887135
3.046873562735847
1.2067611955548365
-1.7351073060987536
0.1032667070588591
3.8602209908863423
6.980001438993093
10.928291819272648
5.7924126803874
13.997795176257341
12.889149940315466
-7.68367381942174
2.0228053081144863
8.613997431652821
14.662218898220702
11.352984324174425
2.751676464045806
8.260650309560368
0.37991836608794527
1.7671060582804354
11.324232144596678
1.497768844407966
9.169638440322927
14.74386244155618
8.046110756782202
4.149955993847136
1.993112291395989
6.473454966558357
10.750927113571692
8.014522818074308
9.502431413798515
7.808441718168549
11.01559449600803
9.220378159071824
1.707782501747114
-4.711939704992304
5.210704410316658
11.644142098609636
1.0520305511806538
0.4710142861708251
16.210610665520164
1.4897864502473679
-0.4282698738847621
-1.1330461786794235
2.7707011686081486
3.764843806969915
2.9112933453792067
2.23580884945729
2.803954560666268
-0.18767585011408006
3.464954249236761
7.057577916794532
1.6525733271257437
-4.70874535214654
3.447663301019858
1.8400247173072195
10.117222452054083
2.958764799225677
3.8520624519759163
-6.247726575405649
5.315084954425895
8.103313356720193
0.840264851937043
4.717170306312566
0.6276857579630093
6.7301878461776194
-1.7218108050152332
7.012049238467996
3.0281462705076905
1.644295986103952
4.456286991280882
9.686828824348595
-1.3963773394792502
1.7402951569795047
4.95880774460649
1.0456289362663105
13.632280644885867
3.4755653744337534
-3.8384306910858275
8.358938626001617
1.126825319732541
2.129562005964802
8.125894170207323
6.494645254211628
7.763806188491464
8.182553719307014
1.8663257677493998
1.9380230880471294
9.479845274250048
-7.61680184468616
14.031954778937017
7.3706062278876345
-0.369119867934244
6.218239290226572
-4.992243186434592
5.003656145517367
-1.2453527261883872
7.159831903811166
1.5802107709529079
-0.12848656536522451
-2.2459806668513487
3.2929684210722754
3.5020345366459793
12.565972388701146
1.8396161931668065
-3.6558041271883734
13.25625505384916
12.449924200133015
11.345969228861717
3.512703873221059
-2.057557574957033
5.366252013156291
15.81226228133669
-0.24295244937852356
9.927068875394381
6.82841739479296
6.176979628548245
-0.8054276439605355
6.930257105774718
-2.7020424084928996
8.225990279908759
3.1763288726747723
11.340550536906427
6.162088490737066
10.946339583842189
3.7886514773687385
7.479864146081903
0.2685752227847682
12.648830228546444
9.915436009482619
4.354005431865387
1.9351835187635458
-3.17602130747097
5.867001657630796
-0.2769462825442828
8.035827803923116
4.308657004353365
10.754129755642168
6.3615624133081194
8.729240275222466
8.380900971950306
8.254927146908662
9.392409535041361
10.076417190844232
-3.5783818038476767
8.615828506099028
-0.03830629108988415
-2.3636126063329836
3.051261097541799
1.2297138676445911
8.829487191755574
5.987026713048481
11.634725935774439
4.640975046510008
-5.161980432925565
5.876245672963312
0.43060731601575863
6.227324753846994
4.9856534632470035
5.018785225514932
5.15093780109036
-2.6356536572869054
0.8879991019227877
-2.818985115852266
5.52454223333658
6.789722296777148
0.14332322810421871
3.177783996945409
6.846996431481465
8.425514332807865
9.964127426518749
6.118810495656855
1.972911445487978
11.312739923759521
19.249834820570562
-1.613983009861447
4.365043449279758
4.536609324370343
10.4091685758872
5.753156543090058
2.1076671259652593
-2.7405025902096902
-2.5540020238470067
6.104223804679898
8.003484188553058
10.637431275402957
7.829888612084783
6.156162550741608
-2.965810650262603
-2.626587545538949
8.201797048722776
4.79828360591368
2.8730496467693336
6.266599201896599
4.4776898337767115
2.8862641618995264
9.477676196213746
1.7899501617483509
10.020488549306206
5.898661505721288
-1.8549416507491276
6.270420309141891
7.4180228560552095
11.820335326826484
6.509719607515419
6.266600695805037
6.28747646001336
12.335461362266253
3.8707700176374424
6.15376860378572
1.8675762359683892
9.495520543586043
7.615899798851279
2.9614911320583706
0.6841579075019579
-2.6096385173004117
0.059788286994693074
4.259454440533078
0.6660853260953239
6.741297115053925
-0.04433065458948615
12.445645436212203
13.210611847462436
11.414576566266042
-4.483615315042799
-1.6807679038789023
-0.5618538838258464
14.966221508030785
8.080619754344113
16.718272609496324
7.428402884169262
3.980366351074643
0.2115478772360575
13.523250405081386
1.355380749328111
-3.1334897891590376
3.0588532116418365
1.986060723606483
3.4849828442497555
-6.7025018747612695
16.790361201908233
7.1505156062594155
11.637875717881478
10.833276572717317
-0.41910869751145174
8.458823541927387
8.05005681670242
5.89940385268491
17.34634520033631
6.874992043919865
-4.29854051578107
-4.288816765598241
7.490613804066444
2.4049416846116545
1.2841451687469365
8.197490148695811
9.209014765348769
0.337378428668349
0.7228387006406187
11.492930082816734
3.688190766620602
14.352161888538383
-6.515308855468172
0.5322974134935334
12.54495927377506
8.885289185748583
10.230596279844182
12.829439814476025
-0.514080370889447
6.041953847148857
-4.824656203235126
7.90537626429987
1.9597035331336454
5.926619274392048
3.2730111781587183
-2.899597769954778
-3.4280917995970626
1.3617836185514811
8.543648580729524
0.9820322250294007
11.618259785471903
5.624003997590035
1.6776071483292054
5.197950140718163
0.39836063651187104
8.48138228281136
4.570261091042982
-0.960083982670223
-4.626565086287652
1.0519646749827327
10.721634828116564
9.398133462685927
-1.4877990723104277
-0.6605477325991043
5.421419106178791
5.046428184570185
7.652627582065451
4.738154850932675
1.0119979096570901
7.23045201146506
8.275940278573065
4.073414196648328
2.559403209891241
10.013878839996302
-3.31352783672393
1.6115607192511736
-5.83945910202373
8.709172983318052
10.271967607051513
12.67826829787735
-2.7217534914859653
6.081678073170811
6.686822556906312
8.902682119154907
8.95809152699588
-3.865873677983794
3.5902214612457373
0.3340663183467081
10.85799965908934
-2.0369801188161034
-0.3738458462833316
8.925906082456102
1.9842947122971628
9.115641340162075
0.9042995803870975
8.567159704910022
5.6883704248524865
8.411646757952267
0.9906720494597123
2.043310064657893
-0.8411041282062963
7.052591710209674
7.864550625880872
1.7912168619161717
4.293291999717735
7.609143210474721
-2.0990945311128533
-4.154992446962789
8.172147187968351
-0.9313158668102615
12.424643356638555
6.203570113473304
9.655277270753967
1.3508682482598142
3.8725010144441945
2.2047638256961597
5.276753244793075
8.6498355013613
5.1860162880425404
4.947932655345964
0.08949899617059653
3.468004262721019
-3.1195918393962963
9.712570333191184
7.602609545262478
5.771190770001088
19.7171458247301
16.714959436046435
8.894858216498147
-0.8650244934841442
6.061747873353997
14.724301889599483
10.05710779081241
6.789526737939285
3.9866275725090192
6.840114511731667
3.2367925530700603
6.946391147856708
4.4163668387581465
10.751973401680665
7.24878985071747
7.527446314880858
-2.5609722479449184
3.6928781668991064
17.241659059380343
11.015580995394222
4.8381814967896615
0.2921572088635793
4.059259299063164
-1.9334180417313638
11.48410614620554
-0.5414120203416326
9.123193366036276
-6.646155213989765
18.606648384668745
5.286616832268573
9.136003746897227
4.880100549226463
-2.9992548800995618
-0.18425108850706184
-3.3892951045576893
5.718828451217238
8.71463658508094
1.579713943243116
0.9002427511131694
11.17395247551642
-3.1014541918544305
-0.43070259914152675
10.273502754206554
9.921047011828712
7.371496250907199
10.73514676519656
-0.7658806150526196
2.307465042336296
-9.38080764267346
14.214952377011858
6.78439240481238
14.839232173465707
-0.6529135458184361
8.985214198161865
0.856602795215939
1.0330664623945571
-0.8112883877905412
4.6753345098958965
3.9938344612944467
6.169188496716799
6.232822534779489
4.281609217953691
0.11398059458639498
0.35524855210409356
1.5827825155686992
-0.5560643508349226
13.613212466032191
7.559008221008082
10.280782633716287
-1.3747801781659978
-4.315469033005082
-0.26123732012515344
0.14069179668371712
1.3731272254681057
-4.555031663265931
10.577495277044699
11.146483552985984
2.166047391845577
7.338940571586483
-3.240802628969691
3.698165344905848
1.180960740570793
7.428240963496824
8.68092922179169
4.072090697176815
10.270373642958802
2.3637814570573132
-0.3107883247771923
2.3019598914214936
3.38936073609082
12.702470240349367
-5.5811763324404815
5.661206886180204
-3.5004856766480508
1.5265060345552248
3.388690490734842
8.25775610648493
1.7107773912108435
4.02366248931897
8.577990556643064
4.5748566312736765
7.176166762893769
-0.5511447336442119
-0.18310622150453248
12.041125694910624
7.349685517547829
14.852544983705275
4.226702859371811
-7.114860986131259
0.4386970392481535
6.235936691196592
3.634016938105307
9.596343133451011
6.447570587846323
4.880417056085765
6.931254851571521
3.585819700786814
10.423211458561797
1.3486852877297073
2.55883648588628
4.207127300754339
3.4231114183637343
8.024434791576558
6.074480294588679
13.083600893889264
-0.7964267781342631
11.994253343220546
4.38042359337132
11.546711837402384
7.372659073480262
6.431901184852572
4.240979602380608
8.5018489082642
7.294798277256201
3.3108780312814434
7.382742087837735
6.326156001898545
5.483226875592674
-1.6858494849741286
4.475157956975597
14.480641078591674
2.201063016522146
11.678942094098252
-1.1626668394113135
7.585188627584043
-3.4808071413832167
15.134796886482961
6.85786353148572
1.3159255755514363
4.936475271061869
0.6664765840299829
8.935216630540253
7.746384762935911
-3.070523145587991
6.86405377968583
10.14476244964317
12.136455649199423
5.721198536964627
3.7414791942590777
3.956300841968563
6.175364454020027
-0.2773469194223823
-3.1157561869199615
8.769938166347401
5.373432391749505
6.164862951687465
2.8744215445113346
6.721238867229339
5.226894024544852
9.717161418113541
0.6456367672353007
4.046850602179763
-0.6079027945915749
0.6784396293561672
-0.8113425992733294
9.222372509265794
3.7975855238780287
11.276012389195394
8.766241931585306
8.601295408177226
10.893505024137024
4.97603010169045
13.172090343094842
3.8565508225419034
8.225923693930786
6.184197827511325
5.961420800613693
10.15266432403278
9.915754914258093
15.553155907942338
1.1483295644886873
5.851609153277007
9.96052073054371
3.032201260556824
7.90899264982489
15.373034519796509
15.851145289763032
4.098373013680769
-0.5609867973666054
10.089033621533272
2.285597350162493
2.1384114540308268
-2.565851138360511
-3.2569325010431616
10.899409476729538
1.8318101385569139
3.469704864886349
7.18915600368951
11.340909263460418
12.796806200949062
-4.98279847547523
3.8587423583205003
4.403765888429538
4.153143857529436
2.14523911192362
10.369294013907783
2.35742426027616
-4.590875560237478
7.616732416104352
9.534628564993394
6.4881947107842945
21.107174613301126
12.535019751327688
10.043006637137768
5.877064506257184
8.494769489118319
14.631212823769824
-1.0533180070421126
-1.6451175271285132
-3.5596199421775925
9.747469706050467
1.0198819675017559
1.4836136439104506
1.363795078034196
4.192097945959247
-13.614426926016773
12.170802417820884
4.705051244712291
-1.1789389015625202
1.8397210978689382
-4.922048437891257
-0.5198036004456803
3.377300215288324
8.713686053640977
2.2606639706262084
11.509573542134609
2.7224927926190543
1.3595588446875402
4.157238135900592
2.8333131827880385
-3.3417670753951034
-1.5353262493194038
13.286358963343114
3.966267288469663
13.688487174995187
4.592859396611481
9.744005061696857
9.126413267423493
5.05451989946212
8.670839976578197
6.467007659741102
9.747226551452922
0.2613863930717386
10.925582835361121
5.366923402585836
4.264325418947526
5.069223869165759
5.464047877787448
0.016579901412025144
-2.489557336659656
13.214784067516467
1.1223534013272118
6.1536397980667825
8.82382866789787
1.735820776071538
6.534952760546707
-0.75995300579324
-10.535576688182287
12.219110333353328
12.903778717346835
-6.938517638711316
3.744915665993379
9.835003288211992
7.991594307088011
5.172668118860796
1.4507820536395428
9.270354828382
4.799137479736915
13.585638097881422
-1.1064138164834922
8.026865840592095
8.364758951985337
5.009295099271698
4.646239773285921
10.425670917038953
0.8607273368785604
7.73956117796947
-0.44643768083100355
1.3979468995740842
3.0704403589766596
5.292713600413002
2.6669457629205926
3.927667727557303
5.675893733961434
4.872202108057488
9.24412092318101
9.643223983968728
17.365995751109736
8.965576907291492
3.3266542186246966
11.164661085246141
-4.8918180230522825
12.557704896749996
7.539741806794309
-3.3916690497789936
-3.423280984193191
7.530331953687591
3.109238277787239
8.555498970551875
14.93679690059371
-4.1440400844921434
2.2934435096137786
9.493908075849818
4.600821265670786
-1.5205845317040714
4.528492991929492
4.905882825237137
7.108851980894502
17.205318531701757
8.529189177961241
7.148699257921743
0.2593080369056908
-0.7580069784062378
12.613372362105794
3.3157084994667496
1.989847524895905
