-4.496993866250815
-4.652712021387707
10.589308498130482
11.625225299142452
2.858034922710991
5.6903562035800785
8.205490461640597
9.029680844565865
6.308075622996618
7.216553641862858
4.02249527075172
1.979808586821834
5.050060751294254
3.611444509236021
-0.8656492941503497
3.792387961172345
3.4394653790253216
10.554358172079217
7.586583247569697
3.5979140031711747
6.130169860163855
-1.1451776132553828
5.143838436352384
9.642919055410765
1.2546822130482123
2.983360351892758
13.499934138843233
7.454195691438551
4.099781016510528
6.431969814824928
5.923697212184388
3.182186878969444
7.5218874647577945
6.004280842852493
-0.45863785692466674
2.843117327086534
-0.8549829896590446
8.307972665110665
-2.0367519964385785
12.60283093604556
5.1194847962052314
2.2541942959803776
8.462130768071539
2.945579642402467
8.444457045590266
3.3040026977967862
8.974850136886381
-1.318767222467268
5.895270196676378
8.453321812930445
2.3358888415967067
1.0125372255012777
4.7509033841103685
2.502198109713534
6.980597828713993
9.912823455695344
10.618541130046632
-6.502859284297035
-2.595159962569692
3.7690631241577677
11.5303833518971
11.133094071649772
9.01993407013681
3.546981206986559
8.583000071310092
4.213991998169878
4.812754721687173
6.727564137831145
4.531182125774626
6.986322988981101
5.883498450496377
7.474220734922726
16.576404680747487
6.249871813530357
4.537964132922112
5.711099961876487
2.5378888840479608
10.716028148930283
1.314603650605751
13.55727151648576
6.856065662789367
7.964130222379559
12.407462725575717
0.9306091617455685
4.480074098420961
3.7771448941221486
7.2430101474661015
2.5689199841273016
5.4760952922334445
4.045557736614708
14.797110615099422
8.558391412195542
9.407966453234845
2.9518651098706727
9.606178677783763
-6.927188055334987
11.826391560890366
11.515164921203848
7.480729088510694
-0.11759977315452064
4.426542018271279
8.172953802237567
2.5099296368575503
6.778022634704665
3.322666104554843
8.523320376238992
5.951131898788238
9.688810697603953
0.06122093562185693
-0.14902565062581097
1.86876581237867
1.337031516238738
19.14517826412773
2.9584961922390063
1.4817821249360765
6.281922528614844
12.941083933474701
4.767794114396128
1.1877003133906787
0.8069076718805368
10.391417388443468
0.8428732562896988
-0.15068576334748673
8.583428010715348
-5.286017630982336
4.093072992680286
6.01315950457806
3.8916853676691385
11.475865387542175
10.694943325130808
13.185879071206799
3.9648290868068767
4.132667408507485
10.174012309432484
1.9569509409570776
12.163366179848888
9.889496836954368
-1.6036188950030077
10.721512986111353
2.625414424108272
12.247611182776277
9.807299120346824
8.565815213756894
5.994841306236929
13.919710049147964
-0.6689306250133944
0.8888931369823148
1.4594805465377978
12.692907661159754
8.288790231245635
5.602105669990099
2.4605992111429966
6.610015303606261
0.7296666737463573
1.0991309540428564
5.0828128122886715
9.751489981867689
3.534497920137544
10.2809449254654
3.088437059075056
11.115859226947315
10.482489072855135
-1.0211958367430958
6.3884678367889505
5.75539555850277
4.903669322648248
-2.89236320812096
2.4473078568020576
7.929900132763898
2.1119357740389093
7.535103159981933
0.7168558061189545
6.472924446153777
1.7871955172444771
0.8748864578293123
13.91563531155386
7.3494767506499095
7.1064914453903505
2.800747426834784
7.516823679219236
-0.10693186753971684
10.409460659067676
-0.05059840408775784
3.6440059384598937
6.086928354139978
6.343813468389894
4.728744433545729
5.135780091163029
2.7193384913005443
2.62867366376383
7.305678707941724
5.186501944383731
-4.783367008217978
10.926691627285612
1.6588891009675475
-2.0716831294541924
4.463696070303747
6.55448597033758
-10.369192481155377
-1.7788600409641138
0.0252717113780756
1.5200040638042913
5.108990197067094
-2.684845631005598
-1.637381128211616
15.35787631156844
5.787792516751941
-0.3196888367979218
3.265374001010824
-0.46958006644142225
4.676549935195046
-1.413280763560885
8.14420117878541
3.607042088690342
6.7056891599873465
4.898035441632795
1.878668168270838
-0.07858136100495106
6.307467585924201
12.351363379412064
11.541295665251432
12.512140122077058
-5.746454864713574
5.6355052233044365
9.870159397243158
5.167146464749464
5.662158199270734
1.1146941732176536
2.6231118696545774
5.933527323962637
-1.8829469873744298
5.711161309181545
6.095084362507896
3.956091736394541
-0.6347239727125089
7.149681689773294
5.094049247638358
4.366779182682572
7.7056995878911145
0.9907774242788352
8.417770347870606
8.66771654242735
8.82756952067018
5.701184325014625
6.267254567488759
-6.439367511376137
11.98261255790641
3.39846490864611
-5.32892189245495
5.624412865769948
5.407127184482929
4.383869333195439
8.738110568767231
9.948304896816555
1.0273490907233023
0.026250143277688487
4.400927074475508
1.928316181740751
3.2103090860319976
5.380555510928129
4.849269426743611
-4.259923359162263
9.555167422769712
5.942584570649431
7.777643043458972
-0.632565911616445
1.3261033967387732
1.4951198984017706
1.6232522611492202
8.532435236147949
7.569420003614808
9.974879163541374
1.436376413178126
6.064198935777562
-1.1843380205220573
-5.009520683371761
6.065773834629751
2.7705686107316283
5.472931585802786
1.2932838469835968
7.667574325141564
5.804060328445859
3.194297255195333
-5.833597484646464
0.46008897617750666
-5.635973337586755
4.622973687630612
5.060176075412799
17.787828169956324
12.68788495770666
12.62154194230019
3.672259152736832
-5.912666119726589
7.142833300557321
-1.9241492305711017
7.838875477822185
7.6470568193511275
3.496946051545154
-0.3828875341612026
6.063998902135984
14.18346891065432
3.6760779313406386
7.865807280546116
13.858607772877999
7.513101919372228
9.278110320261764
9.14541591754287
-2.542915147084683
6.078075636974557
5.23313777965781
-3.8487031611836917
11.774235054200162
6.348633146141638
10.269853807076416
5.71241375005986
8.002545266974131
6.2322327700827955
7.1902118343029855
8.602674908210755
3.1235789606737847
11.755530375714713
6.8513275323749045
-11.873740903485647
-0.7332452626640005
1.7465152587299686
3.0650273960446754
-2.6854338986729296
6.481699513353959
2.6713978494150883
-1.5357678971247752
7.872235793975665
-2.1678485518552373
9.548802529858719
8.033320733496883
5.973934656753242
-1.1772929800094838
1.7454786326972718
6.288068097150589
10.00099487353727
2.53227139469439
10.556961136277526
3.3105743038370985
11.807083069832537
0.47271574918030046
5.88259608565536
10.539021369295643
2.490487217528762
5.602542797627038
0.9940859428792015
2.774828346430149
2.0615582413975764
-0.010602990923537448
8.039804274368322
5.751713598756003
5.149152757985681
7.676700711289251
1.9301279421445527
10.272541753107127
0.9140992838800326
3.3582904005503504
4.007676640251027
4.974213039262766
11.82379462599053
-0.48618308733051574
-0.3493889294228385
3.5674902750352153
-4.449609894025805
3.1955092682484265
4.513146380056144
-0.7550161499919361
-4.404967212195211
7.018230176316722
7.790945450221566
11.266627989971903
1.1680430039439802
4.4519054929888755
14.001103405115414
2.3193174262314784
2.417045972841927
5.816612638943177
19.193899638520577
-1.2786546419152023
4.703533576864659
1.591705706427013
1.811248568232299
7.304718702741514
10.323030100407184
4.284183888018398
-6.027425118530495
14.02550015259661
-3.272567797822145
8.600123859106802
11.244285470455864
6.241161747021287
2.195692175475323
4.63677110900484
9.542911205314098
4.928193003096938
3.522812835204367
-7.1510404217314605
5.250470162971827
5.050681526663885
5.630619664460523
2.6382425111900005
9.252918702559661
9.846778738187208
-0.1798835484498964
10.345337709107216
0.5558067540203737
2.1078254452191887
4.540111424928121
-5.092581539374427
5.610741864611701
6.309848674809879
-1.0605358260515603
-2.1350467781214233
10.616540604914418
0.21411978439458146
12.010491203575116
8.88861508915741
-2.966827121327203
3.34819661091669
4.2592524688970865
-0.5130645974666113
5.618802450746641
10.96806785654588
5.56880294241214
3.7024508676292878
4.717102963852063
2.101434228199186
3.8855951276106953
14.680113124738943
4.871960189758356
4.2073503721609855
3.5230916027999952
0.619917211502468
2.0943327184445346
12.332689109362875
4.316568724778978
1.1056711094021812
11.052036172743934
6.41019981545873
1.3520607441199415
6.812622514476178
0.03006705873888027
6.20178199863829
1.5224962496533738
8.736579614344226
13.844276153111462
4.096323220566803
9.707951639838996
2.721128829637746
0.7002215326839853
9.979808317990427
9.436840119305497
8.281396206698279
4.450274731138175
0.22939911035749638
3.7928955029998948
2.516822098922352
6.734563890712845
2.897048363069439
13.245738815168085
-0.8127364177711209
-0.6637313139629129
-0.6163458620353754
8.581973270636055
-0.21735727921656522
-5.051725591486575
0.36208969961492254
1.3863709320752502
-9.785269845590006
2.3908415855721956
1.07722732230095
2.703970218790339
5.152520350204717
-4.998361939882086
18.110660986679953
2.58012448623215
2.9210834060412623
-0.9375525396988404
7.460780719652865
-0.3605637923678655
17.387794902532683
11.158560600409295
7.815069380563874
10.587635298194066
2.207498187295796
-0.7295294544747613
8.111378400516031
-2.198418052319818
6.32913273252532
-0.897673950969176
12.006676383415133
-0.4327957671299236
5.136737979068389
-0.8309434489883616
1.8224869467197844
7.25955364252291
5.297591447307955
8.434655738027278
5.473905324203638
0.9331079118695937
1.951145613059146
2.6402596522311237
12.360522993033289
0.511259281573532
5.693572774099825
5.161892534453335
5.9952390697170665
5.793079465799784
5.518819584714718
13.281664302610714
3.712831565333101
1.3654841411325327
2.3181353397686015
12.345872001070276
-1.2959724556256642
0.7869542143034609
6.111182650532399
3.039264713509456
-2.1924714850761546
17.49811972522799
-3.3398378845816232
12.466702055817368
12.91729124347961
5.961260893928587
12.007856395221577
5.959532142990911
-3.735108133999751
-2.4114589239529263
6.761629138681844
-1.1343028839849962
5.812910317622558
12.286290728307572
13.984953335931081
0.8390651008830403
14.938122409997769
0.809405465702528
2.239417303757345
9.026900115805834
2.8918660427608804
4.151387592961294
2.243250586329133
-3.160860847258763
-0.5710349925907083
4.754596146522396
4.2880495502204425
8.542621622483257
0.5934898710856302
8.203992924924982
6.385826377687146
12.04497954330114
3.7873103527038983
8.253201091918788
8.30606283716672
8.794042150941303
8.179942853917971
-0.15219532003021286
6.327435502523112
5.172561803298378
8.725052502663377
-1.5185512088286606
8.935158454564965
2.41044186231827
11.39334524518015
6.268245286487371
3.269981769839948
10.097640344287342
10.630332460301616
11.413160457368472
9.690859496149809
6.4794150820144765
2.085803582927353
7.754952532683907
4.170588831561127
4.904175918796854
3.960273677334014
5.129715629070752
4.468277228516507
10.977029918413361
2.491797611092242
10.321265763404867
2.924458912720978
7.962148955115615
9.621272288360252
4.7726077661319355
-8.083530852037514
1.991085014845802
8.394148119174847
2.3560326789917734
8.588747964418307
1.3661342871939075
4.222267613516234
2.197676287186794
12.325602203272524
13.63843389054476
7.93222397916252
8.130701301205333
8.847708259348007
3.0502227547810725
5.644756313317877
3.578043905754466
1.0580437786552808
4.259957949379661
-2.517046798656297
7.744136927749716
-3.0058143566687576
3.1444561229982995
10.316836964559865
0.26873467058124945
-0.16344857373066812
4.145130383610922
8.868009161054964
10.96262196697137
6.306473688482807
6.318100736754826
-1.2595646172013755
-5.661114302136857
-2.4765767834885177
5.7956092891466655
6.108062789440386
-0.583061281802284
7.634885079656437
0.7040665350029434
1.7130928013801197
13.303955544608026
12.053120504398162
3.968431219276067
4.833832455206984
12.37111569570084
3.870960555211507
7.7151622727465785
13.06199780448511
1.2079042743088086
-1.2104713248938914
8.89998314908289
5.4907366397374995
3.5137978279225432
10.152403203181432
10.498652932920379
5.03307369821975
8.938386259821273
15.15699105835938
3.280263264512027
-0.4288002380050986
0.623653457470227
8.146906462333117
1.616022018172358
5.72706040320273
7.424691798695077
3.934884750520489
7.055391669843307
10.79429160950949
6.8107005670626455
9.417252851116714
-0.10265475758484932
6.910078293319071
9.350307743861093
8.043667229846324
6.133544843146137
4.275723558934102
-3.5193737371153286
13.440143044067572
5.905790153717943
3.3787605883914504
4.919912894959557
5.4956350931325195
1.5335538151497916
0.6786260905260715
0.5666256799607912
0.8448686805924854
-2.882515651084785
7.449408713414826
12.3705966601546
2.7542598924376755
8.512024429859997
-1.636251377304072
-0.7533618332882979
10.273507673850922
2.5865964987509686
11.136299647486053
10.093422524529558
6.027694195458098
8.599971930854593
3.030754651690377
-0.27301105779616996
10.950028429803776
6.540965092972682
12.47763178806979
2.216969956012581
-2.495835610648359
3.876383878131867
1.3436568184181952
6.415743383625314
7.748201654073261
9.091372639992734
1.456500544916461
-2.0878164195874422
-1.940575895338461
4.769199562119548
9.777520048400099
11.685800127484237
6.172519298344119
-1.278215465481515
12.642541666200968
-4.431762391579552
12.606517273477982
4.94495054168396
4.948860358222508
8.794219574834035
4.581878617188979
9.251272645807688
-3.4910616323205286
9.76275420697386
-4.123056270849393
8.57426430506623
5.5716333953886785
8.980146154156058
17.306195729576352
0.5383820599396945
5.466828736842689
3.963052794805126
-3.427595811935813
8.124972246075874
9.57082249898976
2.382006180535474
6.275264800377924
4.112667471169275
4.692868376128374
15.77504517304844
8.065947674219261
5.840522627174094
-5.64090560079603
3.7893677445281853
8.349165242250798
3.325263851612708
10.642092515713042
5.269305316970769
9.963722820892839
0.9294868445307052
4.046390635401836
0.641581896377784
9.270582718288608
2.260733006552471
2.787235101105845
8.493214225321356
-0.47210067549248524
9.165635782388595
6.8582656420589405
8.855881611960191
12.215836348802126
4.692232521079314
0.905066858343309
-3.0519783222479298
7.164842288124674
3.3361709938233695
8.391869280599597
5.621302869597326
3.7350800246407196
6.581679554895464
13.257086689460193
12.098249909606842
5.694547850789239
-2.848547448414644
-0.8593944933916884
5.075937849266439
-0.336153133272183
6.631035462104111
10.1170686443496
4.9639771103007115
7.395403001388356
2.942365643222523
4.521624126427224
7.047228209478729
1.0362102289727328
3.1233299399240537
0.9081332800922546
-0.9705083981692693
3.1311627957541783
9.586178353930023
4.586201400254244
6.367670331564914
8.707051643814605
3.79157270679899
7.189419207826885
9.279553612557734
3.974520754353027
8.379299488690826
9.879554815991662
3.5141255473114814
6.776261293882442
4.514534186099621
8.556455852195258
3.743278445380602
-2.321698082551415
3.8088418298065903
11.517490813848584
4.482975331089707
6.5507708909354125
7.575543552339232
9.205633276435094
2.379449975738376
6.650610572323219
7.463821014459146
5.050628555836204
9.402896368380624
11.267497018635712
9.80832311516598
2.7254363821260155
1.4667866551732565
-1.3554990482827707
5.126092428097495
12.329414790758728
8.914290052203665
7.585335761534614
11.706455194997872
2.9517759697812407
7.752514763578957
0.024853827085991043
0.607553059279196
3.984951657690712
-4.067900838486386
8.741140433875895
-1.6717873557060114
2.03278340746147
10.88419380135631
8.256221006890565
5.905285625581897
2.6936469144916155
9.135993203932145
6.752610164661193
-1.0838513088226938
14.058897120278225
4.847494864483972
1.8958788658995558
1.1438851506151217
5.83011829639052
6.961120897499906
12.544574814506
9.046654602107372
-6.111309521485381
7.746859222355319
1.0452305395606971
5.031929434612646
10.256337258863088
5.266488086203168
9.663806137860824
2.7980599783079905
2.858140146531215
3.9021147481879397
5.713189834225839
1.4998278345162372
7.560037179516766
5.536519070375222
-1.5106692642666006
4.773268589235926
2.2603175135801434
-0.7948487199234888
5.318054621838037
7.014477849625958
14.413389002450332
3.1968250324309753
1.9585672214505843
1.917363769926233
11.991062484540521
15.392683213667127
3.630841622540914
5.830610728437587
3.908536775256524
11.358122766646492
-1.3329908440855132
2.601507214247829
-5.962263687609713
1.364871299597099
10.352001756752426
1.0072766015177708
0.6657589328136257
3.375142623158749
0.26034728128856766
-0.7057588491434705
11.76235382944865
7.641405532725649
3.571032404910413
2.171458620721541
0.25213127835102167
2.8272974097084527
4.406914282374357
-1.1218024264036153
-3.396169058062071
7.197663234952606
7.083325972268513
-4.967865284075883
-2.3451276773980823
11.327237115303499
3.6045758254269185
-0.11243594831402426
-5.2679245875339245
3.991312229891889
3.9196829643871447
4.264551893698946
1.246372712390496
7.835965589137425
2.765947190033287
-2.4004055449675077
1.9796511206391263
7.058571861235631
4.870413653898636
18.94033693190255
3.270508137210318
2.50828942281367
8.48623783060416
10.249945905620933
8.332186711086067
0.5024659833372693
3.5246462388247566
1.0436707829287992
5.3138396627391415
0.8923647876397771
7.35588235669981
7.090398219285901
1.3391501176235154
11.347521199338022
3.2935529901223353
12.8884983869848
7.683976639157201
12.635371470326568
9.565214364643449
7.39269578551354
6.340257713401631
4.617606853808702
5.366017504295511
1.4641593120929897
0.7675479441165791
6.901172162130273
14.137899515064632
-1.3886584565488675
8.450125464090952
5.254651897982738
7.373095893670502
-2.925414632292357
4.241508354383445
-0.5470379488185895
9.82862131239514
4.267418361562752
11.55340202738812
6.024959217781592
7.127264192570179
-1.5335256997667521
9.469554972414523
9.292713321005706
8.534506861527504
-8.308334553844261
-3.3041323056207474
5.386175163103401
6.297806690014237
-2.001228467397384
7.017756666098325
9.009200364956838
-1.9373098250746574
3.295658600479906
4.809567934258176
3.678746805680995
8.908105729274371
-4.675053407350758
-1.4168607471499612
7.88778195726019
0.19906116007039065
12.672687351593186
-4.008963202175853
2.5189950941243984
12.544100124612818
10.745070840827527
5.466755823830039
11.428915591048936
5.662061388629533
3.4753748990712094
1.3726688499025261
5.053236479087294
7.068195281426989
12.078912791221423
-1.3646867424999671
8.612599739250495
-2.7163051776539655
1.9454212748979307
7.373726635771885
3.7106792711846563
2.650352224244605
2.019867988359239
1.2179166286273317
-3.184812121192903
9.839392971130179
4.951020283299689
-0.8348778207642953
4.98456153757456
2.705957958091532
5.093325313274186
-3.0854392868018934
7.989036040680623
0.9817836416540828
