4.674373063247206
13.825325182172719
7.7448820270505685
3.303613151822903
7.522209117094018
3.5906642383229075
8.487579146668404
9.628214537627064
10.302880095629948
6.796268197438272
13.618635100784157
14.55354871838351
1.39405990552746
4.7886053578081444
7.095755525827885
3.219065932071149
0.6387700216605121
-0.18161303765968562
6.832188626787279
-4.561596796594683
7.408020929785586
14.267619312993856
6.800958598488981
0.126032331508676
8.763123104629882
5.847874079269647
7.015923587982773
10.882647460688583
2.3935284533400436
9.817439474062912
6.643058639608236
25.507011261332114
-2.283902016015242
7.694839079724128
7.766874163894398
1.268961019502978
-8.003359111186565
-4.862740343647232
-0.24686927371841616
3.8031989722142727
0.15165316501933823
2.502175263578523
8.418129888245684
-0.1776415052619691
-5.487172968931519
12.415354664911582
1.9720262933667412
1.687815028616329
-5.746979837130796
4.144150090328555
6.0681645347914275
6.950108148110296
9.905159984937614
-5.356246925043239
0.7719040493161691
11.446036958237999
9.069636468648044
3.269937367204382
3.7366380600353177
4.9178677912075255
-1.2123468466395884
6.807923289528988
8.267225036285003
2.2102508985131117
0.370121118818759
3.312074730181301
6.419738107498294
6.192721602433137
3.0475714755336663
-1.7559872302792652
2.249660442160175
9.5503959703702
13.826583643868437
-6.015263609035578
0.09296590644645564
-6.107350301032151
5.269457815996162
7.5569192021029
12.485584623718685
11.635974516168407
-0.8265030463069234
2.858851150361281
11.960117501235807
-2.598712617977636
5.13216729820786
10.974406514222945
-2.5818736079503273
4.558032493356823
3.347732030081001
8.568568321031673
6.553994342941362
7.752925121956796
1.7670015278142803
5.5523220002780205
10.865960843445226
6.884725284734775
8.435499947857213
1.6876927293870807
12.309699124595188
7.257064514997876
3.86221501725588
3.559969868651444
18.493137289085844
10.014799685211447
9.502509105171493
-0.9509564957414538
-1.6036086019208255
-0.5810784893169458
1.6839405765939155
-4.579237862536774
1.0350680032020811
4.72821598919635
4.908689339172394
3.597421518548209
3.47802331928179
13.18750083287669
2.6415475011808764
-5.244733132760057
-1.8360585496540347
8.009853565158885
10.264032257199752
5.613665883970512
1.5090512040102806
13.745450478588438
4.790967976866982
-3.373465319426539
0.7620118752369098
14.936366800412635
6.542226427494063
-0.13261430132872665
9.09448767779844
17.458439850719614
4.307055898370005
-1.0557317471007446
7.064959730047787
20.1781194912053
3.5681188829293458
15.030077957909295
-3.125933113494918
-3.4080390973224777
8.918383803380463
3.101240470754906
12.626654777901695
-2.4732459328073206
9.324770573979617
2.9766155327256687
26.91754936184118
-0.7261314524728437
8.752880439527905
5.7284101476480735
1.5115173996851357
5.811506137081856
10.849937363645509
-0.9391343132956465
7.743600451424305
7.7939588303674725
9.622528256753158
11.54167908696054
10.731969304055728
2.537160775978666
7.03952457775419
4.351911819954889
3.8195233400887902
8.096185583805664
7.745449748184286
17.297221273084634
12.40724790698626
7.373321964157129
9.212047825352188
-1.1858421994337256
6.693345025235489
3.6852141531011027
4.912111815737569
4.309521773547742
2.439283694956252
3.267221195150257
10.71934561734031
11.027848435159276
5.9313539122192545
13.568101659566153
11.683774427198353
6.039131595372047
6.030993334682655
-0.20869911632356697
7.805013013020495
-0.5656805811975847
-0.5259971770370493
6.478947065752032
6.000806835698006
0.08661921868359457
8.558183724458004
20.150956751321278
5.570257664230251
-5.3774848953336845
6.575252575997936
5.7864465085840315
6.4593310364725305
0.6944827702367675
1.9809450204242927
2.5258855130485447
1.3871560092340416
1.442789362785728
1.3926717722157314
1.5245446099665907
2.5324785390776023
-0.20288335738352092
5.4873189080505655
5.413629680546544
6.010576589880457
2.9631400337946134
13.586371463557775
0.20446804013434283
2.5684099396895608
7.4393628901459525
3.9603689320582234
15.638342131118486
1.937369972599139
5.534900600550091
2.5715381703688016
8.914912808855053
8.732514110352657
9.417178957160067
-6.9865029728349
3.750952896008143
12.737579676115804
-4.903334329730967
13.940174175472139
2.3361292974925005
7.399323329509168
2.9537207512176726
6.059450968141414
-10.385911365389457
6.997421981185663
-0.6158561149650712
-0.44162446246210685
13.810557085057665
13.701340516143324
5.715436741273003
6.891691469800453
2.2151784341538203
8.663633635999682
-4.51418921203681
-0.7865809875503267
0.8376183026529915
13.2525053521272
6.506991020535732
6.4713396617095595
-6.2044396870549825
7.070896840130585
2.7842332249842325
6.706549530094654
2.7516461094750704
10.268749624130482
2.196531115225454
-2.7091533493793145
-2.768238546329451
9.892043018252586
2.5730330853994627
3.109744847114613
4.728847710663928
2.6307489076514115
-0.5721595393143444
4.418372710937238
4.9376702830028805
5.717285448945942
2.7571932127867926
3.7167556695858757
0.5303440552030168
0.2176935596332017
3.74164804100604
5.253145938104049
-0.9190578225057582
0.7691981154675895
-0.23189823346397276
2.062174916147222
5.817605678607426
10.77272533504319
9.140403791653327
5.544894267121518
6.0863081450930405
12.714475233610031
0.9897996307247916
4.8686753977044885
11.120019680983777
-7.0151720682091
-2.6471722678450513
5.275221217340911
7.841188750403242
10.096491432819025
9.151661988790186
9.05071136910439
6.087928014412676
7.115746258212408
-0.583460720162984
3.3377691689253983
10.287285798121294
-9.965445230532682
7.863647526779869
2.1118711455675223
3.827485711713977
1.3735695219827266
2.475243452046398
4.298253761567134
0.06271079411248781
4.427362391078136
-3.7346513076211494
-2.0123877567485797
1.3469093876384293
4.914795975285271
1.0122203084420498
9.885999002295547
9.056488569412114
13.489620814482137
-2.0801983618521414
6.040496251982825
8.109464084153503
9.698378108805896
5.461678817429686
-0.0009956594530269314
3.91272712691641
5.309792965113314
12.364090377445335
0.6951866404663387
11.20414902480995
7.589740996246457
-3.031199498190178
12.033283279142378
1.6204923069655495
2.1282353014937567
6.985077135236539
5.424954748294801
14.880693293722876
1.2088265085565437
9.769935166122423
6.057436359007132
2.7056616865891434
13.293492543150123
3.1330392102557645
2.2910855934327934
5.802494894379697
7.645046748141946
0.05725301931256643
2.6245989916780115
-1.130716902335739
0.35838985295283443
-1.2494475130731946
12.582335492241883
-0.3788504321564079
10.50445515020818
0.2967453600707586
3.1485622512119944
5.181026790244352
10.496459134172289
2.0095856866271022
9.512470975187526
1.0265809537474746
10.43596637549387
9.808299556262815
-4.899380508467713
4.2689912373716385
7.494003741190859
10.036421874962137
-6.896904022169437
11.23212103136968
3.789598592846814
4.711618197094228
11.693688809180209
5.9905635371320045
-0.11343404494196907
5.169029178701317
4.713332098167266
5.578986036301889
1.6362980815189667
9.25920686373216
8.304322454497221
15.729037242653774
7.23135423933227
4.240973345703956
0.814085252069392
12.163635072471324
7.382071890124958
-2.5417906019143013
-0.7698085390108265
0.814627039182545
2.5837377300425306
2.8055009595335543
1.6865212638378093
10.668614822161235
9.22561469879859
7.536155215903575
-0.8729273283671652
-0.9933034258762738
6.043224492111678
-2.5921610134251916
5.240888873080732
9.693940964708652
16.5986331359542
-0.10695294033272074
4.715728617919847
7.548887108043015
5.20151880829625
7.711688030252917
5.184008288861425
16.822047027291536
12.913996679241968
-1.3538614119253847
8.716126573670444
8.18229222343761
-2.0175382564648325
4.342618110282343
8.486076893887876
3.1565156843350106
10.306247467272136
1.018320948184666
7.956710224080549
0.26902740959469806
15.969900098820052
3.110045702407154
4.354084354198243
3.600938215171544
11.274171912474625
0.9402044084270171
5.664389470029819
10.689214790913587
5.74772242479502
1.326062846727436
3.232638043731133
0.15750487976198801
-0.6522249796806787
6.676798117598097
-5.049991098355248
3.943858187627817
12.96239717586531
13.453338937542092
11.280577475329514
3.199642087886092
6.646398019643883
4.19750027815261
-2.11482779248293
9.098233485937065
1.6132784815069519
-5.031358134957522
6.577430032971536
-0.19036539233240557
-13.987264649998249
9.065160102275279
2.85698931611814
2.903665297123552
7.688212684749563
6.550396669081832
10.21626079347477
1.6605239070469153
13.254255793693055
3.322682970541487
1.7381504932879812
-1.5084102502194998
-1.8553654203486154
1.4845633255505806
0.7980807792114097
10.545756568560364
-0.7434826670257335
12.625087644666632
2.324561171009141
4.296913913943039
7.971210426873911
5.959995972504207
12.772829279245775
8.071215909388116
5.742061417714801
-2.4639243760130203
-2.931214901237719
3.9339928564254403
6.338841336480451
-4.873307722708246
9.464578325189823
9.951969836804723
11.86058522875739
7.117780104147829
-2.098719731949286
1.6523621276534661
4.1264445655636415
0.8824849872495217
5.046673566936349
11.881860021365751
1.1563902932679984
2.9642704301889857
3.0555797995613085
-2.205746952467633
0.3020520549910184
1.2530460405984152
-2.14945123970357
3.1669657494273045
-0.6501409928301434
4.482039507189871
0.14280476473818737
3.4432197066951447
14.89675772198191
14.480355493273999
1.3017907036490892
11.082682536657089
10.365021193388252
12.08706282931859
-1.3046945874509648
-2.7270836788455934
7.9502328946333245
-3.263269851656264
4.0337649044513535
4.273327693028561
-1.8508139118873475
5.762180402632607
-7.9630551275587695
-2.6910941893694726
12.738752566623608
0.5146599313391658
-0.025782771870265897
10.2844699741519
7.6516030402700945
-5.118611545034211
4.42961100772593
0.1291097132661867
4.488433918524793
21.81622464822737
5.426105822956842
-0.659163354787883
5.600334805895603
8.806669353821388
0.9692940450035401
6.068426562701481
8.157040359021153
1.8916424708768576
9.823130725249513
2.1948603410627063
1.528119797441014
2.102204667724493
13.606050157885017
3.8585324144202167
-0.9369825743522262
9.50829864024084
4.709024090799302
10.704622075482202
8.077684110758144
1.4942701188325938
8.998843304659038
0.7586278617483115
3.1724820904305364
7.427616777401148
7.275192241871505
3.6655539405588238
9.307461172566448
8.92619845729254
11.615001355461056
6.807412852218552
8.458051510162722
10.644007679007899
7.429021804849055
6.027417304014767
8.595937941470272
2.5752348658322943
12.220399058461386
8.085295064432371
4.277562147430288
-2.6409713674816215
11.576958243067892
3.766157759509523
9.520523831287003
-2.7597655427703636
-1.2012592752394342
0.7989759822502505
11.05895687844615
3.5503970822007602
3.9180207381103953
10.122306950868412
-2.3367114624225716
4.8022789313176535
11.85604349865266
7.132647394834192
2.1980547787308753
-1.4432012968599084
-4.19625595502638
6.060408457706209
11.003723770378805
0.5978940080940838
6.6011900746660785
7.1112357256776395
-0.21245153579467768
0.8003615692266166
13.14760077351603
11.204978505386466
13.49851753786907
10.345852746079869
3.9046338299190535
3.0860687155774125
5.581069565221247
0.7169617275591964
-1.8191107060179013
1.6491976230967778
6.761292508757805
10.82008956356638
14.174660756380662
10.781160620253702
9.305691793557648
10.352360160067057
1.1943465388440506
-3.755799076514462
7.22019749384574
4.296466158462176
1.7375265270885354
7.71360178250559
-0.1856208571188569
-0.1868063269156206
3.701635481231415
0.5155710418716675
1.8271050828627908
-0.8596462306639951
7.513650606669281
7.902589190987166
-4.3125239033847675
3.629283543596034
8.548717790893942
4.473750955878664
1.7562910844510227
2.9476760029039344
-0.5335316873193179
-2.630576474145972
-2.2730032168767185
2.95893363352253
6.883418877969144
12.647309031000054
5.6440419381952385
13.238000733761067
4.534677698996536
10.373077048821644
3.6494207263903604
13.892000793822856
10.897057726434355
8.07146965787172
7.150123449020398
7.825994391140107
10.343331865196124
9.700999284487818
2.5076301931222322
4.973602143405714
3.744803253684727
8.314952354365774
3.0177042423305225
-1.985585528350617
7.158020315292822
7.433043157950896
-1.8903824593287002
-4.019135237161496
0.15605310558260221
11.532367798379006
17.53899090566653
-0.7914103324414845
-2.7163492112386267
8.385415766146068
2.3440967138190465
11.74532940610841
2.4331415905884057
10.221361973500134
-0.25883347358221886
4.291929646248626
11.612051991335186
9.050831884223221
-2.3068544886477333
21.39712758925192
4.008915312254531
12.140368540804177
3.516328161882324
8.820005103540499
6.738082469738979
6.353159555499868
10.668392943586204
2.108359915627024
-4.562027325570199
-1.0122443628245295
1.6785032485669769
-2.848356182260967
3.3754685017228185
5.440504787822808
2.9177226160456957
4.099504277010027
-4.543016480049699
2.279349028564391
3.565229426944803
1.0247553437772643
-0.3715933504325788
5.0504662397527476
-2.553775285734412
7.71754648741525
7.2166169947066265
13.503450835445337
0.011583257564932392
5.418721411671296
3.77439300457723
-0.13736428173552806
2.177278424240455
-2.8372807690108646
2.7518206349864096
1.0248044186421916
14.941762761846597
4.189097298029491
1.1421495231662862
2.4529146097529937
14.239352009809107
0.0862893728388614
7.1236653407483
13.896552343152653
4.960635273755547
0.5914697886355738
1.7835572734224652
-2.7218989068091686
12.720144165764788
0.008363856291790484
3.437752850806641
5.419865227875753
4.6426228847617015
0.4217184006121535
-6.782044471775958
-11.008167595069414
7.714581157628699
6.54620805487763
9.795987691765417
-4.358446861318205
8.437039573349448
11.921450853004156
5.229430636918591
2.842577374577238
10.37967797074601
-2.207062869280203
8.944912105872408
-0.6771292732581253
-1.8769857656334654
5.3455385752541025
12.079610782134734
-0.6718847520818585
-1.449079411359416
11.314448296390168
1.3146845922437733
-0.3659086939209839
6.344331847558957
13.390911042567973
7.866098051981041
6.682946191766225
-0.36664162658016064
8.29723103561974
6.306709366007989
1.4158440658991642
-6.450856213196877
0.6663898125719574
6.330846225506619
3.1304067119470553
6.505926737545525
3.9951907674695946
2.936674552065526
7.527518415137865
5.295603334264255
5.687981319732092
3.5833556869216947
12.387487104115056
11.499582000261695
14.763115903253055
3.5450150066634123
0.6369735878992158
5.1959078305353295
6.5024484607078294
6.331970108953547
8.062236213733168
1.565033547413241
-4.28627377567227
4.396505157092088
-0.9330133001623881
9.032745390360557
6.496387310030652
3.013764798296082
-0.5501436298490385
7.0102403987281985
5.391872584438778
0.8728936764770765
3.207849102147346
5.462014391123002
4.114490551154284
3.3287176671474845
-2.2638538286769396
0.5222016283492055
4.546994000892636
11.964900109989305
12.314559671656607
-1.2620082347132868
-0.7755760304503507
-3.2671778622790457
7.953971835109931
-0.0753389124463908
0.037851716768443566
6.345451539003761
-1.0778308524625295
2.1991290202255556
1.5548209758993954
2.011577568162088
1.1932602763897542
3.307607089296756
1.8531227522167204
3.217367138001398
4.095134904518663
12.879366005988578
10.11433668190379
11.356760477130303
3.7405312877747505
7.770711767997794
19.425244899231327
5.580022777828899
9.152772079841997
9.267461635446963
-6.562690930042056
-9.635399668127114
2.783231690080229
2.822456754717047
14.04112220798542
-1.1611966636425004
9.623749908229591
4.543198030093931
3.9640497338796985
8.586872142395826
0.44041443819342607
9.396211909481583
4.6941027447894985
2.0991954177458716
-1.327408674696681
10.65306928280949
4.507972516276182
3.0783527511625
5.1561639660322705
11.98427483936365
0.29693656853446093
1.1738471233865997
-3.5608308218160376
-5.371403886303091
12.53466565989401
9.536137790113589
3.889348664669384
5.16506905553119
1.4830693693116093
3.907527956109678
9.933833169240565
3.3757991066410327
5.01382825156732
14.163031291295281
1.0732417476363931
6.200727521718484
8.854872766429889
-2.3561486753085648
7.194052456157988
9.085733054871646
6.8104123111811505
1.493070545959546
1.7370627683623283
6.315415701187776
9.790399790251058
4.3265300219701555
-5.317674686316215
3.2016557788741826
6.713628344503589
12.143114992477763
-0.40940092310677123
-3.898958991310744
-1.6927477271091407
6.622782354953885
-10.405092645022034
7.940817529925387
2.079482128680024
10.224188350403274
-5.505101100924577
7.167590167492182
14.260240974853104
3.5661237156963383
2.6207311299132954
1.1206283602374518
13.73594563284011
8.208989918792547
12.128807447500066
-2.3432247468650544
-0.5811838951336448
11.40502518231779
-2.852256757514639
8.36171087682149
1.607787406189626
11.267424334869263
7.305471201654511
6.66757046963471
-2.871142650382744
8.298486820713046
0.8974238910777181
12.654649322314885
-0.3123492041541418
1.7629043448966883
3.9161080847040686
2.9041978648509175
10.603780780026076
-10.663266415781536
5.646592275227797
7.941786461272052
3.2487772178387404
4.7509775856838194
14.70129498035543
9.927876426536791
6.803285307979579
6.814081285964251
5.6054513375358175
8.044947927015814
1.395011339237615
-0.6306162310235859
-3.321300597171284
8.048582863914719
6.794786543081813
3.787067265130451
7.483841657900525
1.9322799761696547
8.727080611753575
-4.909472779239357
9.72561238032551
-2.6989879777497556
2.5396025708263616
9.99728511756555
-4.235428858899445
7.740545458667299
9.11993575601586
-0.3473827140732748
3.253855757932051
3.6177349691378438
1.7042201645196489
8.73337006080368
14.306112995667982
6.031542490540237
4.304976632821237
2.805595017647673
7.013790424320812
2.7826181632672853
16.507043198014205
-0.33339062483721094
2.4738061057592087
11.384361472558343
6.62197106866914
2.6478491741555783
6.866254656448986
13.81856144617047
-1.9457398103037349
14.984926653550577
5.164478444113317
4.944945504263495
2.3486965730826577
8.007028660181662
12.636302140479346
1.0901263263318692
5.452689874084415
13.25769353916478
3.8244909677285217
5.090665573943184
2.143927356161066
3.5648411652521896
14.141291978932296
0.39464222136292104
0.3442692027001577
11.172929404135072
10.59790261367949
6.041165603506327
-3.919733406294963
7.364610539855889
3.680666055150794
7.651352907273608
14.072837206428728
4.5392729514748185
-10.649618078974955
2.5204280690326106
8.3244630853428
3.3203924536475453
-3.4089677070916355
2.793356337267466
11.406950045427664
-5.394709175398116
-5.117821258170119
4.1363724349849695
1.772530832707385
13.881882860438775
2.1739648061687538
-1.4688802829151442
13.547901827621033
7.7722224532681
2.4069136313588078
0.5943025906795372
3.5073083459340593
14.229470401701413
3.908734216802929
10.072443139286998
3.1532377382290027
0.05868413237963477
5.179361813575544
12.745915817357726
1.1731970963563159
3.4572811400488495
4.704108948990078
