-3.7910986362688295
10.611136409312317
3.9869990371660045
9.109367090043696
10.354934842728602
0.26354124377835975
-3.1016814303701468
2.8616119746733206
3.7652250776267833
14.121608715107325
-0.2721869832629036
4.581885051127346
-3.595240095456674
4.932864716479379
0.9767235060944994
1.4332842109725412
4.839362946430384
6.815869874003061
11.527099708794317
2.6339931841454827
-0.5533465926162418
8.705309848947701
2.2345658107712767
10.592520066433565
16.839051866150225
3.5014253492475307
4.755522365329044
10.465326431499946
3.9997396918305115
2.9989728457174483
10.200047646208251
5.524039174491544
9.175541441080599
-0.27989690996756966
6.0298137238329055
12.044513896304995
13.918090585114852
9.520390649623804
5.770186819808807
3.118535392436519
-4.025319711145546
3.4561670505847446
5.720332826636318
3.935295158618963
5.666187734466648
7.80133394221925
17.61214464329292
6.517448546977545
3.0671773796840025
2.475302510187864
4.6025123755535855
10.507159760459013
13.576869443871566
2.604950253600008
8.294750581642983
-1.0818507520712242
7.636293454336395
8.376163256394916
7.164249455902946
5.36927417231462
8.342649828883637
0.2961008266691145
8.564223926673803
2.3052850230015287
0.22480568254655786
5.7507155964698065
9.504536476319839
6.654443583577591
5.516991505173674
18.095190510926457
9.105570304522178
3.68711864930765
5.664287659302392
9.825286471670564
8.79631412618747
5.59803968666344
7.787650180532593
13.168813034159834
10.61821733791346
8.824045378512764
8.925148457006099
3.0192454578937205
8.016362453690965
11.92387449046696
0.35813488844262586
11.279679299007228
0.8813219240130303
6.9636453351824565
16.145700418704315
13.950642071627094
16.540681470854633
6.172538757698655
10.360622400599183
5.214964057571374
13.022827035248358
11.24742121997684
4.1650635490835874
3.222269017898565
10.158830955344845
1.79922749484574
1.4335335296171143
0.7295360010691176
-0.08840713368449027
10.216040834443259
3.9318913582157076
4.075525589347226
5.439292451655831
6.310826260747704
-5.692078294886075
4.0039738568259775
6.234958467268167
7.953413138936253
19.52974788481909
4.0897355970826155
4.99496687283361
2.8557349634003577
-2.147480104257152
-0.9851531289271751
4.370252229441168
-4.7718839153303865
-2.2094181210759345
-5.209657089028184
10.272764500214368
2.262107478909888
7.168348335922407
2.2919081457857957
-0.6564671386818537
13.284888794786873
9.862716581103985
12.74253703089323
-0.8103645812592779
8.447504603147141
0.6632693445275111
9.4710743658546
6.970887565106311
6.923432326769262
8.508425871834104
-1.0098011186058304
13.505148224058516
9.001127422453159
9.908490679956124
10.523027557755814
7.816190147720277
-3.204193966461192
-0.36281713483072586
-4.2336977771778965
7.795534269727358
7.429198752785838
7.585665479068259
-2.694486009984537
2.3160747852924963
-1.147461416832308
7.561695673695921
9.224550550878938
8.454993699685168
-3.2482770823952363
2.0963442148817584
7.767202283407148
0.6426534630261247
-0.17680375647122304
4.764865383735369
0.3194954607969738
1.6853286675169188
5.529830808510038
11.905044317410905
1.4922529769587518
15.934951297489585
1.539239777511563
-2.677661436863449
18.034017407903796
5.939865587854795
5.02737858229399
0.6386070010768767
0.5085382969726977
3.0244398137562873
11.941065806733395
2.036139619586745
-4.590374791700036
15.456363559700735
4.246711232724223
3.901596369169594
9.682911689359383
-2.3691614457415255
4.495528303141191
7.87239002613671
15.019838287803756
14.273266837511986
8.972759968914147
-6.204932040548128
-1.5872528650892317
0.43308997968471896
-9.12788295403473
13.82709962269026
1.7754669799297367
4.778838273664786
7.233003679051372
17.004401291084818
0.814250626360284
8.256194812031108
10.512871183975761
5.702542876834096
4.197619406546611
-1.40431726262298
13.603174488490696
6.722950001286984
4.6325804731399876
3.84416042996835
11.18757032943056
4.850380270718468
6.016415659802142
1.8621271865256297
6.721068444624361
10.704906553169039
-10.182876529468697
1.337491199509338
-2.213921630863818
6.7261743664507625
5.755872436405714
1.6408205469341404
-0.02048613686821632
5.133986165451222
8.779492159955375
-1.6517656518294421
9.316873066631967
2.9926181077812917
4.849185553263496
-0.5029408314800099
7.29600345585522
8.60865926222137
-4.736885373394104
6.793734657289473
6.8531537583224305
-1.019790527262579
3.0352226160553446
-2.7433365490168686
3.8657843224384303
2.288553767880909
6.771893571748858
8.693680425589928
3.3463807242156314
15.06248253478727
8.717604547142834
-1.688915682441797
8.540586973604116
3.5182007835039006
2.9889650782465766
-2.466470826405687
13.72295255185902
5.033655261310939
1.0943699779288263
-0.46015719416441936
3.1100288698843976
10.710506428297077
1.7907509279037224
3.390278911332928
0.4147904947036416
7.011125911669016
3.667270956320942
1.8677073893290044
-1.1208199927602074
1.8271939066433838
0.096868119477302
1.4856980609298929
4.477006621553684
15.341910018010779
8.992668971745054
6.528040372282885
0.6063131155066359
12.439501898363558
13.101748186571108
15.594145450402511
5.361946817549451
7.379673586992162
4.613730891284679
6.953202190380461
14.348454951415015
-3.210543148028826
4.26448768019189
1.173537152290745
5.6472094722871695
21.818691926830716
8.805561607590786
1.3466623465849188
5.097312576342331
7.989753640674881
9.845747576185548
15.50526808986927
1.70937693977011
-9.98332406819113
13.194701412554595
13.813579045340141
-1.4401523842266677
0.4169493128768802
5.222955181767919
12.00873537740289
9.192276486200747
0.1471184902200342
3.4684230117154033
0.833157022990989
12.426286131257221
3.697306715377362
2.400401695418123
1.9299889652855562
5.9700806220488145
0.3358229186069934
-4.406639109923378
-5.467886588229238
9.58695877485115
4.217195780038535
11.2161948437416
4.08492399873501
8.057389676028716
13.22476832906532
10.036589493457303
6.3015992375242025
11.822328503330121
-0.9125395370376603
17.411670239491734
1.0804408117140003
3.797312163510603
-4.752311560488536
8.55391482580713
2.880476424397192
4.414548735201345
-3.428769787023418
3.6436060086382533
11.250057880960359
1.8815000049826995
-4.344865855669352
2.96990505415997
9.359204774930635
7.081623230102877
3.3364274875897424
6.411066576129988
-1.9040221823126533
1.8316940295229154
1.3803369991578043
3.1331390764427898
9.82520021438248
6.226230472968054
5.437091033301267
-0.6647150957407018
6.137762973454668
13.150161024730357
4.1122791453215655
4.8609973334776
4.314140909051853
7.05560016810392
5.949859044815367
-1.4018157874752015
5.454806755705199
5.094563395368912
13.169188541938993
8.985833830807717
8.555669629800965
-10.359917416572175
3.18025167501834
-5.988583202509298
12.075814396243352
-2.082438134999454
10.038221206420019
7.007610830936252
-1.2146067137560466
-2.9074462624237043
7.788294175384024
8.567744398152943
0.13217455469224415
5.585986159164228
-1.2609838030595988
5.06133437765492
7.4818066330692385
-1.306962990940363
10.205792433100779
10.456804822434174
4.350849713102731
3.8336963100208936
15.143569669344046
0.38237327207471905
-0.9038062188245721
2.5516327789848896
1.2108885839946006
-4.19773651911804
0.10837062312541601
16.509761536721584
6.477706381971963
-3.286623085557194
12.892082026277148
15.607663622024623
4.461500829411772
6.613553883438507
5.33633070472473
5.469171776835086
-3.360003733708684
3.9069520705269354
14.953414634412303
11.050746992037023
3.595260133061979
1.574001305297264
1.978623202916088
5.640196628203426
3.237865996484237
6.945082780183312
3.0396412787612146
1.1878110213384465
5.333192854323338
-0.06320004777941657
-1.0373823604174515
3.4617075955291026
1.653608550194765
2.928525274066876
6.812440261101728
4.362786402796602
-1.238685348038902
-3.2105779669199883
-1.0077284306075072
-2.2526261994788657
7.737597832271311
4.518945287700322
3.074025386901053
6.5367450851438615
12.695390595215857
2.6303782164894707
14.97097406302463
14.615924627674577
10.141677938989993
7.274578649641997
10.38842502904978
6.651366993927679
18.011004716133023
2.8004780516596384
3.9890379184965994
1.4672001921528128
13.526205371667572
5.804456238251026
0.5836553490776009
6.440563918698572
8.001507351860985
11.242194659127444
16.86898965461846
-5.5538095361568285
16.652056463770666
0.035218557816494744
4.609719588888776
12.934974643940505
-2.066257348012998
-8.107718926634531
2.5630548127481143
8.050356726901763
2.216151857354469
0.8826076202302602
9.930529480846346
6.355726111117706
4.393711786795292
-2.9277370207582836
3.777527020936426
3.9205244121863556
7.241781019647148
1.599609709507062
16.502850920549136
7.886958175765835
2.8075665635508322
-0.8092751783404575
3.4531026771137387
6.362042335169369
0.6065659283195557
4.366833393526486
5.843579819519503
2.525478378137885
-7.97008770777764
7.873947666782153
6.1518669439526175
7.673934699797237
11.177920937512205
7.971280859843649
-5.453900648493628
7.19111973982111
5.138112786864652
1.34228468300283
-1.7678963439690687
0.8979175335765102
3.3910368674360196
7.430974601839126
1.093856878205795
2.4865993699485616
-5.063663646512813
2.5969705547720787
1.2546851954560303
-3.098819122740684
8.256286131771226
9.32674794319936
4.160884063762301
9.714076541454663
3.6272807071230706
12.508849052831964
5.350769475547675
4.7038193523012
-4.490762972289032
0.3595174882698924
5.976549526994213
7.083844359213167
5.658962447323689
1.4266340755908473
8.372329957383464
1.697094578665692
11.4600726153455
5.865326204598553
2.8883263966852404
13.830625266722878
0.5631842933050812
1.3757330943283597
-1.8033872487917835
8.58895786030352
-0.762961710317593
14.15969376053474
-6.405688296513292
15.202579993571575
5.083315484869848
10.001703057876302
0.4782858895295172
7.122351067718356
-3.3686505241530265
0.7236602913557038
5.186350694507193
11.431011275955171
27.720153170833914
3.5215591115620946
6.275393371842446
0.6630086196652982
2.6685361988193175
21.382619612467522
-0.9075899574794413
5.505979877213039
1.2547895798856734
3.5053836937287883
12.11601900356672
7.0754767787792066
8.171844763801962
3.7189286554666685
1.7932798978836069
5.259263479880536
6.8022252159726815
2.5686602444328583
-3.355686012118536
8.171553241399506
-2.095651312869781
8.949531737351741
1.6775926518948698
2.8580594843424816
5.191619517126462
4.824868890836205
2.191066128853905
-4.545481898549648
-4.13116738993836
-6.408475373557881
5.1585493269369485
-0.10281412824849312
8.492397185376685
-9.10502745051431
3.9551368012409127
3.0299689735481907
10.123784806288484
-0.530297938362188
3.4534244943053904
-0.512750915957735
0.058356847450419025
-1.9393085554316105
4.161821904587002
6.2148260671215905
4.960286692352275
9.427690176892686
7.0935175258023815
16.439165426125896
9.684688307468063
1.2865690490047719
1.6917258938632944
10.529652825498466
-0.9399945326393895
-2.5069918571291883
6.761970747676012
1.3188119848115631
9.860842698633826
14.851084212798161
8.021363661627493
5.679188761677503
2.310608536083152
4.388010777847664
4.269576254325959
9.12980418110401
-1.6337292951627944
-0.28733354431071856
11.82973942600286
4.326160611042117
7.237266436197745
9.949545502077244
4.449875177800855
4.3403426967906436
2.4881285736825194
-5.648022147754292
3.343131918170841
7.666495342687956
-3.9751012023129793
10.311311233682517
2.555952532586792
11.520306153788535
6.680443184621325
-0.4768577494503967
15.369228702395912
-0.028143453025843534
-1.4890171412700397
8.211085465527072
2.850213671763877
5.5237916465585375
3.4884121863616304
13.505569855609531
4.221877660438494
12.776451614778827
-5.155550800699071
4.9539578736499355
0.9728234181487818
6.033656935045874
6.93699939485086
9.037310935444594
4.88113620664523
5.073346347680149
10.075775477108664
12.204047070037571
6.395532843933807
0.9028310966496043
-3.3509811468179675
5.857582555669787
4.374179994752377
-5.240687694489672
1.1466938718195507
5.08615706169066
6.40092126843418
2.481793317155118
5.205033702818742
6.523906057701819
4.180947059523331
0.02615884461627571
7.571234302429657
2.425195936069082
7.609860871876954
12.09362770248703
6.949533852486834
5.655165589407743
7.955659988746383
10.329274888094043
-1.1154788473986095
4.606158018727023
15.421954058891455
11.144812534358385
1.3235841990971924
7.275303220766742
9.812262030184066
3.08049544433133
8.560007073600014
5.151462608081441
5.384859904800667
8.807112087464471
-4.10351388244554
4.120196395705354
-0.54203946494116
7.060444875314708
1.1167390179586243
12.367043558752687
7.863850075962579
8.86350604886266
5.956277271019626
2.875840902043608
5.003514517399764
0.13053174614782703
18.359922477165636
11.148876032673162
9.01978550461526
-0.7093783769909487
3.310898904921011
6.17996462439844
1.6002406709374897
-0.9959028426975403
6.278016973217847
-2.4487008818035205
4.854729363160199
2.306338257423768
13.218663054653726
7.963550087355027
4.617208540150626
6.897829108734216
3.540179423585239
8.368752691796692
-5.179655869224579
4.981751750493679
6.0538063076474495
4.587506692448404
-0.7785181413067113
1.8091333997120662
5.419813409583878
0.6469123966958863
-2.1769129483700524
0.2880616700923122
6.7544660895898305
4.924855116846851
7.507923477794443
10.33289425680753
9.419650316390635
9.583992767916566
8.832562837788348
4.252621421119881
5.601281276769498
5.384047098791273
7.024472901409755
7.245090388611409
5.377391810498797
-2.622923787068908
6.933461014924669
14.362019029540004
1.6325995915502967
-2.138984580662699
13.615639820005063
2.969599664624198
0.6738195046101039
5.803930013240309
18.318834395111253
-0.27682765336165893
1.4318786788803095
20.872181761250395
-1.9762014225431184
-7.217061059009934
-1.1275285142915799
9.190024963222022
4.8333462443217
7.015680914435176
3.15475140959971
-1.42221226473478
4.810698916572266
11.84448472613228
4.000603451287137
10.561063688052762
0.3998575177395267
9.932474321811883
7.68140012616965
7.062968892573547
10.920385812556004
10.379961461792792
11.132725409523237
2.4123037812963144
6.344668402728157
8.04185076512209
10.730939997250292
8.671727541517232
16.184221457021216
15.728194355511762
1.9951636616380939
3.5929252259842124
4.538283877887878
2.7396614428166894
6.6044759025877875
-1.8090132380642343
6.3436818322150605
-0.629245258516347
-4.693639183871445
0.07131097176679502
-6.3388994427754675
7.99964196963455
1.4759993609638107
5.957730779203507
-0.10511061573279212
7.781359077771253
5.857867413597586
6.809319891972926
2.5475707895607433
7.297624820888543
6.682269051093678
22.00072429405902
-0.33187855525780563
3.6718340696903997
-10.076319038039076
9.929020831638352
4.101121779045522
8.9748735151373
4.703208005871197
4.230718915354034
5.775946537988697
6.3914487189229074
10.525116834149685
5.660475234112011
10.19497205829855
9.22232238338625
8.189818928583044
-1.380817673955896
9.72999238754371
11.15164877805589
8.396671874716969
9.373417213716124
4.300491260044168
0.14011977896990846
6.305566507856674
5.0116503098676075
3.9412878288844624
8.480208969956333
-1.808380095030052
-1.6575689556340354
0.3656172144113432
0.9238959063830734
7.137243851534056
12.370892310114375
11.21030544545032
-6.053347291823902
13.42384628354621
20.49684159182016
0.10557448687036342
7.553542965859892
4.72507009955568
-7.4103018320064695
8.251512667816435
6.526062673669495
14.730330119376687
12.85658844379408
8.326492367041192
2.085343811987159
6.774640525440635
6.56396607171283
3.2688810747177928
5.938181595832041
5.3364898879948015
7.318733568280685
-0.06198638297877146
4.463851372051286
-1.288673318723128
4.687202696417671
4.1894510262488485
-0.26580177980515707
15.131387001658576
-5.207507852995683
9.531669630532736
7.99487954958515
9.202997265719905
-2.457160348716214
-0.3424584328690985
-8.054439662895978
10.063400618141321
16.886869066053137
13.650209836946418
7.369274895733794
8.31651560334743
3.338342268173152
6.233981335415388
2.019537187064027
1.1364550067749013
13.922958400304692
13.849129242368583
12.881532371496714
9.990645308374305
3.8193555435369624
8.766231769554594
-4.863272217351565
18.99858783758837
9.034448804147015
10.273231423719391
-2.9648549824472274
-0.800586361493564
-1.8578553390801602
12.005314777016954
9.547676872389903
2.2528463603391105
8.58581233451994
5.615203084907704
1.5559661015619013
-0.04643312414358114
12.675842172479932
5.394302440597893
3.7311465937559554
-0.1890747786265088
1.246049451157985
3.2367858993939644
8.223518100814257
9.224274592939572
12.931239912769303
4.093088821228862
6.286931406195198
1.3830486548339231
-2.109824188690066
5.154828859995566
19.037989409443483
2.5903685437525175
-4.2147312339039065
9.47280827193172
16.25929559921145
7.174553295697618
6.861849036750405
-3.0322618937551153
-5.717537488031612
9.258378529334976
8.364566429430038
8.781609469360001
2.115355040845042
9.452222951912262
15.468625509166156
10.150525558435488
4.8354907314141595
-1.1150736926811877
6.072298297396999
-0.7944020313197324
-3.685336094021749
9.229603473682966
5.703893882115697
0.39589127375496425
17.89222111515857
5.823260772379397
8.84871420767736
5.814440390399563
4.51460447615962
8.169420654696342
8.377206068084536
7.483631790933142
6.860199098584269
5.839750612001893
11.927340920489387
1.1799317676483108
-6.435198716705829
11.324493527732864
5.495306444816842
12.221696234484586
2.806118703544864
-1.7518384883689295
5.067288313614575
5.567936687568751
3.95701186576865
0.5493193211553402
4.600583585776397
6.087844994914555
1.1520752279450797
11.050335149407509
5.7436939678314065
6.5476196325504485
3.2584690928378555
17.41137578361162
6.507169095357373
7.29739314050846
-3.784361440603563
4.645898854947148
8.677015921371257
7.3911670200228725
3.7866050463504264
5.807336160919242
8.156244039072112
9.177056666615723
-0.223797061860477
11.142472025666391
5.322863809520278
17.974462415000993
1.438678760330572
6.092281369634897
18.43365355526899
10.00468232535323
2.001002443049673
2.600906261296611
-2.1831009160649133
5.614600017899491
6.967733060721141
10.33647632176715
13.681305546965378
2.778570869737748
9.940387302729869
5.712697004564019
6.840261315987919
12.474412777659577
2.7437160273826056
5.350583091141678
5.684800601464292
4.850221191127205
1.2493227227714252
6.317927513305463
9.387683024526794
-7.629059634483719
4.575404269694596
-3.4362716267490594
-0.768956579502249
5.4195097561304415
6.478297487184269
1.3785788344732248
7.008802246848413
8.985019888769967
3.313007528423552
9.623721292479498
1.5064418298185958
8.638111833673257
3.9053715422826087
6.498323802585534
3.8896053500412995
5.430364993412203
8.489068749209231
2.5427909861839546
2.6395672370268723
-7.545954454153701
-0.780819802375099
3.132816162637189
0.08406088296136716
4.910838725565663
2.8582694203293304
