4.664233949519711
4.519721115362466
5.654499693929416
11.687694752112513
0.9125462978205121
3.0574344740758033
10.701661567310548
2.3882840355890402
-3.627711281723087
2.72516882039173
9.102063496306029
-1.00876835178427
12.212717638130563
5.578719894669255
11.132115835104681
11.57117319255774
-2.3196951379999735
4.586676064824167
7.0059055951192875
9.478397499579986
15.892848466884567
7.810332171514998
1.2732103558916856
13.1141517567303
0.9818322354535987
17.453825060777277
-0.8997160889346567
9.422186575294248
4.3891506741501125
-1.142528960826188
5.088024194957357
11.21076686613182
13.2581087533772
6.497080246782282
11.556551069953084
5.428630960903076
2.9997338520378265
-1.0115154798497379
6.1237715029468704
9.365668336592861
10.40919213519293
9.038632795717461
7.010522962311694
7.728165140328263
7.510211169343869
-0.919859051408964
12.72267376116629
4.951564220829986
6.408554871167569
6.771405394308956
12.409394211596272
1.0480006805563589
14.906353297159203
-1.578404336494029
9.012768845643182
8.823671361063226
7.141943830721535
6.678491064955958
0.5316834460027486
7.947815862990782
1.8212088837603417
6.418908720968036
3.1742248439100558
4.56434411056321
-0.400921271841872
6.322607351223313
1.2013973063766148
4.360361936894962
4.297516906448236
4.406091901064373
8.412302339367635
18.99103776717392
8.351677177746053
12.504052249490432
1.7691694909895568
9.847826556451434
5.0968299439509215
13.68012981329815
5.971900555051272
7.861978476506859
6.641626815723444
-1.9795493117728435
11.112149059542084
-0.3924773265717363
-2.662722068953201
11.84669330767565
3.371848779814842
8.795859768864286
1.469035132206674
-1.4862626011528786
4.963245339532736
5.675568407802641
5.469679180269346
9.514341059778603
2.6617206692247164
5.677037040250954
4.995278517436939
0.34193934290739314
8.499686131878235
5.680222420108077
-4.0944889245420395
-3.673445291045307
-2.48186593569654
1.8077780092072535
3.4227407407342234
1.057735255028153
1.0362059010105753
-4.731682432893406
-2.7864272765224936
2.5148832450675576
-3.5387118408360685
5.7236240951861435
2.1712734256020223
8.43840605153715
8.824671722448205
8.738213642117609
13.791964641805082
8.068407066082022
2.528523626668041
8.92991923104199
20.731158367431817
8.646922067297394
5.6658990982074
0.2346329159268552
0.9693962651332577
11.319411359686626
0.6221860576417342
2.8311161206001483
4.608158626996027
7.814658577865977
9.50133280053182
-0.01712022554763326
6.321708703614921
5.470955419347634
3.7960584777650457
13.053934815156463
11.632875158709638
2.7618725293030417
5.2721856102945654
10.0744262176551
4.523839201370401
5.403723797799707
4.491094636035663
7.956318971389107
11.793400599240938
10.499869599483002
3.4881883140365337
9.263003475020248
3.7581519726290353
8.087439562051202
9.758967802128861
5.083681602936439
4.477580484667939
2.020877964067818
7.312023497198648
4.398177757009888
0.888753398384277
8.365652803912864
2.9588549395666432
1.4184650672034493
10.740040302453064
6.645373212739298
0.7019748390267395
12.249667639209726
0.6838923641473924
1.2353982122210527
-3.644701092812186
6.522886434438977
2.566710327213081
13.280647894048531
8.1964900807104
6.55542311105545
6.95777638240153
9.209861779525541
10.752464222136977
7.225952263712163
-3.2299683430229695
-0.8413335423476243
2.223615462709979
2.6649350577020874
-0.6504176183922192
4.576809847296399
3.36602863490264
0.535951053952938
10.472989379548192
9.4629067958432
12.42302091618459
6.685532973938129
-0.7349357602756701
8.220382805749926
7.271130313875993
5.275090668075277
6.125889276265549
-5.877250534314053
4.740175854257994
-1.7157318457512476
2.4803435644523013
7.6597758981803175
10.979314320262397
1.8672073791055248
6.436350753785831
-6.682451352303753
3.5212526213127675
3.235167670651018
-3.906537365954563
-0.9939944730020898
2.438886715120476
3.5280240084655623
0.8558301580419361
5.660260105877829
-3.732836310746329
-3.9858931210393926
6.76920043014507
0.5330543057639936
3.0635157263326454
8.009714043746104
2.9801968728805255
-2.327245963753816
7.299430530877552
11.509502030194174
4.843306824784365
6.587311700693414
-2.6454445355995633
4.118133249415802
-0.9723076252849578
-0.4772165086290645
5.59974344687708
8.879857227127268
1.7841903857832082
11.12179658318331
8.676137025684774
6.109815170793974
10.331762335086989
7.429869975582259
11.73384790509025
9.630547824059532
4.815805153469665
5.281849159317118
-8.204788583994915
-0.9518602839967691
5.265630260378504
7.026219258555183
9.685475066862628
1.4379479753945992
-2.779226091163446
8.762265642584799
10.625384364003647
-2.741573134468469
6.058939546641488
0.2699479171674035
5.661125545239905
3.163823976602345
7.431744975512183
-4.679057739221685
13.842603965900834
-0.416536945170094
5.197664951847328
15.534380857399515
0.8941261837834094
3.2137816917152238
1.8780409787841128
5.700302573657783
3.3800170397982665
13.907135256516067
6.5067603167832155
-11.752638942079718
0.2775197886921634
4.369791293907644
8.200901291257363
11.168781727916397
1.9969438627943923
0.6963464299487594
10.420787906785272
0.1013429276454545
6.106889965067666
0.7848227137209522
-1.6678868627740329
2.87247019503414
7.402499960601523
12.735915598460036
8.964979943231096
-3.539493132094883
0.5119067833695392
15.50288680574408
-1.3179292190999856
8.392511265917783
6.6199942903717925
3.822286024435017
0.7162883981772881
3.9209835902539782
2.4739716546898713
10.241244576107277
-2.1350636012772544
6.697235240298388
4.522437634503116
4.851432112317268
-6.494179817539326
3.2816987319768836
17.278441044760953
2.915718564126653
1.9869151157524994
-6.681712998850889
11.429826381003565
3.632597401315856
7.081221491472547
5.9675015903452895
10.618639017809038
3.110088473119462
-1.8630109931822147
2.5552190742897443
11.901455459534198
6.312019323326425
6.007411334484998
-4.034435652211698
11.397583153688696
4.832871483532866
8.178929204063362
7.000972710991169
23.57062426955368
2.8771551370060457
-3.7796811973802242
-0.5270674067528205
-6.354205030122891
3.887763518187021
4.5390724172764365
10.341841628905733
2.842068883927225
4.263892290383661
12.964650883548428
-3.1676672493127285
6.941271834422598
9.181568470903102
1.9768515598641905
7.3083064746975275
-3.282981610117254
11.50921836406803
13.734137528777646
8.028751901140042
3.607476610586122
6.150816363742848
10.99301886994993
-3.6938346556553654
9.822697448207006
6.838031735946111
-1.212851258068973
3.898582055261992
3.1528144344107636
3.1391822601341297
7.842572571224934
-3.2940097711626315
7.650074870332581
12.003621480480545
2.473670154298462
9.364720843565447
-0.9117536316248565
2.5880055809476157
0.43857279656128956
7.551287246273274
2.302787886089008
5.471797881178999
5.4402221026467945
-2.451552147242124
16.6919460968499
13.352534407732493
11.181284863927964
-7.693962233103651
1.9887370143447534
-2.406773744073046
14.538661080267243
8.122532510593334
8.514038503201173
18.05696706290341
6.51884352996156
-3.113276771479791
-2.8385706364981163
5.598721086175836
12.185809223594894
3.7995875028992083
-6.937402530408644
4.850069971624958
7.610740335940231
2.474855639609622
14.101131572076483
9.125803589727663
-8.818368185438649
9.008673722117422
5.584455262389358
12.979976235316789
1.8695283719792433
2.542875008419073
-1.432117683047331
-1.5450222793858854
7.4234850455826065
15.421580449502393
10.182533781427871
14.95430127352201
8.55557478051207
8.400573381762388
0.21385416897343212
7.336646861181702
14.972981080240093
11.830077135198657
7.560243172681311
11.111643139752529
8.52652494879917
2.8721594055361406
-3.6032588271882524
6.8327922911613035
6.52874940262858
0.18241677103928922
9.860639165271575
4.601674020909357
11.061108985079358
4.712314867704776
-0.06364050229108953
7.381884149089536
12.421352297273186
5.531692151999212
7.248276191402695
1.1128691657228056
7.007899581779323
0.156722202849656
9.562205183820316
0.44945302186875313
1.6847531996433425
16.326310745329444
10.518849298829153
9.492344393832639
-2.186177516383731
6.33257349057107
3.697643202785042
2.618590877485387
7.867704150805256
6.769373199557065
1.466917669274058
3.473286242762539
5.9983647471424995
4.968820067524953
2.275801127789688
-4.556525698824938
0.5958221919172106
6.136182581414298
7.07846621117902
7.880851665488277
1.6456080389658312
3.073816650064499
3.21007627287507
2.8950701077613457
-2.3610840392532584
8.192973249596937
0.15607056076182158
7.6257124188422605
10.95370540033181
2.1991577737643517
1.805603500428424
4.914138085647197
10.571338233593178
4.631706497848016
8.04991538785455
5.259463575001419
6.59496156813028
8.591094822850113
3.94646828983781
9.013272493662669
2.666070699113976
-2.637422857460262
10.917235614210217
3.145028726787025
11.316859266869562
10.929530775708088
-1.6217540563944555
10.025031105196296
5.25555111631638
3.516898580696814
-0.8990359463114883
8.954113796245995
4.6762007249703235
6.93991583531916
4.048171124001209
0.8843086475427606
9.580822331000238
10.041553609127384
10.165211890163633
9.89955133941227
8.220441505227585
5.9226257258671495
-6.199973010701262
5.9026599070013
9.101321137011933
4.529469964221568
0.9326468215669061
8.881931327727912
9.542709527190818
3.694499546118344
3.2175956696243073
3.4285714830541747
8.34545415548674
2.402634774864875
6.776448576993874
3.0974883819619903
-2.0412753415431464
0.6825542744097368
3.811597872727331
9.579369942497094
-7.702882767133524
-2.492465212782882
-1.9720830608480435
18.43238644040806
7.064792493807561
0.1415660475961782
-1.6518529391708814
-4.74219715431177
16.241908200815345
8.103953399802597
1.0322358391616704
1.7073625563110264
9.50296548032868
7.2274966452737015
-3.6223150243884525
3.334732041326221
6.623936837127786
2.449793704561026
7.399808044982893
-2.7113820674411766
10.303699060451907
4.285622001125999
0.9473269945373124
4.250918066916969
8.787419084193568
9.980353775082548
6.39002218955384
2.7411303808348895
9.361178322053714
4.460933283453178
1.510411645171227
6.8916862670575325
9.92855278415024
7.37374917302445
7.596066656444829
10.501974291878692
13.612264402597853
6.266605827171717
7.660174773025355
-3.5371577934786096
-1.1848916342845754
1.6616509663014885
1.4989015344465235
-3.181764150243776
3.6230964869218765
1.234347725166005
10.710561040047393
11.198362301174559
5.057823881435393
10.635247826434128
11.87553748341491
7.958998326350521
-0.48030911728810666
8.993370449854329
1.4338589392090588
10.271499029371638
14.671571656244486
6.71970626410632
0.3125529003911436
0.25675358571900997
10.225926663758823
-1.1315094023053707
14.38753185432214
11.57054336956974
8.361797601058907
3.687410445439806
17.622434016917076
12.516547257545191
-1.5140598535150627
-1.3743142322802706
-1.4139477286686217
5.22161936333643
4.23418091471849
10.6430358449803
9.161218942741373
-1.4519578305320326
0.3495744099943243
-9.149065651977056
13.510734738234964
6.719622973169345
6.177952591678231
-4.041953223049523
5.856376805755705
8.868444820719443
7.798462120027045
2.8815515434383236
7.821622047442302
2.978932494937664
6.572015953928532
7.0696147106848795
-0.11015018607308846
3.2810642498353366
1.0969854041222047
6.511181954463042
8.27008516481541
18.153781518461297
7.549212698833666
-5.369124091726951
9.917964030046983
8.726799757559723
10.277503618521655
3.1176561249936237
9.794364580782831
4.2511600270615695
8.633159168739546
-1.4857754629556768
6.582072500991005
12.02075215887024
7.950925040177728
11.927040709160703
6.16975479778378
-0.17516525779257286
4.802574356506844
-4.428390934979573
4.279610710942256
13.333877216140298
7.847448714241502
4.09372022285393
0.6732973428841156
-7.155919297740525
4.300725506059209
5.912630258289382
-0.4238040215225114
14.398792175148058
-2.25685041970822
6.1025200102040005
-0.7751638804380914
2.3297443856847067
-0.5806061299671716
3.759157842997684
2.48433196461459
-3.8954902013832573
8.204247978862472
8.481386124491749
1.7969823771078806
7.431091507704351
1.7110951173739792
1.022848944052801
9.475724002762618
3.113007603527754
3.80152981450776
7.489215169337856
10.51505774935868
5.10641710189528
2.551552091691705
9.212373755177717
7.700846574101373
5.6508648517972695
4.802121703307876
9.196449000539507
-7.307385096818972
5.692118090480022
0.6130393486776717
7.155990864259617
4.203345895189942
3.5925998400817947
19.88088175890768
2.784899327494736
0.7170347336556624
-9.710672597729264
3.9492303095526724
-1.0299770022014867
7.908702823417257
5.957914452097512
-1.2577924287983588
22.75635234567845
10.386326282306252
-4.251454958128574
-5.93134857563513
4.539438983389707
-5.112074797032362
7.778169538684158
4.167055649356984
-2.1392842147924807
4.841603786981152
-1.3768349136556646
5.214457392290549
-2.622713581549691
5.103995589098038
6.941842836545925
3.0091506848126652
9.251880720249508
3.134515687429695
2.3305789158935286
12.259809304359209
9.645781808998624
4.780858976283113
1.9481905752971296
6.013107922011545
-5.743180480047114
3.657530567835936
-0.6948884257190775
10.147963822082168
8.225723556183395
3.247334585270486
5.571228089409702
-0.4330670614386096
-1.5733445784989275
5.123921106188231
-0.800517855209236
13.305087733887099
13.19649064263854
3.505660291988203
-1.3319835660864507
14.726978628294166
-2.661093988849961
4.981953580449426
12.502438972132627
1.0627485494329423
6.095696287649698
3.8162732636611834
-2.1036096658831323
10.26267840190101
-5.91365728964057
6.901938890572334
-2.665806408622583
4.772436458268267
-4.365053592462999
-0.6241709322387585
-1.872495956151381
-3.7552215046063946
6.598934252431017
1.8752441021258779
0.8010146869730974
-8.061928975785637
5.667526567854626
13.728981961949671
4.508287883969251
2.336446675480672
1.0266730686140741
3.830697837207943
0.8809924066456585
1.4731756353757064
-3.131531420696592
2.029036478888584
-0.8214396368642136
2.6051963079353078
-3.227076248488192
12.012463413474032
16.331721571247126
6.777712032041659
-2.800806264873902
18.199898691953326
-0.10351133259774681
-4.507953243483479
13.079378059998398
4.751598455349013
8.135870596812065
7.599131024774806
8.876616531059508
1.5102038573181253
3.0085643697538536
5.552587253345109
12.503001692342682
7.016162680128669
0.7565028568879635
0.48514834188154143
12.081343877421084
7.9186545009839335
13.624118334972309
-1.8046258793833339
8.923408879140556
3.9096823152309335
3.127501877923437
4.2511765351588
5.485339426361493
5.738355631092942
10.590976498135003
-4.138052981647029
13.029098239086046
1.7228548117642628
-0.22494807857867727
10.536349567328584
5.593921994201956
5.833923601558443
3.393858184733661
4.60708554293943
10.402976034461362
2.4206435099965975
-2.619689022595284
14.578487980121691
13.285301782341271
6.049155355414213
-6.7523124162026935
13.1869767037287
1.7768345554366123
3.941938548767849
-1.5522694368489045
6.386970552982203
4.761187924785663
2.2731189016009186
1.5632020003677551
12.355775333525116
4.983549516353483
18.294712190873277
9.272876211060165
2.770038333180617
-1.9576436955935632
12.428360117967767
-0.19047100227989322
5.724328223014335
3.25084759960169
6.187239344034788
13.082804749257475
8.103569264645355
6.202425085488867
6.769666727926865
0.18294247213174408
-3.7730116742218636
11.12970336286332
6.974051707947784
2.9981102629019887
1.1639593455659605
4.845421659536706
6.111754669870997
6.605366450294094
14.030837082850795
2.0859952324494517
1.9672335359857351
-7.922374727952768
2.879629344987025
4.6516599285309415
-6.378732006064949
-0.11536317250192507
-1.3519852187982755
-9.084909723358054
4.840608550482002
6.496966085371007
11.42444758959784
18.1830263968442
-5.045942554517145
8.769531179796338
4.459498078598758
3.870207941129976
13.519674974708593
-3.4131378371086987
9.262486417270985
4.468535907748125
2.999764228922357
-1.8354885398393952
11.503115370255147
-7.418898044380894
-1.798785102773285
12.404239170959622
0.22582573816297824
6.786371540308113
5.448951673375172
4.962785033690213
7.25782635358112
13.204234191771437
11.923125212991934
-3.509307162591763
0.9053744799181507
2.434725749271466
6.87963481133191
10.433545860788488
4.878980975587873
5.689129984617019
1.9333111041036775
0.4744782416130482
1.331298512384833
8.92751131662789
2.950463786293463
0.4366553212704005
4.731088367455358
6.218617721070706
9.87012116654943
6.803439102281778
12.0384930519387
-2.777512043521198
-7.489359707179574
11.55015484975241
8.694941361580053
-0.15192739246369058
6.122765285837468
7.257226107351062
-2.016118749399678
7.387458046562417
0.6507547731669572
2.418387599211845
10.636138338281185
3.0434407448428518
4.867993332533004
2.969392718876808
2.332442403468701
12.848400423333151
9.872765947425412
3.018473871411086
14.245856020106077
3.3291582173058565
-4.998767241900141
8.764954039755033
1.7180593305297593
6.127014366998539
-3.1344543661982236
10.110528568408519
11.801649482940931
5.720482490961393
3.3498406347155565
-2.2021478931376697
3.575361776550943
8.75799668268637
1.2756382387357452
3.5174684716594804
4.31347651996501
-3.6337871674626294
2.197752476923682
4.127669928094609
0.6813408958207559
8.765244498641849
4.66797524383277
5.388800956290324
5.554434399851614
4.541407347157634
12.645439363683197
3.995866781897363
4.385484016090528
7.774288625199489
4.708455869675877
1.8305776291122526
10.588167352796042
8.792503321126052
3.2345903788078534
-5.192541677970576
9.44491961060752
-0.8281988669565203
-8.499065037987172
-1.4186598044962544
0.5334059260307287
6.773150840083714
1.326373586127107
1.2799594045288547
0.5981983624729086
-0.5504400140911008
3.0514828822946845
9.731442963170956
4.1563722107854195
3.0471301124494987
14.330414827000933
7.769320567566417
-5.858471628979384
8.631050078409025
4.873205937660903
8.606488461860284
7.658724143655338
-2.812006019592066
6.2491129713709865
7.29626327032422
-1.68964266414988
4.203822791872501
9.87136098625389
6.980961084825516
1.9521996754601276
17.0598333649004
4.5918844468211795
13.766735403950474
12.029732249417027
12.49848927787068
-0.9395389316759557
4.95220145199127
5.316945349113346
3.461209141997223
7.169826104187758
-2.4559022040241336
7.654966959970365
10.840103897333044
1.759070356218659
11.9074163046609
-3.4020485007932937
11.511385417506066
9.012303520059813
3.696375714209983
-0.46905169167813376
-4.2665354771790405
3.023075931201182
-3.2895204997868515
1.1074448490131779
-6.490378772518277
13.464946720495641
6.844893325980708
-1.1901834311167434
7.488577915189174
-1.4333515274581243
-5.68876527749927
-15.229018508504481
3.353008390801027
2.3931508061080717
4.910542702532192
3.9888938700132264
1.3573714437193436
14.76865262381941
6.870361721964826
8.325448457268083
9.46558318962638
-1.2822228129322637
12.386814055448518
