6.856589776488385
10.103125170345976
7.959681317767471
-4.403474919735357
7.4482229546119445
5.750697237158698
-1.1276705334480184
9.680913195658825
0.5461913260273221
4.820373533437838
14.967197943232502
10.705073509276328
7.700588035932157
7.900556338897484
6.813269325835176
7.609567627710176
6.196949058146922
4.645534334776174
4.612983398243298
15.39883469329979
4.132917978587727
6.586788584078674
8.62940519227204
9.12345825528247
1.4825270681222453
10.662093735944213
4.415133814180366
-0.6562847901406936
3.9746327765247296
7.220818945431224
11.349091714473731
1.8065989941853102
5.136375751461512
13.980342363803219
3.979586927060267
7.940764890187337
5.751338339999348
1.4468852284006912
6.7019490135007
8.553982281491727
-0.7076297609819377
2.2150507394791683
2.7244056176047233
5.0920009401147865
-6.950694528656459
4.875639088154753
3.2240896090200923
2.621061325001689
8.886346654415746
5.8813320960729705
7.171678291914693
9.336853751093347
9.13751946539644
11.326350934663958
4.9671130844884
5.210104314940899
4.503545700031619
8.219602881896716
2.9858264398813947
-1.1355930688911435
11.048534901836813
4.23605463554374
4.861632406278932
6.6997565690702
4.05090849055537
9.39266839677213
6.646990492950755
22.696811511840174
-2.90678676985039
9.144526126953687
9.724308171760306
-7.873388629088147
7.548897389497258
7.721766847488212
4.398616601953962
-4.845172436753533
4.03466520897293
5.407394725606809
6.1132659801579345
6.284755329209571
-2.980044286065482
4.095703264955046
1.072739978786267
3.7307146408285634
0.12046274228921572
0.27554462925695145
3.0106855183002628
8.777002019042325
0.2567959411007128
7.445256176885484
3.378813348543378
10.816948431832337
-6.50484283848971
5.251314467973293
10.034278594121853
1.458728574426079
0.1747986822876899
-2.9570915056377522
7.578300827948176
6.853585359320729
6.970436707005367
0.6796424765286995
9.980550082310664
10.083394590633988
7.579499011115962
0.0370838254022785
5.728715339574267
1.7609599926504558
10.132134669454484
5.030335235450728
12.322785002872191
10.337919573891067
-3.424575480852784
-5.582379956552776
3.4468067553906363
4.948609526971055
10.767749759025559
7.150748607716928
-4.508716961552901
6.985552997696261
2.1176282733215688
8.578557206719363
7.8808366122872755
9.898162514660212
0.797618934567133
2.0139054293749434
5.022693261824422
-0.9126971647910729
4.222679001822802
0.09168579005564848
0.03681311371187679
-7.077670567733255
1.5964192565299342
1.0470803541332439
18.010673303686392
7.444922904574896
6.3323700725873655
-2.112067525175119
1.0288722904248682
3.5089013137970735
6.0806911254520974
-3.1500398377113523
8.151549774335066
9.638754313013496
14.964187546772173
15.569647866924777
1.9674147737021865
7.216305910145919
5.312891701415895
2.353549435296813
11.494572941095567
-3.6708549067262917
13.632420910831925
4.777782252393742
4.432902693161223
8.81125511508014
4.304859852017033
2.452316615598635
5.372484877702163
2.862604804766426
8.073136483950268
1.9720633140580826
-6.649919663376728
3.52590858911888
-0.22989330635366034
7.864451869840577
11.89608114522709
5.952812984216564
3.9851086381008156
-2.5425706446617973
4.326942275900011
1.2520218432746641
4.724567285458544
-3.8809505341698793
-1.4715780933013987
0.04129364566740712
-1.0103530111558916
1.6570441577726096
1.4095082344434235
5.821331992692322
4.541709928908933
7.035761234310219
1.9859960081783559
-0.6422807313078769
13.40564000342554
8.274276447622148
3.36333698477321
0.6099957990239968
1.4719305642910725
5.101539408294032
3.3945073828444348
0.23939310870056563
3.236908103876115
6.538526571069658
6.797404034341951
7.476360988399687
-2.1782251244634914
-1.5073480300306743
9.029439697620164
3.3958855022216654
9.584001357566693
9.451695036352469
6.733472897621743
8.124944651445903
8.993583975492893
11.944906983954631
-1.1358662865683238
2.650135794341247
6.029637597230689
8.524914386837416
1.4048918824141396
0.4947919384624626
-2.379530797425849
7.772456052420401
11.8542092838706
7.56562048051765
4.1599783493714995
-3.116184088352636
9.871744024164524
2.9266894834274773
2.9246074448665897
4.930414191837721
4.560739301733371
-5.445312562592589
19.7821741871529
6.551401594076666
7.78446525171538
7.338732486925821
5.96776201113563
14.164837247408212
4.979484675132354
-4.310771668048202
2.3053310439923655
-4.763339352292212
10.404194452956734
-1.2755384079818892
1.8243426234978144
7.431776810766306
3.2258730848083936
8.962731263537867
2.144985166165484
10.17612033995186
-0.3199941783540572
2.8403970314028952
4.3546670569848
0.8389516572358797
0.6552928585823024
-0.26360642585535565
0.3464762116754523
2.4332848455395912
6.820447833440626
2.783140184539615
5.851890222833202
-1.4538107475349582
19.73734436797507
12.500790746849447
7.201852424487893
6.240418926102194
1.7471418584209868
10.631704413180042
5.729168542834197
1.535868833489194
3.7806570836428697
6.510196082444078
11.782029721580763
7.089228688233065
2.861175152883317
-0.6941730649455633
5.476560826067727
0.7027277500361337
6.111616266159709
1.8447504801641963
10.02808663662017
8.319387117264162
0.16750096656730173
1.5847255324386778
5.23476220813504
14.514061788201808
7.4919672195437474
15.159815616660017
3.1266913848392974
9.94508709556898
-4.28423798756339
7.233856168782199
6.699793166736517
7.580063694518842
4.561869869887621
10.806265222276249
9.15194765486396
2.679066698682036
0.965275286884542
2.2639467540533027
8.997756466456192
10.978977944397396
12.455834397008008
5.177454369283694
5.1340168866919225
9.32524254762719
3.98925348061724
4.50748331227494
11.523791837991045
2.888946484418662
5.754391956983365
3.9737337845856793
0.3514545265774669
-4.916096286542082
7.227849993452451
12.088605178929019
1.1959128853069703
-3.064017321421786
8.954432754700322
4.754437080965252
7.600878989244303
1.0998498242458514
2.107642748715158
10.069349174538571
5.031117925834637
-1.9595133284526538
4.015034506529403
4.7450655501695085
-2.5810569051783343
2.413864528892423
7.5212323865058845
3.347083155787722
10.752417707815258
18.008386555806766
5.567154215436351
3.3395053483497934
0.36212756875922114
3.540543934519957
10.354328966672288
4.1433261876202
5.622958564605213
4.598331913084159
12.597925845983319
1.1395858333381095
-1.0110890581066085
-5.445385643668281
1.2832803643453645
1.841854651101893
-2.1327741720025113
8.407076692754012
1.268104863426263
-2.6918159898254492
4.467471648018347
-0.0746576270404189
3.5307385440065
2.3639137544203073
5.483997108799991
6.156977943342682
5.384183943502349
-0.22030065435249035
5.210813268966454
1.1453972802311307
3.153197589246912
9.706106877081115
6.127201658118018
2.914819691900501
7.313794811979545
20.045909880242743
6.555161187725693
3.6234542404822196
10.66481655002989
8.440553355262924
6.080713572502944
2.8324046038675372
-3.083745855070017
10.142331332716083
7.811834306358687
10.354363455027514
6.0143291317716265
11.495415500512767
9.361008910937352
9.297270724806031
6.835646580538699
11.495084676332086
2.3654178759784745
4.6269096253663875
-1.4297206673195664
6.715515096452572
3.582210210193868
2.690231203463876
-7.606009270799612
3.9262639033190063
9.167369467921558
13.219466528060583
-1.4792285508166243
1.638512259896964
3.4694539182439548
-0.6117974879958306
8.265251801899849
10.949748772470922
-9.645255710575166
1.1013106443486622
14.001245093652924
3.317900026795294
-1.6868547818618422
-6.8494780494574155
3.2255048923184875
-0.8701388652529598
0.4873744189296776
8.389240332750097
6.039132240413002
6.614465732827859
3.6255443042122675
3.980751139467251
1.0773465058698344
3.4596186836448544
18.12174843901961
8.758119675728041
4.582139156060463
-4.2280497716231
5.7720821130459115
10.981840483846545
1.459859638875898
-0.17942290551821394
-1.9965915057454584
-5.234945641425227
12.839387105426528
-3.507194668241409
0.9272280080808644
8.535061360835352
-2.349183994947519
8.84367707411694
-0.9311523065175571
-10.897959935322556
0.5919501362969806
6.434264116662923
-1.683435846362345
-0.5558452761916337
5.891682026827148
3.029438612029822
7.726210735885701
4.058619673335215
4.603164815966287
-1.638794827463907
12.62568390185994
2.759735557900838
4.636009105314319
9.898729525629463
4.781878963738146
-0.8997697174830686
7.381742586989345
7.458613767655348
4.356813607841083
-4.447019755892138
4.628248590844776
-1.101644760158461
15.477533754343844
4.474446178629995
4.14159700073061
6.562992621498092
4.435811826490928
2.453034544162211
1.8117687849345487
3.0570719987802923
8.43207887546389
5.895933659741588
2.83554971335165
2.6752685220620727
5.615661504006159
9.634273247506265
3.0235598611945864
-0.7029401660147974
1.405268929669453
-0.8694749567172755
-0.991943601907832
6.187703447288647
3.145522946420967
14.619742932326993
6.102062987349205
-1.1073267214601703
7.205244897728356
8.007190447692674
8.016271036901314
1.9205803822945815
13.32922451817825
4.488618250085094
14.600852048447827
1.9583680419027552
11.296720767791182
4.9308004061437085
11.024313606123293
11.373218944310718
4.1200185168489805
7.398739869555194
-0.6491333055390642
9.116090605716469
-3.0599220207547315
10.36505959038378
0.609621691700065
10.31801663662803
9.015808151303574
7.615394865196876
14.850244758432886
4.484204817226612
3.7425042134655406
5.275580735327278
2.618799710557359
2.123576225729837
4.885548590823148
5.15541112802458
1.2458095133313014
4.48849888444061
5.143415031673952
-4.382932215506406
9.474427535873282
4.787811910385948
-4.4732985631605295
-2.4993513862701944
8.645825023343903
-4.243934684560532
6.182244607501892
5.493041440651111
4.380361880515339
8.776771298841528
9.701278935469205
12.74958024346122
-1.8518560667561683
10.370913234027984
14.244629704484066
-1.1642511065404717
13.517255761952558
-0.3532100950117121
1.0630868250878112
5.543563643504419
-1.6336371116067436
3.6520698724162632
3.9568088750392008
-1.5065344929469418
12.9455452681374
7.479672947275446
9.032044898646582
-1.6168102613983968
4.808964343194711
12.110284933820736
4.350767881581003
8.852306260592385
10.650120139879618
7.743249923257177
-2.749253698857915
3.9467703237094405
5.180514789985163
10.141416263321476
-1.372116483392082
1.204955189464472
7.584947335875004
-8.77215576173586
9.857680849900365
5.984923270720982
9.063453082471167
4.871126814693451
12.26302668188001
6.860409934069999
-5.283280121002505
2.0130182688979943
1.8917979099780133
12.30004018222706
2.5624104338596005
-2.711378130033477
9.744653835337708
3.665530922948622
-1.8695692324787494
4.162335598882942
14.380910605711698
4.372968291141142
7.305331033072898
8.147280119172393
8.769929146312023
7.459053169647747
3.435254012866206
-2.044176224622764
-2.5573850022235254
1.0884356379199183
6.43423857715692
9.833267879288144
10.78894869890997
-1.3494430307517868
3.8394364320433922
5.407928109420844
5.527991415818133
5.394204803076531
9.990675314742807
8.85566441537818
11.723496032598067
2.3505417303134353
11.859164691326903
9.389855063618143
7.334581255773287
4.999201831187232
1.7748029092009219
15.18626310692106
19.550736764609148
16.31980435662039
12.768225759107635
12.877155924749172
0.2393819614309649
5.739966434122625
1.4355386274919955
4.285643313796272
9.75611743167986
8.528236573585893
11.209315741476722
14.752081885252604
8.515805788034438
2.866667996227015
5.509327591064734
11.268359238712474
9.888408938340728
11.229474532654526
3.139759316257225
0.5732486252562259
1.1341660184134765
6.260901563581253
5.312493901073051
6.987987767278291
3.125427436751863
7.28861647438234
-2.194920694321709
11.251352567925073
5.487551744799625
2.029216539823669
5.360499207353268
4.611805414570344
-2.6015921562898896
2.1770086654268623
-5.109200678894044
7.163003055851713
9.20160711088879
0.4688333856265521
1.2949570969068747
7.095949102658322
19.489531298840227
5.174082754397862
-6.203159654729646
-1.937200391996016
2.3872191233179194
-1.1146270651109083
-1.357643833569517
-0.6366898952319842
7.647603264496423
5.126893463457464
3.337219804009796
4.469007414416043
5.342630350878149
2.629303636474836
4.957409143669356
6.107557304406878
3.3320198332588644
5.645710163206238
8.686673864503838
8.013816332121593
10.326599690999121
-1.6295293417342327
14.059531826963239
-0.04915836721562439
1.98525169226146
1.6496936221294796
4.170065008591825
6.934457120108765
6.168933735998513
11.930949580242768
4.2458382069113165
-4.249506417233787
-1.1686627166769128
-0.35394393620272346
10.871222807352636
-1.586850122341831
10.938400631250046
8.369061012543872
-2.0221772650370395
8.518820248733237
8.327305005449157
20.246289784395618
8.137738332240975
0.18359896779782492
3.9141747310993704
5.044670572444698
9.413319511881994
6.955720516154098
4.498118298712126
8.915678335519017
0.8573336260326947
3.6537017250306563
7.137978563848481
1.8048507148259751
3.7565856495672367
11.459164603317886
6.147164159288956
7.259618847865858
-1.5031388388805489
13.293417661438717
12.447924111457887
5.4706419544481335
6.127169699145664
3.141679058419686
7.14072387637786
10.119789322408792
6.71281089773912
17.416275587116036
0.5538740651495639
4.143135347260662
4.159027908383518
3.896948261057097
4.186020404944126
9.365671597037334
-3.9366341416703
9.32928937115742
4.521554591720954
0.518497287540054
3.1642026589419734
4.6333202433671055
1.270029763876968
6.979169650901461
6.874929811559987
9.651618331288208
5.563452761177478
6.877168864891279
7.902302191360408
3.982086765147564
3.4728512213330216
7.732359793192501
13.315408547247607
-7.719655081343625
8.496975220683959
-0.3590164500802482
7.282962975902952
-0.5309702293343905
4.398471304860754
13.596549324310006
6.985407666392523
10.662894044769274
3.6455137373242863
-1.1496643282801884
4.1919785549948125
9.420417604780834
14.139955644705706
1.0033749198208168
0.14970922819617805
-4.299643781363551
9.100655148193352
2.255887896579944
6.028194153953745
2.3424808279837683
0.6144973330749952
10.44183729625621
13.66649859736706
3.9291450066374742
4.8031171401942085
2.163750977768033
-0.6450463569344835
8.83812891936965
11.891123895364954
0.6279120378351575
12.554698237882802
-1.382895050725054
0.8023844911835352
-7.930248843901481
11.261672450673073
6.012018216209276
0.6604624087244608
4.426867870173998
8.73410011050176
9.315357026326215
8.058553329508026
5.067117970986557
-0.002948104429928655
11.89162061052264
16.28383948636249
1.2589564201846142
14.331709664677732
-1.9004546608007713
1.9943220982651884
-6.811757883544063
10.031660241892475
7.338537024993039
-6.823481583851391
12.52064740026663
7.720732271654723
1.8247858837173774
-0.48219479168658275
2.7655727673964683
4.863155534789614
5.5535295403679426
9.549890519704686
15.956168683398463
8.397644153237568
5.456105218749564
-2.8156246067055113
-0.6459452806303361
-1.3850950177067123
1.0247478482281989
8.905753927838568
4.497830408433112
6.854785041689064
6.525665891237388
0.442922655395372
6.022576134619786
8.48782722776663
12.543901108217117
2.2764524055815367
-1.3640405901880914
3.5067934814361066
8.412528509689896
2.2397036129402235
-0.520594042979849
4.886364963035692
1.1162589693128582
-0.49664589628965405
0.3112753414764806
2.98395523193203
6.962296660440009
7.084292799655449
3.467132173281195
3.714467174968447
5.8274786121304984
13.863016297940847
13.693705596620472
8.194619115314579
5.630854203171429
-0.8599238174103814
2.7478615660761365
14.104103488799417
5.237085336868556
9.15354544856598
-0.5410555769005789
5.263485148608669
3.066318333047774
1.7102828092499314
14.3252884816443
7.275995325746024
6.777157700433255
11.962338709013952
17.086251455497866
4.171313865511424
11.487234987934574
11.20964932290061
1.6314711364905476
-1.4763649246858925
2.6510783417383332
-2.4271412611086483
13.921916170784566
8.501024329388173
4.311054554359662
2.056004308128667
1.2030121424285838
6.363087849624308
2.9107821760057817
7.228506701385468
2.0914680610696634
16.161846204541334
3.6834467329950957
1.5823365532077993
8.881821107598102
0.6971377199218551
6.417445376317999
1.9639509473126582
7.882092266544907
2.9186006897768624
5.206714125550926
-4.638946757320367
-2.0703029783359232
8.80907632718247
8.307250281515095
2.3548471749335835
4.397210199518
3.207362869445068
-1.0229212365210323
1.4296634910086343
11.167928281366283
14.740167439260894
-3.6155118899069576
11.991228785143258
8.723137220341764
-2.3239553267271864
9.428129322350605
6.862157186279132
18.067914302117785
-2.654967037008168
6.876046782325833
10.990107752092017
6.889159891936647
10.83774654061719
9.008643202593259
9.143220721911733
3.9270410185743634
7.515493703357047
9.192591792283746
6.758590024176129
10.048867987528784
8.317738479707412
1.3238174079132867
5.71378261874208
2.9477901189271902
7.613269202231506
3.647902400271085
11.27581815490598
8.107926716421677
2.2941015055815623
-1.1643971282440697
4.535200083048953
1.8416004029121895
8.076197379047368
0.5015687676143346
4.213515905174113
5.1761429286567475
5.4965255053973205
-3.757307976542844
3.3502310444249446
1.7374727505441285
3.7025251829218417
6.892404783301411
5.645224926359949
12.071420831300903
0.23762086979169883
3.3829645566192754
9.741741551039906
3.4785588016806948
2.627256942206586
0.8356705214301083
-0.7346380118446048
5.116260056036574
6.7150479953341975
3.1441981706568285
4.865738852481749
14.925329532075748
11.162711876710048
5.014532063687583
5.336028249551444
-2.405887601325116
6.08297372415586
3.7911159626014213
3.779094993730956
10.049944457371467
10.1342443799064
5.302610152502247
4.465387553467181
2.5444466535854304
-0.05719806601851296
-4.44692365161565
10.28200296640697
0.613810996332278
7.633013315126138
1.0564893820219687
-4.779381286196468
4.61669914833723
6.058484423516995
1.6200880256846428
3.4347421043157236
1.653343614230252
-1.9946184345099995
9.898104859207399
5.629592441507279
-0.9145256549731711
0.4010994436799029
3.7389055652702803
2.138214061316895
4.631142097497517
-1.3803649383247327
8.592294150936457
14.170528606239932
-3.3325971295746424
5.47577917870651
3.616071523532093
2.0992394588342673
8.521906685686078
13.3075342202111
12.908749090176757
0.7784391257426186
2.69670412998482
13.262429372356436
11.653689375597356
5.811356357479179
1.962152365661196
7.639365957456459
-0.11521146941939087
1.7299027835622613
1.9100128112945862
6.532753842550262
1.3398800921079959
8.58986954389571
0.21365397261673813
12.143386627225542
10.462510866637551
17.064539229962033
3.7690960644220044
3.4503876624575307
10.40821387686759
-8.209657348391293
2.0035261506064774
3.460677432701328
3.220977611842131
-0.2828389386766563
11.708615711421865
12.233589352309629
-4.966912676504428
6.909241783076256
4.208927189992288
0.9550251732858281
14.155084778920692
