-2.3359998725035123
7.419129590411382
13.283270510665401
4.263063051794857
-2.0352011089041273
1.3623278218562591
8.075759668872761
1.3821704461675077
5.3250232223204
11.842478593097724
12.494766677265389
-3.2378232056722
10.357685842806976
7.3568380451293525
12.10721137105118
5.439511968037909
4.149347129380447
5.981225715677455
-2.3981266654660818
9.589714153426907
0.9946170493816542
-1.2014173633713376
0.32983063165948057
6.568027757950023
3.4738388327326226
3.0484836257970245
11.33330049109504
2.651029345134069
4.590111749612094
3.777221606379643
10.912369838175433
2.908943949564978
3.900564975468685
-0.5659457707303108
0.158801537004587
7.0403930324587645
9.267660227178528
-1.8617654683075964
10.320809173958317
6.598026332155888
3.33924551979321
2.6677090932456307
-0.7154483464759682
12.50457899154474
3.9490485519094034
1.9123401529926092
0.2002876548013246
11.971163973219824
7.746689733204083
3.5953462042088997
7.615288868950028
-1.9957444115981353
8.6826332251436
6.376246803571206
2.460211719900286
2.9700319733108564
0.89439313813185
5.669614931707139
0.6143074023962054
1.35124201755099
2.544667765941432
7.700574269021698
4.51829402336276
-10.440421686733892
5.9617053470359425
1.2451413240766245
-2.3624745355305556
16.01346072688002
3.725789863639229
11.020855807678634
4.748185213600134
6.28769872777468
11.407070626448611
18.023345622021345
0.7084824306331452
4.083564907191037
19.877302240925154
3.6707893482422094
11.193221002089444
11.515966803862218
10.948724800284536
19.527676869049365
9.568553718312376
-2.4963127323841725
5.90374770387693
7.942264871491269
9.270526555080648
11.009747716299378
6.148041659120247
-7.809835331150447
2.2733686779066336
6.610293910643044
-0.9637695500156882
6.247254569707023
13.314851799365425
17.24566087625479
7.38634090647496
5.930012038206856
0.6731925214820045
-6.740659312543592
8.006826979392306
-3.934406517534409
5.642762715857533
2.7815872930376506
-1.3410492861594658
2.9695309264165592
5.979755210675388
6.917830813490138
9.007058785321785
16.79951908349473
4.743514615628515
-4.352607727582406
-0.6090638206531995
-2.037182308622018
10.912996362143748
4.126816322278902
4.540303678040313
12.929363009491313
1.7661734489587069
3.891166346121842
0.1308104967620567
4.4487800068518215
10.274201338986344
-5.821405965939313
4.380053901467326
0.9508316522235898
2.1040076271091728
12.968185117064559
4.135315365909297
3.376978183900783
16.231315778838514
6.25346496184013
3.5510133308140195
9.27342824664914
3.6709189319233797
-3.8246547408592733
6.597929263649471
1.1467264321322421
10.643389478084888
8.32792717770354
8.666672346039723
3.9160121769004115
8.35679101942379
8.225891208062235
8.651379962814808
2.572871009649604
6.554220463477444
5.560417827065535
11.76770592638358
10.126792562349209
18.271838217631284
7.754344042145914
-5.200574582346444
1.060667655236867
-3.812629143795192
16.444667274842022
15.953912669194922
6.600112659373868
-6.902631827162052
8.725770271345226
-3.0693371258506588
7.9326472671971
8.11286726886851
1.3426392782793704
11.951088605192595
12.857114299041598
3.7316335622580423
10.830684625410282
8.409496330150908
0.03913877533240484
4.160849316027379
10.330748455228427
0.6282166421906386
13.85977427290597
3.6500952233724613
11.621866391641781
1.0654009293951745
8.811150990762554
1.690001446933051
3.0198363881598804
-3.943756617945608
1.8590238781273598
10.63001049505526
1.878128787955463
6.846924676267672
5.91986483493056
7.695170171405723
-4.635059664813367
15.518197846395806
0.766731094187171
3.787694243457175
-0.2678895156691121
3.2217105738699208
3.482965936852897
3.487152201015945
4.4603621569919465
13.553019588560055
10.963922589408341
6.196902479771753
4.971283737889928
9.63053857345139
9.156321985773046
12.030189773514794
17.723229241147394
12.7759568076937
2.719883141176543
4.427032531537636
16.780791737333203
8.571189942820931
2.3467151351520785
13.001843929089718
0.0542893648988807
3.431445468474413
-0.5366441643366944
2.2445281256658682
14.27399595903378
7.021081762175279
2.0512751398770583
5.220328945565563
3.159368869639825
-0.7771653592244885
4.480470663935987
6.224372572237823
-0.38728989827302307
16.1016274405671
6.752416003827104
7.745122351138504
3.936097582836247
5.077695680250054
9.853292586168557
3.0260690878176466
5.144956634832153
5.6786126053739086
12.908327495752523
4.79651616769805
3.9618296274429494
10.020634155266269
10.97264267839082
6.363364479348363
3.538680706555053
2.273360539950402
9.422863456345043
2.9310903792808936
4.968465453886671
-0.8632717872388378
14.006403169112172
4.135745841044999
7.170129095107786
13.165249161192586
4.799859091517874
1.5984696017580928
12.237779284198023
8.284811345158232
5.769389810231529
-0.3379996663836575
9.921395165872605
8.088019890844354
6.3384591152206475
-2.88207080649504
7.913510686208067
7.303283079210356
21.61082303905542
0.9701295682290842
5.817577571109389
5.841074858921917
9.211943824067756
9.536204702906764
10.123812278236075
13.388852623087871
7.986372607617533
3.7497044096774395
-0.3770228956763466
10.536187856033202
5.899982182434512
10.381873713060251
7.617359770976352
10.503122056027486
0.07143652441490911
0.5814419377952023
-6.45377092804701
5.144300246467883
5.849367046920078
5.161643970876494
5.873807197131775
9.636241736052302
6.690890222893241
5.058260922937266
2.10149578381187
1.3004953305346945
1.5481553742272895
2.8951031732854524
2.1636782697014634
6.188574894932688
10.219586421836198
4.695615194151296
8.573939882887917
3.0082805309158065
8.391623201904993
2.183815983283816
12.502333799623782
7.423125799846876
8.431560795804945
-2.7096557105285513
0.44697273152724115
10.307260870564441
4.983080308618341
7.14770760868488
4.711583151086105
5.794793695107938
0.791199771332793
7.742446541718383
3.522334081681202
8.930073324870246
7.624313104853355
4.107227046481368
5.2580071788437435
8.917860121341006
-0.35625802871835965
-0.13632590539232314
-0.003996051818353941
1.0704330748074664
10.802429921946377
-0.2479666266538496
0.8240853974378926
2.9095222979687256
6.3343327154654165
10.89311113666779
17.30248934852944
13.691180104708668
2.599962472491762
1.512375357890794
-5.497594463530987
7.90582420784432
10.922386016916523
2.45181551961605
11.885172955026514
12.764379368072014
0.8099558787755683
4.763822573767038
4.839067616870176
7.821210949897517
-0.39448503785190514
-6.574667681510995
14.604782441371077
2.666373123953916
10.242107489085122
7.260100309664731
7.902868207833239
13.55810019500325
6.896335604548578
0.08806632834144779
7.656213250659777
4.897944905109074
-3.4577397646812997
-1.3583711153005558
7.790695566779258
-0.6307749798920712
4.615256470511223
20.44308141555642
6.793210504597394
13.772182709888861
-1.3790497747014383
-5.797848659210352
2.1800565425323244
-2.2835302635047228
12.120221118092966
2.263584948572658
10.345342577362729
3.616115206451489
11.853504262577015
8.931204513919969
10.788253400000562
8.662430806807052
3.1388256950408713
6.100297466127373
9.44891504081098
16.10957816061579
0.07845924668416338
5.88597506182554
3.7491090251939396
6.535097065764195
2.549942577589474
10.496641237652117
5.476407641070442
0.9034762457051704
1.826712905231786
8.535304789602847
12.88268330829449
16.647148290964843
0.9710444368006135
12.576905569384142
6.131348484855418
12.005374275538323
6.439081511204139
-3.819813265630085
-1.930608800059404
8.861996254182708
7.09606408977832
10.615756151927098
7.556202125637515
5.172786643013699
14.572325060379676
7.400509555656943
8.781334189946163
-1.9825142645579437
5.517971538182087
1.5492493594041
14.553124683748685
12.31897691591729
7.831654595697255
3.8670400600155577
13.811569767582444
13.027106251633965
-0.6783497205697167
4.452085342542069
13.41955341792206
8.736256720642972
-3.329855137910524
9.382281640843864
3.101831428669436
2.7567697824625808
7.419229615130785
10.221451744572882
10.006465713032938
3.9092662208265296
6.17380224956597
3.9752336297981925
7.625805987888915
15.424565874715999
10.554690151239267
3.7791270721125656
18.90992615993703
13.459298447642887
8.79315575002597
6.568298349336901
7.526801868597499
14.776497710812672
5.6685017384848155
3.5615168632338543
20.76602161187446
-3.0473673822737393
11.64849738044181
7.173271511533524
3.7132346297760717
14.016680734932487
1.1508301850023068
19.25218351407098
13.683051627287764
9.98239525337072
10.992174220482669
12.085635724653109
12.333923883176148
-5.6214230746492415
21.265868590763464
2.5674593181069403
9.499889170702671
3.631660283272884
2.1934025958873513
5.40083042609618
8.240112997968314
6.411607754521245
10.450383902478649
4.0171770864540255
7.6610858848504835
-1.0786479926196408
5.84731769485065
5.1898551363775836
5.377256650121993
7.088974356346603
9.106858176819697
6.549862414777239
7.875609782688908
1.4894439620668827
11.765639994781013
6.459779883298779
12.374522220737958
-1.777175198625395
-0.6784559995882136
-0.01405894134945207
15.563595384450206
14.536573711848463
5.959255379652467
9.812136956678119
8.13505210546997
-1.0762490956292234
6.888714815051185
-2.3050862153932723
2.1131220408825953
13.33355571048159
-4.736523463203207
10.057597067403513
4.589443652791014
-2.309303178038201
8.163996839138065
8.536767267078105
-2.0552980138338928
-5.921978236373954
0.6141383637589106
5.3434730703034665
15.396020505276155
5.1107750423796805
6.07293852327739
-6.13648879264851
2.1699905369843027
0.7951496353317156
7.271937677605564
3.546972392060653
11.810914044829104
12.345715871648412
-0.01677648938602072
-0.16458349740547096
-0.6710646905784801
6.663256006062545
5.171179468573741
2.493364519378652
6.696689485469384
7.802143509248994
17.98451225960327
-4.982493069674755
11.554265335315137
12.352671985025175
4.917382906932336
22.894422837151495
10.901082329247279
21.533635165690356
10.319936344798036
0.8205829658314849
4.346110413118887
9.360606306392501
1.7954058490846405
-0.8180942864881473
13.79634972433388
13.168868587084317
3.7419127326718558
1.1802178158791925
11.088637162669077
-0.6418772637508372
3.9508346407888677
16.526484355852574
7.985167801750935
11.861804717581126
1.1566561755248754
2.230139771609195
10.637718849558322
0.6877338495050118
7.934922281429657
8.28927603492611
5.524343771374372
-1.0712012395785413
1.0112405869645347
7.714409056238628
3.953941124589944
6.50944035409046
3.1552848002669696
3.44038126456641
3.3185374911551437
1.5558944410189053
3.890463063948708
2.7752485757897705
5.657016772522085
13.576051487991254
9.863617766144223
7.721377961552831
7.682398131641133
11.776452124858611
10.47015616112634
1.0720672175710533
11.59349686295381
-4.7434665991794365
14.549200206300437
-4.635979436998877
3.582801866284776
1.878575334821571
0.5256731869990086
1.7943667235511498
-5.355310180067965
7.844025241509438
2.172664203844082
10.041411592984574
7.8268582072553805
2.1767502813352926
-7.9923514635812065
13.54648125844804
-6.563317754376355
1.160100105496344
20.617966438827672
2.9026215268923083
8.599404149883432
16.719657194085258
11.500620800970047
10.293914059599677
-1.864465397166554
3.712426243300154
11.338144659061147
5.868736884962251
14.498385908534075
-3.050827623278309
-0.35253672120602086
11.210549650036533
10.474091665449581
15.180990841726196
4.4879290833160015
17.65620523621697
11.643064522556784
12.969669775408374
9.052631116357833
8.41453880728551
3.3778825568984066
8.68106871357159
15.574977948698045
7.0412983167153715
5.883049884176012
5.610881925224384
0.11458378788501644
3.8071653848986498
0.6328365410581185
19.073240798871595
4.765315136161294
8.827146739713022
8.884907090223889
15.200437145602978
0.3011683666174729
3.331448861236064
10.203300215447593
1.3007194266378441
-9.84448020674842
6.97252783854359
9.184599962600585
2.288069113364867
7.447329075573507
4.696420838066199
6.470507608725427
9.914250834398661
9.8742929482051
18.215317529546198
14.853714387618629
5.4527730199526765
10.567093629616831
6.415017238685389
8.911709381359728
-1.2775153251258136
6.65499287036671
0.17940786101505868
4.124339790253266
5.511090858242497
4.550770924274599
12.423414628596927
2.0605495425053952
10.114986240575522
13.226508093755456
13.7539149156049
10.458895820451135
12.10369299525426
11.691768739294922
6.722464769410155
8.253546945783336
5.33534437000994
5.782148342687811
16.843079931306274
8.772381233615494
-4.0957269702668775
7.98552009168033
12.3815508171627
8.666277265408274
14.169954368413736
-1.8447236692473075
5.718606322149668
-2.510060553835224
2.9221001241437685
12.472891573743706
-6.160606432499627
-4.648754905109586
1.7856294253129494
6.79677809225806
3.671126304868022
16.460995079145434
13.786571850272473
9.201484923294062
4.1661298820672545
2.088727623778539
2.519840565114549
7.307397373189397
11.867171919700455
-1.242509928828559
-3.553116733577225
5.241811776582374
-6.674372603342199
0.27643389309523325
5.342229381403906
15.983256408238972
5.107105139731388
5.385977643604515
-5.466123266192842
12.420537992522416
10.375744028072077
-0.32304439793186646
9.577195982364797
-0.904128331492962
3.8029204532485608
5.539689531657776
14.143116123499695
-0.4214355874830167
10.365029675026545
10.473928772198057
16.569467694481595
9.2557316592827
-0.5923923956411432
2.3179611447407034
13.045494616594564
6.3364012758743025
16.612446462965487
8.171591305804597
8.237432927433959
7.559589724612773
2.4338318018042284
-2.025294625366838
10.24514038270553
4.389374366616689
19.016090271017696
1.4042816107621876
8.79938638753939
7.220338730780631
1.5736550987548066
7.734522623467873
11.545025913512045
13.77347932026461
16.146369959041778
2.524660282787947
7.767153134448137
0.4178124885052261
8.24540463843193
11.676254795155963
7.994467235233898
-8.178099748670773
2.139545948148748
7.051868231421114
-7.374028479646245
11.383514520168287
7.607757718238531
6.255121135460344
6.989794049158659
15.575833256462207
12.359866923433124
7.275545369497079
12.593603123624991
9.534464151168494
5.999666678543119
14.947359113358432
-1.3122266897963177
11.076030084647291
19.941676722842487
-0.013921516274749024
17.971593681179552
12.36945221409223
9.331977615845293
1.0183807382294736
5.678515544526295
3.307494047747653
-2.2605056673979647
4.755318826912584
17.174005966784605
1.2425849111273628
5.505682198029502
-0.32476108430435957
2.864116101643235
-0.023443648230582426
8.761604189323965
-8.256023537548689
5.147857520614918
11.522741804039608
9.068583308956516
-17.943512230850338
1.8876809304645716
5.665927033799343
14.854304009000026
0.17593237363619174
11.284341649095058
9.755537305620393
13.01253130200179
8.267091977886455
16.20443117333008
4.420728378398826
11.315860077464379
12.591603642105573
6.727835465336068
7.403119557094467
0.8249570851752681
11.784572758730192
-1.490581782575708
4.309872450615551
1.248753012812669
3.317521715485332
3.795041700467366
11.029521853777332
16.756203611946816
10.002231708762077
-2.8047221398407025
-5.295124711061753
3.645886878657255
8.196547610516458
8.470127868783504
0.19849661413494513
2.796194351620192
11.396867856341668
4.680477837783502
3.766280077162018
-2.351692522885598
12.392594614961228
13.56044688386487
1.3325433301739098
5.038808409574599
-0.28425630571020744
14.956122433193777
-3.1903954571605198
9.425496259664493
6.074401138482845
3.712613169911782
0.7851237052992
3.522198697315615
-0.963149477433447
7.2111991371909685
-3.379839568676106
-6.206740769104668
7.539572138366837
7.279201034153552
1.5364969918914628
8.603765068504345
4.56427269151218
6.625273422349899
-0.13914353724409967
10.803137290266385
4.338907146188984
10.763363163989883
3.094556106647228
1.2624651455657485
4.077274194237749
-0.9872090912808469
4.179516056835821
0.9867320922450098
-0.36271965877098644
-0.9483328923108694
7.400614296529832
1.7147726386450861
1.9440502104308957
5.125367925967304
-0.7795170461271406
11.229463016932577
8.899130013466364
4.185141197390055
1.4566640332439107
4.013662496510471
12.79121316372879
7.709436192741981
7.863918576331617
0.8912260927212987
15.5294036532623
-5.026480617383045
0.9372194515835393
10.691588489717914
-1.2000190692202635
6.757946204681611
-3.17668147850482
14.540285033781142
8.079618602888964
9.395978267995483
-1.9078262089879567
4.7642307352014726
10.023998497621404
5.006265184776515
-9.887659681665069
12.119329357631571
14.868200932118354
4.085746701154335
13.095014315785427
-2.6723343704751237
12.586111777147877
-12.147854914996724
-0.7614623090070598
3.133397927038265
11.83812812778381
10.183836697939576
9.094301107307475
2.912376808152689
-1.1895475159493722
9.30024404328799
-2.1088497172350724
4.124312718706522
10.750168564113356
-8.344673213503073
2.584408143828697
2.361652421312677
10.897112786040134
-5.955773135219667
-4.041324621648984
0.6407718437216072
9.997485381628962
11.717066464876034
-0.5046215750370076
10.08457037334108
7.508244380718267
6.425568392140988
-1.3495878826265617
-5.318957001552935
13.605529841790975
7.830331234508375
11.389446827702635
7.809793705825978
1.341258438176455
7.631569279617818
2.928651509510611
8.355398717388393
4.713415611901119
2.0707808573429554
2.9285311558212643
-2.4735615491368605
5.020656199412645
9.570184666346037
-1.4245833753567219
4.696719119975464
0.7783647764238619
9.127583460365186
5.203794173264907
-0.41372800416465516
11.829717949180498
4.116081964131561
11.394332395922383
8.834938633460496
3.3278669749402967
9.943387010054048
1.4102313323697704
-3.287802631972939
5.606490518859619
2.3468727288448106
6.570253665777655
1.198157101656287
10.03276562072799
13.384340636760639
-0.8253724175425265
10.0501457285237
5.927102430456556
0.20321995095830925
4.902336327349587
14.801670911545099
2.9341737727180397
7.0095407838042405
8.106705155821306
2.026845516632841
11.112544433235882
16.129487175464522
11.002987389131619
-2.150156084558489
11.646380677108159
-3.2553766519821377
4.360554018916397
13.017500332889224
3.254223048935538
17.74327419755678
-0.567775445642674
7.9482353927568665
6.050276671441245
4.858520250077893
19.454283233920762
-0.8558687252052994
-6.942734221781292
7.029104659358257
10.364349903259992
15.978909396236833
8.544275395427281
3.018676028072578
10.710082688828429
6.241677918173539
5.580876970038498
2.543485061623841
4.85059030397152
8.4872230089035
11.59956911598798
2.666269771395997
-2.503252636412679
-0.6549678592219195
10.844134979693287
9.547867788757927
7.905220378839602
6.257910928796845
11.836889039584616
-2.502850896223112
7.55684200579611
13.539910166580414
0.7867822433565044
5.567734002475483
9.526259376347223
-0.06665112051896838
14.60002210298344
4.417379619765052
18.277981379368384
6.678856005795333
11.575904466633311
6.41980019417842
11.917875222713096
0.5130634237385223
15.857262730001311
