6.231490595894411
4.777510353672078
8.881788068600681
14.600130746019337
3.6689554208803097
6.917802167387205
-3.3273225691126687
3.441052885365613
15.396649485002042
3.9156266146641956
13.199494662829153
2.21448549006124
0.5956932532183687
7.165058302802826
9.27545676119634
1.399611619255694
-3.1166599449383128
9.998458668222922
5.693174934484205
-0.5914570094276925
4.7240762775170175
-1.9447191940398625
2.7923703814272116
0.6178870569740544
2.337448005223769
14.820776877173458
6.902285767713759
2.2365382813113754
1.3313434527211871
10.280387482472882
9.207744043329818
-2.8896320442893515
12.58388839710125
1.4847707471430738
3.450644774066585
1.206897470692236
7.501985448416085
-0.8026243830489559
8.068433581591407
1.384846706419295
6.802775992633582
9.55304168711637
9.522892322638338
6.53831174852792
12.663487767256912
11.141970037624343
8.872294967625258
7.90643152357568
2.248010792934113
8.058812876182252
-0.5308222701021075
5.392488624754278
-1.6985541831665225
5.416391091716656
4.422644221880624
11.264178486185262
2.928122574298293
7.830516405000826
5.422947284895092
9.886096087103988
11.779591565018775
9.181794457541988
15.94956398562721
-0.15730426586779167
8.91137891672962
16.886686059634947
4.2377032873737495
1.2598480646513197
4.535258239639174
10.865695676030548
8.520432154713031
15.610310882280224
8.45281032862717
5.626849365308584
0.3988003066262964
5.909386181098836
8.294598927814858
-1.0371491557698223
-0.24387164966844388
13.961481026048098
8.462349360257306
13.619250955118774
-5.000636239036144
3.176161999387383
14.167199088170827
14.013799909628887
2.162503733162322
-9.291644650592257
11.47851838994558
9.428811327913282
14.253925983022292
6.8650379995953275
6.499903256129882
4.291751862034038
10.902462588850977
8.727878855367784
1.2690293151656213
11.734112008915606
4.702088772254924
3.597098193918779
1.4040731893166178
3.729358075021993
7.2343536096191885
5.3983972668398525
-0.3920711203543652
2.6195719170764913
9.62114146591435
2.2825001072364937
2.9593425495529475
13.369254646023702
3.3235487618852098
0.5276978807562944
3.8471031740635464
11.674200945956045
6.910619786249731
12.256671962156798
6.6040469026725
2.7097049544485126
13.58797407290867
11.294205554469436
5.037185012024024
9.075370484691677
9.693179504261234
8.12837556548135
10.097106249566135
7.7584405131985
3.728172908632641
9.003782395997696
-0.10455958803348686
-1.4646803418119108
10.079108029745743
1.9879773287652398
4.025498699917206
12.56143453753188
10.2112574728151
5.751463547082841
-0.3798192116160317
3.3619372179925495
10.225623486962967
4.262247216671888
-1.8319620584455478
14.070485938756311
-1.3009699674964654
5.526877903068119
6.552002040169147
6.7107225677858455
-0.9819067404857336
-2.7477253082543562
-0.9251736452205819
0.75828776230603
9.034583114437659
-1.7668665807405652
6.1338674227089784
3.3380394438508434
20.097760739574795
3.238618540820744
3.008979099096881
10.901921875605304
0.6811251961648725
9.250633643142306
6.0210164151451275
12.05491136994591
-2.6927495695215065
5.469922842842989
13.771548750532439
10.044770267596057
15.077275538776037
6.884406462669164
2.4613247843985313
2.974299990383593
6.982249870909441
9.27820420979187
4.78993251664226
11.065674616153819
4.512085745625479
12.665340184290901
4.749442739719218
1.7061149286793906
17.204824330107922
4.566107806792903
19.375963020860134
1.7716736893659064
10.929659191564859
7.106488976436517
6.651003074559655
7.130013803585765
10.95972638188757
-1.8438119311630379
-1.776522876439092
16.08817134901333
6.478713590462026
-0.5877094504722802
-4.210395679668746
8.978030155296441
8.28672639150038
4.8786070782706386
7.009093798049551
10.986983911816427
5.023150891605299
9.928318209656833
1.186691897788787
16.80553853892542
5.57863208507843
9.994615433056602
-1.1993702690683685
6.342881372075076
14.531493609841688
7.976689831654252
16.291251002397914
2.2407901473169227
5.532489148612382
4.938663571407573
5.38713085020459
11.69406062057896
-2.642026068102119
8.43319832463247
4.956426046646568
9.981026220691895
3.5912053907721755
4.536845838688271
13.953865195064147
12.512238949286187
7.935032811078526
0.5056773469870253
3.382975282870019
2.1934984739465384
7.733702457648752
9.794913430110167
-1.231482584239636
1.5852407218969713
10.671645528695837
6.113582164336365
7.880845421421994
-5.621441073534907
9.279054242942236
11.837612858287361
-1.1373118862228733
11.049792869842019
3.1963083293190295
8.988258091515643
5.8016525631039
3.8266496500594664
9.209668354694587
4.802278727799
1.2353130692423608
10.72022399441816
7.755295130205671
5.468047599705633
11.43726088156981
3.948228745416469
-9.977715299227265
22.06028484946362
6.69500546183967
5.518702382413722
0.588374428016361
7.57989911714681
9.150105855002849
6.050893854842872
12.49291175456987
8.43725937621879
-0.0723579817847515
10.940038703017882
10.460196009948246
10.665025501663951
13.441850795467946
7.096299845266039
8.400636597924969
6.552232429157725
17.978130699170023
0.8701954503348333
3.08151719356523
2.5331806487859456
-3.1280053850644762
15.26628813308827
16.87048999165038
12.606243520016033
-0.49862869473618954
3.619508623548292
14.069184556565
-3.2730690192098795
-2.9753131029244724
0.4047563585382612
4.428976248505112
-2.936149570667114
7.61295009829667
16.634803582439677
4.020884719270965
-0.7715751036776695
9.228190102505167
9.186220172196931
5.148885026068772
1.9703734869970138
6.748456953738469
12.043112404726227
2.183995022468359
-4.390774799059965
11.593208431126392
3.714732505794528
11.989470386570696
-1.5790714011322722
11.736210396106662
3.8096874067915545
4.060496847348749
16.71622170258098
8.68784210694851
15.095062194960287
3.509014488447249
4.047168419385218
3.8256173883451656
5.489768431884398
10.955769060845503
7.573678263253003
4.004876684989445
11.217426516879367
-2.297328724644002
7.177762962043495
0.811855085009392
7.165533735601798
5.301543599000266
12.365881243949463
12.869141883667533
4.280489799295938
6.432931613728431
2.6172554367304945
-6.009627151824759
7.63367910473758
7.443757172828447
12.352858124897207
9.435752461654797
-6.136407831358673
13.890541556009154
-2.806519247404438
16.07238137912117
1.9822694957926368
7.226901001895477
2.2441719606301516
10.36212169797112
10.060363245535038
0.03905050713103897
11.333323932576711
5.752119351599215
6.49893064855296
-0.7890364280522162
10.308862433434884
9.354629318672828
1.6897910113104775
9.808933150709494
3.6131036010087176
1.4856829097884772
3.568592019075519
9.029325564122498
4.783689651100133
6.803670205114797
13.981662085050452
6.692942945024759
4.587181115401412
-2.8038862562622295
13.230937982864287
9.970878566963142
0.3679060519593378
11.843594183619192
7.692503743071324
3.8140234560388047
0.1646135315940196
12.532507648633137
3.834781535737727
7.343559138353403
5.7351230321354
8.744321976820668
7.189631771514079
0.406893120672283
3.0205854755683137
7.972710970162049
5.050917799126072
6.415005616640636
-5.732247323915498
-1.941299838758364
6.720496920524567
7.597174602438253
8.526728509072537
7.298088947077185
1.402624229171776
-1.1285210229724294
8.498918594815862
4.2350455788808095
9.801976277557499
-2.9178362571832928
7.058028424877949
2.0483833878958198
-2.3690418945827663
5.987320157383892
14.6606750570079
18.10764863767686
6.73288253179578
1.3495493194746073
0.9447860973863973
4.425512705822009
2.3517383056813004
10.247800477962365
4.510952282627798
5.393195402167712
-3.2167884670059177
6.658400661467919
3.7301277269867064
13.201219455344852
10.340145329477565
7.222954204121709
9.245762931486686
6.073785900363724
0.5749198195842764
5.912138663783731
-0.32056276754337354
6.58205576080541
8.597961145787956
1.1053184942733596
6.986766137856262
10.428378907445758
13.335662719773996
15.252572500641483
8.383693482983004
8.394726223317369
0.6153247531317954
4.447464892609101
12.390933600129028
7.401372324386998
15.905640975030677
16.65263953979823
9.126439804765623
2.6906513461937016
-3.222125779388456
10.73513227867042
3.483258965417194
15.369267793926864
2.9864613672381832
11.44374579123924
1.0414015566609018
0.5039470572778217
14.941172112160478
10.229911940475628
10.185174509398657
12.329436317322894
4.735994521973222
-1.6141051322745108
9.93785360891767
8.946461539698843
-9.213861756155858
8.127592840587429
14.06682046760071
3.4041959479525783
11.569049189924325
3.2991736192903613
13.51096927148356
3.2781271396544485
6.971375644120561
9.094971987064907
6.56222492162952
-0.2966978601905357
11.677999086863753
4.020521278652142
1.550720450891884
6.250531047193753
4.825274836692325
5.732579966849815
-0.9267856966303842
-0.562108105574624
-7.804303766580777
4.568348404195259
-2.1244574147643274
11.08517813920552
5.94468526706499
1.545069652436334
17.573099526360007
5.656502458373086
-4.096055763293627
5.864094041991512
-0.835640259867378
5.485186531998744
1.750910784971353
6.866576754771694
2.1116657448549883
3.2396374792820786
12.466141932494565
10.087499416565912
0.43247779124657626
10.048976412404764
2.1400091591219796
0.6507617541868234
7.590422956057548
2.5454502373431898
11.089023566644558
4.227464332605199
10.161862549118894
6.203071783266087
4.45167890855817
16.30937118281847
5.133412660956189
2.621972024372865
-0.1578993438288414
17.236135199657525
4.493765694197418
6.701876047457263
4.224015277869957
3.667506227180168
10.681125476628576
11.22725335660515
8.675055855453767
13.348366418953358
13.753885038326995
11.224159237060503
8.643459932397313
14.487806159109098
-1.0748847499384029
4.232753220739318
4.264170103655665
13.413161986526696
2.8577141115156883
-0.020144901639146617
-8.063930805941085
8.197269863183115
9.718616171493128
6.854640881521704
4.589181613178207
-1.4041954079123657
2.6976297181625273
2.1970788884545995
10.6363408548622
5.6432401797819525
6.677493382245846
4.107631383908343
8.001720555901096
12.198799526202926
2.379962003723689
11.128611582683593
4.029287136211279
5.214182923480502
1.8207818985400674
7.928809301355383
6.109022376079875
6.161505870160937
-0.7023758847181467
7.0981687215539795
14.233516937376038
5.643863124829004
4.899717068741201
3.853135816413889
-0.4240005245487213
9.839914902932104
10.230542182257661
4.303386294745993
8.618702963588692
-1.1895486950857945
6.810489760830285
-1.3102221217557108
7.55714569189269
13.03974874277927
1.4103445533894527
-3.1993834682363715
13.14421212285781
6.500716718640404
-2.8893261290872463
12.703511638902775
11.258936702008725
-0.17147457357007312
13.323389875525145
-8.121322233815198
4.571298636196056
5.899487470985854
5.768570691574691
-1.010802971887256
9.816232699881626
0.3070158974131436
13.909657734080847
10.957140695696904
8.875139224763949
9.154438142779313
-5.002847792736336
13.682100479471048
-5.984215973531439
14.029266987749317
5.509655584077052
9.142498983372217
2.3996366542651537
3.947859433873758
1.5442196305821572
3.050150180081745
10.383617843853653
10.489603085771794
-0.7895533373896644
12.004288477370089
-12.127113810441585
-0.8798063979712696
9.307387690857855
19.686603366207517
6.580048834279027
5.616310294624857
0.06115113219693846
5.251709218594973
1.9921746286300346
13.15733045747413
-3.4226977998629255
9.610871613587076
-3.156809110176942
7.34616112520392
1.9489888317475028
6.510050040517407
12.098976313620295
8.858958188789051
5.555863523079632
4.93784818514759
8.981296222061625
4.849615367416323
0.3037631934097176
0.6767134581020136
4.0653629287016075
15.105547830500633
-1.9307417954834998
12.248447332401556
11.307095876243132
5.134786899898128
8.332814624166124
7.5739118021706435
-0.7949421542338717
13.217288115625703
5.076384392511207
6.21777703258763
-1.6191024841517407
8.417436337658074
2.831151545393226
2.4867193308501516
8.456893181821703
8.227093725556976
14.41418513796764
9.668031638513538
10.18578864603241
1.2980005862879986
8.090596281328335
10.253210839401596
7.773623057135918
12.24912190044153
11.817150322536952
6.655067089563981
8.4564152791863
3.0686215775216135
11.899566449563938
5.345113768252826
7.535310201224723
0.8706631727963812
-0.1946772257045204
5.582399036046469
14.764394801151115
10.42782226631353
12.476833561762632
2.796635986347233
15.841719457137362
3.73116393749474
-1.4358769479550775
-0.5483090784803117
2.9756897456472764
2.4667466406377376
12.196075683578524
6.238102831420076
6.501752016714905
8.416194301956487
8.775343275664223
8.946290546686676
2.3986155088605035
9.759800436017368
10.774143124274655
4.546872751318923
-2.016717512140456
8.482415705921001
3.6445056188682945
10.838423922664045
0.2942099511295382
3.3714881242190375
1.9592342826844185
1.4750121860542666
14.601257767426981
4.898076779736759
8.078244827266056
-0.9541943040782357
8.622936790094991
11.141067824670467
14.092361244521978
6.039183269697603
-1.4328687365187367
10.351469503660127
10.802005552671758
9.304901994584803
-0.7167456311853497
11.077609400318332
10.260589534746083
9.190252724310824
10.777771024173052
-0.06895176066992459
3.2156204227817584
16.04766991491688
6.593487574336167
13.565038154658415
9.86708220041651
1.6620134857517241
-1.5595364074405031
-2.0349709062412202
8.972801484182938
9.065206354521894
14.001494989117498
10.243645622631623
8.348342800797319
7.045475413790516
8.072043058650724
10.591137516368963
12.215916118549721
5.908263164588754
13.290271413126689
-5.597896429251566
10.690987593336837
8.376382471906574
9.309578112349584
8.83112096712752
4.786611308002925
10.679307883477815
5.901581753738383
9.626782921715836
13.28489297503063
-0.14005737451102274
1.3111679620533785
16.383898071358153
-3.635060113544929
0.19958305313070035
9.964738258955094
14.005162975841204
3.239305844134118
5.656816690617244
9.440855631877437
5.924221274214942
1.7112708944326673
9.712054430575263
6.651795914358727
1.2509595225295271
-3.114728941859102
5.169868123537427
2.773546091573583
9.67941011610827
0.19861885591826223
4.004223180652192
-0.159211367016157
8.0177968645247
-5.249781263494148
7.33311338463993
9.240020930058982
14.874530511218715
12.29658846527105
0.8696082975231398
-0.1374988795941121
6.244879156552406
1.9954496267591395
3.236189664252234
1.1040223768030515
9.514347149279837
7.446468314816091
13.998147579809057
13.440480884969897
7.015455272643306
14.225691750409705
10.666117761610657
7.617635890967517
3.418051414320378
20.531354361813484
12.777112890755689
0.033763758110674225
16.88747721258185
1.99939907080444
2.5852975662306115
9.289202996622608
1.1351295881305212
6.604961740714822
13.924656833772264
8.997897916386057
10.311515409446102
3.3590685405209446
8.947901883903258
3.0060211020968355
2.130798642991776
3.9546057580812692
8.506829679616006
-5.0463284101065415
11.838846945866702
12.14501535442578
9.005073778682362
-4.682637253353384
-1.9318925023421825
3.7618940997718493
-0.9495520935345008
4.562695374444203
10.732539616356505
2.582641978582098
4.43166779709704
2.2595314013015746
4.410932017577638
-5.1812979156455
3.0199981908138653
11.571442732113095
7.929332935241261
9.60621436444415
-5.674371728853291
-4.724827792892839
7.725523959643697
2.3104011136499856
13.168158060520419
5.944261736292407
11.69723422709918
9.146494066788177
1.4847168582491426
5.716853454038356
5.059436174740076
8.879482337444491
6.355518732791116
9.18590243058769
11.889618051415622
10.9334132425941
5.287310360126026
-0.20935625468899044
1.3260178975690318
19.489677886468066
1.3890682852136482
4.758807068198437
15.731686453275003
6.331501292201901
1.9172467036990088
9.291715308137979
11.493553048682166
6.313320273758348
13.819030791124788
7.342098964363763
8.659952882153824
-1.7261373293051214
9.906400907163553
0.23496419001247304
15.993755950810904
17.841410461693123
16.583713688706695
-1.7670437766154858
2.2478033086889235
0.7448888984777957
13.047728411231038
5.212956920434982
14.525125664938225
7.897840121033177
7.687935542034029
6.777261294331483
3.829622326847909
8.25179153095257
13.370747180146815
-1.4036123587933114
10.519232775012853
6.804629976177332
-2.7185610146095502
-0.9572351730384892
9.406235585081783
9.62065444475369
11.482810398961991
2.9068624642072707
12.84387710513873
10.08986562689109
17.378508840791042
-4.490377935611418
-2.546579743305122
6.0907138278001005
6.191114554865377
12.14740039077338
10.474188381250361
4.252383944293625
3.2309831553376673
8.456988838914928
6.875677631999497
12.100938422446532
5.046321820347262
4.945745229454901
6.868139110031931
11.951779665659378
10.776601265856918
4.523182036485671
8.854839728230704
-8.10011955084001
9.428243485910086
9.399689248838406
4.009236096390334
14.220609182342827
3.4366605030242745
4.733283396128902
10.743106135400705
9.346993000202643
4.37833294654062
12.527374018437012
3.3004634440281078
10.355556824684697
7.629673909046811
15.733431518294756
8.715041468546492
3.318124215906996
5.8879578082336055
2.5997912491436703
7.777526897285307
12.265702203862668
10.01188492332323
5.730221320570528
3.136291447920247
7.462993664517306
17.790104909118543
6.1150770552290385
11.739861839293543
2.1358241865145122
8.908698683034022
3.2436068689946986
6.377220027980213
-4.342702965999688
8.163806278649476
9.316126345895363
8.230878701889118
15.728991052406391
6.903205401327567
1.1405529372718535
11.245122257690845
6.694811634322887
-4.022230122413195
10.889620054159115
14.031456320276185
4.813656059023293
7.029779008119721
6.304351718896917
1.403149607253435
9.461101134172287
-2.79004657695409
0.6743771229787647
7.997217486709167
10.117370868481814
9.569618801988558
3.1007408590511365
8.113852034656146
4.251917428262128
7.1811511544434135
3.716342104805844
2.802174920094176
11.468975988727662
-0.6724366012296494
-1.6161041056953165
12.149950325882076
-2.915203723875006
8.970492206139138
-8.080381950684156
7.224321875071379
1.2133050882863108
12.641743358036067
-0.4206550769001023
-4.109909844790046
13.548763990557845
1.707393920781949
2.0945935314727637
7.433897891446701
8.762575983685217
-4.430469335559485
7.662241788478732
5.351863736720936
1.1654398844892624
-3.5926853967921026
1.1754743793325817
13.617210571920886
7.0824930021466015
-0.0363918750850436
4.6200970609946035
14.69188703327995
-3.2930468697897766
7.258662558982259
10.520492606413704
7.13367470340215
3.556757528690279
6.024239855944523
4.582352879965118
-1.392969447946692
-1.674229231050644
3.0699578493718445
7.683686872486399
8.133150767832344
16.927425404990657
4.1635114985108235
5.922009715128565
6.218376606878316
5.761019975327212
11.18218948325686
5.231450604179543
3.3619877671844134
-2.858051458988461
2.27821624712322
1.9732074908984618
10.552252091623883
6.494611506742722
-5.242863892789639
5.85763043338133
3.8590858804405466
1.1297434965632123
