8.13482130144375
-2.8597754947881286
1.9728733946815948
7.032204137974187
11.661388298077323
6.887037122918995
7.054818859541965
5.706467874589606
2.1962891591041287
6.490952016630617
-1.72287775535158
9.373991909141086
8.748792618550137
5.737842493055
-3.04494603941676
-3.705888201713133
7.249675056305473
7.131988762319349
10.921205787138582
11.8387523860927
9.874644402109347
5.956031396457772
6.554250038845034
7.8426593124863455
7.805729188692225
12.064612838827415
13.410472622062295
4.0932073798257615
5.852493375616203
7.538560693741858
5.298097536772703
6.588178294846369
-1.3952053387173748
13.234519216798791
0.1201281733406927
12.158894093403289
7.154929515169313
5.62973725894912
3.061213641385725
2.0688262294317745
-1.016972826278658
8.218656128345897
1.620816872685186
-6.34596087260906
2.889038885644405
-0.9898238922454157
-0.9649945866778769
5.71305966772461
1.051893610362944
5.467403396733472
5.938838815239925
6.783810296212676
4.068966330698765
0.20212508196137424
10.35803741362864
11.485921243920853
2.4542114972171376
6.00729083953639
5.525044680794869
12.660993566209047
1.1717056565580963
3.4448027226690603
8.347186342519286
7.360070879336439
6.601921578661008
1.5925052712625298
3.8788934441688894
3.0345289490166953
4.769912335458426
9.586135481601666
-3.9000767943206567
12.596153015017439
12.588607305358956
3.8964293660195204
6.499225709471018
12.24160144687025
18.34535661259115
1.9374926054133628
8.243608444765155
-0.5099766843861282
19.36288818749692
12.411398749007253
7.337273813266995
14.2612450723395
11.611837983064811
-1.149629071039116
2.8204092344478635
-0.2248165871231027
1.7841181951073697
5.834271043524008
6.7791408194591956
8.030569081630995
8.532837371978848
9.775286511802047
10.636733624228889
5.372515445970516
5.311852244984959
4.363275185913585
13.197163195432559
6.479687350888167
2.224010896736012
9.240644348153214
2.6985244970522886
9.339357099698653
3.5469828505899397
10.18609344227892
0.08579437107779464
7.863575952310082
-0.5876852680050204
10.042197350884123
7.104109222135728
11.865981518624672
4.695747408277787
-0.419545797763079
6.79102366907531
4.709602606376331
7.091829794001348
10.977240276889852
-0.025563319388103523
13.357815650449727
8.426529270893711
6.884600919294263
7.715064731839934
12.625745005731988
11.505021634333342
5.699187913346715
6.696974396836951
0.1893188949694551
4.48930409622027
8.133952804579708
-0.1645660513667
1.3881981219475268
-2.383416467586313
7.003618023405345
-4.554221440594292
7.180542537655773
6.955955444980287
4.517014189146308
0.6841516961917593
-5.299029706567021
2.197797859701734
6.656709345589787
2.2400525547876304
10.083571723349023
1.0145424086556742
6.106811797314789
10.847937589593267
11.429311173056647
5.294679114445734
3.595968174919262
2.8104500911621852
2.7520780466739465
-1.3817703799897032
-0.7050075217679996
5.832951775789089
4.06788664107969
10.252140613382318
8.939135450946145
-2.263599551858446
5.660013278099017
11.893690392260758
1.9964294236679305
6.03320053507322
5.7302838793689626
8.282877029870738
5.185188364681313
4.120171065562404
-3.2182392607613
1.3853327182741295
9.70451855840544
8.585331000767965
8.838117698825414
8.480291991246565
-1.0564559142819885
6.56158027450339
-3.400767689364087
-1.3648937818982496
5.791917032810549
7.280718428457204
-0.6771796853762906
-5.956165981128068
4.125450118257703
1.219691022442428
3.778087245140961
7.770744553994972
13.32380317163522
-4.061348399366629
-2.6275351097215704
-5.014349638572872
-2.8586405126502816
8.758648344617304
4.249246918272775
6.273515594254306
-3.4552638869220624
14.779437956777844
8.251048756224707
9.643306966480882
5.881808692611918
7.790075105088339
3.740658112481731
5.913199700616455
6.124427513775597
5.940448015113322
1.5676448281024031
1.227658893451801
4.637893187222619
-1.3172427577632968
14.63280658644162
-0.7570953247170467
10.178643428792029
6.730988667506333
7.7260125060007
8.888254834288007
4.406614745189918
6.712785612945935
11.512476319866867
10.327455191630747
11.299577176292546
1.5096437502372841
10.72849172054173
10.361510312063412
9.987853644292315
4.386897579081124
2.979674764150827
11.632596135620886
8.238443582806244
5.4162032412323375
-0.5090841186498132
-0.7867473935393372
3.274424602689244
8.686217476787746
1.1361230832371727
12.3946343965992
9.776598226343804
-1.5967742370271463
5.340360194798244
3.8267314641892485
8.808357216108044
9.433520994139478
12.279598478251994
-3.69888593623962
8.132379704227048
5.46784868803344
-2.607874855462331
3.716757871385647
12.050654486606264
4.828908611868124
3.2852866163085626
12.420214461325637
-0.051144533249967594
6.056057996102347
1.6402114930097582
6.134444822254147
10.827603798422594
11.296079410399198
14.61670184598671
8.385699062024754
7.227392234628457
1.5097331550220323
0.7624116045144893
2.382854973600766
6.280705957976441
4.068835175385002
8.270454445299592
3.69663955058022
20.231126808085435
5.388810770973878
3.9335539279818734
5.168433209405413
9.314577043768097
-5.630821968856656
4.680714143110057
8.129076725311359
12.965220272513145
3.0919295136099545
7.753036811430152
12.56508621519658
2.0331717894142756
9.892876326776934
11.71514767058347
2.8379116439178182
8.893380018836067
3.3464179366690945
4.659044548450698
9.738171448019834
2.3631889678181484
5.094347769346911
7.287179673344301
4.311815728750061
0.5747503803909635
6.974613256948707
14.172650003199278
6.631019765350859
5.093082289491762
2.326226078214738
3.427664543171682
-1.599087952878099
5.55608242756752
10.01453031298564
13.248487744934232
8.747547661358567
-0.9306436254183805
4.892255961086375
5.627397534389147
17.727848048770845
9.747329728828618
2.928033780054837
-1.6939789525230484
3.3471985153058785
4.900563102077028
4.491762960539904
6.4048021286476455
10.141221620754035
-0.2693949562573845
1.02833260422938
2.098071280727518
2.4180436807701033
9.55955871028493
13.192945016191999
10.501774354986797
4.108437233365132
4.2594163146353115
1.6714071056659132
5.081912757515337
4.003032925408084
0.8161926019400831
6.667164810877285
1.7641887144701918
12.3703573685259
4.453324818380313
6.3344402816819025
2.6196505529050875
-0.5483912643059288
11.773677321497061
9.366441508060232
0.9807590164481397
8.34205724832345
4.967243889604148
1.5729437388642866
1.4966443162067562
9.57072968220804
8.326173487660338
1.869348807468386
1.4826466444238688
-2.7652539638840654
2.983968690301886
3.882388593059667
4.537876640409364
2.5856662697188213
12.328484972188456
5.36324342205696
9.110022075801483
0.4722969968876667
-1.1634830714962145
2.1944898946699256
3.905262319407366
-3.3259292724720284
3.868510484018697
16.414831671066622
-4.766576192075348
11.925354554769608
1.84535961937135
-5.9254198197123085
9.338060660002508
5.3016861384985425
8.347256709350846
0.9652388265200322
7.852900423880083
1.928592483784705
-2.7800210952902935
4.1130637645869355
-0.04707643771098624
-1.1800384812142761
5.830212128401643
6.444177533867955
2.8850292233693486
6.019116626874073
6.6202505580809765
7.5942867205721525
10.716797542030177
4.060208927749619
-0.3229311140276021
2.562546240058662
7.480966187935532
-0.4316796266792746
2.8612599888629973
3.7236365607602293
-3.709388443306656
8.668689600722145
-1.0814638318909404
1.8000788003175918
-1.845762627607944
-1.8550879102591198
11.619003816729094
1.1092337029734418
14.063905622965798
-4.550351229583729
7.213132589904433
0.41454464101071853
0.5580285595793626
0.4515555566857863
10.197312590477633
4.316293908199675
9.11865177310902
6.327505173779123
3.280510871936236
5.31492832386388
6.869724610608964
4.757590218658655
3.883242039392525
8.557732929212703
7.883179118951652
2.7036989609549766
-4.889449922758536
4.942392013954105
6.034612189720629
-2.3349877593803106
7.697574135613648
-0.11672544484443126
6.552404139340536
16.939419393783957
1.084402691882424
1.7121643999949803
0.5957404420672079
-1.9163993801088965
3.6702853125108312
7.638537272022905
0.039678477135713486
6.346826248015331
4.194941872000002
-6.00572055029861
1.5009383449069498
0.9108784053571171
-2.5354111538301076
4.640333434808898
4.029579746885371
6.939578661673211
1.5313950281905901
-5.658212942716455
5.1906045557250335
1.676477532764582
6.433767888604139
-1.4831996384953428
-0.17390218533362667
3.528500436321047
6.144131206562118
4.803998012337465
-2.857105177523146
3.93837405853019
1.2174671600544373
5.522975634270598
3.0694923044781945
-1.7666469621931506
-2.9761551280076572
4.539295407907366
10.175830347928695
3.501627525795723
14.863843629500227
2.344762715411475
3.9873215194845812
-2.247442793630528
10.200597476299338
9.748736173214915
5.773854765719092
8.582762912441366
11.019443181063206
-2.189245474965735
9.676845049720765
12.650703890038425
7.004941679388665
-1.6772075440741387
-0.7927137032249041
9.337938620352922
5.292840304326322
12.498635747970997
6.157352533651429
2.6595254250574705
-0.870221811252402
8.175555577835919
-2.4581202581577486
13.299552299688806
9.412476407223389
3.3623456183969904
1.2128077635795442
1.5049494943818669
-1.2540027184446583
0.3065114512447691
5.367110451473578
7.336435790581529
7.718227100910465
0.4914404850239258
3.866085060468952
4.853191564031267
-0.9838591390634814
7.256366315139099
-9.059138126546264
10.713966806098995
6.067456564040469
10.67592009965896
4.448266013102414
5.096352967378989
4.243383988573778
9.984027812758344
9.91464105132999
7.305438697198147
-0.6725865971893112
5.234423827241058
6.430436350245069
5.286699068082045
2.6381557730050154
2.5872565739268647
2.7527374761719914
11.156994141078465
8.672970503913284
11.129727185476273
-4.668721516642746
12.528095546851985
0.7217555604617703
12.245328097293761
9.878849739143469
6.260542862822278
4.513135331870256
7.005797880111954
1.2459517281402719
7.703475366069018
2.533797857023634
4.771147867285556
10.38598080774668
5.408289501753046
5.613731145768194
6.588196631929845
6.696455430011515
-0.5509426836165163
11.603678994132741
10.221790569527805
-1.8163996324922183
10.289693058646339
1.1844812463572938
2.712392948550859
1.8535555948340454
-4.579830708981277
10.687999445368899
2.846630335075227
3.0389028001866687
0.5649955489547445
-1.8746195743422591
4.65859243591324
0.5798741928500997
2.268528664081516
4.24656050335589
7.815302671212141
6.57217552979131
0.5462895003788022
3.445060217119595
9.837052818833289
3.1485890603873496
10.808748847464342
2.828178426459254
7.030060415569629
7.0913524727759345
1.914080616048317
4.236510271454022
7.341668678618655
8.363611408224818
-2.5026272528448725
4.870939142679411
2.2447944395803967
6.485288710273929
7.435709096491838
5.710701297880152
0.9954853805037378
4.6425985893845505
2.615444867888535
13.82929365390901
6.011029650302866
10.11512690894077
3.960675001644229
9.626692716193613
5.258514002811872
10.754256886515908
0.3218879689028702
9.615547033379515
0.7761825812676877
3.4449312092197237
4.585678392440141
1.8324314687746088
5.686212140064307
11.591678284710557
7.223652490969935
0.4785308460345328
3.5078606455196075
9.874990251256188
10.098301282896745
-2.0637343172055056
6.779778501770047
9.200738337669371
5.6349775804741435
0.5378298495958935
3.9030364795325374
2.4976132007390213
6.125375803404945
3.768898087443352
0.8658332819272125
6.7444281246188025
-3.1460477871530905
1.0725499528335636
7.362437141477967
5.670738307811471
10.145927128305866
4.557376822767142
4.36288156512097
4.776028595408893
4.485208323380277
1.318042631302181
-1.5474937348948368
9.073104493449925
3.657446353988951
10.47248416341926
0.3532113768064513
8.65754434948899
8.057179910226695
1.5054015842374624
0.43588780524807413
-1.0899306770214041
7.182150360757216
7.7930393078791145
6.158918972116118
5.387456571642334
1.3641294590606208
1.3324012117580812
8.511519296830805
1.8374853779093554
1.5885822555493885
5.682737247456968
1.2595345291605144
-0.1966381645908033
4.205151254730547
-0.3676239840301889
0.7440459501447592
4.280355812168295
10.293801865864399
1.5694819356173548
0.683625282556656
-3.2886823225484854
1.2519437241896272
-4.8540186808198715
-2.4625297550905136
1.9009067556815653
6.949115616444306
3.90020099103349
4.929259993924972
6.832989058103026
12.894419442576869
-0.33361130844500586
7.582267383759623
4.912784147191617
2.417566128516855
4.242374147593777
3.8910516649625313
7.37347889048571
-2.6461401124102704
5.568134329149056
11.101532612564611
0.9728431129667166
8.261304846641043
-0.3765787351188252
14.8898575518946
5.603199152615762
2.139436453416736
6.088004837584155
13.344186426686086
6.526359260466352
8.389919630421355
9.12250124607168
2.9077971784747136
4.66755017961771
5.424775085536739
6.977923745204967
-3.821723188719872
5.321547723316236
-7.755003876691092
4.672011427007053
2.224716049139623
-7.969473829545191
6.749987808232964
1.7953862733985684
3.2733385879294166
3.5006684337095892
7.636117305801507
11.502607417267722
2.7794434083043043
0.8310643832901752
2.423022774504782
5.930412413416659
-2.5675507410355767
7.691182811053276
-4.771985482933692
7.175662436956019
13.504361778214918
9.469834268246391
9.08195916598104
8.318592717212008
2.5708154253625133
5.404723237873847
0.7366736233384925
4.020494860822266
9.167567066013536
8.785630742998286
-3.520688015797356
3.8470154551136697
-4.472381293072283
12.937550784910414
5.815468109601429
2.148549978675805
10.206908703747473
5.938205130130211
1.40240986848469
8.176118921671176
7.072835242817773
7.601342077908536
-5.433554262148542
-3.233587166231784
5.568909442671342
4.592510654231656
7.836942473180561
4.765143821029955
-3.000573111175262
3.3847678258878116
10.464700536890382
11.544447118239088
14.017683312279347
7.910608373025296
4.246624061499799
0.060629771173107194
1.326374028861863
-0.558472376106276
7.715608744614018
7.243961747447699
6.312418190167037
3.159499332071842
0.910678587977312
13.173209346847173
6.258664545722662
3.366478701972155
3.9072112078568795
-0.8734131431027663
3.6517790507957946
7.803932088887473
-6.697420091842703
2.5599590062792283
2.052915932568795
11.510472853370146
-4.51167898962272
-2.902654801562628
3.1755632712358994
11.001821909188244
5.09068969093349
2.9141550029137564
7.136206962045787
3.91980908444802
5.790677832605045
6.833430534906933
7.891601203805864
-1.4201775733869582
4.317558684695377
8.256475830000761
-3.262305766785425
14.139001879994286
9.305240027292337
2.9512781554699776
-4.388696196435639
8.886476918985672
6.313102084117812
5.30281334510818
-2.447650457138516
5.421652021043317
7.7766875242057
6.788759766348673
4.880599454744578
-0.3802094625831973
8.260235973305967
1.6228011677747514
1.0777694910377509
6.1702531500924955
4.627430803311199
6.601624769082566
5.071419008116057
9.3304487723609
9.371151081737835
3.0498038107971777
4.799373376277402
5.250614904906259
11.79954417237401
4.675421452482474
2.4076231899310514
3.7069278384184687
7.905803071524493
2.976615382411884
9.936126443321992
7.000028194713653
2.1052855217518798
8.505053300654724
6.514883623123591
8.198730703184836
2.1391830306105644
12.590216193794134
7.869223220432984
2.5875446994987983
5.426333106318177
9.178168774860799
7.162653575078395
11.72821893281479
6.797983661102414
-5.146507432447812
2.6689931374477034
11.453623441190949
3.197643964637477
10.802509264558156
5.0420302958893695
11.41843487585262
-3.7129365191866768
3.602104848213699
15.866148246088107
4.353835916548482
16.547069322746594
4.577962716137893
1.7490673307179074
-1.450280834004655
0.08560931745301703
1.4105658988352245
9.068336834609493
9.072411072335939
6.367651705680451
-0.3892886733748475
5.8884690143136895
-1.8379887176297123
10.868331602373765
9.247684103450073
7.0760557667565624
5.2439071580415995
-1.6795547124157721
4.936862082749364
10.31252498544749
-3.8564480754637334
4.290227106158549
7.262143140645826
2.5452237222039478
3.6385660016565855
3.3841557370232795
-0.6443348847014168
4.319321015965327
1.6444731057654158
15.904493401536355
3.3613493215165295
7.178946993542283
5.64485272050095
1.1801448922645408
7.419144761131756
5.238132375536734
6.243263276724891
6.0159716615997505
3.8409930767620635
7.780299433306013
0.3702447071412873
-3.2646185892522253
1.3347899261700826
3.7580727517859858
0.893428944237904
5.977997675331488
4.054326398431784
0.2814962024328347
12.458349929412613
11.956869519189208
-1.7225736469527213
12.004092482133032
6.342663540259808
7.302624485621577
5.252050595017013
6.79805602478387
-0.6521106843394149
8.410563597429153
7.688660890755319
3.700311998300643
10.358313086438123
5.4788679079386675
5.351733072673112
11.983811399187855
6.2093075216890625
3.9279279382259
10.620272253176456
9.639745006685592
2.2665852664651305
2.509337210805865
2.678935251363118
6.695676687025326
-3.9161328111252347
13.942083069640233
-1.778015833472823
2.7879960872664467
10.546686470597603
3.781254639167078
4.009252638888538
0.30222805043036427
0.12473647420686351
4.595742611247803
-1.2333424043701706
9.863359092853653
2.37444460004478
3.7905412722348464
13.248558924345446
-0.7458795191725551
-3.558104978894863
8.677500447428047
6.598480173200603
1.3215049051200074
-1.8552195517514818
2.05024939465996
-1.3736522183191209
15.305763513830144
10.49787701069387
5.781303962374203
8.657645236642596
8.70838403704957
1.6096117063532778
4.934475261876722
2.2978884414558713
12.966323643148176
7.147237511608564
8.444500189089347
5.091795792762606
1.055194840613785
8.467954585486646
9.077684001960238
-0.5680635249560133
10.07726016247096
4.401046394411327
13.611127200001883
3.722210243995649
7.747864242334752
-6.385976987244444
8.885153406678079
-5.768053281045157
9.570357632369179
-4.046915207100609
3.627070781619423
-0.737000474198549
1.2655909654614226
5.223773853261081
8.180848115327166
0.23869417385898428
8.071660291106284
0.39773501512589604
12.493317683740898
1.7739746538313645
13.311482203219144
5.14103369641531
5.629532592203921
10.003304715352616
2.3136840335615587
-2.881992928183683
9.660452611824786
16.211123361425535
-3.954540767892868
0.13743486103678393
12.701067445641918
-2.738643437406359
-1.2239817131148465
4.467939372307843
2.0815776328214017
7.330594420267389
5.142620914380707
-4.70514662206339
7.398683335576817
6.706828164026026
-0.5918355502020809
8.342193834872788
1.4512124387658814
5.32557677291111
6.273441289822701
1.976823300538941
9.439758006941107
1.6492188486568478
6.854760797027942
-1.2534836549346355
9.054864574725546
13.851130460309598
-2.291596668053784
-5.317118723030161
4.154503251864536
5.735490548159827
11.234574533769504
-5.765772610059818
10.936102052407715
9.467546418170892
4.2872627570675785
11.350103234903393
6.479306121738178
14.413847421563286
4.9605709330679755
7.674290808357728
