-3.792974356301686
-2.578229656730434
4.060877605602045
13.378814992830366
-1.7182340942303043
17.552877489847127
2.30621009029419
9.202512796829662
14.710357610667772
-4.429347257443371
7.8986765059655095
8.543218820514682
-3.3912191534126848
2.0238959495079945
11.299720364497615
5.264544257000041
9.410222914208672
21.36080409896166
8.597085538976351
5.0985728960620875
4.531988540499082
15.151263527927673
3.336504211549561
-5.908694237347984
4.02786632845701
10.75020858572583
10.918433373108321
3.955796722126079
1.4645645056181098
2.2209242649923615
8.3290917030018
0.7443149663167157
3.7619991052696173
8.407389890001816
3.037149405332282
6.913091148088624
10.975834993858397
5.966055089020238
2.6240218899142436
7.964584256026763
-0.9526765716242345
-0.35282527452624235
-1.2956323981381805
9.651464395287924
4.340012323016449
-3.995832538135187
2.974071404493551
1.5435339202663174
4.330617501587886
-3.3754117417031537
15.035615017049839
8.202967714188478
3.10111735668682
1.7323351208349997
4.269729020128875
-1.0763432924028367
3.785549523556342
9.255179847218372
6.075673056103359
11.496081320612374
9.923664476668414
5.818005571963521
1.2383217379420968
4.102670124369093
2.219915717196281
8.260769530493379
7.158057541668649
5.417164493625427
3.913057249243962
-1.2810531533688723
4.15637542073374
6.103415532759871
1.9845043434402503
4.070206059144893
6.121372494374233
-1.090245219452422
7.495705516537105
8.14435203241623
2.5366751182010705
6.876975537567324
-0.3401699736598598
3.880534629502729
6.962854351598837
5.07028812387588
-1.5153575528509124
1.18783777698202
4.885288432534878
2.0419365559051648
13.224470516500642
3.7793977646985395
6.427737140240589
9.233898835190608
10.48781343547927
7.64370027114518
0.9985966348352502
6.534907504904174
6.171640986603244
10.211422952773258
1.9198823287600773
8.414380699359052
3.1171199305646375
-0.3327731503740843
2.2145625112021934
11.363529316165758
6.168850216571778
6.399696194185088
12.11159912888966
6.100448120849752
5.687032842920139
0.8044333080215482
4.885671130224284
9.67629157956811
11.738041666849465
1.2706769825810404
4.415097555884037
6.239639621265377
1.507311001728424
5.736075192751665
4.55582257767284
5.713850983600059
0.903650669010859
9.354839829386863
2.54782033557551
5.083316638064723
4.4148103821788744
4.22168951070006
15.483522077155438
-2.44269833945615
4.025813281313686
5.918910739509208
8.848874894126418
3.1697453335753085
8.547718174372134
9.837082884162164
8.676886637637391
5.157464609853928
-5.0495148788831585
6.48538760325258
-0.26057097592219103
5.671335841989917
17.78343842780678
-1.6157940916010638
2.768026945803737
-4.150884078101243
-2.827964268050909
2.1120820019933264
-2.9659231379258992
-5.219631152666041
3.5081597330168046
3.958414064079906
10.891676750215142
-1.5587970148059291
12.000435198288777
10.09907661391454
3.1664209523079925
7.107265529139525
12.504527715592856
4.096305193638663
6.363448739600117
6.753024168605732
-1.927867710864966
16.578789144547308
-0.5201982708383506
4.576801591216832
3.314590154970356
9.26505505980738
9.772509256611709
10.920672930048784
5.498398235792518
11.403158611081103
5.779357786433834
7.848787605373886
10.098250583587145
12.896538338426335
6.970912764071681
12.212001306179664
7.854426405447323
14.149340826287533
13.318969113755001
14.409519033009861
4.5364486463349785
3.1331329401374157
-4.817028131840791
5.609026444171293
2.7449616076409535
9.572905504203899
2.265087949404651
6.800257238820124
1.1728415288803973
11.267735497694453
-2.3413374013339237
2.1791031321978287
12.305950309626215
7.358815669914317
7.691268055842366
8.455600424113658
-0.9845436480850918
-7.775462529858586
0.6714479368493009
5.2224276401831755
4.549813276982356
-0.027740567555422757
11.363694884884746
8.638581323303118
8.058471789549634
9.950927698659033
9.65592231239928
-1.0545534413738746
-5.990059257275703
10.059720737873342
11.711838798792392
7.695706575943817
-1.2916236896147923
7.5267172054981675
4.278608729740716
4.813524863766197
5.254700085469187
5.486871851531849
3.5578558281477712
0.6984276876279623
0.2985044803825545
9.532855617343637
7.51868125780166
5.880943218807826
-2.3914634430099664
3.623894796047077
1.769157179164253
-8.28386676850519
-2.187052616967847
4.574625389742476
6.51488911196479
4.639570239671224
4.280307993414778
9.513146813650378
-4.473625849398625
5.371038576524397
6.709061462310531
9.092282443099684
11.624914858265356
8.504394100819269
12.175295259803875
3.770073508344171
7.363012352833916
-6.671467332901031
3.0936577618328096
7.91824600542295
0.3308506258101289
9.446145163992599
3.145202106449386
6.303190395203134
9.155827025052627
6.24844389694866
-2.3090210001478644
8.961787649498422
11.194856310121477
-0.840599766839695
12.771087668737326
4.809837540792794
3.132823054986888
1.3020935388765307
12.072120319352928
7.081669024250034
3.368946040443372
9.176609193329636
11.506132099953662
6.4900321664398195
12.061606049896586
0.5667091963951858
8.159517059492039
0.49558484150058435
-7.014868608578965
5.608176815411129
7.965848950227198
7.548342468067855
5.601519450531213
-1.0475233878141328
-1.4107614881439234
10.101291281950143
-4.212554149731017
-0.9926673096836338
5.1729698395073225
3.2669251465739952
2.3961002673476828
3.506968285509636
8.536551840668515
2.740475674427246
0.2048465188196893
9.178384692076099
6.16761612011172
4.948722273572657
-1.2973619288795701
-3.057116078393566
0.7134405497604113
2.0347371129736436
2.1894155111976596
9.61537384729268
-3.6307867153999114
6.476617559189149
9.982762331074175
11.842995893401826
0.2232144552244355
4.153827408713115
2.741410810043333
3.139457297260509
2.047942673173341
2.759854133840224
7.914419410633511
-2.110413374152701
-4.230996897784571
3.1471479817303893
11.394090193788845
2.1543488794451022
13.631500459357232
2.6989460539645327
7.726518817193803
1.0133984819167612
16.85582260258634
2.0248760962173145
8.700293517275995
11.090473263134216
13.086421370913012
-3.0099772805843052
-1.00691571358582
2.490607765583283
-2.2610309605084584
5.127959546733585
10.387194582816672
4.277722818002651
7.014923811930945
5.120979324025456
10.83370311465813
7.555942698689424
12.725634987475901
10.444428452410628
0.3141634692032671
7.02007274151552
16.01856238330368
11.357402909924726
10.17738735969644
2.0325000726758096
3.900840176683782
6.362186287013625
4.559166470641729
14.122093545535357
9.627722969428362
-4.136195008984415
9.774947582225177
5.389081818920372
-0.4739955863260139
0.6579115292141076
-2.192445594086168
6.346197425560289
-4.129618212432094
5.192626719682212
5.068073458138686
9.900484215247463
1.8642197203480202
3.8643790214325353
2.7884546076227394
0.2861670784254007
3.5066119597797285
0.46521943377785924
7.884267002393706
6.670076703597337
9.952956732145097
2.7207888613306253
8.044506426992266
-7.702387055340655
1.7307404821697965
-0.07003340948526082
4.041188834258053
8.980929160558984
11.192040478762046
5.903276624091807
12.411783633644207
1.9992856164506585
0.5776025647405971
5.620749171160597
9.89111717832656
-1.3834925367745692
1.1494756793326655
-4.829875249253696
-0.5171057052288521
-2.132955359670521
5.4782668534150805
7.176380928278274
1.7333799728589763
10.1298264539232
7.045305371199943
6.835503422900841
-3.178111975120787
9.124734829952853
9.3728972509407
4.142940353037842
4.686398633231967
8.750651086025512
7.269500388132264
13.31369100423233
6.45115133894627
8.109516915357698
4.902209676842379
1.0112963402747712
3.937653628719646
-10.925267155261578
-0.7379356630553504
3.946990529939627
2.2845667239836103
4.4732272993170605
-0.6019924321874282
13.377390354006417
8.362461350707477
8.18233824777327
4.5920778269894695
4.148841384792887
-4.366968890824136
-4.866509341252373
2.1016761742473973
7.265991403637807
4.3582495503025065
12.297491412644364
9.476171309190658
0.6594622446253551
-1.9606412417744172
10.01747482258866
7.303456330543322
13.99414335217467
5.786403200068134
5.75913423052139
-4.656019858086449
10.800344282753278
0.15831675657567423
6.213354134912338
1.8185159765486931
5.019560027412696
13.205281674663869
14.48465544409991
4.662818955828197
-0.9966120207301827
3.072775978439402
-1.1170870560480983
1.8104054804437686
-4.938270194214644
4.055585972484328
1.7477311522621526
-2.2008927750756966
6.304230663906299
4.537028084769935
6.660943935321726
-1.9220455806826813
3.205375637532911
2.986059940445016
9.281415971701925
3.3627292372475743
1.694674313767746
11.59228741423047
0.936016464135597
-4.219736047393393
9.912306828152367
1.440203931821598
11.879601499759968
7.125829250355078
14.381065639578528
14.053295590328696
6.57628363393519
7.187914637964134
14.237517198285932
-2.872936312902895
16.629424806319644
5.331702362738728
7.690874527183104
3.10588715264443
5.873415359739007
11.296412036398337
-1.8932552811677468
-7.054385480058151
-3.0523623232582207
13.519444857120318
1.6193511564761671
1.8475630478148362
8.880981142174182
5.343652474477031
1.2014383114334253
3.0025316487635063
9.479699806118887
16.77051668043675
6.452863045681683
10.27409784158846
4.940900119112595
2.2455641938131894
7.460706193575788
2.095783187762576
8.504485367517045
4.921444917773103
10.093294573457722
7.1685990967047974
8.480624782704183
5.47557425470904
12.227654183624958
3.480427698740386
12.149103628823676
0.6066092628351676
2.1526470094611954
2.4842638138801
5.577707676392908
11.631794353081824
-0.05683826710353479
1.1793887909418816
8.938323096836077
6.014858660883817
13.587817248791804
3.6244462993285222
6.087183182469595
12.476538189449439
8.416368081357163
6.362317363333887
3.056649226005107
2.160633125633402
6.942197372372123
8.868454358509542
-1.1217929315166302
-6.981797582597531
4.1362542584527375
2.1887261446410147
4.54437824127381
10.806403990670834
2.6935343779936423
7.391123443900279
3.686127074044177
6.647676685370284
15.213810432476826
2.9045205725512933
5.913155058745218
11.545473890648353
9.352186368410626
-5.017625041257272
3.561941235243972
-2.881013378041196
9.477747710413961
12.84994767298759
-2.16966822938958
4.517182808743053
1.3727849769835707
-6.758478053320232
6.692088289973807
-4.991431593682087
10.67222830078142
11.24666949192966
8.77346687630892
9.29202572752806
5.482552382156748
2.5113490481214895
4.178263026931883
11.793920216552335
-4.108610956014546
9.484778276927772
1.7231371292898467
6.777184526307906
15.084008509093541
5.356637340657522
-2.6081081422141947
0.9493604191219109
-1.3028214545910943
11.571967487801526
-7.281501873142323
11.188152980760808
3.49751713359461
11.301182942155027
-0.8816155148404601
-2.292568610679397
2.4424455888658954
6.243567714240763
9.911002929180727
4.745096078518234
8.24182026707201
-3.316557122507442
9.232049976954809
10.237703960649423
13.327621164477428
1.5969663001093553
-1.5960571054629833
5.868270859469811
0.24398419355993095
14.51749407547979
15.6440626130243
9.456564757238294
15.044207205413976
-0.13427352032530937
-2.7400642886375284
-1.606650423004595
4.429107522645808
10.183942361457127
5.573037644545035
2.5624350372527855
11.884386990605945
13.538027187605683
-0.6722474708965156
3.7630093030314646
7.311650461021127
11.170219309429815
-0.8031997386598961
10.838610804096618
4.838692092931346
13.377697750908029
2.0547495982332338
1.069278127200867
12.331770596487674
1.134605522423617
3.7092981907126434
5.72793805490515
-2.968715015822476
1.8586043430320105
10.836480238643146
1.5185600641971684
12.822998758338528
5.430804126045677
7.735242267290264
3.5930586373297446
0.7487179553715562
6.082671039398555
10.062944767371185
13.370484731610507
8.020905656327292
5.69509412728687
6.740764281790232
7.024010629505664
2.143311052654153
8.419960040922145
10.638310981895959
6.358950767422034
15.158216927755532
4.062145362567915
2.275519838402814
-0.04360415392064976
7.952747690576843
7.39693936922768
10.858825830263921
-2.754925431058477
13.820734282317552
11.1493103061655
-0.35096046125251057
1.958962020900025
2.103908452444446
3.384955027545289
7.077141341266897
1.930634845252948
13.914924809024972
-2.8852747725024592
4.240447224759388
1.7818991732197595
12.267501066739737
11.208979208827916
6.995232631348319
13.108107072345707
4.809795862270444
8.855964911808032
-3.422243116930442
3.819979670864478
6.426004073144632
9.35743108501212
8.48327250469982
9.668123279581922
8.61783455628864
4.294534160254409
6.412196694024222
3.7936118882684564
-0.5801524194893455
4.262642360241814
2.0226750318949738
6.5523224193175835
1.6012651200017711
-5.207950980356648
10.246581200088748
17.837964659144852
15.896828282100795
2.1108654743095445
8.664924226987438
3.247600023623183
8.446151360950005
10.980713515175374
8.003464534340115
-3.0408433951996034
4.014028305527644
16.570076221039656
5.851884268257754
-3.407264551803374
-0.719742031639262
0.13604123985048933
4.3387843357818205
5.251087648457437
14.133165709288885
-5.861599276083101
4.695694711510954
6.331498643147382
5.146277114504821
2.6955221044062707
2.2880257250048652
12.306180316352645
6.3441561912284925
13.927012223178448
-1.100291884610746
10.913400581920296
4.215158872834905
2.143020408387206
-7.441634477519953
0.18535150380289078
11.511153712003726
9.984590967569709
23.97241942541174
5.754313191535717
2.390275300875266
6.7518749550125605
4.809509166387821
8.50514481506035
3.34176372109165
-4.807744117061993
5.634951040507541
14.534787388197831
17.403606972466413
1.947928116310775
10.79344547527965
8.89585750287638
-3.3232643822961903
1.0473321486018103
13.580681222857526
8.235752014757821
-3.10195691517953
9.02602259197977
9.453255291940176
0.20456691156643103
4.458003341326895
14.606400216301118
0.957603468216865
8.355338491681232
7.302278089734091
5.030209700111164
2.434488626895095
1.8638086675751535
9.272560784597431
1.7832555212722188
12.632641924911354
2.196541185232708
11.730919192116973
8.197231807719398
-0.2018083906561765
9.940324554078739
3.2344322817947155
4.399652106999092
0.5166073657119492
4.927099303533626
2.232374770720333
-1.2724138930969087
11.550484600080306
8.207788162454047
-9.210634958388454
8.786086362900585
11.406184141770968
-2.6893038501807336
0.45670110264163855
6.945504950489168
-3.2113884436686204
-3.949755234142356
-3.240574485869777
2.4564893471523317
3.8337999162696317
11.040070685503123
15.139573487226459
11.811716451936162
6.419293982210398
4.945859781896338
4.4675665801480315
7.9655916603737875
4.6682953741337165
-0.33025869841148214
3.7906158851440646
11.786969583999795
2.6690386267558224
10.621178497171918
7.6783594804854385
0.06395698380215054
9.196013573864203
4.946441383680303
8.069149404465525
6.7013655022455065
6.436951133255342
7.456840076630092
3.7698157114139974
1.992697436683403
6.2378760193035525
11.929018240401003
13.944105061446235
-1.9025818885772585
-1.4604652582127926
1.277594382408159
3.197139427795638
3.355726606215576
-4.524206982236683
4.660234964683151
4.39729683195068
13.689203609296342
7.571592977939285
6.650230728874925
5.3061262334452435
5.410507687543546
2.8362627104179383
-2.599600512191631
3.4990184634778094
3.761462078839013
-4.593310281595514
18.492882631847845
5.563412002273307
-4.844167558354515
5.332981300199003
-1.5382509843789975
7.9388571689986795
-0.4464874339729743
12.326295929888529
-0.3219488674571154
3.3185053010369225
8.476367167656324
4.278198025335045
4.25763903088913
-1.5790905699469118
7.855942313183582
16.90116417800966
-0.16880305186505318
9.06770415124776
7.367258141927462
-1.5177301375147234
9.791020260115094
6.129173704367639
-4.3261578490383865
-0.25382457098143263
7.287372436098174
1.2330762789269023
-0.5098294714825116
3.9512540031283465
5.156127446664631
0.7392980117232728
4.778557071891534
11.498642122536085
2.6909779084854133
2.0270702682173463
4.9190757373317275
13.042531379984863
-1.496955442111922
5.557504797053001
6.587563661675067
-10.49881889455596
6.629720467567447
12.94453948158888
2.664342880784424
7.543319236060892
0.676838959995937
12.023935366498568
10.938003595452212
-4.9559374419232824
-2.005380773545613
-5.999589731933721
2.8127831207533314
-4.59403088265252
8.480558558673923
9.034291336397976
8.714605302725943
10.087316315805538
5.616692330698674
-6.486486190295198
10.633017101511212
6.187914537880958
2.687673624769899
3.3683649183035267
6.460865081733936
9.328286479128082
0.21036360549981392
-0.6910782276299683
12.429376113244773
4.353701954948121
-4.4223482815122885
-7.508969000353721
1.7752442014206533
3.9234154272805606
0.6887445122418256
3.682995818337627
7.771482450571016
11.127091635372791
7.912656516074189
6.172522412901895
2.8184362719796345
7.1536056644822095
7.000233139287747
3.0526025655594102
-1.7377552671080903
2.1566245532447317
-0.8598499850331693
0.4333925741772382
0.5581291668171993
0.40981304915678063
4.575226860731689
1.79081471124954
13.935540237982362
-2.464974033020292
-3.313940662035005
3.536439167000371
-3.1485977824968376
9.701205831236305
-0.1635513570719418
13.15278631494974
3.025396014042406
2.0334487411756377
5.264587401349932
11.523522608547193
8.791252834619824
5.069665654813027
0.8740722766781612
-1.6061157610318837
2.5531564469090138
5.875669960409409
11.881358811902917
13.933133024304825
13.73973024620987
10.256688603848684
3.840506721564768
0.9741835467546087
1.121441482683203
7.195313922617036
11.795160904623014
2.4433771233404435
5.623984589623586
-1.2086907146784398
4.885794136088627
4.777485652416112
22.777759961956697
6.666001715391367
11.460804704374958
5.507833729604432
2.765731860944464
2.4660178066218377
9.232970416273233
5.680240898903012
5.335011139796529
5.787435060152267
6.00159529859641
4.778343121497967
0.36909774253690575
12.724549863628447
4.504189789282387
1.9085099140733286
9.82516173813837
8.545368003967003
-7.300214585206783
8.363031109125448
-4.2198047700709465
8.281358534806365
9.577436149487262
12.883540301704615
-3.3840616335202096
2.0546983633959233
9.287578551868988
13.408147165815922
0.4420026785441
12.804822057167424
2.209725061580066
3.4125692292557526
3.7827655343844633
2.4237718233035084
3.343858462906432
8.27712655814879
6.091057372443302
8.428561661026338
-4.144437606194997
1.9125430392144152
1.5549245934637632
7.112438538599264
6.086968369452166
7.259788061860241
-1.566110005004214
6.461442898855963
-1.7834834668287787
3.012673996709125
14.372499919392762
7.670069163141242
-2.0713086735635935
17.466676666913333
4.643392941446974
-1.5343930544251991
1.4507179832661246
8.384819006189492
-5.861723691176479
2.0426211172024744
1.0980609643259505
1.538538590049611
5.9519234644810135
9.469337768918084
-5.266699604405099
-1.3729828946075155
8.170192417974985
7.029201607160117
5.984394529104442
11.034968296914553
4.480143201232214
0.40744659042538434
