2.8519911400764584
1.5648111538973786
9.028689220923017
-0.6842581516619477
2.0691960202302244
14.12740276234742
14.503056951339751
8.270959331235366
-5.145296970399325
17.386186866742023
13.238760198022595
11.123003987651007
2.9642315327950244
4.4961782433975
-8.256051118651039
5.17359993304735
4.467919049294688
11.578569294704764
12.868134128342176
0.4472482589879121
4.746917587377981
6.866018866634108
-5.201352102795349
3.289971326359479
-2.952021938890205
4.273169207812002
7.316046836351871
2.1574783176055097
9.342534983593465
5.560902675028396
3.1667414224927977
3.9368553525334615
3.3586645577948144
10.508262151330207
7.693372586061487
10.800144888635161
-1.1935988878236978
8.954563526163167
2.0849551122637355
4.537508936531009
13.825684986466364
13.436354689802139
3.5196683394953663
4.07129680981498
2.5619932471575924
-1.598362282302861
1.4495725728413773
8.381334305904785
8.224188981690162
7.853429276245086
4.815189614283612
5.233909209632179
1.8405756987219073
-1.1035517221023996
13.504962961898851
-2.009533529306652
13.082782517758947
8.496727311492272
6.285818392238449
15.223995637408205
12.012197272622442
9.535226635318804
9.340212093248399
6.5178483362337305
13.545101624425758
12.898153044273464
7.407259363470365
0.9869238330653474
13.853884025847186
3.5290901560863164
5.052452574708218
14.179449375488916
6.626160427521468
14.162149225571216
9.168745233861612
3.721530153032484
7.578974015301684
6.409789092371536
3.57402141458226
7.699054948713508
1.079924958747323
13.134379486338062
-6.598081583323888
4.556916123081147
5.566971971154479
13.321179498173054
8.675769544446798
16.529575122031478
-1.1861028837134233
5.7140262120541605
11.190498469703336
9.101457272182747
6.670340021212123
5.531437561157835
6.6833396856161125
4.315363014299793
6.706598884177117
7.650275763534328
6.4553509873316655
8.582330197796079
-6.341898654685156
11.243817391234519
10.6848752599626
6.606673617467697
-2.243644597720646
-3.215964904984812
-2.4057918359507884
-2.7822334010307674
4.721764830214895
4.582482230881697
6.539942647995645
1.1737382687331763
2.4546933619384084
0.7338379363376732
-0.7833314471000312
3.787261506425485
5.997265634334578
10.036605628304883
10.918191270732867
12.369226729281436
-3.193366022138349
4.381738570006864
6.355588069174021
1.8448370632058473
6.572152033598361
-1.0523202451533358
3.3250143467049664
-5.3166662660330015
7.857745097752032
-3.141765702612682
-0.9248209509830954
6.946163143655985
-4.541459858786084
9.570271473700355
-2.2441998752140293
8.075185359729833
2.725757253653891
2.716340448084142
-0.07375009869534477
5.783225446517677
11.281422472450704
-2.0552203676373404
4.580498496657974
10.537947538074448
4.074133186205955
-0.42640718576414294
12.531682449184396
7.528747517046272
7.271710203711189
7.425740059093453
7.135029338642177
-0.8184226827336563
7.886893932380485
0.3380092045668457
3.2661335649706222
14.922584718404007
-0.6738777705698515
-1.6945087280572562
3.705168539127475
7.629087507603648
0.22995515779497921
2.432496673930009
4.334773790889501
8.787377521749557
1.6027692837416678
-1.9308818681535431
-0.7822198067119368
2.1875277998305
-1.2594552575808096
2.6177864754171094
4.2010617900439255
6.798638642355903
4.097500688798883
9.267111709189466
1.2024225349331124
5.792286973059346
-5.5583727844434705
3.691641973641736
7.244317643511498
22.401525581457452
2.6539422693386805
-0.05451814920873588
-5.524221288114031
8.305258472815407
-5.76311704865631
-2.5314235065736312
-4.764724926406641
-0.13753964320550338
3.940429167661355
-1.0272845673905042
3.428384811415894
7.479900079926009
5.320602251903467
4.190071819352961
8.64018486397131
0.18851562331775362
4.063692396865823
-7.082365840099612
10.380076608325812
6.27117279037833
-1.1505196573209293
5.646239548149465
-7.288512051168951
9.023040093286882
3.461912780960421
3.1041124427451487
4.463509711942267
6.225644618772434
9.526864166164954
-1.1490262007671577
1.5896639709975413
5.745434683491693
5.7735526298620385
2.575479946118692
-0.3415133454650565
-0.5599287001881788
12.541649514788606
4.645913747325233
6.006883563684745
-0.26056401244483585
3.585647477238283
-4.255450409694925
7.267592536605882
4.33841550730587
-3.8428908210537607
7.046754426275571
7.442077852159425
9.871752350369228
13.354617194676937
2.7854604746189056
8.574412520607803
5.2632410131438405
3.414518935690703
2.7924718528673784
3.1992547868879937
6.448719084946929
-1.3752370956086235
1.771063710341907
13.42927351399828
7.362542707411667
7.091952099796425
4.260569018722968
10.304202554738051
2.938043036265948
8.490970274869676
-5.672307057314121
5.80912382649559
-0.7764458350053145
1.796413398706731
8.450650169812922
3.6227963823959195
0.5316979693854766
2.1132268606734956
7.497269693209768
4.876063967851409
4.271520388357106
11.564882977662592
-1.5620875634387907
-3.3001844348572895
4.105621605172203
2.054911238226772
2.95181456329508
7.861567608065336
1.5020919838164124
11.377334897935917
1.6874012368659954
6.553325582616929
-0.20859636363069356
3.969305803263481
2.8585660169514147
0.1751420997209081
9.458051739728152
5.926458510260332
6.033764092634145
5.357126030790751
6.940226886950886
6.7153374819782155
-1.2429452134942176
0.8735208871251396
10.045621291047091
1.720125045827407
10.921926775601317
2.3570203870891877
12.592432808998105
12.019156757199372
3.0230927549654445
4.5354187424516015
11.994994244168588
7.04401994958651
2.89871621336635
0.03415806398437571
5.858102143461475
-0.18429868048234654
9.65907355034551
-1.5582208018629382
-1.145176992408615
-3.2835583671685624
4.053323204637779
2.8618118015275837
7.585884944890916
3.4618020006011267
-0.2956793208990982
12.735961932730158
5.889914078842658
8.995328923725195
-1.4943894582486594
-4.1329619425406925
5.437275183955226
9.11413404225544
3.8137233843189753
-1.4955997465785318
10.44872287663524
4.596066891424299
5.75052999435135
1.1467798885162712
0.9382406111038648
15.561045704781055
-2.619709278665497
-0.46377229814792376
-0.8286841132021792
7.610095647578822
9.931400478684761
13.966658922605781
2.0225999418745815
5.518773011260129
6.984165771770149
4.750503962131813
6.305876734909595
5.623059034992965
5.295422532186766
14.304783082390857
0.6059477336505497
8.510760319051238
3.959883613909674
1.3405931728716434
-8.259537850677594
6.976662406121409
7.751850349131975
10.063276285666118
12.972808616858464
4.333610615708532
9.336977043162463
10.955537446054993
8.174587296024058
18.261318890560737
-5.22585624425415
2.240630826124029
10.232307916895554
5.017978014875635
-2.396114266092985
-0.41692230648266193
0.396719574758432
9.250671007015029
-1.7007552908626846
1.8695141486584195
3.58343011315682
1.7670097056928569
9.773532017889721
5.756768147590235
-1.4113543268346778
8.36096734530608
1.26662118818928
5.258545662223345
3.9100239328595072
4.595342706537369
10.321976805970802
-5.211068488038595
10.994254401872588
7.741455323942952
8.24847813005739
-2.5102047494332993
-4.404347588053994
-4.469888925057722
6.019210843952442
10.541550986114633
8.30921237554217
7.410252518428299
12.13259039032947
13.817462799821607
0.05940062443774563
-3.0878382152117805
6.84342751774336
13.126137489176177
8.85581756046756
17.338685315546392
2.4528242229156394
4.224711237730899
2.3722552512574997
11.50001246748696
6.352643914595474
2.6002238177501242
0.9699522583970914
13.299346558225903
19.10057355434936
11.302693833693564
4.258302471766115
8.512645336588031
6.585900318403719
-0.7634835520458312
2.6034213849139727
7.964454540781666
3.2990115982153623
1.7296486688241854
5.133184140544985
3.409803630082977
4.425619111172661
-3.2503650234386274
6.255170201147086
7.163535677484379
12.739700806083512
6.874353588188336
6.235009881502304
1.3663623889332004
4.692349887106911
12.72125725976369
-0.03796414942722137
-0.6722136926999118
11.864294011886624
-1.919168996614622
7.123714381121051
9.655722926563628
9.204048675332098
-2.130430506131697
7.942600985943718
9.730552773094244
7.651689289836246
3.890404281693528
16.244970714971654
-0.13346535134288295
-3.871196874051954
4.208599308743617
7.419425450719883
-0.26084997540234234
10.85038382499447
2.8239796392517844
3.79152746234844
2.823863962766153
1.6540619016396318
16.527194063098456
4.442015795576621
6.610426104019
2.188550744586424
4.989345030954182
-1.8464292427248283
0.03184086554285592
7.613961204928769
8.930859444600436
1.6418915967254213
3.7806094069369114
0.16647129373793046
-4.650338664987746
1.8507197330068381
4.273791380476613
1.5537597438141564
5.589939486294319
2.2198448941536597
10.2143051730304
-0.2217366830996257
9.614001678038296
3.6054663881901776
-1.988081870984976
3.556709783572252
5.179368249063359
11.40440947757519
11.502706464312391
3.5141257160902573
4.269980326395856
5.185025435820474
-4.5072402374438845
-0.8788753765827382
-1.9544184036510384
4.130319125059142
16.18330808497489
14.238679131180437
-0.002831028851740136
-11.508095644474192
0.6411649652549634
6.1051525819541395
10.373435033812914
7.708232394349583
-0.6176510010133693
4.116637864815722
9.50750085237722
2.2173201119984354
2.021829735291033
3.4356339691421884
10.139575408294814
-1.073981712951797
5.569983318881454
18.040881968959134
-3.827657748787665
5.497407632662183
12.456092199197613
-4.598117501493312
3.5291254252510633
-1.598450618083751
3.614255149133583
-6.051347984378479
7.008698513977135
3.587071511594336
3.324142752436183
5.033462087579688
11.770132493648587
7.207651273662546
9.962883266204884
-2.4846817305178384
7.651401029601881
5.798113838370359
14.615011186945814
9.960504997159845
8.971896695137834
0.49964294840624923
-4.736891766025169
5.659430307872081
11.764139563844871
9.842571183889694
10.259652329628661
10.389941431862436
12.70305372106703
4.109725319666785
14.943573923124193
1.1970272571902756
0.47374010331099203
12.199297461965887
-10.080449765501818
11.27923999475787
1.0082406502768064
7.139571257732502
5.058767248309831
0.8503616282925965
5.067734692676041
13.580062531856893
7.042535723765134
5.36984795937379
10.823357397936565
1.8121303159433348
2.1319766824625868
1.477067156555601
9.084074669622531
1.7397559846144555
3.060513887890349
8.306749641426764
-0.24488062875007177
9.77536510763898
13.124229259633452
10.544516419989595
-1.4551554481385534
8.68487234559615
9.497481630042781
5.52109490049058
2.2323617251598766
10.346168131308154
5.021631655420064
7.832953854434944
3.306782925153361
10.07096065598778
2.584095587085557
6.945000156858215
4.907326418845782
8.061542717632577
7.370070665519412
3.9865106933210988
6.90080238973982
2.2088639864954667
0.8646471959345083
10.25426327279019
15.147144298744042
4.540783643888345
1.9893293619269934
5.972462429214449
1.923531441421507
5.511275130435551
7.851432580290836
4.154304122225128
6.181732010079276
-2.089725573309731
-2.268165107889498
6.810526649056905
16.41441889242183
5.826399293323098
5.04974898194043
-2.501710622872416
4.637099961373448
-5.085361235039441
-2.832336650820773
9.862273631967506
4.808579619178101
2.597332308978489
4.450214142834572
7.416972476293782
-4.166801008163365
6.04981288095979
10.84408771379277
-2.303167003812095
3.1640725162919576
1.4922066705714765
8.601705238385971
14.204654172431182
7.2336806158426
4.53464853222024
1.5299753512839485
7.404388521842365
7.451116647532416
11.073384958719547
6.462483633332828
13.59625931039621
1.5911245255251063
11.546509449953119
9.73296320805169
6.7152264996813145
18.88576520835481
6.398117643589298
4.73224729317137
6.999196919242605
18.28004432554651
8.912953863468879
4.066872391011921
5.157398089536153
9.761239526737665
1.263140918534471
10.615734500250445
0.22132133605338566
-6.0934478874240305
5.956637710976861
9.397622929255983
6.245768892888376
2.264114265908381
7.262614211084752
14.38061471618687
6.663434851669646
5.188219865876513
6.902547112946547
2.141213496961896
10.94697485967551
-1.506396240278531
7.669282584936008
6.254635599011775
11.621725338476036
7.387336816274255
-1.531198563476142
6.480015374283671
1.8782525153582794
19.419016298170384
9.918341563415499
8.322699874591114
12.762893579475358
0.9584331999639835
5.668078990269063
6.475721844449549
-1.893648123974546
9.643972785584818
2.5578798838298082
-5.221104910242005
11.71077248245523
12.025260460510761
-1.059095514752988
7.190334673084687
9.70169607752136
1.1334046974708825
13.869651706176803
8.826408352148459
-3.6845790239839173
5.485868093628621
3.851780419386035
-0.12313291808813798
3.5043093488484445
14.591089378606917
1.4827193987446101
8.933098053756098
6.919216477489982
4.0615266741561005
5.528057535711701
-4.863565651576595
5.806039114344837
-7.2169073928164025
1.4040250736415123
-1.440597960302509
9.458235438646616
8.302067734560296
9.786504420125837
7.182787800332589
8.881087414448395
11.801216688804208
-7.635477274944115
15.06273260263382
-3.130852336052037
2.4584859496595572
0.21403367121621386
7.620319203612282
11.059754776689427
2.8569726138143543
7.182777332467245
9.347866289787078
6.931757142576496
-3.207394321326534
7.078220354616575
6.384487287700275
7.362052350687241
5.224286779798954
15.020860433918905
6.226781001873234
14.861179046256868
6.396139641686314
1.2107827764158614
-11.796332865603311
-6.197514938724057
-3.6643649395481184
2.697790817952037
-5.697077444117122
4.722159998293998
1.8251356287932685
10.821464910357868
15.171986500588492
-3.8943605074892176
6.612112700623677
14.026778761301863
2.287247569625295
-0.674904267687737
-5.841378827189843
-2.4343973982163227
-2.9863254189296455
-2.3226278715371267
11.367982855420859
10.478459651900405
2.796292323916537
-6.5680752426755
8.983817603670227
7.287788365013896
-10.811834485067815
4.41128773845762
-1.0392816448467217
6.143003256127238
8.15161884605379
10.767702939122291
8.540991225994743
7.355572975033788
2.503205638217673
13.329586079484304
7.250786383580243
1.600934793631214
0.6970706706676495
12.336039333811593
15.351699853896273
-1.1772469224514293
3.881499988002448
5.4159072835033495
5.1432890473514075
11.495642695421722
-6.39991772736148
5.666186135668706
0.987850953583834
0.5033223002567362
-2.528882237300465
10.394906473644248
3.4237648388492596
-2.581462575515208
13.017970475403118
5.4852214084135795
2.0506443196007997
0.8518000535776187
-3.021714215121629
-1.2919386187156485
-1.1747889022539892
10.205815428385858
7.7018170818465785
9.020237820601878
2.078355656049108
4.1500062477071396
2.9464273624421837
5.15571004475224
4.463240931656622
6.633912203526294
4.075432671681936
4.801358692090447
-6.609750335454946
1.7218542686115192
7.939288681647206
15.63943969530076
11.015772555137541
10.261464072452448
5.935606825478241
6.653421868063263
8.052134666896128
6.687641807597165
12.604649461189553
5.644162209592089
6.118088209584172
1.435479175116404
2.277323005066302
3.4992133488581065
7.812228682090892
4.644930080648075
-0.1945839765501427
11.795210446468959
5.65744072234219
2.3846802215012466
0.59752083645051
0.02881990952640745
3.66214847831003
0.42554508927346246
-1.0919618663920225
5.167901636063157
-1.7471899944343834
2.6685642775627687
0.6378927146201887
7.256697217131399
5.522292167100561
0.11382690395318651
4.266252299527501
2.797018783225286
5.800551439164627
6.133111004253274
6.4422385840634115
7.811358245284932
8.255926710731991
3.1752747258389236
9.175965352837213
8.343258548891717
11.68960969326634
2.5268645459956898
7.236231711494957
1.3377856502695862
5.354806839223068
-6.54920263309713
0.9545431873836776
1.5051238002868064
7.605504220251681
6.223594210935547
-3.4816235474262873
2.738149722425663
11.228615899422726
5.558577973022987
12.946348647467683
9.607715218854786
8.927632681916846
1.240227665403467
11.074787054156852
7.9698204867291835
7.408481332039036
6.079839180358344
-7.339960846602777
-0.5473828411842945
5.698372048193874
-5.1376830632120765
0.04479235684195082
4.217608612728814
0.5971829320894537
7.133620666516975
8.802110060592149
1.0366415582236699
5.371161779818582
10.386021257885828
5.244795103981183
9.852741270933743
7.348526294012745
7.343630192083719
8.067505204066599
-1.4888017982119397
8.364562538172393
-0.8945692699533492
12.176047677147924
-0.6595701446424096
10.770343440995124
4.976882296491693
5.952311670634527
4.24911806091382
-8.447704649180928
3.3582184216804363
12.492271977686084
0.9302605409400657
8.281484203313173
6.833359031800496
3.3982550278853716
13.264707502592278
4.285139563750997
2.546821720829406
1.6319817280385158
10.145683869829439
8.117659124529006
-0.9414002496233476
6.660770419077066
-0.5944711418354753
1.6406096468127378
-5.223174835038241
-1.4843537974535002
5.559911223817197
8.498951366514508
6.462040403812335
4.389608034552397
-1.9499834402193654
8.326994277689685
11.558437442170028
2.675321925212145
9.915996400580163
2.850823113220504
11.887146681751931
3.2536351281291895
13.311720925674644
11.57982385813332
2.308733727963291
9.189838247911336
11.439001770098812
8.321640897248288
1.8926858957703718
6.168285931887042
5.91901874706748
0.8487713917324644
1.4612971865838906
1.8751374126221352
0.1487966724082206
0.9091687268887738
8.647671585973965
-1.8911580662826317
5.285838697169659
3.603064037269198
5.9702548218400855
0.015107405529164453
4.977653777350286
10.065233783585787
0.896354810417276
7.153652029309343
3.6307517879393068
9.520761380993031
8.81849430955139
2.342818385546983
-3.7043137726246105
19.594085866823818
3.9059881588665983
8.64727053370271
9.512482691200907
9.632836093817266
4.9547536182679295
10.679785691552194
2.311667183557412
-1.3442124448984965
0.9006928553118665
3.1371113474720387
7.119536141135805
1.9631712361599138
0.7584346350224567
6.146984223661549
2.978715727650344
-1.2699815822460296
14.086534233810271
-2.0378301161828523
6.436276210531031
10.093035977080383
11.800201282623199
13.49537151464962
6.456893169743077
6.24957735495067
2.795483393562131
3.0358301673036396
6.283308131261037
3.0663437172873023
6.77764717038017
7.565259716489502
5.434393902340526
9.771461556628571
11.051601002993621
5.244346760628836
2.148790470948446
3.163411633744264
4.149549500965614
0.46746623050335145
6.678601879985604
13.908096533860059
2.3812683767045995
14.544072491474024
13.820352937728558
12.944124179562204
4.941709880282725
0.6985525148633878
-3.337718662601036
1.6474033157750747
1.9487964603599663
-0.3497023527701124
3.968615858946091
7.695783306140057
1.510146876717097
3.7602763638042
5.663459751170437
0.8452955726670028
1.7374664122961838
14.908704875987807
6.910798753011774
1.723271009854216
-3.269037371680046
-1.0932025343950942
-1.0919538038214984
9.205548296381568
7.913984410428692
5.774303388421005
-2.291297007781435
8.075390424242666
6.456011488580797
6.055807678747857
8.481974662057633
1.4899084446729924
3.8119095580606777
