7.434553791478806
-2.504812500705156
1.813540035064472
7.989836068331367
9.85229158615543
1.9540426283999999
-1.8131322698476087
6.326947038567061
6.5780752865427585
18.015659775098385
-3.179855729365171
0.8226298218956374
7.426424768971555
14.476463280112362
4.462223351487145
3.901771477451309
6.283873331782074
12.521846393687735
6.292447760211849
13.976641416235356
24.76784462740689
11.980560178456804
-1.07934961029855
7.5886083507501
3.1574166378742055
17.579359445645785
18.45232120806512
5.122857740322269
1.3530104489504007
2.229907348919392
3.443420275153498
-5.785778544953438
11.334815750173318
3.9426951868548894
-1.975696915320741
-0.8925064225136188
13.458969673085928
0.0864001905520504
6.439158788805255
1.2688430725029192
-5.482240772672839
-2.2560808498536318
5.348605933628275
9.055815299755508
0.9271989549620061
-0.5605437676491061
8.654890207608581
5.774255924601447
-6.267297601563692
8.709840834126577
7.01002864349166
6.98157660257002
4.107799823190906
7.852194504045713
-4.603623623814224
6.428806803373444
13.152338489776769
4.8378858227410975
9.2659475109919
7.41632091984213
6.008869451850504
-0.1986511309552581
-1.4616755213159562
6.134897447994694
5.43451987894832
8.134451978766217
4.232925420988051
5.665067748261617
1.9467699412340664
1.4628784251873448
6.016314116833646
-0.12675494236091733
2.920146798550618
7.488320575849267
7.2773817503248655
11.96924466688166
13.829556943271115
-2.012752530582641
10.070487331440678
12.1525979385514
4.06098626970483
4.613221280591941
-5.5515707273275385
1.4633085582875323
3.352763628124375
10.32153086098229
12.700357189235952
7.217587226805058
9.810205943699927
5.515106940053532
9.793905566583192
6.985820750740405
18.171728172014923
10.29714402901378
0.41871938523299423
5.445611025985488
1.5099808208823196
-1.8529184356587471
7.748954360154682
1.188878425047445
9.05210651535953
14.938203097866761
2.4852790861105194
-4.329120891386657
1.759788899968064
3.6301841383434486
5.319638714080112
9.619515999063998
10.197949314137404
-0.18469883275252608
4.901879299283626
6.069220645214625
2.5428726644272936
8.96009542944347
4.199532005331187
6.75177003724659
0.259210944519892
5.217781376176329
3.1386307935865205
2.177077370425004
6.626599854002316
7.696551302671533
-3.3537782121279323
5.519820881449208
-1.9656346645259033
12.879459149797755
3.314517921036767
0.5430314035389605
0.07304424017372568
2.7990504642676415
1.1190123262318434
9.820507387109664
5.599461156192
-3.49276042382375
10.714977153086574
19.952356788398763
-3.7751380162971735
7.9850131557058095
1.956085233292519
5.565387440078262
5.63587413223254
1.8942698509818046
3.9456638236551753
7.966712237827892
-6.06349460600746
3.5408015034244373
12.320594476014078
2.418153080068021
6.499788004493618
0.1533928995424314
2.475077373645333
14.68631192798541
9.907012634759965
-7.237104207869516
1.504074753452589
3.2998607815597487
-0.21780265894313078
6.231266005269361
9.904006465855591
8.04065888739858
-2.285499295150153
-2.1251584985076892
-1.187167009490409
-2.956811402183403
12.87020698841225
0.3321458554401815
-0.8415390250336774
-3.0932189921341244
8.582227495528661
-2.03250658873577
6.827849962284333
8.227707637432871
0.5661117464580796
6.240916304174744
3.3170706285917606
11.637530918964812
8.640842933686436
10.143633905858797
7.469601811132856
13.928181505475042
2.2614190790251607
-1.7721667634408345
7.792429781110306
-6.0683375689136
2.0111564044303774
8.201348369431672
7.980871601006308
14.996996986613457
2.5626769873313364
1.9684075472614224
-5.004828993713586
-3.031100977530585
7.808467265809413
2.574533663046079
1.2517189373839461
7.269543502618715
5.764157141782822
9.680164417766594
-1.1655834355251669
1.1119291774315396
18.345711370700762
3.178674028845731
1.0172756799308127
7.6753578207926
11.48471639653362
7.5269519178663185
2.3384453269163394
6.322235575569566
1.7157852856561333
9.116274418792676
4.746872861174984
-2.1391960100461693
1.9682923775528414
-0.2323864154446147
4.2175744668164095
-1.9812941095926657
-1.0201379169307598
0.4730340886890039
5.656579311114852
12.704586621968474
5.282985612541466
9.541101464689305
1.4279133604551952
8.873811592162639
-0.9068397511776847
-1.3318959534290578
7.276668724260496
2.2248380756011517
5.716403807071927
2.668492100453648
-0.3537540601178413
4.07907308409815
3.778253604225542
3.4599187648858556
1.6273732057772134
-1.536835847009396
0.7550247502176026
1.5889793075269019
1.6880587809912657
14.321459404112165
10.30942647226437
-3.7018670702478893
-0.17017254844406615
5.381706225352112
7.1918717637424905
13.5743884770953
5.47336223457515
1.3619605891884496
2.6265506053227767
-0.17220879699488734
8.503332944705278
7.836719945457815
-3.668649177314748
5.820345090553702
0.4065820800679312
0.1256905004002311
0.40081926945343405
5.171662512049428
10.205678830667374
8.411160410145206
5.426605197280872
7.057942968634172
12.62106972985071
-0.38840195999364635
5.6994030518635705
4.676780321085146
-2.529554597163731
-3.4281025586200418
2.9227853134261768
6.007245280325597
2.428059326669597
5.5508627305981655
5.00440406513538
7.100622438451054
9.065008731422566
13.866595551522458
-0.21635299487156345
4.5860835148835255
-0.016577299598614204
2.1923429368486804
2.5301120710271343
8.661840818980135
1.4729742312064387
5.619022100887597
6.77543145509527
-6.794151522375632
6.495421598639497
-0.9824368135078654
6.96695008784252
8.950199821802
2.6964167909740153
7.881732959008742
5.277318949440503
10.7120144932594
5.360498457390578
-0.6565666263731833
0.14546136427018075
3.643546308617032
5.176997229607354
5.877394492407699
9.816542280323452
9.533813036037781
4.185292823577184
8.826680199379233
7.348364210912962
8.12882883288867
11.496976648463978
5.980430181481416
1.0425093975013757
8.953451639846334
0.37567811280501395
8.078471006062163
5.340601800773853
12.75090834950335
-2.8747720241679495
9.548195017685604
3.519536597811498
16.285830556519045
0.2670722098862628
6.486263614469996
2.8300957552967994
7.439835700723283
1.316013992190887
-0.9244633945731087
3.032787409613495
14.627963456867139
3.526878976682899
7.008856312114262
10.938314536676847
-0.12657447876747696
1.0513379070712692
-0.12357046024606788
8.124285478444708
4.918027067632328
5.448578663462875
-1.224109601360869
-4.554221743123367
11.721008661720077
-3.209140433008457
2.47971479485638
6.425120962017186
13.440662430171505
4.384297769623454
8.30729495663942
13.506389261187524
2.2368612079082357
0.969633675334999
-8.43789201271324
4.1542708466079254
1.0168323008769362
3.675670207704818
21.41661330648703
7.209073957230297
-0.47914161925402876
1.7946808503026688
13.462133271120546
12.127629096005515
8.579222736148214
-4.601114540504685
-0.29076463085156234
6.138731669913784
3.724028585740309
2.7331799631181535
7.393050688472551
2.7309882943017083
9.593532774220856
9.502545533827277
8.80997284370725
-0.5957241427781153
7.599285637253213
8.369748829709604
3.531426135119158
1.7507950969530368
1.0147883792985888
-2.4076538305402346
3.3781027270567927
7.662877032697519
8.263051027563694
10.60105172617714
-0.9264244987547698
5.879324023262717
11.51758574138529
6.4929533758784554
1.522186636816234
3.3262560843350215
12.551613916124415
5.69544889507473
1.1396442592832967
3.169078526251802
0.17328934139123486
2.9916857050115357
1.7826430224890175
8.024486408092004
4.588355429880279
2.2411028391741583
5.248924959825427
6.004199956577124
1.4448317957853059
1.685647723233643
5.036055647300911
7.349161698898019
11.448253109521648
3.8978615592971178
6.408136256263834
-5.70798446910946
7.789210219203204
-3.3699809345999805
1.9388725537001728
8.255289886041727
7.002370574907409
2.637253405296892
0.09957808206648666
-2.291980293508498
1.807444068508338
1.895115454291616
9.135534781634608
-1.9612284502398607
4.702702250037734
5.410361448935571
6.970322823208197
6.746447096627779
2.2880003887270224
9.016209795228047
1.6044159945139485
13.829691167828974
3.6701526726859313
1.3387634729087048
4.246231016526272
2.3637265724215974
3.4914069706875672
8.273156829714232
4.457413168043953
3.3286535005291356
-4.620283920320309
9.114593506260494
9.469981847493278
8.612790751584903
1.4290856289339295
-6.0807776704837195
4.089717977466145
4.688806296486422
-1.2286137284873933
11.276831163492133
6.931546403283985
1.068824979533268
18.910256341450236
13.51010426380154
-5.044626566256227
2.6908825905143012
-1.4632870282219512
5.608969710250475
1.6697246329412363
-7.823663847637951
6.2875814513782275
5.386416402815033
7.872906763519033
1.1910897002700773
1.3262421041074937
-3.9535267169220774
-4.481129440651991
6.94793233618682
5.146147080634064
6.459290436344089
13.244199806518678
5.96588929786579
2.913706468013516
7.934379855580297
7.776659142756986
8.952579755272172
-6.732845213422294
6.801149968845824
-1.7536917653146933
8.685359480199573
-1.0899421315507327
6.882551887598548
-0.06152767817880722
3.6240616121459035
4.8959363608557425
2.5600836413668002
13.291448846518602
5.226772311192993
8.354171662017439
3.9381092597271214
-0.6151006406434902
11.907827304897959
1.9959494741112116
2.7331316357508584
-4.139866712966834
-0.928792159903999
3.2437589726944
-1.8144508268297388
14.308413737728413
-3.7357918921310933
-2.5515274344005014
17.499582332733233
1.087270027634995
13.938290625696704
11.480772697376555
8.8554086893304
2.7142729880221896
-2.9027017192471156
9.248314248292575
6.465579882941334
9.262585223178684
3.506965875908935
6.489599704667543
7.200071992956119
8.154427796218632
0.8292684371450445
12.780159450455145
-0.22401861270894585
4.148073550393404
-0.5321580328831494
9.385682494802202
-7.947517699517551
-1.1978655451175388
6.280873093366319
9.674812995695754
6.381309461640577
2.6323416869063565
12.923479720435926
-6.591208701236964
9.589452602945872
3.2548881889803987
5.301851848864539
5.830653794689066
10.486389478331153
7.212045264693512
10.9161052346995
3.6558340864141448
0.6110489705740147
5.770840989703503
14.513872655961888
5.181442494813481
4.983902445344894
5.825749675739095
0.8184812375904338
1.022498886714212
0.6680257586847318
-6.422357239357961
5.131270962292006
3.6145582454732414
7.467693373792074
12.638838646400028
9.841323848280775
-1.0741657742416297
-1.320918034142549
8.604102195274113
8.743521723885035
14.306218756060257
0.9676222660129037
10.957222729614177
11.977320877634847
2.1683581241827365
10.645950978372019
5.823548359356371
-1.9422125933223535
5.186755989525513
4.184903500123765
6.428113891717731
4.692269556250334
10.603444968397898
8.529490440018204
7.369262659687996
0.13371505005879136
6.696370421957049
5.096150678361946
0.5942229825820107
0.27064424276987786
-0.8742462078347581
6.007029013065117
6.785668426809
11.411573877632597
9.458392470617433
2.5560093911712083
3.726320061002959
17.496927054539636
2.704822556366786
9.734534027415087
2.3032996063642157
0.13737940486997857
4.963606634201124
1.2642574624032044
5.700158165647891
8.438491642898393
-1.5733264860374225
1.2231393298120032
-0.35987028751615924
5.770184420272455
1.5580448047442683
-3.5960403219589665
0.5934922255634261
3.019925682215803
-0.4979217531644231
7.016754934879132
-0.01155088960031847
0.5317549628440741
9.213807454748833
11.398434719592029
-6.951404548697356
1.709131076683116
4.249099132148773
11.364157697170324
1.8277137307779663
3.400786945632427
2.6271903707143354
-1.2899606573015054
14.69537325539721
0.5203410265768733
0.7496382518972857
-1.527949770423998
10.534185715894003
10.244460152609504
8.029667373554375
1.2649923254091022
2.848609925261542
-11.18099158808392
10.657628903323449
-4.609220605927577
14.1217849444267
16.009083650746092
11.38133332905138
6.834674505583907
3.3014709304634358
7.338463875127271
9.445652709737598
0.20155477949306988
4.580067462920623
4.826294865377567
0.26888530101493213
8.262664556477478
6.094927250864777
10.87205677971999
5.210583651146715
2.9311179721199934
1.8214462609734845
7.003737667777904
5.248912668972496
13.359920633064569
4.400634645293589
0.5060673752933464
-0.2842346622783358
1.9549306009053642
7.146295056672074
2.1716023785091547
3.4110965444375405
-1.0378949263821884
8.276872420846749
10.666985390931663
3.8470697539467396
-3.356967606570488
-0.5318710851777366
6.330413031749213
4.038986585706576
8.06328996670754
2.5101817553355374
9.908805958143663
3.8380687163066773
7.077145275932504
2.00236668515657
4.050239487455665
8.54040270196219
0.11102310879487476
6.326489343541281
14.82347769907047
4.957296633392989
9.317026126021727
6.886347861804423
-0.9935438949059083
13.442091516970383
5.3181485012330025
4.409361053439601
7.153797937323919
13.854871026880211
4.479369890334324
1.2930539726902008
8.23135048961306
1.8834041509572446
8.724421354843663
2.462899497494284
6.922727093694654
7.250224271980031
-0.7131241223540761
4.392830281608793
7.309504882490205
4.258447253878059
8.76285236148817
6.1614338434109825
7.258537763312173
7.644049421487664
6.452446718886429
1.2344503835943204
-2.292480485966215
8.392162262367897
4.49366359357518
2.2724154138220696
-5.783375625721595
7.455021678528262
3.3520264406418567
1.501868351950058
8.60846504800427
7.422194720649285
2.5655031417381498
-2.5225836921541216
2.1931460471235233
4.678157130903999
10.065710217782762
7.9796853874904174
5.006748950811819
5.847635559815146
9.147498962400105
11.350588024458379
4.9451682519197835
1.093872279364707
9.25925207594147
-0.8572516616981636
7.036867857977369
3.5871549115907198
5.844658244524991
7.503495504743016
-0.9728805781827026
5.64365018486567
11.730944492100022
-1.4729193312485407
4.767928349869658
4.380408418642882
0.25319773617642216
2.223003073680324
7.167424654391241
-2.031440454480224
7.548574746659786
1.6066176261474898
10.241968107845315
14.225671692715318
2.716271701794618
0.49947255611810215
1.1067780913751686
0.19213315058216107
8.895333516892565
-7.024978786227917
7.565962082343526
5.277704433037299
13.529763600310593
-6.996167655783827
7.3338839940849745
-2.9758230226861633
-1.2060328571909569
1.4793572615603865
-1.510754923363348
5.980799457302277
-1.3315717632313246
2.9913841480153986
5.942204749813203
9.282989771436377
-0.22494302961656398
5.754631054756732
1.3226291615148016
5.840875648783893
2.1195480356317864
7.238303899686334
4.692838156953247
12.114912100281584
2.448229206016055
8.66446807557839
6.011019124275262
14.351918665104757
1.4672362800394199
7.761016221686566
7.711858567612172
6.902733704735121
3.4885476925693477
5.800644116904532
4.055555523714251
6.374617321256316
10.065572980172725
7.5234260045970505
12.84177455222164
1.5243022836612719
-0.09763036335195352
8.72166564854981
10.924790716742718
9.150049186988149
11.149595556470555
15.115580077019764
8.24441075752435
0.4003982898741034
-2.772656350465862
9.203362576406855
2.3969285725389855
-2.65155022627337
8.805912275442928
-6.691257854178383
10.323191927968066
7.2400871933380255
8.2697031249078
-10.584281601571574
-3.3047287395779428
7.052825005065056
0.33658489672597014
3.2641754542315766
11.163054349139252
-6.478680521915583
5.909712675665508
2.3328368140204403
2.317062927911371
-3.4917547904271062
7.904892274688048
9.17770312847245
0.1819933659072417
10.825893675095664
6.849020238442194
7.468536027448484
1.1806358018565346
-0.8561486763790187
-1.1335361001090822
0.6549481452202581
-1.9309098119129975
7.644954052302783
9.605891260083453
1.1631547367468382
0.31498810818610323
-2.6314704343433926
2.4555305336488757
3.2204602629479737
2.8074870854182277
-2.392761271235691
6.899398014550996
6.52461294903608
-1.3222001942165997
3.606736039687104
10.288756198138476
1.5392756079001808
8.267934494723114
8.164242079831608
-0.8134439981315515
6.708993734243771
2.5575512374787817
16.083167789095558
2.5331778627564088
5.8817831109397245
-3.2555720844776825
9.768271637077087
12.02687572155797
7.554061089390265
1.1959432372439252
8.148718908812262
13.5984310026532
13.895597248418126
16.129162101783383
4.814106519436184
2.4725897830390946
8.720907909429352
11.212940927327628
5.467747706749957
8.024405405466176
10.271307046341988
12.934309396567299
5.335159786355885
8.925484227532692
1.6002901629329966
7.919338825166171
3.418900562723488
3.547994914682825
11.383863487820813
1.5380120663242711
7.511521947112268
-3.3356791915189143
2.3595483055984996
-1.0841991244627511
-1.1298594133072513
5.784475341584608
11.060499853538563
7.97857549982157
6.410203742008566
11.932010672507179
7.640244597530032
2.53527689419428
1.7780562345169706
-7.106289694913546
10.305643728197747
6.10734423800355
-1.2041042103053474
-6.368857739569215
1.6089831938487165
1.0577051397028416
2.933678421855782
-6.193066800912851
12.872699512849234
6.240354430701757
3.1116454395598434
-2.154756895275831
8.320431852058245
8.015955800114275
7.294837596924069
6.421796295684694
2.9057332094602133
10.963951433530749
-5.357149452119485
-2.907889602355006
7.182547959328716
3.8340023035807866
12.299441711029923
7.012318542244869
8.972156372550776
10.193160384111977
9.590798174219122
-2.236290292186709
10.783441494619668
8.835812670086955
-2.257404501957968
-3.2742784099460245
-2.6624582414383005
-5.7444525858937485
2.2368849033090314
13.492428088655098
1.7249211951266092
6.9530098459423995
-5.732378842994512
5.909707688084555
11.983786560830445
-3.600348876005768
4.184876416149525
2.8783479722792507
0.7745208831637793
5.646327759599771
9.624307810638411
-9.681418889297996
-0.10732700887011615
1.46534251095548
12.768442625297673
7.226719304427889
2.3886756814499535
3.580493480852403
4.521417635145128
7.192729473095076
-5.748830418173787
3.7357657060892975
-2.1432006833143884
15.897121211560515
10.114572684100933
14.964532185067185
6.597282029758662
4.205007301789592
8.81726495211502
-0.9333975386008797
12.62912884136514
8.572249710470201
7.979658382941686
6.973324391279986
14.071954967506846
15.540052332039936
1.4126583648209134
10.680348220835675
1.333876353232594
9.606615420883378
8.631013732657696
-3.3213021991245775
0.8290498334121792
9.71360090012677
9.068944996030122
9.521183472700944
2.904873794661608
4.956035830714887
14.904808461415705
5.151786141182631
6.1108103928998805
3.887723017617999
9.772089541353346
5.176060848096535
2.9454202445646196
4.150211645663291
-6.959651527147125
-2.5493636530449235
9.005278908044442
0.8249535262289325
6.290208450409638
9.555302663496018
4.769548527404752
12.418046688248912
-1.443782057284249
7.119678344620024
-3.996956656203385
-4.676471784281965
8.735475865670653
0.9064258562108112
-5.5626729916565605
6.52042076598555
0.9421290859071201
3.1090022487194706
12.04964869525423
2.624776272531595
3.383586557804979
4.374148557544174
-0.8217020350055719
5.883395517729501
1.4104619656486028
2.3355730842945746
5.404236158360754
3.2209176795954644
8.396197493389513
