18.421574385008302
10.280078928949102
4.199800056180167
-0.22550614906486288
4.785548091864267
5.195542769394947
12.251192528188437
-8.815580762728665
8.783521178216711
-2.00058236891591
-2.1679057355409412
1.4062492632988057
0.7643332084400347
11.93463640141039
-3.847463443074793
10.318595263288678
6.572480102360233
13.022902820482686
-3.019153778492784
2.7005645628209898
5.740081879206687
3.8645940870481796
0.5208572239233158
2.9049074429736232
-8.073731425559409
8.621729066427584
5.218422823553674
10.28454277218216
11.984525143976336
7.139042132811961
6.076369717880802
4.75013666530752
8.075536779450228
3.4400445186843926
3.228642548595786
9.45310491387852
2.411245369970823
8.470045042587273
1.4562881423465088
5.576306061748191
6.642853177932229
15.986405723717375
3.812469289289398
16.285374191167097
9.944627826129047
5.175674340795671
2.501043888105495
-8.945290451454545
5.605756671431537
6.641076003375215
5.24923791206538
0.515224924759
13.577940316115132
12.326765237434063
11.13425251050965
11.692773097644974
6.448413835642865
12.549144474951415
8.005149297252283
2.0736883597209834
-0.2876030787206272
-5.644202645061263
10.081883609245217
4.775411781117816
15.706845811380981
0.885275843560982
3.4406778861456315
-2.3446323373906823
5.808276076144431
4.2008691709263335
-2.64464152900268
6.755656603879353
17.1484989544155
-0.8692302297830619
12.378224655365639
-4.191820353688577
7.6559021225255295
-0.8105874454657425
6.312127120601184
2.8080566187246356
4.8059103516339245
7.386437638717282
-4.737874442418873
0.9123644805894315
-5.825777518403015
5.787496715193678
3.701017402491595
12.917264628957183
-2.0563840256700905
0.25027262640194525
13.35828906009684
14.003919629492476
3.0269558492997564
7.869574708959075
-3.126786544806105
12.392662794899056
7.456133907440319
6.086537233418392
4.611566962486057
9.541221910003392
5.541598648318646
16.618224075837478
2.073692435660855
2.8596025912476533
5.039450134833224
2.0736298996332625
-4.292409114799327
4.915206934949908
8.485747405533381
8.1364138698249
2.255306982982527
2.941091925624622
4.3041321408198465
6.779609917205402
6.053169045045842
-1.9400505941127824
11.696975043609456
4.986578705114043
8.411930010370252
1.7543172136896565
6.668177330567673
6.437801481751162
12.524451794942301
5.1664868263712
6.374360736208803
-1.9532795224951203
-1.3637746465086744
3.438570901990937
5.555900856985456
4.338288254151028
9.253146487717512
2.895550824581556
9.772670087595213
12.866103827284245
2.327880045508446
3.9395776348881544
1.598563118146029
9.925415720067196
0.10693432317900164
0.9576292706047842
-1.658896555562844
2.0293019887946766
9.000074231401031
3.6960188597394197
7.718050881390582
0.2014073806843042
10.176758148419284
-1.073517171330813
-5.8000773898837625
9.25624653544575
-2.2828096921571817
1.454128540179733
4.513708612292109
1.9254890026028537
10.587747794560807
3.2544279862167462
5.994262185714057
14.718759671488193
1.019292098707667
3.969503759252464
4.69167496667762
4.770042337494697
1.4527665445553226
-0.5639309737551814
6.863395682477878
13.480590807766907
-0.9892161598220088
-5.933180167427695
1.976755915883813
16.89125469519309
2.539098730957968
10.644250738316106
4.30911438286251
3.7903134858512724
7.198881118707321
3.1921233272939786
3.783732105483761
11.537282086864163
0.041928861954983354
5.320448542234683
13.991131096220627
-7.186176230517999
10.369988658703017
0.1666042874495921
-10.291174460594231
0.00819200433695011
9.15552936818293
8.138218878800785
3.494156187709753
3.1114731665648314
5.585746776256052
5.390570189428107
14.26852069269405
-2.344436372122871
15.091475539512183
3.3228376172167913
4.536869902323154
5.525327421846823
-1.6671498812219658
10.48854803834256
10.024059626704286
5.956899941274094
10.790433708964368
10.406314790029585
11.298435730374674
9.423959400794102
8.357827993503061
3.6205225668481003
3.295963004955121
8.518214908017319
7.6567604298291
6.502042737546914
12.448734636671198
6.247776907937229
8.823620140948623
6.503411589704179
10.487675815306979
1.9465729251513397
9.873794797693748
9.047423583872066
7.729554875192056
2.901052785620179
4.903349072691245
4.013341991748798
12.283006089773398
12.48582568300086
3.9576342102319932
4.509747274890482
5.6564443426307385
8.220232718245015
2.2112073937854553
6.9329955137887715
9.03261171646478
6.722018112494915
10.627207323448705
1.4556495104551908
6.995830757505543
4.333211966768676
1.5894262044795902
2.1675655160774836
2.8069670294375397
4.684711698444698
5.563384422045245
6.9151037610521495
1.7436849380636428
7.078339842804411
11.365922946940742
2.792550172068282
1.7742970925459
0.8732096014263258
14.301684735555174
5.838817649198968
5.4015249870585595
5.474025057356049
22.33772364637369
-4.836690898589167
8.931421647704479
8.526916646598636
-4.741501489647714
4.33764612942851
5.354915749511678
9.386204338110565
2.8872492480679597
1.6823953212661844
4.955959728901921
-0.8308458735256634
5.2532250998483025
13.527074828609997
0.5517618199388759
-3.2530681675573794
13.71184514900493
-11.441106394842103
1.386225470128466
-1.1432363020301208
7.840503721934098
19.264612146206986
13.51777242586201
8.826655337719982
8.300944650833358
1.5523155615354594
2.3440419400040686
7.315375481276284
-8.260429633094425
4.165741626089829
14.078530937341425
12.543770665822123
6.5916850161460125
0.8487214520497619
0.11292671777558105
11.110176083309252
3.620470498581231
-2.3360090104594606
9.254636562721206
9.930514775257056
1.878452959497162
5.237433738676887
13.812020774526905
12.209746619202747
13.195295148634607
0.7369280780157403
7.976996122685918
1.4461710448659368
7.275076490455179
7.774174770290729
3.346153551916612
5.204364599499776
-2.1026263822578635
4.715816212215357
12.306063834181161
6.428098298049568
-0.5732834631750618
6.228943454512972
14.044009534255295
-5.002944295586781
9.798607992926414
4.888530094063615
6.83953084544386
0.8498209565453427
5.50728717236793
2.7306245078221236
3.82265146819414
4.581216547986715
9.970796843692293
2.322709065628883
11.559243128793032
0.5858757815483941
6.4216042989923
6.555673490924027
4.978524367828799
2.3205006425495514
4.746566286591547
5.740752861975034
1.880469074009667
8.5296702561196
5.847463142986749
-0.29185638390983737
1.5342403981803487
11.929916466060654
4.09382865901185
4.0826646339999115
-6.701409972638354
0.044785332799983646
2.0618147295943077
-7.00409633145097
8.341113473442757
-2.6959131367088496
20.737597650502586
8.130776323194262
3.622288207621259
4.371691987733814
0.8582367231275017
-2.3170263668006292
4.462057767659548
3.6042337397649504
1.6054562337688674
3.7391003874537536
13.20164131108363
-2.3876844457191027
7.097818734085497
7.1777055762210376
4.933952282392541
14.401840448740792
0.14713497074335358
3.202560399235166
11.244140829307018
9.135066097682055
9.221018517344564
5.936000000821715
-7.126953293858032
-3.218450460140133
7.927951473142461
1.7918165191558248
7.092567817175619
7.1729572850889785
0.23929939406694434
4.84434644943796
12.315213289397393
6.955835444391013
-1.9041205837263613
1.807001040785229
-5.156890710790892
-9.30997027316749
2.699461130174445
10.850154735363166
4.80755954941562
1.2028260347110997
1.5358124723679207
7.3832530720299925
7.194660674058195
1.5568502575909946
-2.788950227618902
6.642873600323726
13.18601756052843
9.412523595228624
11.36469006734474
7.596225789847315
3.3358734726857238
0.013691997653694443
8.50534250811453
-1.300126791782767
0.44681378695272267
3.862775015125507
12.232897457615842
8.150556646734449
-1.5957386259601218
4.754440174305216
1.189049426253392
-3.263343535233643
1.074367734814546
3.822749455907767
-0.9266998484166331
12.865195409506535
13.110896510461576
7.654681695806372
6.826160679086136
3.0374874181149534
2.764944156094634
1.9300394155760796
4.588844157463324
2.6185277227165664
-0.5446219596891853
10.269758970256035
5.593552737857289
8.345858410397913
3.7280480188762946
5.575391741783932
2.2887315439661946
5.644948565821068
14.194210166519637
11.425882511494216
-5.009027434532342
4.818785024883185
10.063304886167163
0.19417229255061397
3.285335284868823
6.948231920727476
8.878919064820959
-1.8180105590222748
9.847530811482965
3.1100015158719545
13.340476730456913
8.888507228549994
13.392186861533418
2.8425203552867586
5.620063230642946
3.169558559196816
6.3213458306005155
5.1275898291277615
5.0813315590826225
10.627745015354133
5.692549578439992
-4.072117417965925
4.328246433754211
6.0674143147784125
3.8677822530239245
5.6017094958131635
11.06148749317759
2.7041232920803004
2.240530858425669
8.543814628726812
-5.265450847642505
5.282943459138206
9.446581926983846
4.178272720234775
5.784953982637672
3.262082802185983
13.879310430218966
5.9443301273016615
6.262081807440653
-4.8793908801232995
-2.344201161657793
9.175585496878195
8.756284541647734
1.8033320965537247
-1.1314277537035187
1.8959018640595042
4.009715683448077
10.490239504483963
-1.4447308128925922
15.214981851720717
5.52756938655686
18.93206575016572
-3.788118716816708
10.408186853833868
3.1968826985502616
-0.9641694003732697
15.723237121958839
2.0775273860175147
3.9385613574594327
-8.972032175381305
1.354364946050635
-0.7662156721308975
14.185951810101585
4.564365264626474
6.517951286553782
-2.124782477525873
3.0732745253740146
0.10423312453598355
12.712595129803233
12.201307038675559
7.532103355624663
1.9657807900913862
3.745045697031488
16.164176938326797
8.369412230381757
-2.4919777163545422
3.113775415507476
5.406846529784403
3.8367384464750387
-2.2491007087021258
6.05287570262976
2.479010443011502
-0.9387878474420965
3.4176998242641075
1.947385020068714
-2.6688059003154523
1.7046104300237837
1.8522636782154969
6.604699229878184
4.03000675254388
10.379881168327595
2.4850914024360056
9.167505746243474
8.32242312341858
3.1486095732638306
7.457712833384349
4.183603903201959
6.1141075659754165
9.890532232704143
2.6753528567115374
-1.630899754236708
9.729683661578822
15.358845117634434
0.09432205643596259
8.607210273030095
-3.9116297074985233
17.608093190390015
-4.343275115824829
3.8685498261078193
2.771595794266853
-5.183475217176074
7.701232902857399
5.762162514191976
-2.8070883369118853
5.258127996569206
1.4692060858018907
11.685152809310981
4.771410260397879
-3.9357238099505327
0.3788632068582549
3.0359746668487686
-2.2881625586171603
13.565052865684734
4.648181723128732
8.678334328967484
2.6887869935511985
-4.886396189674397
6.1293505004900775
5.910991580972283
0.8063131857231127
1.7201206817534502
8.991193525457788
5.6181575921219
5.309215763223721
3.3299274583321576
2.9129317975322624
5.96212635872262
-5.867137301888242
6.739971266826176
5.104656133410927
5.37573410919113
12.806932876516898
-7.038403838863109
7.927897210553654
8.100912790893954
13.751840212243831
-1.5006653239128465
12.16444109185914
2.855743469472591
3.55094027674874
7.874386666818189
7.509180502724631
10.220040116245206
3.8682022784878614
-2.267417906431601
6.621645790010812
4.5419769647851815
5.312505737512377
5.963180255384061
9.911957104596928
2.7502360820819347
0.5705219375352741
-0.3168570990406874
9.199047616983378
-1.6221046694797199
-0.9949253621939551
4.291545091648829
3.7646913528256203
10.99418852258622
0.4605744410803001
10.518473409358336
1.6836505204369279
-0.8893825929552079
18.701665956714336
2.354409312973926
-4.602766497022683
7.174486797494992
7.949372614542831
2.8516577366236735
6.430680363345759
13.623137953414945
2.225206585462058
5.902264247224678
5.39200328706735
6.453472438612304
3.187127291171744
16.10082179849064
2.0620431178933654
1.5711375986213763
13.170852277158525
5.478121129499764
11.368655882708746
-5.548025508586848
-1.319862467784656
9.488460251930032
10.520632136698646
5.2164670616276885
11.257203953732866
7.631732014363099
-2.6995672914383526
5.492791454368553
1.5206110098729306
5.039241394413443
18.987547651798103
3.336138429987044
1.7666054164988712
5.044145997195941
19.522576699425002
1.0561064223043806
6.179511649043725
2.571069349887185
14.42033596400917
8.359031702460339
0.2620038491009371
5.100819106529048
10.519485034330334
2.379870629767505
3.9877732249827043
1.4503182132251764
15.503337704056491
11.541285705759684
0.7093893774758282
6.303589257434634
8.22715943240859
-8.587787981503347
2.387601263965265
-0.4170679204316823
3.0617282435073454
4.558985266191292
9.52499365209174
6.538823856483792
11.289002075168884
7.908959856912973
0.17877684214609513
0.9340360631686151
6.006124535865249
6.899537956512586
12.27733185873833
-4.0433892384008985
10.698737983418496
-1.6661403259232568
8.021498876099201
6.966283560623747
2.6573375092264326
9.486583469793878
14.804772463500928
-0.5893366574554708
-3.128065569464736
12.426777423495007
3.423619387596507
3.8640582334026385
0.15948365471393533
8.015886360209493
8.023828127583801
3.983336368332216
7.487239188049703
1.3835736451147351
-4.3124654689300606
7.172193210243518
9.455258031441252
-2.1364430552107736
6.215736513567952
-0.07234182627372032
5.798867761124411
-1.5899312726582737
11.7120966631057
5.569149045992278
3.126280360745074
-5.019153125773583
4.920977833859045
8.5136568596524
4.959939766322574
17.283577531726436
-3.428513087122634
-4.528120853880283
7.805196859749633
7.810563701922269
9.376823263708872
8.133892788089945
-1.4253836253033416
3.496021265008183
-0.7098333519096509
-1.6194416957333093
2.7053978132654914
11.30424398290878
2.1399603733097754
1.2554197409051153
-0.11750995888616078
-1.8313825891281317
7.6226756470783155
-0.683694650276709
11.225702269698287
3.0019411228333985
-0.9300078989126543
1.8179899909947883
-1.4960253261619147
0.7786812952428614
11.666051516880064
4.096223055498883
12.908778108447622
4.5914716300600995
12.565373013686138
12.72466247618983
4.036507494477805
3.502464444101683
11.12760825169897
2.2154555722208484
5.55140409658611
-0.20564372348452586
-1.391893776102461
14.71805697049312
-2.684305598314369
-9.623063528202772
10.071675376963205
10.033525128213299
6.1013013363172615
4.7496636839553235
5.859847516854483
9.537764858605646
3.261575028203793
-3.2698737532722113
5.330476357712321
-0.9659992842649725
1.330977570924425
2.247556195541044
8.33114803934119
12.13643412051663
1.78580137393911
-5.633689833777593
8.889675586749819
9.70537125838294
13.062820809306752
5.039891819599411
-5.493072693069111
2.353080134638108
4.580668975814865
0.17055169604418952
-0.538298687294021
3.6074650381355196
0.28340468053881196
-0.9991193163031769
0.9325743548783676
13.112757931501381
-8.41432609454704
1.9869888809855905
8.171687272755701
14.679933456767067
2.3448730104454674
6.287504938497312
7.3196796723915405
14.365857035542483
8.077233269790357
13.261499667299653
5.965033910684198
9.109955056440041
10.34458844023246
0.13762232202120206
6.055528200419264
0.8180996204717941
4.972671944508681
7.142739479867176
8.782212098035775
3.819042836621799
1.254984675485959
11.828377352522129
10.977252754103407
5.619638797742707
3.752487183794613
2.2283771529971914
-9.137053314249226
6.256381753113045
13.505296647546139
2.7296890062717902
-0.7549097688262032
4.920339421896736
-1.6651441029452032
6.134720899156362
3.216912173879514
-6.337310799106113
-2.9333584054030446
4.30007348827686
0.9051992058084375
-0.765770980143829
2.5765657181150776
1.5501505370019335
1.217952043601226
9.357634866967466
5.937565635247425
4.62265024672418
3.6145322770411195
2.491646563620005
5.295615511309694
-7.981249735353504
5.887633628823858
-3.246351974494047
16.793043562432608
11.154056166780759
10.878336230138238
-9.119149935114624
-4.8630524564791475
6.83533139103057
12.704222198611104
12.434436216988736
3.8649860669675355
5.711282838110293
5.281134056081581
5.469574098029676
11.11050785523513
2.8081546252078606
3.530752556173818
0.5550037727444406
2.4908771869649993
5.295867645837077
9.570182099484283
3.3491844128052914
0.9420192805670506
5.602997516304646
-0.7207527258235222
1.93959953619911
10.107148289772205
-2.3528644354677493
4.689932667944596
0.3881922811824339
2.748299517218783
1.778888791563606
6.9994234993526
-3.11458802932714
-2.4380631809179025
8.231565778104272
-2.3489254169343905
8.07410837650012
0.4637743418997555
18.12640673521239
9.087634892316139
11.899333770632982
2.218478632800115
8.643503114588528
9.58409070528776
0.16324439954816317
3.4221183949309744
3.8824335189737784
2.085458059051672
9.18819322537058
4.360027965649161
4.135524772509588
8.938662854463022
3.972666923467771
6.2330958508204315
7.487412882348049
12.367526813989432
3.551028725907072
9.279314113089256
2.2189279437276275
17.29498459105124
6.587147814964855
-0.030946554490676625
15.805462486939769
7.348092122574187
0.018692895545570742
9.342824111046681
6.631785149081297
6.40402481783096
8.16678066550839
-1.8532771075785393
2.4928530487926857
15.462005853528877
0.5063480313273523
7.67625773432759
4.148968934662112
4.492405795114441
0.5969101968194304
8.42954173684528
-3.3032141925838454
1.5552572331603471
6.272241100921285
1.745206386528117
-0.7103376960598293
2.6405084371434744
0.9734034097532369
3.75749772376877
10.994897167432311
3.584761958082609
1.2114871109797631
10.460867561509057
18.663864573171267
5.5938698696681035
7.67313233508203
6.910457088002882
13.761523698573729
6.546064873123599
1.3697324687374621
0.880655965723264
2.343958328110904
3.9802168397428104
5.1251027216240885
3.7143308722400885
6.05986956911619
2.7631810349130874
-1.0396643456588572
-0.9488344672297044
-12.031956496205492
4.056785616446561
17.678698148206596
5.976148228717967
5.246290722036413
1.450752274299914
5.008741371320897
7.820152671140152
10.741984532399071
8.47928166695708
-2.1885871129083387
6.153656969184324
0.9011266383016068
11.194503063415436
1.4134339387463744
2.270556976174506
9.343516574791108
2.779328713221068
2.383066946942355
6.928083941296576
0.9031723852917288
-1.8836659437067222
-6.377173930143652
5.6042319605601145
5.750321979655034
-1.5547292620702864
6.846337225499377
2.691130248674806
13.453604831519833
1.8422124029915792
5.377914024518939
14.869116846509945
-3.942354343566853
9.08117915732308
10.924938300381786
4.896766823385571
3.2481704361876877
16.10265686820886
-10.885289783255692
0.9471558098478354
1.901571037966204
10.684259486111351
-1.9606227719407059
4.432889197869284
9.916018247198927
-0.4136145668852462
7.300697791694614
8.273259504165852
21.22568228172189
6.899556949445032
10.872940389556549
4.289135162982048
11.229844836083085
8.245981795590552
-1.3655594112428826
-2.0708233942767373
2.2672331100544
10.160861272543496
8.889971605712713
13.913710605713685
1.5166871514400277
1.2118589723206137
-7.331330743419349
-0.5144027898762209
12.22576752469838
9.522841684497273
4.0435106911003285
-0.02770986512827278
5.058328634944123
14.83570364843036
