0.6891954470211266
0.4504393206166277
-1.3563015387314588
4.937359186735186
2.8706750852824934
2.419208744168724
-5.33067790349539
4.820457214206718
0.7981630255083916
4.584603380177052
23.102487011318836
6.940979754628724
6.381292939646526
-1.4849329404374805
8.555753453724495
1.7813541838965898
5.035692546465938
6.051198117348619
7.071976182056707
3.2866003088513196
-2.4867011548826303
15.512669856430305
7.773647488915776
8.824673585098889
7.345385261242304
1.439092429402649
12.533311367372905
11.095811791583545
9.920385992255408
7.877479533828069
2.5167205331378533
-0.5061981629707346
8.124525495497098
1.8325378327657411
3.3501378333370964
9.880928493610117
2.194803355518135
6.949718087600349
8.762183209775795
-4.090314659896424
6.346652327454584
7.750906402594301
4.491837466488263
6.287695311008935
1.978868113459277
8.882468506437307
4.651609101221176
14.491755752567093
-4.338099476382668
6.86746646585059
-1.2043583942458111
2.949286135222128
15.21053024424657
5.361563431698164
5.5951788647949305
10.083079477853332
15.7989733471174
14.650978818656874
0.8443597131725635
11.687940140194058
-1.9427768839939565
6.3575292507278505
5.134954466725029
-0.8102675581085519
7.668065632500312
3.725847159953456
3.690074526442001
6.065955239703047
10.542955104105268
13.44998979540308
4.335370111111448
8.053054177235683
-0.8057482416058659
12.261643289154328
4.339370536028967
2.8535337620578267
4.56640590143545
13.197129894426457
8.496794016905703
2.1804768643777184
-4.339992764617271
4.459131152595596
11.999905055593711
2.21749552670242
3.6336071782852706
6.6642837415699105
1.0537219368811672
4.783735428849257
-4.730823534074709
12.225186698545844
-0.1961137059614364
7.185209559747124
5.259393988782785
4.661581773150935
-0.10962750193996129
0.32754494315764315
4.904452027207965
1.8135884359461194
6.2821497130398045
7.458103766436544
7.329632768048224
2.545665987928334
-0.47549959297858013
2.797077941372882
2.797312619330852
10.066323975644657
-1.1110766401758276
3.1227375290469217
8.798073741647205
1.770408096209953
10.14171860424224
0.19787874474195277
14.661046451114641
2.8317812051502864
6.742758918052084
0.56775560470534
8.823751230248453
6.31501382705814
6.6468909277906665
-2.9023229072580614
6.739053539583628
5.224646960610596
10.857515767168847
-0.46501761628198457
14.52931989466723
2.178287914664349
6.429559859791833
0.8456899013956563
7.393810870845018
-2.534408415845591
-0.9271012779763979
6.549317448613422
7.535679447209246
8.175776713870821
6.901552605069811
0.9812729184703519
13.881621341210858
6.567179939977351
9.695816887639364
-2.520799649785089
4.0298964869397755
12.64450041846225
8.587143606229912
5.307087097539767
-0.1865089661805337
10.156606535669795
2.0237684360036203
3.0073198790298123
9.993861345690332
0.7372575556002081
9.854936400634918
2.1293164520037977
4.634035027335835
3.9769698658133597
4.770577633677887
-2.2461632711234714
6.196950696909612
1.5613648295830993
5.042669335705359
3.8435491953801826
5.580662227952864
5.676735335933877
5.8628604398984105
4.540670736654236
12.570402119598842
3.6599760389189897
0.26802519598571317
3.3352909581330517
0.4824165556029558
10.699756346936393
8.061105536638332
6.600210661599366
6.5201918421623635
10.098161887282465
8.055254920940731
5.909670903583658
3.3373326544176365
5.116458853862724
9.475230935750266
4.418915109234077
9.36286151486787
1.7204242337758218
3.549033325930871
-1.2435619695748459
12.247820912801142
-1.2816234561073099
4.243634318482828
9.968141006055713
11.260507868305844
4.599869938665039
9.391410046250126
10.796865107627564
2.6834522718414986
-1.0998974204077596
3.6582227019299562
3.8886023015425573
5.7428099757810545
8.644710944729598
3.04735893049456
3.124270037123094
-5.04859257627127
-2.302280820444685
5.695959211472873
2.2792931891816135
7.453282970519863
0.5628021883529413
-4.483964858485674
13.525806145497322
-3.1652814984806925
10.128023237975308
11.045459482036458
10.85972049777121
0.4353658001619656
10.388074352389609
9.416922916120377
15.382198172270334
7.153255962485176
-6.8112653898894475
9.312166611734629
5.47706591848429
4.666119293519662
8.837309465387174
2.3957792991188858
2.6626861557391512
1.8630155672904611
-2.776769151764454
-5.046306213036418
-5.834703195988508
1.4270618770229202
7.642299171261071
-3.09676533294636
0.10740181940422033
6.879803595944475
10.135604172996802
5.847531676947388
3.0634517222597477
14.147190670812025
4.783568815272077
7.038837786344939
2.0297934603819767
16.444144757246047
6.719146392192776
3.3089429175130896
10.508209313427379
-1.2050775514978431
3.4014157430201406
9.099880913515733
5.371535690804626
-0.05521160599792818
6.298569736131757
9.121005061754209
6.729271108966755
-2.6948417647874363
1.5602468559051255
5.867998939742238
4.892438555547032
6.999922458905173
7.656918957920262
0.7574541075681616
5.599492658025657
4.133854477888289
5.104534283038644
3.9109371088710425
2.3970865227420552
10.893380429046257
2.3329333436723507
1.6930286043054372
9.89865120040337
7.061944005653425
1.2861441122454709
7.673592375867969
3.71005833389472
1.5990296192311089
7.654117272936654
2.598093808184133
8.248374193096284
12.69967931476907
-4.275703140357611
6.160551006340359
-1.5234418817015367
2.2671629220160527
11.403802853752019
9.097255429772055
6.138616043110374
2.2104858266127314
9.400774684182313
7.57715211331061
5.058349665340906
0.8547958624738348
1.2317330540406424
10.708019940061963
6.009829224830535
0.11292265304590288
-5.406306090836702
3.686904224461645
9.143576725356226
15.319976766538458
0.1294792099717128
2.2488710930946807
-1.5063245662151497
10.455074027682105
10.41798937417354
11.846302093257211
-1.8735746057479217
1.7955582141281488
3.820419293395885
7.608629466257808
3.2939164619781134
11.47907104617907
9.329135310293697
4.17825716543012
17.600643212248585
-1.5098866022004964
5.8083239518104195
5.510428542968865
2.4640455854135244
8.228423876507012
-0.3689925297817487
0.04279445764612033
2.5172546410113306
4.699201924432399
-7.791376404310091
5.088919365812165
3.891646499931074
3.211617226482396
11.008215861917137
4.092608765936957
5.67822486938223
5.242695416840872
8.166927211879814
6.480313058236698
6.167154873057866
13.080268594827102
-6.525597342490123
5.924439712784186
9.925855092843328
-1.313240407961544
7.611527792170445
6.427784085306983
-9.14715140293409
0.5591039165275147
0.7827576158585599
6.080385254302785
10.302136514408183
8.159360041203144
5.208470526979166
3.590936027652286
14.425389319507069
4.553531279539547
-0.38886662573094455
2.9869320935868524
3.2390090992289244
6.098327893417656
-0.23270884522601154
6.744996732655854
4.465127672588709
2.7343605551394026
8.203987512757124
3.027588982624181
-0.7133993791125164
6.906163421927946
-0.8464399888489074
13.781036206497044
2.8149499889837917
4.914119748989326
-2.1998766511486814
9.029410258789065
3.7735561473012518
5.423669373469751
9.295779829740722
-0.05130427165471918
3.2228196415399406
6.340013399773606
5.083921891131797
1.8642380785111001
6.815453043703707
11.385051836519516
4.804597782880798
5.487327532440322
7.160237181325018
8.936850075423923
4.116928847451978
2.78391177928342
3.280321253702823
2.8188590474426993
6.255360094444819
4.618120537182729
9.769556647377897
0.7483834974805079
15.64658756979835
11.16614813289971
7.630364468593493
2.676827754714554
6.298569198400365
1.4835907679610671
3.571305422538508
-1.882571243535624
8.885419292738188
6.556255368367878
4.797489481823969
-0.7663664410797519
0.48278820668914957
6.551214445301066
-3.181480826647876
7.855257834577806
-3.979736719589252
8.961541952556015
2.401202558033237
3.1580490560783065
7.764231928570879
4.267923471841549
7.149661359272937
11.722945908717477
11.270737109239846
11.49356323550495
7.898890782372846
5.04049395539459
11.515953047942482
13.530118228685446
10.481879179554575
1.4555634613742834
-1.2652405402765368
-5.181718816290481
4.244621550356337
10.142750323141785
12.445200065970887
5.0016941171939315
2.11503279600202
-2.296134127766546
19.488695364934184
10.614428151503178
-0.13759958054471078
2.798223366164997
8.80398148920695
9.27884452596684
1.4040389091076433
11.75144648715926
-2.8726181406581546
11.059837770611733
9.274210158870599
4.047684107876396
5.6269392200996515
7.3791867464742165
5.519618023080266
8.96337633771603
-3.2122314542057406
-1.7614095761802622
8.10676089314681
11.196081535744574
-1.5785030849085544
10.966597792391912
-1.2021628544492478
3.575462353742999
4.627240590163047
2.9676917649512156
13.391513680292672
6.79102343605914
5.809727854268552
3.1426349311957935
0.0906128163466775
9.981738951112531
7.131333810093608
8.827249803292947
6.13263391981226
8.790078564792655
4.526237347342287
-1.4700802278312946
3.938391568620294
4.777356316040372
4.357546633848498
-0.5127744390164732
-1.42896596376076
0.6373639841643177
4.650141094430226
1.0729016173105248
9.80862782873653
9.318010012272424
4.044572965474502
0.3513516128669223
9.859059252899186
2.540255303756379
4.204366474213417
9.617990578196263
5.352243627215981
-0.236775231622687
6.050431366515105
2.3471526317968325
5.650057605088506
5.650397692088321
2.3224612790452817
3.1156940942394464
1.3898376910097472
8.700530624955503
11.099491625178928
-0.1634155524467702
1.238814999938648
6.102861482520589
2.624076556624987
3.1782951576249276
6.589494592752815
8.215749934124453
10.024713499967032
-5.4553144892964625
6.627501534814275
4.440076857548125
-1.295764087310748
5.242965049842109
4.687552225619142
3.010571270171215
2.7780365369096685
4.117675734416084
-4.286270868344644
1.2152162362371746
9.771606209217346
-2.048597230876868
5.299145302319672
5.550695040095155
10.366055514170853
4.261355419216628
5.231009869838381
7.722291369798755
6.332200082731909
4.105463213600684
-5.039071782100169
7.290097735605267
5.271470227328816
6.1514458707599395
-1.930098368976231
0.11610610447089975
7.095542817236106
7.922146825627621
-5.218186793469345
6.044086432429696
1.7151040911929147
12.233314871842971
0.9323155371278
-2.7895947259078326
8.902148067529899
9.492466388000345
-2.7541817399594084
2.5385644030120096
2.235828463907087
-3.0644210370297067
13.809729066852865
10.712540508093497
-1.16929929898295
13.473198754529054
15.0453937411628
-0.48614614301146464
12.37774342417748
3.4589085373492687
2.282279477441991
0.22393278047231835
5.884214817349569
9.47962803227613
7.1637413906682665
3.231257842593907
7.09430472528242
8.059226533530142
-1.7935088791461014
0.8415389673091873
7.773395380393113
7.9768321708498915
6.872065320279611
-4.507138357217158
5.590994836776397
-9.365944601627309
5.26305353810041
12.587709685014607
-3.30738132620562
8.74448674371207
12.401663111423685
7.82699465121918
1.5194903446275614
-1.6990684659236432
8.094353553508984
0.8036884917344294
18.87872538577514
10.032361656573638
2.2427587965031757
8.637150032238337
1.1999313553062665
8.511113705515836
8.369487939327982
-1.346886979302134
-1.100931039471388
13.096101019478775
-2.264184757603071
7.797830272443662
1.9418730087681069
5.00505354299088
-2.819023898226691
-6.310132228242738
7.391541977084999
4.745927320349748
6.386649847204644
5.224849203219613
4.576385331007472
1.1082009739833727
13.446217917823391
-0.6113846271425736
10.635929209350948
8.30107292083882
4.129529549910227
4.656308020338798
-0.14217055380470356
0.23259779040919293
2.9989075162207266
3.490474632339784
9.021342907289142
-0.2994600781458825
-6.101958526147037
10.391888859489708
5.830108531175611
0.03097529166783275
8.480321688605102
6.51437997724127
-0.283799877336099
-9.588289443714883
2.300024396564151
5.373041412941376
4.382443169534313
-3.491551937885074
9.064307735339638
9.869080845482504
11.707169145120421
5.931623982937418
7.665263008121954
1.342645561768399
6.467229251446357
5.6603951186556465
8.533234284269552
4.549924330798458
3.837919037800346
-0.5188156684509533
6.341912377367444
1.1370878217276221
5.541304792340949
5.5394850740281365
4.120577100836686
-3.9374573668590536
9.300507914601237
16.410547837978093
1.6800661103956172
-3.993643802357103
4.97035455226367
11.000806630713834
4.642897177043926
6.8493937448804
2.5443269777271533
6.54662456555635
1.696260967518854
2.9251609009562873
3.951420563707678
6.092042497039691
1.3014543501752303
-0.45354573706432255
-1.550526049532425
4.805163562396252
2.2366226459745224
2.765509572816553
-6.5352007715391665
5.863640086529108
-7.7777200838253915
-0.11905548733076277
6.919216031354972
6.13382901738328
8.952746828758144
1.0878292741449593
4.4946231161354575
2.0092538613018287
5.939422692231159
-3.071120517338004
5.383579196443278
-3.329334830876088
0.11251287317218583
10.733913093370397
4.196320767183149
8.906194609432237
3.440984928665496
-0.4846439340830999
-1.8849481411864621
-1.3971326105658015
3.7610444952330035
8.58066220001622
-1.2297862706219256
12.328538562214861
-2.723319065368746
2.0462385322277106
5.667128305426821
11.61910715622401
1.9728147380014605
1.568505556617819
5.491418400753501
12.165285943130193
17.210748079352076
5.4501821595918365
9.339453154417901
5.201157278233593
9.566840121704082
6.826350055398819
4.288282745915935
6.620876341664848
8.684600323726999
3.8243002111620052
4.0801524783990795
3.4160799211659754
12.90864054278385
8.212961085817263
1.5873699787779714
8.282721233635279
1.9226430640138217
8.638348176098141
3.1917091347761333
10.515194513000397
1.3004893160326358
-8.722932496738755
6.375514838192284
7.344712096507596
0.6708080665027865
16.19721056348933
3.1789115228103935
5.721814779503347
15.58245652877843
6.996226107755918
-0.11524363197869913
5.515925607443229
2.0500527730572706
4.8090444081980745
4.1074938551518425
2.4584271252723577
3.0406914163814474
6.313783151933511
1.7228091371559717
0.5893584380274897
13.171275853909297
10.325715922118153
-0.41115979216122334
-4.9443794372676795
8.767045499572676
2.439559921800898
7.8437467208743215
1.9187301290689147
7.9609534385055625
7.863192850735398
10.241012465914189
11.277845440705981
-7.991010118802299
0.9979000939089877
11.590184066885792
1.5972433354212319
3.301152693563848
7.096970929021865
0.77758516751393
9.15193668836081
11.03331845437786
7.850424302893231
10.662316676164014
11.40404114735119
8.730989486203317
0.47899770695020605
2.031594185299287
0.06336074289009908
1.1128738810631007
9.443846626525747
3.1763783114678654
3.9179700146972816
-0.7589562214445227
2.851203704893413
3.6960243575447964
-0.19539533212283366
-2.5878502753406014
6.435298444966964
10.453172572299128
-4.940732754032885
5.373035262266092
10.118600516708582
9.667612787408018
7.141529619226171
-2.2258880998271007
13.60391254661881
12.869023475600088
5.755206583010088
10.14068663569697
7.315417697053322
5.294992228475469
11.274422766708025
1.6623361153911413
-3.950587874809515
6.97139599176551
-1.6354235834226438
5.181289216611976
5.597394599411856
13.313496729330243
10.67537441799763
-1.6708259204479763
6.36792878392995
4.705720964306179
9.678122428523512
13.0740287811267
5.425232862199201
5.736042642548497
8.101986914337955
-4.279405957674529
-0.7763566052451321
6.964240262210237
5.754317509465904
2.277804480088848
4.5883426666682405
-0.4833395090527457
-0.4114691588998678
0.8306141243892862
-3.0478347636043024
6.95638667202919
13.176136184802422
3.6976411707271044
3.7046690834101454
14.029267922297644
-1.403365643203152
-0.7080434584689881
0.9721491087907461
9.687038308816208
3.1115535608550977
2.0347860534970095
17.29826528808708
1.201303069143016
1.6160395070934013
4.183756118858446
-1.5793453804372666
1.1136072595205349
4.845186701564149
13.845363583386966
15.298107710893051
-6.304685035247779
5.177699646833676
2.3781690937189137
1.4412442698138221
10.943408299132335
-1.0129347020987716
7.552441073399413
7.235445557817542
-3.84667323329551
10.752712536296013
3.2956837333531026
-0.8880271449545614
-0.0786065887702998
0.9295107511870713
7.68144896638997
3.3055271579859373
3.1712636018128557
2.5987816888327675
1.7460811062528414
7.039918348139203
-2.58933654793164
0.21082544996882735
8.47388842276333
-6.20407105652942
4.147234067260983
9.739084243518903
3.747924886444805
9.365099991543563
-1.8792914077519987
7.157287410310702
8.958275887810405
9.771859680827756
11.523168606136185
4.168273671811273
2.1861578312008576
2.681037401062589
12.118844743492918
-2.9606985671552524
6.8320258771729225
3.109660108481064
10.048886179768594
2.2993864905842614
6.848166232945511
-0.10485978678113739
2.7954353926781343
10.462853849533056
-3.8255584080054543
2.737757772999807
-2.0957079050985232
10.916106832034068
13.594924433856818
3.7424883477594544
11.78664586761904
8.70814752857629
5.509571746448581
7.712019068475522
8.675017013568318
-1.4048213041606914
12.101326424700414
2.7705305326217164
6.565368381869716
-3.9314942361494687
1.702734252181251
4.08424334638408
0.15171244886526303
2.324110111989685
11.97571543549735
0.6780110265264065
0.25917051715360273
10.337830017000817
3.951629835897837
6.135287734886059
8.140149994533479
0.961651432631621
1.6560949602212998
8.916136897443765
5.535611838732957
6.305339423944872
3.7156954537687454
8.065981675841245
11.447761048314407
5.58733230323252
10.763829772664007
3.2568506239260566
11.875582752457856
5.531241869981008
3.2519405266057047
9.044214538624956
2.6627356643701043
15.676666789340839
3.2027640269826523
7.132818371817166
0.6078971823300252
2.0912173364463893
-1.2907103446615222
4.136351451308206
6.784112246840272
1.8877430565622788
15.53186291912845
6.091284818914414
13.507864729576063
0.2887833521356229
5.339720467760524
10.968015940902923
3.1750149611834257
4.94710468054218
-0.06543554224908288
-1.3130013224119175
2.145780870285825
8.101671875091991
12.161071143643953
-3.264614029509737
-3.7783230048985104
8.21031572538212
1.3898308615093438
4.037026723753471
0.34946277169774964
0.623678508819844
4.747857122978986
6.609245953575075
7.4179747141881816
11.938705769779993
6.659216747416565
3.220376367850352
3.4340473813360655
4.7533710613238185
7.533968186978586
-0.3855654902259946
-0.7711508466389301
4.615494881790332
6.503276735823734
8.944017963084937
2.075413714590309
5.238451461811321
-4.103087173255256
10.190872940331236
10.777430013216136
14.013571150932158
10.11834549701916
3.7877544722430434
3.789764712077402
-1.4777734490934789
11.388884070292088
13.091106646960386
2.8434222421859072
15.132717942009759
-1.7803133975130914
0.786201543893994
12.3803010191927
9.722966676743926
7.405385657613597
3.72473051367417
6.035810087598908
10.03629465528387
5.478420744885996
5.209808820482134
0.7779923765663672
3.5798832053579903
4.710055438639951
10.256998391176246
6.111699059250172
4.019000268080174
8.173444208894864
-4.889551295713545
-5.4379009910811735
6.968124489731638
2.071569934843445
