7.832489061200277
-3.656530168103359
5.820896157296286
4.687745537495536
0.5598057387160615
12.447292697386665
11.456476228147737
9.160836362429455
9.345982163133783
8.22201139812637
6.149531494934463
3.4017585996471214
14.460733938228802
2.4320022603861333
-0.23426949028586064
-8.268950536203356
0.8588460418820536
5.326181285656761
-6.701130631712395
1.9054701399694682
6.381485465452363
-1.6289841022342113
10.159468184833752
6.820755086513742
4.135751503877264
6.194418488376753
5.0285011455268505
6.893883726027058
9.406306151560585
4.850984258227452
11.225078539799831
10.827292599238703
4.392720260961739
-1.19173888051795
-1.7235012117963011
5.97513807205104
0.07621686822140017
8.032665933652257
-2.433398390433264
5.6796560993036795
11.75569188667749
0.1776547906074315
-0.676111477685116
0.9690654158525813
4.419909531811335
1.769487985934169
2.6388070784334308
6.853945730321945
5.904407438146987
0.7386278205229235
5.2046063173704
8.804621408620765
3.4661152076787594
2.534399882640082
16.96926371985706
18.34596705705953
3.988197519921352
8.530615331282466
-3.2783161093716444
5.989847959412482
9.599521553645246
3.2562618039072193
7.205778551138174
5.656922116323824
4.634918523350414
7.429138080354505
4.976415044616896
-6.034871233915945
10.80473686559124
0.03680673294034964
0.5807025331679547
-1.2647190140330231
9.917523289815124
3.626309819971265
4.651657376115802
4.955523841963318
7.354980206200879
4.108176591222426
4.078940945855459
7.327948297908367
10.472349286191646
10.646839759910002
-1.2692959082424657
-2.661085600333087
1.5708986467123092
6.262968238757039
4.219289586508116
2.2528956725374774
4.275378434876387
7.740814565972448
6.664723282160051
2.196969463982758
10.643613712625482
9.429812334121719
1.2703360804447743
11.881936028583286
1.8917930030117516
9.741692300297139
8.995403094459109
-1.9777101245487936
7.378911112054353
5.450205681967361
-2.310121913095246
6.072348843218965
11.946168814425874
2.093338673287889
8.739682748170228
-5.836561355087603
1.9581428140675736
0.04704818923269816
4.555387916525808
8.75585264281342
4.856876263158773
10.565778180261857
1.2287638943061094
9.990190626988202
9.810004950162154
11.536245968489062
3.6164438850572465
-2.82211943708111
9.476223607381979
13.87556132082918
0.05973016483914262
8.453865457361104
12.094215100499069
7.892635794568061
-0.6032898707581502
-4.175304094138923
6.751655250183218
1.4606780231601064
3.0630699041437497
-4.795691764539713
5.938896503905699
10.1889726206301
11.33719506857135
1.7074224247735206
5.8807146956624745
4.45814157154292
5.487209844570403
9.446775746977186
3.9422600578704743
9.252438526657176
-0.823496552255877
3.8695442145573744
2.315129152966235
12.916228721594122
3.1923759729406793
0.20962476406924058
1.1099525300952937
5.232233260351967
7.427128605982461
8.52727727158063
9.587432357428131
9.121424572105681
-1.423247526414305
5.884198693603864
4.546546701921085
12.945283611621505
10.328224260425525
7.057641029999611
3.5019609243543917
4.348032676529216
-0.4252911240621309
9.324246691028666
12.303022244579232
0.8290270615998914
1.533426226290791
4.810307743414988
7.177583887419724
9.40220988366356
4.936693905977027
-3.4094523869266355
5.347689380757964
6.50956885144999
5.416530977099194
11.423920908599564
-1.708822116529821
2.831577617537835
-1.068975690263235
2.548593803432074
-0.6538615808942669
5.828189510243568
7.567879717160023
7.073364042650998
3.3988953606593304
5.713051095248158
14.461310323991885
6.661583758805623
8.568587080945552
5.210380091226961
11.431773264109715
5.6141868182966
3.6409350919433887
3.9625083800791807
4.659730699736878
1.639089858620129
10.73971691793043
-0.42042925439148426
5.570404971437001
0.2303417160727106
-0.06521914750263136
-1.2123673000172985
7.60310400193818
4.176604767858054
10.001988730293604
3.398113211490722
3.0922587486586366
6.6333946784442075
9.901362291849395
-2.2760154270490833
3.6406881273080174
-1.0908693141837098
4.423509069652015
0.19879284006748188
6.35374358152451
-1.5213157556406598
3.404717287346382
5.853068877957055
5.941601862357616
9.579447300565704
9.432598629300411
-0.9225502720178489
7.790954727963706
9.552246464392908
5.483017295356029
6.830249986752371
7.147331343119257
3.7106906975746643
1.7328603684579331
-0.035429431913994947
4.4332345969810385
5.1521885291772325
3.930931641979721
9.307534456441868
4.828471919080824
9.653054775425879
8.563070434494705
4.357161255745078
3.0696249423647033
7.043508405825074
1.861151428001846
-0.4298607907816887
11.187139664246196
11.709953208026988
7.815426625493981
2.995735103197228
6.9609109883902045
3.8339954115396853
4.506376977736344
8.776650174217858
12.503174382739122
3.8651352669604466
-0.47110218415165583
8.012450975271229
5.123722942089102
-0.11990445576356024
4.2804791743491615
6.5625549519065185
7.607778990977455
-0.20758847227543775
1.468870711742391
-3.177313700744395
3.858786510538
6.44656832182311
10.80761515372582
6.146773418434206
4.355970784084941
2.4609495767109983
0.4484809295369441
9.514243701594946
-5.458170538353315
-0.446558932818653
1.5047962403122268
5.894963204357207
9.749265025943911
8.555761866816049
5.680175019264025
6.632194295026345
11.841593978241765
-8.839087581508366
3.3405178026262194
5.15400534477961
0.29182230276890575
4.06505498780929
6.597849172673754
11.198332985493021
7.477590666905337
4.069592528262908
3.3163287300063775
1.6648353516194465
3.0393227342786937
-5.956928618657452
4.102472258941431
3.8852357783032425
4.893002669863649
-0.6070217224707468
2.779086476552963
-2.4553468548248576
7.4889840592329415
13.133453768450252
4.816625494834904
3.1125803121106554
5.611563994274244
9.537978813882606
2.7617736082081468
1.9609701719364252
3.23638476533131
8.56707674974737
4.3855877584033625
3.201614984200436
7.253806484518703
9.633442218511819
1.0553142928021888
-4.385160428064578
4.3014945140947916
12.010969683596933
4.8035465014066085
9.553801915504884
7.291180073453736
-2.621636692592796
0.5695834540481304
2.368531517948794
6.639541545173298
11.875489981011794
5.569966646052801
9.726571291450925
8.124059352615124
1.3102100078486822
6.930997051988206
11.700209829398553
1.4603055815886186
-1.0367899381290888
-3.7147975287588446
1.102895105524678
0.029644288371554417
4.3517080203962415
3.5415662261920526
2.574629445358349
-2.924882497535547
5.186412373654981
1.7015371335153175
4.117805361767184
5.873524921602964
5.545891399699579
7.27066885263539
0.862461961190323
5.938918392816202
2.9822718384443636
2.23961996027915
8.085240890777733
4.463864642870424
11.04055369587817
5.486089062161371
2.183998232332931
16.221545536377054
8.001947646677037
-0.5446119703550893
8.18734961993555
13.797221004586529
8.05924805591479
6.822079554970804
9.909664418505148
5.142529317633897
2.797783190720112
10.931504440311999
3.7008328056440356
13.15271695045025
7.754311169638044
6.069217055389012
1.6928608658070579
10.441632591562144
4.981272650047236
4.058233531340592
6.257027954797245
5.80665390149573
5.196233825659339
10.81779415503701
5.4195142286703994
15.043830398823172
4.3189821853682915
-5.7385797697561625
6.109031335647553
9.057350773422804
1.051746084291603
10.764945957254662
1.6738619790598004
5.394571161472706
2.920552621533112
5.065887913525494
2.7635113994542397
-3.441381359948082
6.559320154115705
7.758020790811417
2.0711443766438906
2.5215516167349525
-5.174627100704681
11.075421375255022
4.958832833855365
5.764561523839804
-3.027095225030722
-0.49294869518516293
6.792933090790607
11.897938768066854
4.095782429744869
-0.304480862479398
8.067525693843288
9.91426890772502
6.1799766178133275
-3.679397297996662
-3.5946736321053425
3.829089593856604
8.731462746683107
9.735543666783116
7.167625643746305
3.1604359659311436
3.3915858739236744
8.170522784251757
6.4943862823811
5.067619662031224
1.87760460147136
5.370655994311795
3.7436016191651387
10.723280133122483
5.11674717376155
6.487135582009348
6.55591355735616
1.008555662054683
4.509002101234513
9.176962110415381
4.725118150418821
0.8569087679988372
5.415605619617178
14.064014748450425
6.774861074834004
0.5482180052903187
4.655946853029533
7.383664668795088
2.3011116864815055
7.377019103108478
6.863967920582832
0.1870136242985394
1.1933367618865516
6.244312292608619
6.03612396153144
13.280317055610531
0.6441493564329788
-0.16178294860764275
2.384462213477515
1.6167739094379696
0.47389549882542514
1.648075049372474
8.514306192147126
11.039311677393352
1.9884166345298744
1.0909798152016261
6.642300946177781
8.93222685555527
-3.5052291634492407
4.110216666543791
5.176834651673346
4.779101881321857
5.835693915876314
3.4547335865871123
4.621542361684541
0.5221807377395784
6.524668140135201
8.138859835797799
0.5761292224111285
8.320435337053233
6.168692493293093
5.006682496639756
7.7168236381697906
4.804678443234913
2.5530946159168653
16.131961247921442
9.826135252477208
6.210183198897704
7.927827125590683
-2.303481222707103
-1.4706803314609909
4.1259663564689895
12.820892662722098
7.997968563489107
4.263946739125082
7.507430261576324
10.274436438399798
4.647132981758401
11.216964489406896
2.383272820634751
5.057329268236435
9.932857143592628
0.8723540408581361
2.008650387016611
-1.6871114916617609
8.21588107740467
3.216857004150027
-0.10581243641456917
7.908127414444101
11.974863945473395
5.797123893760677
8.776986243138637
6.911853483200428
-0.7043813873910931
10.493282125480011
6.167035262949587
12.314615988633676
0.49023599528594897
9.982904559645991
4.732153108258098
1.35324774149823
1.1161490749573786
20.98702478927651
2.626233676845118
1.8359004403460966
2.781905592038707
3.9319478390584495
5.452091782937309
9.112828031114665
16.458846102484756
9.88631482357852
11.157684782323964
14.329617977376142
7.765139235532059
5.334702529589855
1.8142141095191957
9.215512353267588
-3.637745536384923
12.950806901167626
8.305507739020843
16.853637623917663
5.674706030852927
2.591200989796601
3.7364055821847413
-0.5155953462706719
3.7031097291311132
8.595784282180878
6.7822225928045565
3.25398858265615
-2.401978506889927
-1.001099206710081
-0.9620701660607525
3.740947259740192
2.0140249853465955
6.635278026177437
10.190708413720886
7.606760161377854
2.0451657801823724
5.849365393341174
5.699353620598232
2.626453324981293
10.430241258769835
10.279303526016701
11.971458744380431
3.6668572283658354
-0.4748657349341494
10.816481522589285
6.759604826420949
9.994020825717648
15.095733540131274
-0.10580000890060859
6.2245808188611935
6.552738849609435
13.582242462924926
6.278159811175553
12.432275208988685
4.167840141359683
8.457695360085724
11.706430155686046
14.221118723614643
9.258940369705464
8.53066941886835
5.080848693546716
4.178518711536362
13.451391651862739
6.92573803032291
3.9070256476769583
11.70150688894773
5.448556716240058
7.356377697730418
1.0203181815881441
3.129098779054969
7.050989952645046
0.9403782322743139
3.1231395036860965
11.202185961706366
3.361021463537682
9.965596996292225
8.653815414428767
4.165663945041334
7.83980895724536
7.784151936308118
5.632675207690491
-2.002661464988435
-0.06623683396994418
4.711758793050284
4.533566444444386
-0.5626596354297644
2.9577043779552
7.084244716420185
-4.791500162038414
2.985489173320509
7.213907136070393
-6.128780536071202
11.679395073293335
8.917687363694593
10.487173353713924
5.371702446779288
-0.4512251038265065
-4.824020951748366
4.817507474655808
0.83278985363025
7.614495956146388
5.554959287818367
14.290258195189086
9.119425340324643
-1.5564429897712566
5.165102508565764
2.4061550600609896
9.917872854971073
2.4223873362320534
8.521689730931376
10.676358733297308
6.10131592429401
4.880486001462326
3.4249852005057844
-3.9071693210505476
6.945819721829247
4.721227978782639
14.914378759204753
4.515381083888946
5.961877429994958
8.011306618171698
9.843290678266804
-3.175794276551855
-0.3232240103510007
5.355218021761139
14.598236075681797
6.3049223864214134
4.736515342036574
6.899298999394674
5.250251726127416
4.847069583407997
-2.0665958248064547
4.784036106973256
-0.8455363344553168
15.078613811476075
1.2541939062952832
-1.2623363215475907
13.975609026247334
-0.162614712949396
5.853892227884005
-2.0098207162616895
3.6186200730062588
10.994689574007111
4.453002569356926
-2.5149472707365153
6.837027672325065
-4.567758466191059
9.63026261069767
-1.9969265547722337
8.185374216399454
3.6370472716259266
0.9258674933015953
-5.099838943149797
7.84943216336747
4.886045890661814
5.2962525375538325
7.7447494969834665
-1.3554219037659125
4.618270980737078
-4.797806421566966
7.941931457627045
0.9006376202854893
13.23252555775385
4.469830360541435
-3.6181348898383847
1.3981912661257034
-3.5335774544874514
7.198711379418608
7.956291545137612
2.2752615696626712
11.248156496877545
9.14124416419885
4.0903191381570965
8.91183888128921
-2.7292152020707476
2.5975639846163694
3.725337174703828
8.055225332120012
-4.931112690449249
1.1586940085864783
8.235715163929655
11.827474611496758
5.6656091347165445
3.0057027629970867
11.053476579740554
8.874223981385724
-2.2794597685439264
3.6259680184118483
-6.152510623152303
6.923641551173777
6.033724778143316
14.124634059694909
-0.6203985174953948
-1.8214645245707493
8.536359196220834
0.07045219686698978
-2.163216055678407
5.342856224498837
1.6430229395529699
13.462896171771032
2.8211766703662513
12.6911814973226
8.446096698988903
7.572581451647544
-0.9265949257468895
8.822442813498476
-1.1854200400915822
-1.6221134648890283
11.876700528239523
6.20460493015182
6.333327466456642
5.448182967333654
2.219673061397923
10.852249261467987
5.480393951303081
7.5981762079344755
5.779388375524441
6.716527299189082
8.890762531810115
3.0405627642952715
5.490144778813723
16.995868024146105
6.282612237904408
3.4360962300108175
2.3289941767875444
0.7290329626856455
8.086222729002554
2.0924974713869697
-1.8578156362526248
1.7385592334034738
2.484498222853639
6.872361092775482
-2.5205767730698403
2.3123387031613394
2.487546962082346
8.999793019173623
5.588477509567947
4.2322573209229
3.364394539240491
0.9809737186353473
6.7676119431033435
13.358649298870564
9.522019269411304
-2.235269716714142
5.923392449231464
-0.09482376677778515
9.711538173374855
-0.257433809735482
4.636770848932515
7.99450031926965
3.071584388350115
6.112369053457825
3.669854670999727
8.5200533656483
3.682169804750386
-3.2601471127086477
1.949038716989251
8.458239111703232
6.231736667345109
9.147381178953538
-1.0550203232618802
-1.2373841914018877
6.571231346715785
10.438276834790525
2.778618614810401
4.727401424624649
5.214950568386212
10.017263056466682
-3.592608775923831
1.1674725703418396
4.117807621873922
9.180889254076916
2.4308316406085515
5.449549016884089
4.632691253814155
8.154703214695447
14.02858898423386
5.3311445328722895
5.330681805365633
-0.304488646179057
11.611255938234642
9.797267058502237
6.328891120187124
3.662283811847848
9.79520239622556
2.889917964310289
4.880368418580472
11.994182066170442
9.735361085805277
5.613497198578244
-3.1796002003302224
8.764717300653608
5.054426647780677
-3.115794083279164
11.062596127453784
6.76401706430402
2.618973755417385
3.96197092053162
6.562156848573816
10.81612200473677
10.09308709775939
3.722932867791058
9.511416803568432
2.8667423716411
4.845677305404493
3.8727520906749295
3.8717556648373592
0.4244214942458484
12.796388934496365
0.5504496091062858
1.7053101253288516
1.142582183941639
5.822997794142167
14.9743730087966
7.083450520295576
3.172669640385144
-0.605256621692746
-1.2672750965792003
10.555770236146659
3.167305945554534
4.301052784061627
7.355480630459885
2.3519212161003957
3.538425095957483
-0.49230616626358925
3.1748344458202924
6.807297730002212
6.479645048104102
8.385017181443798
-0.019201154627100703
10.857176638462388
5.325721466584611
11.652672500373257
4.393592013916009
5.920798403912474
6.776460180575064
3.016413848785293
2.9281588349923084
8.879192497016863
-11.664077625299866
11.647603047440452
2.296029353269507
1.2122382296982583
-0.08286005498936255
5.987380133182119
-3.5628857934461653
0.41032145361855576
3.77964182469922
1.7399003155599293
1.429402469064593
6.960875360662246
3.7129030417692093
0.3977924203944214
9.77781956183781
4.064382489745144
8.885981040380091
9.190212276339341
10.98309472474206
-5.775422875250717
9.118901777051205
1.5053183741712808
7.343753193731534
1.9384295417776038
4.572050346416024
8.838868841626269
4.8740517896908635
1.0451527787582309
9.251882301253396
11.968458060047444
0.5794034173120686
5.655325200301
-3.8926079117300816
8.554455242455417
7.057093987195611
8.70555138783459
6.032648254802478
0.6518088067403887
1.732174735203607
4.083666175315046
8.335630580145784
4.950912033972302
10.138843552378368
1.0671813613653036
6.912807122583937
2.824381879295571
0.44929429174385227
11.547093699629805
5.14922500255542
2.8532993856259843
-0.8852703728044329
0.8282393012010383
5.937563482902404
4.980867294496319
15.841866114700897
1.7125081824684796
3.586032581662123
6.792368502602942
2.9001893246448986
7.006665612824543
8.047820010169172
-4.344348376992999
0.37933860000631103
-0.3600462685472765
7.268070820980232
3.5305003080827775
8.138154432971426
5.330609616927858
10.359570330076664
5.106880955297662
2.7262701825066324
5.637704430341392
6.045296974957087
1.6344966163820684
10.360458198774737
4.745881662694222
2.3882078828313507
4.877152901056232
-1.5449887819623438
7.513528011347068
7.46675758301604
2.3884364161789207
4.043748523074926
4.031080416078902
4.116031213291633
9.0938718476147
11.32598075369711
2.0675683001814336
0.5952680717909575
1.5723245582252368
4.869193985576795
-6.303479003960046
12.9463553447825
9.901509784269948
3.9371320059964092
-3.804344592737684
1.2377833424878584
11.175221449103155
0.4811279323179942
-6.160653156006688
8.917364658210452
-1.1877245516740498
-1.229394450376116
0.4911701104682855
0.6651470702977464
9.178780160640429
-0.48965211919375085
-1.4864247137928155
0.9396795435258627
0.8585826938092489
22.372793846228937
5.080270922716845
11.370288161063431
4.367306898045101
6.953685299553987
6.291528529393329
2.689733144321067
5.804594872764921
3.0417536813285517
8.206430880233112
-4.96045363571363
3.512536550905182
13.58546301711225
0.4688406205864508
16.802235998945164
1.5637482014526767
1.6143803683437534
10.90964077464163
1.333560576690406
1.053366598924375
4.981374277522707
-3.2048921453202794
6.8129877665810525
-1.9205921179463283
7.858421910783424
6.1612581558014305
7.179653393250451
10.96490186731683
-5.494051383566404
8.142543488334425
11.213008009468304
7.072884706694159
-4.25991688086555
9.229046968467514
5.227927852623478
13.022185041432117
7.972097629851944
14.016854478650496
8.378936770730178
2.5392638430560965
