0.3909007570642893
9.24007134525635
3.7662379589775297
10.167711838775773
4.3266178414873995
0.5560604832290084
11.610232024427585
0.07505409340140412
7.092721820530891
3.7752760723136243
6.982520242300447
8.107296158644386
5.119177350724987
4.757782049541513
6.675697667512242
-5.1195703326652495
-8.459919043172638
7.528492477926298
11.22857032597852
3.5046001872721178
10.173138093837686
9.98599892970461
9.868580097095402
6.980332761112882
4.956061669982111
20.028473807615924
2.475338521877372
4.047688926692854
3.7761543482677933
9.459075839719771
3.676964645522091
6.274418987385089
5.766730478991785
5.770005130095138
13.567709952703394
2.2809508608979185
8.805027809095831
-0.5260461882210912
-3.7483219981143048
3.8457155568781647
7.783779038568976
3.0912749111690387
3.80626388764946
4.3484119162387
1.911169756723845
5.060328735381012
2.909625762171911
15.321669100095102
2.7341422992365816
4.002109290203935
4.65994588854616
1.8512344140287804
3.820991194962499
5.608325679287894
8.128786228068506
9.925486892392415
5.419511501254086
-2.168761382931259
6.028934200353075
5.650826564520912
1.8003740895601954
0.49056971080255174
5.402319848347609
11.743215460983748
-2.406158099549881
9.534170480312817
7.652179133347492
9.624133208737625
-0.1870009873127243
11.326167935916144
13.462265389718143
4.1202777229719905
0.64761211952277
4.088972084145134
7.634377562332187
7.755167750758357
4.934643192146895
3.4789277811342205
10.712790340522925
2.8919477538534264
5.651979499464566
3.7502970485549216
4.487279104078613
17.144608968043077
7.195069754122276
0.8540678139827982
19.92954405601772
11.256418312390771
7.781104111991503
0.17187065458421102
9.00659902366298
3.539717888038877
12.626604963093895
5.00505251288254
16.106644767292856
5.354584857416564
-1.812843396467068
13.532321681312425
12.597148987195961
13.774873658414217
3.1267774052875077
6.429896948919558
0.07395998632041678
4.839800106270003
3.4550052687520507
6.614204442026184
-3.4980182588673765
1.8116203576815675
5.717884134088545
11.913175465011605
3.5971129703516453
2.6422248565890274
0.20368355707452057
-1.3193875885460198
3.0404710566747246
4.545059917567196
2.925765108055595
1.363731554919894
3.7641533041846227
-1.299533742417557
8.964716211179732
5.313766152484475
12.90009224028284
13.086789097849733
3.3592819860711605
5.161498675424101
6.1519736780864775
6.885930392931114
10.128460110834883
-3.8044110198111705
8.02200291664333
10.00539643428047
9.593139540528261
6.0955784686885135
-1.512919211767084
1.2401797386882416
-6.0929300735450145
5.463087389398485
14.174192455164663
2.11791852257406
6.498697119565649
5.600873721053775
-1.6935789459966317
4.965905920551179
-5.271165595038081
-3.5236249771862527
-4.493604451655608
1.9957763889280313
9.170812335366474
2.25405775331553
9.623845435243554
3.2945017539205486
6.764626774037524
9.524854959272986
5.5724466071241325
3.6741641441059367
7.398893346031116
-4.259945227937697
-1.6994052344236188
18.172683051323844
11.916025544473921
-2.165426099387596
4.396933451145052
8.405272364192358
8.246425815894696
-1.3190572189856082
9.117468955361765
-1.3347989970034453
5.059955529933996
11.785428610195751
12.78251207168925
3.6094812917252157
2.356289628785021
8.582898471371957
4.523276985572551
-8.788210352876904
6.436621677334436
3.5143057824152866
14.36728167543649
6.555757708932829
1.9369194313210172
-3.5311566566521106
-0.4553864861749961
12.856365749716161
7.803283921347247
4.537682530067
-0.5906024003101091
3.0821364973078933
8.780635253339067
11.483071835617856
11.99168506108644
-2.487334657027204
3.3818915005680736
-2.4920818199752457
-2.682819794071417
7.15592947989035
5.80921248026843
5.332095166212913
0.9893770513711408
6.1786397155554456
-1.9946486461370032
3.2084409663140985
-1.8225136950112688
6.776075599825555
-2.7933258726583308
4.041579503204535
-0.5481518839355308
13.399484758987436
0.4007149058228965
-6.879572792154413
-1.4323127931453166
-1.0544299522560703
4.819365428665659
0.7592879737437697
10.450606195477544
9.843355519921689
2.663718741297953
7.34015839472681
9.716418876200784
5.605006566616114
7.207179005611313
-12.685420122110314
-3.5238071308965058
1.9034208906137708
0.24485779630165094
5.4894016885544135
-0.7053715170542549
3.9879680055630393
6.150437671383761
5.526392822377001
6.344472890931444
6.850012415988953
4.327520248525803
15.68131973468439
7.6914319414909755
12.21699403963987
-1.2708195613498603
0.20602747701284496
1.520984838162267
1.2810619170620843
3.4250841563549463
7.403808285054082
12.510728112952167
9.702557918141501
8.611803337037024
-0.8857303613283891
-2.325088315184926
-5.666642666654468
5.500797187485252
4.630341422448187
10.823340415407849
1.785015745013962
10.033279918447349
-0.8931896452102448
0.3162927617593301
11.48382048803743
4.230375193764362
6.920900636352508
8.001550194400963
9.728350191326161
6.788020756618807
4.076969377033489
9.513867273467469
11.737188751786038
14.730723586201789
10.804369623055477
-2.567479758445737
12.971902708241226
6.864902701757296
16.782381299811323
8.062415774160279
-12.470256203456902
5.675663155082864
-5.596011634744219
8.159742752590038
9.42140859733637
5.272144607606412
5.468933408050137
9.578557733904002
-0.34568374804407576
4.292966606910276
2.6952665609010666
5.533409797608704
9.19030533204246
0.12457166438184286
-1.5194640390169631
-1.6041705413293945
6.298068670680385
1.580740849786873
-2.388654742289903
-1.3138693428924988
1.1556482885986412
-0.2857414718240907
8.579194624969684
3.4963147409124584
3.110194005255002
3.040435379505953
10.153631365759814
-5.015822397835824
2.535441295843871
9.365784891133142
-3.9119236356101634
15.58393410014653
-0.9175156789718866
-0.9982845182537652
3.9406166494183053
0.4918250014508274
1.5215956683366745
14.637832151442556
5.214534482035143
2.122337527394869
15.035912884830314
-0.03795154454992167
-2.900587843637882
-2.8456685476015675
1.9160993080874333
3.5309821774692227
3.1754545827364615
-0.88212163410887
8.803309947626996
-2.0295546826386666
6.047795169246655
1.7963211841817843
8.936144188479593
6.719821730055052
0.501211925862632
4.687912576018191
15.092203909565969
-0.11584911116002594
2.776602939241758
11.750379726314456
2.599780391057314
2.6180762598774283
-0.6282126496125562
-5.731262914747575
9.620967026298455
7.719621726333838
-10.47360073808323
-8.79528496545689
5.957239147363085
6.882631134423749
1.46460377650891
2.4145976344156925
1.5084078881974694
5.153594023535161
5.101647312797511
15.273602737475994
8.504396031933826
8.636999608069138
6.369463013040526
3.7350256166333637
-3.6197761079916297
10.212780303743246
0.8950190556084534
2.905242843992814
16.440074378363526
11.08358633197044
-3.06072667404953
9.54096758729325
15.763695756423367
14.49655401559195
5.321861559188574
5.351437588524769
4.276272446455206
5.112019017915595
5.2304032992394
6.03466210800694
7.189924466322494
-2.0212959202583
0.6137929799170854
2.1096493835615697
0.3310597571132283
-3.817382059308531
12.856030503934713
-1.8598439420486566
7.715033459474041
2.621354611241875
4.124016101331949
0.3340599787153282
8.917693599215417
0.8808419968742065
6.695006317652176
12.240772042442304
2.839233395836891
6.12604763293154
2.0709383050659698
0.5030572766127035
-1.0945676661224208
-0.5201889098181249
2.2207258415616713
9.527409203230327
3.7632136559558735
10.572184487426947
9.282637124709918
-0.397721513319091
3.52448385762598
-0.4076851303060698
9.899792109296083
1.9116752513550948
-0.9835130960741774
-2.383079089968044
7.241182536133177
0.46954860074208327
13.836399394910961
10.891395980949465
4.173297681510805
5.341318611825506
2.3892803259055393
4.301519131832274
5.168076589574576
3.4048364575728507
1.8129453742026342
5.4006936176772715
3.377722989528426
4.686306882549715
7.74890345392955
11.27923416895046
1.608282370644471
-4.249260010093646
8.635126998316007
6.11013510937437
1.8984855343028906
13.221926041080268
9.02111976556705
3.1607068028781105
-4.224479571961326
-2.940831071743343
2.652162422379703
0.9824788703802891
3.9100859301925373
1.6689512167935858
3.899750037154427
7.503776379965219
4.208187640279284
1.5702735102000784
7.854340503876436
-1.8233693518579113
12.728909708990463
3.7673102926790643
5.853357941692154
5.128635193250586
17.352221820487944
5.641077047603783
7.88108511279741
7.0488175762232546
4.995351350800927
9.144882129544888
4.0116793167842575
8.492517565010482
4.915519944106759
6.078268119538961
12.723892301016493
9.814176021891118
-1.6120706970951222
10.6623802559406
-5.06271537642847
3.5767584473685288
11.121338491401612
-1.2748245352671188
9.22533529327672
-5.9732825184342495
3.5624448322815483
2.8397130278698848
8.36565878923469
8.88822942627812
7.762308187299618
6.686022156971386
10.216420997214511
-0.6517830236521194
-0.8200886189216003
6.170437174602528
-3.1353935479654087
11.45120690910569
8.435736345902148
7.628352712041156
7.48140858338002
0.8610085840607482
-1.6381221274526183
2.428658090135367
-0.0275059252599279
4.831429876103742
7.791890761162343
5.07373818772541
-3.7692446698943565
10.886149944929933
2.132101710660894
-3.7500844349815363
10.307360856925454
7.22485875154238
3.685846131944229
8.714069725492465
8.136629389741374
9.854321179661827
3.2626720526123005
6.576110286565088
-9.98990516322809
2.154989532036039
6.953370788822109
2.4962646932747363
1.7847414695982908
6.732665198369034
-3.4679307976462175
-0.395091877835001
10.027788056831838
4.07847811716756
4.769611674286887
0.9452789496104366
1.4783638539461388
6.9544415276546605
0.7379823346880343
10.296350157045985
12.728738424338097
-1.9872688022051683
1.460773289057001
11.547928460522334
11.618602007395372
7.60941308924315
12.419720858487304
19.360597476096324
2.8197989663539706
3.8376734039575378
1.4132813917778302
11.154962794730595
-3.96730334571342
5.317487045860542
12.929524987737866
9.54843215152977
7.779492148973455
5.913162659548163
-5.8639559685099645
1.4901757847667023
6.8447207679569875
-3.589226041277085
12.313164041023128
5.490607880821498
6.61184176130129
-9.068694409714299
-4.856641774406217
0.6261167005913322
7.3910602545193615
18.759482903580817
11.199802476543063
4.4381305423720425
19.28558028891841
2.6073743810436847
4.277175946276457
12.83626148984722
12.767766880307928
7.616062559171229
-5.320258139042631
-5.424555533569917
1.6708230127831794
6.344177809053005
15.347131243859536
-2.1907739243075293
4.95198004091793
5.826094199398407
1.5341163340052457
5.34607920810383
10.49557491976989
7.883611756344503
0.4675626616752324
10.638070646803586
-3.3934473892998387
3.8055951793838076
8.77431180297406
3.9425280593938457
3.621418218074294
6.417003358734556
5.368799313453081
7.9843524069391725
5.992464292143351
9.06793958817083
-6.316141746267414
9.091939001203123
9.979656822452855
6.60108009389683
4.098170323264029
8.659306304651176
-0.8253786009717738
10.92542444762057
10.615540983684493
10.768574210791456
5.557069377151487
3.3852487655622134
-1.127332584197072
4.76761944076699
3.4004175130884873
7.006060753401734
5.970287112139059
-0.27916264901855214
5.927252975955153
12.981361006183176
5.926772700041912
14.39841686677873
6.423125885778887
2.1309282153345963
6.537697982055257
5.307306651236122
8.402750563643323
10.717141497509736
9.440956240229653
0.8743239506445537
6.184145614800773
0.13016091468781266
6.153643360725597
6.202020310157184
3.079058025663791
2.423423669893176
6.36796159930483
-1.7770245635937059
15.441811555371256
0.37170071212428146
7.667095213007414
3.18690481441727
5.254096071476205
7.573665568406362
14.653158677243814
-5.279432488924185
4.521986030598754
3.8886152087021575
-0.7369739064300287
2.148198759896662
3.669348734939086
-5.6663443021955295
5.3384633794521825
-4.720750410883653
-1.3587469356848434
7.378018423613598
-6.158167171137823
3.9182771700632686
7.502791390551433
3.371513820644629
7.335206092567519
2.382141145163935
-6.919497435284423
8.497946633116204
8.258536922764875
8.068119024381202
14.609126223940773
1.8721196083069727
7.96122879143855
13.573172556528148
-1.219484982163367
9.039460970650227
6.193071080945002
8.418812292190015
1.9338290339007314
7.890345211742091
2.5774896710356208
4.371545490489558
6.165431656913266
-5.903231562334836
4.63547670331172
3.750300931306631
15.464604955459073
2.3875193770383287
-2.1481593640999197
-3.405928629252969
3.209690922853186
8.773081738005235
6.004535566579216
3.732367813792494
1.609222124780036
3.813520591343466
6.178377253535217
9.54111727260709
5.431650409736046
5.483554881250399
0.9046753136563535
11.929322132421436
4.192709302125934
12.050753305365575
7.07929196246527
7.074117527076043
2.3233506201538647
11.217923471665152
4.358327385717723
-0.12579905420402326
9.48126366836041
2.6798664284841647
4.856270274565329
12.843530352973605
19.472585847332176
0.41868947890220465
14.99836980495804
6.752512988538478
-3.2099708868501455
-2.1712027935977067
-8.453114199649663
4.90323293906987
4.018739698636454
4.705294111924694
6.015884753282333
6.858650443995873
8.576200016648096
11.374739774264276
4.724878230832829
-4.621388955669056
-0.08150542736410493
10.278809932332306
6.62132052664497
4.260440721526274
2.8974826037175423
5.0543620638702365
4.200764328089821
1.0568718355375122
9.563544053804549
0.7396343870684485
4.178727621720206
-0.49751477138585987
-3.0034865841492184
7.29387766136596
-7.605645414555497
-1.6295529369392678
2.1025695749786344
6.946918792709818
6.663390194277536
12.700208403824206
6.446576941016816
-1.542283596033169
8.095239311329031
11.85831660495225
2.5241774534366375
6.362898958522185
9.96915048195186
1.9753286945800639
11.559583342974165
2.1814542585986487
5.960145515400835
5.974606682128036
10.010774271617063
-7.426741757300817
-3.592382605499239
6.298628437469515
3.3013197573927244
0.6836934010466775
6.597365251659113
2.4088077853382455
3.4239543341402605
9.163606469810832
3.4535493375801423
3.4324857912415085
-3.3141684801380284
-1.4378250599301232
5.823723417002104
1.3616532449531857
10.34318488671774
8.828089853655985
0.13258199082102706
14.546264691445444
0.736963801165194
5.339726407778954
-0.5574256829446673
-2.1574393699522147
11.871182443574344
2.281456166876034
1.3728081538652557
7.5220299539733775
3.263930427938047
5.251922459350745
-4.596883136656416
2.198408635292881
8.60251695392731
-2.454886599540057
7.0159160465555175
3.337740885422815
10.241826421079837
4.6449557707114355
9.481105610755577
7.6313065735609955
5.987005751308474
8.382755757855893
-0.88286412513117
11.481285511307519
14.729077930451641
5.723690616928992
8.699772721685028
-1.0362514596686045
-0.7255391281829531
9.968215454077434
-2.683333590417151
16.516496920998215
4.276806605589672
1.4405040933724198
9.59037704388634
-2.565091583174234
6.58362436680919
0.9727078264718076
-3.4999969852193153
9.366646711460795
8.371595822581464
-2.651628919610177
19.19947880123283
16.597977529588412
10.023020173751817
11.236834933980685
9.340288087076189
-4.022782576706788
7.808935629573908
14.311619452559889
4.942722988361784
4.301337084194105
3.265200171983175
0.5335802857828345
8.72456868886641
4.507947507308056
4.114663188208668
10.129225689119417
5.78709181291164
6.1264861072453005
2.550713921292576
4.246355867067986
6.033658427094942
9.883919567448626
4.8534821744373895
-0.648221982043979
4.335422643568133
5.69461291252946
3.796853009982788
-11.428396065138198
1.0018029640212145
1.7771046161618482
8.009139223064903
3.0429693401627995
4.501181934513166
-1.1469701607148597
1.2466927031902526
7.111804313837286
9.363359467100526
2.8123676492268714
-2.9516705616025147
0.5679345839492811
1.912510660189009
14.652780864498014
-0.04847265195140338
6.637193973612618
4.640382497296768
-7.76750062401306
6.012969414508512
-2.092491654609609
-0.7436897004008687
7.2517819424191226
2.8313177432376917
9.799032626838544
10.591376777891501
-3.2421154686122193
3.5229626333688095
-1.3548621673558863
7.752308178825002
13.082633685829371
10.773936871544489
4.267053406496625
6.957965598514935
8.61255111240752
1.0345981925925125
16.064517180948844
3.110963783941788
-4.065153967976624
4.379852689243841
3.966779458770201
9.488764820934719
4.736909649544289
-1.7133775615330986
-4.9641242049602905
-0.9569020300908928
20.043882821287628
10.630971642038658
-4.280113506812561
2.6389049912114313
4.021036482913205
14.351323224320199
-0.8382570708797035
11.101229430463864
3.1993006749700763
3.013397474550432
5.197430475815897
12.047245258145091
-0.2786962963609376
4.403045716424175
2.4158784813058745
3.2292713446565897
3.0363419062871277
12.354705173102914
11.374654663161458
-2.8877830409498637
2.1036400288960873
1.2859553968069743
3.03288534264925
-1.6252837836297287
6.084215710536666
7.78014355183043
7.974903372758874
6.226052358581764
1.989572777550202
-0.13585585871102346
8.884902377058209
2.283547729958456
-0.9072071214888462
3.987820216883982
11.51302657295565
1.786107061579619
1.3558802664059773
1.0539736801985207
4.765810935054829
3.638034068768233
1.479775133443832
2.58983292041151
6.212171750920242
1.7680590402870306
11.582501119799947
5.196480839219674
6.531167255682362
22.237693554954255
6.358649438544068
5.926783700710284
4.396132202135053
1.198943935659829
7.175100595492138
7.18315892082339
-0.5642415153777351
-4.2265409222001615
0.5949559676992768
9.689271040278967
9.279157424612517
3.612327170618466
2.3047802080723363
-1.3697626635771112
5.111159825662362
9.243575810683359
8.463498502787028
9.351843204211352
2.3192581646560293
13.323046639651906
15.63408397278238
14.328534721930625
1.3045036334492053
5.9780875143348
6.89116695780163
6.568971720253047
12.309103293983368
6.35671213337079
-1.002916388831462
4.215052263136208
13.730538666544957
0.7946154488247199
2.692877290619266
5.524099105512855
7.683176770927471
4.8466464036430015
10.570810139134787
3.21906223441625
8.234778413722271
5.6619852364408345
10.589765296594722
5.831533805946347
14.414809847100097
8.240484359504965
0.5299794112330085
1.30063461234014
16.694328367617764
13.16866908569248
5.343563593980246
7.4856547721097115
-0.7053034522227577
3.9590850280685297
7.929648634919757
1.583191113677259
2.139283429344137
15.965882798214892
5.274797810018708
-2.1435660076242717
4.645364094279456
6.440585430776794
12.244720748984221
-0.2375772510300065
6.158786080439908
7.192344141461346
3.6075651027406206
0.6108513005260643
12.371893576901813
12.751632008941069
0.8303167718312512
-5.795512908776626
3.1304825076796314
-4.415917571080786
0.8798534118880221
5.090697645897656
8.641167458936977
1.503590019491786
7.827438899419699
-1.460139772120323
17.77108043615219
9.3777919193512
13.245705480628288
5.670007209488727
0.1484334258359823
-7.131903650334671
11.025469136527567
12.614403909695426
