-4.371199462320858
0.6215858823307361
7.443269608266782
10.975430072485915
9.166250270521498
9.069447547433896
8.183992129581728
7.560330421368873
19.673447734192962
6.915361820556371
12.137771415993024
2.123842504446687
-0.7996308527121414
14.169355938937048
-6.0257942741019
7.162157001409125
20.0972236909994
6.051606848790972
12.21131830476103
-1.268069053505216
8.24877796839169
2.77616367236507
2.14455870671559
-3.27508912411505
0.49193691255716665
1.3530559903055295
0.24489911467768
4.364828891711722
5.2742004432521465
3.5078032900194844
0.08767618043453584
-1.5002173708755144
3.241555379809433
7.411758751408168
9.466326635368297
-3.1175092049840583
8.941888577515
4.20020846939334
-3.5489924659262773
3.8090203763079846
8.006907848535304
7.141294639605088
5.694071370283973
6.610906961691655
5.0860707521353055
-3.399948277534911
9.773014208024193
16.01923644617777
5.644127943595708
14.294597016259141
15.962574491815065
5.473189783244894
10.383186690219642
11.72901769798414
3.7086201097301923
1.8323416578212708
8.095983506546057
9.161294484460953
0.30507303805911246
5.882544699952389
1.373992048933605
8.016202792518214
11.22825669986322
12.244399093001832
8.472998539079942
10.701458127661027
-0.11648554042750803
-0.5019506590180978
5.519280734974568
2.5183301752961795
0.4262195621453131
-3.8561539529608364
18.444129443548626
2.7736206669110564
4.180950092997407
7.079434663204316
6.587437509658429
19.284558368117484
9.241314063333519
4.821578445328821
15.328449718869633
-2.383210324835657
-0.08920473875309387
4.6185154308575065
3.5903447108571354
3.8380794798527087
3.701983994349386
8.743497172607125
-0.8850087594627416
8.181798201385526
-3.8675390045372247
0.4041376883452603
1.7535546425346773
9.57139479223833
3.2618983905722616
0.24572515954867935
12.939668234081694
9.930762295335953
4.979615272549915
-1.0502391158466722
4.5030597420441065
7.058136519804678
16.44407614466181
13.00929265164311
11.500251920773424
-1.1001950336256217
-0.5015868286607068
-3.6053812564606176
-7.979176070457248
-0.8892408027937053
3.74382542141659
0.8400040884822886
4.983586861051351
7.363787677926223
14.338375275155576
1.0188171601103369
4.55142449273302
1.5251206084170832
8.124245564641425
14.125564107826868
-0.5281355748391086
5.380869899386898
19.5963615864289
12.09725901531288
9.366194775854318
11.120896831804988
9.828701578977418
6.089159348008258
-1.716685032567434
5.704677457922597
1.321525466814327
5.306136428954979
-1.8282308154388769
20.691506696441287
5.168821851153352
3.315542721125728
17.63709464161907
-2.171065827909189
9.367985809550422
15.316674377998881
8.065070436874858
7.000366940763888
6.296307677686836
8.27459783733546
8.824331828459297
-1.6810790758924439
6.961827038587991
14.821642363908383
2.796264909412482
6.418575235441104
6.880537665589244
6.534080088061013
0.20844843456451745
5.790446659457705
9.962380401594261
7.917562275257492
14.309727592057135
13.604745253405621
17.272892860298036
16.36718832304778
5.302101197999674
4.341841916076767
17.46389930680271
6.1198789184674345
-4.55593844525983
11.62257840454949
1.572814838636953
6.1949570362165725
8.016946038175384
2.6886573986903923
7.673682066563634
-4.913414479837067
6.701025096448968
6.000507671216243
4.2405844886192865
2.536297618599991
4.716906974840784
11.223124497985065
20.115251032824307
4.85920182825886
-9.638456291266284
22.24710426229219
0.6342502284361453
0.9792772576777269
-1.270644169797599
-0.6358691683649491
12.601272257084908
5.349974891771937
4.726042865021139
3.552283087347275
4.938341849688734
13.483023376308797
11.51389677188262
2.197780176949391
13.944693079093891
-7.174796043544953
5.950863405458772
0.8889994255989144
2.5963039440802733
3.5077498411413
10.619409486501729
-0.21099379972853605
1.0336798325596899
13.0014147486532
9.567621552404592
-6.746610853061032
8.381192083305843
0.0006938333761974391
3.6599503275258987
10.70121812385634
9.349201379488381
11.220720749369583
-5.629461352973626
8.453637461566732
10.920592056104176
7.4339752180906
5.247096437729875
8.49086693763627
7.227049262048528
16.583721773656094
1.8536578866489597
4.863371279148115
4.132481493782917
-6.323986877573251
15.504408372419663
14.310105546485035
2.134580140736286
8.300665605021532
12.119694631712353
10.737510648676896
5.729202520599663
15.176831838145855
4.058586241588596
6.911517330901796
5.53110513918938
-0.0609981051006141
6.345301864274999
10.054581381127015
7.333072970475745
13.960936216379267
2.791686047925264
1.5264360996989383
14.482199542372916
9.088793861630574
-4.7421841295114895
13.264397577704187
10.433261929180834
2.5610167298582405
2.5108761388757226
-0.6823338797045233
17.49068158565227
-4.252503304823511
5.868523399739314
15.73306156353905
3.757103313905401
-4.5910261786999556
11.859066150104331
1.5551794468583422
19.00611652840572
7.334017362876972
0.1815321917806152
0.029356338997255982
-2.6679513941219835
1.0365400954168473
5.783301382897631
9.064490669603016
0.7826196629924036
8.651347702807954
14.35699221177866
2.8897040528100653
-8.269017883045727
-2.563994129096887
2.5140509345398567
-2.789726974506353
6.317599702881931
-4.630446532769685
12.187949259010868
-3.2705202015796946
2.365675063670371
5.684289758714242
-1.8320146087461273
10.570789621826794
10.76538659147279
7.955239612186965
0.32771675593057203
6.117128202188792
12.350537970785837
3.914422904521879
9.66592231055538
11.43695688184932
6.645327915907172
0.8474354095116485
3.847699588405711
13.256129804910945
9.012439074988
6.332522055170742
-1.5000664531249992
8.060768094098952
1.6010876515578145
9.402611035698936
12.450109965076358
7.514179474178598
13.388649469676196
7.1774697803208936
14.104037497749635
4.998345007040129
6.152292562500502
8.315598587368005
9.38275879485102
11.337584018407997
-0.31315147564254975
0.3607270643428633
19.55931608403921
10.020834915363306
6.037435058869368
9.892080920024744
8.702273480119274
-0.47849448714094756
9.251786136234692
0.4526437863702695
8.32710971722923
5.934988537457112
5.746904421062099
-4.038718880679973
11.803630554331662
12.367375982008571
1.5774938677428691
5.796886843577744
6.928913013815834
13.006210590755583
-0.21612924780282583
9.558104877307352
5.950619315695315
5.048684276658157
4.67332871269835
6.492780712703328
7.202596563269623
20.02786462983322
6.975671407203615
10.566012462711177
5.6998067836081
-1.969354715602801
10.127801602138558
-6.787155871907851
10.109488323026126
3.7832308580308
5.344472592645116
8.966652493099861
5.966653010346878
-2.5271720933204076
11.785686696783774
10.80535584833877
8.136456260133313
7.49640632404471
0.02058740516243418
3.4017941477968914
5.46015338993961
7.687604477207434
6.419246248002689
-5.158039858891783
5.607349723287284
4.039964637255979
11.094613146384003
14.547064988192249
6.366630636263816
15.941176660199396
1.0232564875589105
7.338541283367158
9.860908283526218
5.45001811461025
13.940283981936958
6.0580547457401535
-7.365849672977895
4.100706651596337
3.550644257381129
5.648328783859233
20.703976281765136
18.36828282282103
13.684772331837213
4.771227113736322
2.5780378258110606
8.38020971801259
3.8980961133722727
-2.5459318706074203
2.2800131717933607
-0.26509222809761646
0.5115100291175034
4.605188139717271
3.9055530226492143
-7.874010550752761
7.366788792995818
10.183634424964113
5.230444802328673
8.0234922190932
3.4642231258053724
3.497647202351028
9.31546446922614
14.013993923706279
3.6113562182806542
6.770807281913053
15.591528643025317
9.538975095829699
9.890492096092439
7.593771827225138
-2.2843663962914302
4.414518224513726
9.353670545172806
-0.1776155047469281
1.785488323348014
13.322007963776414
8.160392885943814
1.293492059615593
12.298993979689833
9.34259908992374
-2.107358528694835
3.5460479781220866
0.6618265975052839
2.822906557387248
5.3169205154468
6.992606812197936
16.42757206443794
0.15275317892305473
10.255883577387092
1.255732863502228
14.870617865354902
-2.783945467324882
-2.529074803696499
-5.241980347713595
3.174255266350766
2.6695655146413717
-3.34142484776779
3.4528958191134955
6.661163464142037
6.661180429349759
23.39874759419288
8.161000177713797
9.064555177998795
7.0927167764922565
5.992309078108706
-2.9686983426149833
7.540350660066629
5.895379311261813
2.2320104779273966
5.290495847298902
18.19547259665188
0.43993045820330856
12.845608509280105
0.6648962083886252
-1.161360481621557
16.106189176339512
12.324315175422786
19.343550478475137
2.2764926322618884
11.131792436696951
-9.535952019291107
-2.219629463973945
0.8400563796104192
18.368365450296395
5.207304490859238
10.537902745711653
6.779370788120883
3.78710869837353
4.85649367876855
0.7360044910385444
10.912136872732017
-1.087221068491468
12.583374588418032
14.613030910945337
8.784874447852678
10.751056773234318
1.8946210228587237
1.3402467002945615
11.908998465449976
-2.86408991223359
6.414721823320269
9.077183094113972
1.8929498983088706
13.343556670148047
9.184448883541716
2.5565939489029708
-0.8640520557897622
1.557756640412479
9.793298115740093
4.245377076268483
11.037098714776008
9.095211486366239
8.412862236595839
5.653652142533018
3.2419818505915714
3.779878568460441
2.842007819333254
11.779274856449902
0.09028323340905775
0.6642280745459272
0.5977715843813511
10.327879691781323
13.907157689886409
4.537441491475393
2.3974166362390354
6.140116033532131
-0.3776682450819795
5.053175746830389
-0.10546639613728814
8.188153252841339
-2.0362790731565408
0.7293338861694973
18.238535382755366
13.67635332241357
22.90074981774961
7.103936815211167
-3.0144060105089956
22.351846702579255
6.10530345477745
-5.416950118213416
9.024984879736138
4.873742691251664
11.169250019996676
-1.094034865654379
10.82820313343472
5.808583436700395
16.570588616754655
-0.7205489318474614
7.7197776884130285
-7.449429897374284
-2.3703084044118476
9.21116105552816
5.009067265299897
6.397304939924678
12.836390919546776
15.074192413122548
5.833072115499842
14.491196022589529
-1.2135247142940333
8.98389011947643
3.0954716032351026
2.769770873736079
-4.220811491454695
6.5502137088757975
6.790808357809391
7.9752304424600595
-2.9167830115815665
1.0130701008596104
4.143160346072195
14.856150392856259
15.136909834668613
17.639509830569082
13.11059893478475
4.402934797740096
10.594871961612295
2.798098983053456
8.147988483034412
3.3222840431481866
12.533907981256696
15.510964282750987
17.869474102554523
-5.408311309688944
-3.8707087746946662
-7.259337293194722
21.174175382228093
-4.938553679636833
2.267752190939113
6.93140111972786
10.278095088908866
10.633342101710875
4.582737669103354
-5.448006306761844
5.939286765539462
12.713229134346145
1.3197106105553766
-6.830958385046202
2.9800636688277407
5.663769572486766
6.399242518799413
1.423104407750155
5.176279187852765
4.83938878919839
10.194210618417397
5.149094391299879
5.777015865166999
0.30024677821688694
4.314247639631667
4.494187848081404
2.1895245075518113
4.737317812338707
-0.9220784620526388
16.771211270928216
13.412158138252753
1.2589996950663656
5.030575407054417
17.97376764306157
18.6171881541714
-6.361105735654439
-3.5939521027467567
12.58589816803799
1.5418106225377004
5.105367560877324
7.186170992839823
6.916538871033057
3.708860163028915
7.094487052849614
1.128278855407916
1.9434044754172293
-1.4074540676389358
2.0264333884922507
1.261052035215732
-4.7010200585029125
0.9947994301641847
16.197171000547378
-9.185440101656162
11.155812075637984
5.873264384202377
-0.41871062839133355
4.78456587548161
-3.8876158157831764
1.358107850320148
18.47867092965536
-1.4316935056884503
-3.2056774029593775
13.363580893259916
-3.1273396769740884
5.983424374330631
7.733320383880744
2.830926010245533
13.575562595193352
4.778784343104087
9.811369268742771
0.5250813636810543
5.509122425352834
14.964016967386065
-6.57127599174407
18.089883995166147
1.2273780375230334
8.073901393967883
2.780376924942973
2.449767645574423
2.736833016887668
-4.476293038113797
8.347377703415969
8.465343410768238
6.502770940770313
3.5427029281003537
5.128757256792756
2.9314316620907004
7.87162257082881
10.670232068755663
1.3011152463397453
-1.5961647202016032
11.481696937759773
3.7436975330446742
7.558720014201893
7.388729847341264
14.69216431090032
4.568248402332307
10.430857862068043
7.41987286001855
4.851240202038128
6.114185289706967
19.042606483332992
4.637584172389257
-1.9525668891850039
4.96344312630753
8.489940536790225
2.225438502370129
9.882941943373002
13.267687159486794
9.48232380024649
-2.5007386405328536
7.808796995996384
8.696375757221965
6.650380653822166
4.459144499694936
3.639194972820582
9.784517810545351
-5.318342449150865
13.208261774858737
7.126134784732904
6.16061750989587
0.7140579730959802
-0.8622677738791076
-11.503526991879163
15.787139715546791
-0.13305388701805576
6.221427074404033
14.987690194639644
1.937451486249298
4.512574821644264
-0.7764275845835753
4.598818164289202
7.583606615873702
6.601432824681556
-0.9298881939358283
9.46789871768535
17.55791913278245
14.746124682971926
3.9483823343633078
4.994735410212814
5.967195853477783
17.86988481471967
0.2459032418439433
-0.18438274727743842
8.247896782460517
-1.4601966878029877
9.59394337375379
11.037052164209264
3.278757203656148
4.883861982766182
16.682902715276988
9.70390381930854
11.60145758751678
5.672219452490084
3.2176703005437655
6.474069001998237
-1.1425682827991501
11.699648118164763
14.5415239760537
4.775771949359401
-6.296737061083116
4.229545767618255
3.682572316170976
7.47386640200604
5.71647063726318
12.041261804590588
-8.731176135641734
12.685214296579073
-4.673099827340657
3.846367930322153
12.091326996739443
4.646930439991129
6.569419789648376
-6.192952708820481
9.186272445762759
-6.382644543062785
7.563874373233575
18.372961993256826
12.017456691018328
10.605307785838551
6.2517508124286945
5.705894062382574
2.8955458607519797
0.4381085002356322
12.427926697209713
9.03980388804198
7.383978676721156
13.421398479670204
5.669819456512584
-0.061752637721156134
1.1051351191073566
10.830177406265399
11.678451982040897
-2.894436000739949
13.059327473553896
3.516091829659385
0.7354633764198981
9.97860391403404
16.10370615158495
-1.275277473099501
-1.2095712656280364
8.707108108015177
-1.3477861389534187
8.365802856920851
8.968422285227904
4.558620879374744
14.421483195561175
9.347104394114396
10.777223369741126
26.448500438956444
-1.7828133816407856
4.654471517814768
-0.10136405936456772
9.085518197045804
-1.6037414379494503
5.50995882394496
5.5657230622007985
12.255163967687498
10.609362050649224
8.613448276514376
6.919099952970526
-9.584521772994634
12.804838376070293
14.577555937589183
15.40029060052735
12.720912181330105
9.07382250946353
-2.434794512605807
2.7039243464051768
5.998897794538508
0.4907316160362596
9.411372868486273
-0.4381337258391875
11.9013993137964
21.929168941705775
0.029436793254341787
17.315618666533904
14.047390380333166
4.294762058430201
12.71712365385389
3.574054526360002
3.650105462161934
12.012260885130729
5.816816713241375
12.018505226579004
4.446670279065415
8.004902003629756
0.5182274324778273
0.41261483436503354
3.0481441156811715
12.891876953813888
8.831669576279731
16.140966704806715
-6.216207590681087
13.285798412650468
-0.8959137920393934
-5.134723098709873
6.364922316455937
6.878417989247216
-1.121005269767677
11.158155406666964
10.305345488676469
7.320494674755575
3.354414605372292
16.881811161375804
8.625096622348462
-6.002336117600642
2.4773950191240237
5.311788484739539
7.3391416689456594
11.979239670904201
7.375618723683695
13.00873350312379
-1.384567629023385
1.93992803631118
8.861609475951141
15.05055890353787
5.0672789818808335
5.2317158167101425
10.78160397453885
9.8194333846469
10.270395743290202
11.009669485248669
1.24782412065192
11.26332504962542
11.664874283915001
-2.9209630987481887
7.605126038329111
6.585041167254401
6.7045786284337
10.27137451103695
14.194518967548202
13.856325034141575
-4.435980315993625
-1.9606604886620342
1.297720504829993
15.809114900233228
10.953172524803527
2.2849092637991832
1.8765903625922506
-3.9878673108487774
0.8271627377992008
-2.7243112688996334
3.968544102930481
10.349666318004115
5.745563303424213
15.466132077991126
2.9464578248717435
8.14744980400173
2.1218366455478437
17.675713660507874
-1.225235065494231
4.844303886211833
-0.6354061499735151
4.879034811890692
6.167074804924003
5.906583529014011
3.6640344354559917
6.287084966739761
11.356323136650374
17.418422995074664
12.907243181828617
-3.8430943419218426
16.687551613980254
6.512092212519009
7.472343850658425
6.984528790453336
11.132730219834125
3.125103132749269
5.8516900463121795
-4.821669368727507
8.910865256936495
10.67240112451242
-2.756311526480138
6.5479764951180925
18.664752030096025
12.694574039330298
4.115304573918882
2.202868070879898
14.146154167771787
-3.7742978039100343
6.244926573344241
8.04632773181729
9.859546404453695
18.86391054447281
11.049368769971213
19.584948189638258
4.546917207605267
16.859004707448886
15.037589892310924
2.9339632690402504
1.3785268603664722
0.9004393501569972
0.2141502914829383
5.19106769403796
12.802685831741009
4.452424644096982
2.3193991689782876
0.7787469331908827
17.32940071795094
8.796262799307733
6.293398084986115
7.744669315686
-6.3751624283306985
6.395479318471532
3.062328659847497
-2.1687325116847678
5.627586668575063
10.739600674281188
2.825856099878828
-0.9361676666715502
1.955147513969047
-3.3738594820557335
9.855826582728056
2.815907318995439
0.16476008515947793
11.566280599999983
6.978765234262402
8.280046099592386
16.981161157033945
1.9055145257636426
11.520834348734878
4.968481052264997
-0.9223403500090868
5.6029189946217794
12.821521043743324
8.763491764379399
9.162246035690993
9.552805116007857
5.288630789151287
14.280266476142478
10.541701352213876
3.5977785358744088
13.06708042978804
3.129479769047547
9.547686823716008
-7.252316551968569
4.253059934638997
1.4113760609569699
6.16399456461893
8.841930495217662
7.544478697439272
1.7298524686033216
2.902899042173755
1.7432558764091368
1.9371428190032587
-11.198916617687235
2.74268223116972
2.488946544057818
3.4179007202879217
3.411793686110954
13.062176454260682
6.69364417520908
3.2670620730303663
-1.0153221871332967
2.2595849544079125
9.070988480549168
0.7944031249530719
14.322451115592052
-1.774458491256075
10.379880410123395
-3.244201349947666
13.205464661040008
5.7509450293489515
3.5521242310627907
18.124849501358753
7.531077256227152
16.125189365987936
6.11493138705189
11.123587143001913
11.943139610864412
-3.4585762165589866
8.700305458094224
8.804723503736678
1.9489587357523668
-2.5434324690553236
-0.07720939986722364
7.522994902549498
10.724089384920788
-0.12256537868311845
-1.2432305669344093
9.53011786249594
-6.391409738593392
12.804479415038955
