3.6345851553054076
-0.7202209962521793
4.6138016947829215
8.529259969304437
6.29876634865095
5.885854543935007
6.501223526994176
0.6869690522330902
-0.9397639010457501
6.08840350857899
7.577874366736028
14.125364799092425
-1.9123110051606576
12.722173006936906
4.263553635320699
6.125512327909529
6.795271429747566
-6.228350947625211
11.650885596615003
0.029272269226302328
1.121171646118865
-3.363729186755342
11.994591039683229
12.780313148239282
6.83922218253083
6.121973959407635
4.354254579135139
6.8295485362516635
1.920157243326625
6.100026030066195
2.5363358431442977
3.162771699411914
9.748404921388904
6.511161594740909
3.9237603213141012
4.857556867789258
7.98155726269892
7.811907943335468
4.2297918249119775
5.4190587422836725
-5.607168168173905
8.509086293472313
10.141604866867063
8.40588681571372
5.767216917418651
11.382152868264704
6.629707793825213
6.2814451942917335
1.2444095204715113
-6.486790667440104
6.818941751656878
8.227190306388575
6.10409473031769
5.538472188019645
6.876924458856807
1.9435284556170882
12.939065847115128
9.905644671044007
10.814784412852855
7.712606416358499
8.561099623888417
0.6509373755469219
4.464834663263559
15.194799175368424
0.08557794033164745
3.1830763663979234
4.050475705210998
9.144368253337888
1.492021961533112
11.105843610811776
6.799604094862344
4.762604631838554
1.3887314096428884
12.515779680574521
7.851236999163895
4.3673587335183095
5.364080377480663
3.947656890823969
3.119909990637894
2.054816868002095
17.702407385118942
5.586097699466702
9.028439059770513
4.772126991145586
-4.35077650132963
5.998476029452346
0.156170265834775
1.6033572570297272
5.559501567668823
11.68566600585946
8.716423683443967
6.854785897929153
8.307900605569415
-5.345986936863342
-2.871299180418678
7.582161581963546
3.6113315235841856
-0.1410905078091349
4.190607288939373
5.354389682898921
7.331157631363585
7.603176598244621
6.640759734845952
4.609737151621595
0.8484856727625232
2.772570199295538
6.164846158780734
12.9136741208979
12.393075191072707
1.9984940374739453
11.685951697395042
3.777389501736755
6.197986527887011
13.573030201147855
8.524021836120115
15.299303842032764
10.733525587412599
6.2513696340818115
12.997714067366902
9.969093873933843
-2.7678659842481306
3.8769695718299193
11.961705915450931
3.5753701243415623
4.428887796150513
4.916976988798626
6.785298004179289
16.478974052160403
-0.8244931914011184
9.456660749225872
4.228708436636634
5.339936937343886
11.49533742185646
6.490330846174615
10.225863260329977
5.215499953479781
7.409612501777951
9.629765145027099
10.84891111799874
-2.052253408336205
9.202964040246606
2.1667582133717644
3.7096651669910816
11.429045536527045
2.416285002566013
4.156146527122657
5.408012425871078
10.27476774362881
-5.246834362497765
5.2007389690918195
0.14408741059883434
8.25941787175466
11.801855460426829
6.128058319532137
10.128147349896853
11.427506718002018
-2.2966433525109355
-1.769517729759361
3.3995916544715903
2.8137237625065215
11.527551001866343
-2.14472580387313
3.7020896666004566
1.0940825271858388
0.8211772227383589
-1.0551399552820824
-5.623239772214397
-2.995000216973791
9.630670332412375
2.1882084285630317
4.786855336274024
6.266658852960762
6.10994073481291
-0.16101736406121292
-1.305660634944025
6.066816983379756
6.842339426519481
-3.218507748609282
8.87145953162894
13.248033348374213
-4.106475334574258
8.67230328218298
10.438543510571819
11.600357215154729
-3.8616263373455837
1.799923087613664
-0.8717948711005459
5.129244402046737
5.348584035807473
-0.026372464870565437
10.94636351895214
-3.6804116509896794
13.2349652708569
-6.469210744584382
8.433338996924986
8.601255871854729
1.152863597316495
5.3043389483050865
7.29948957558824
13.359286783871456
-2.5959035034644584
5.66512719665106
6.424553785990149
5.313004130031176
3.8879003484768573
13.139218182972472
-4.367045915434732
6.317218641317644
17.660239038437776
8.196090129933602
-1.2118268853178265
6.207064775514116
6.566403865234785
-3.189083620244533
2.912504056375089
5.435975431777547
2.961469037170511
1.0020450636143983
-0.0725312282511199
1.8008893413120783
-1.4281480532764252
8.81646614762325
5.695089463265682
7.187358825655318
6.001424217857432
8.005069380010374
3.0005596133382166
8.500149474097224
9.239474942999845
-5.165502162416811
4.466441083306793
3.7271077921138205
2.779035776400489
5.412741446369358
6.451406968474021
9.161256692004399
-1.9018946190414026
2.36923935945428
10.92021000704469
7.173088505100804
14.049469978315866
4.024069779013744
8.025514558327615
6.427353036775353
10.014348197278704
0.4512727602197599
3.3547499164882244
7.187553292946862
2.6396034538469224
4.781823073530955
4.984563137391682
3.2054953534084163
-0.32267099757211026
-0.020687799577885357
6.463550191627278
-0.2797247751746177
5.67641091402143
4.325283097058497
10.184785681675322
6.040791291015446
13.075306862946398
5.6435118194348375
5.168952469560997
3.7107810279848317
-3.472420381661122
12.592981775832556
3.1747790274977046
12.6892439440067
-1.041361827818867
-2.83382217819685
-4.303096058941058
3.8029133216083606
7.168233906271763
1.4033084404767946
5.3829488793560785
5.797866608549259
4.849304987404994
8.867137319028878
-0.5535697346342641
5.456831109414915
11.378608805555526
7.297534440145062
10.992847242289168
10.629507474182581
10.682621805021096
-4.047052284870651
10.760260165904077
8.074922083265351
6.676912600115296
6.440759211638768
15.75215868493953
3.4689066791250074
8.470798964763182
10.781373617864467
2.8872280336199
-0.7121245437107873
14.037572380017574
6.877055314230272
1.7768274139147637
-5.720979710345128
14.235277307549207
8.878283497447672
-3.9180327134036634
-5.132059111714192
0.6934107204765887
10.807792894947386
2.1271890366800257
1.34514295166532
5.632376583386977
5.062031664579582
0.33054099510557045
3.0449638823834877
4.71322816648241
1.964207025559359
-1.7111683677925829
5.659431567509567
0.3372541311083941
8.122228331738484
2.0936220959658103
7.1777424148778834
0.11394775610973973
8.410569288932534
-4.469573268250267
9.640122758715268
2.2245879698495465
15.430376032168015
4.778221017709386
0.37848875447332686
10.252203986381208
0.07693573783966468
14.784714637317347
1.8642581754278904
3.816218867637721
-0.5187700469107588
10.03736954598482
9.725960058345187
2.77236785367016
-1.0136971171570917
5.464368474201917
-1.307388355516058
-0.6835225055854739
12.082715880519835
-0.30094685987203107
4.093167242076944
9.139603332781832
2.1944091322827792
-2.651428763068399
6.532276478846438
10.535134802512793
-2.4219630238294814
4.665379703391084
13.123988155716924
8.127893934529384
8.804701045678716
-0.839495483661227
2.321022209519235
3.6533021154420986
6.456696927147307
8.123209645542762
3.2612567600972895
5.411694643785371
0.5311275042173129
10.000093966887096
6.238796696908651
2.951168291769143
2.030856504472237
1.9527199794117605
-0.8108665602530127
11.191952262226451
-2.568530555597224
5.093425430137847
1.0340970000534444
9.511824771789778
11.111005206641272
1.7563079097874432
10.338992077415742
2.4835141124707345
9.914312633647327
4.327780904146284
5.501028672357306
3.8763253761976113
0.9778679407185482
3.615724824760843
4.006123237550307
-0.21771638454965858
-0.3338264150389154
8.154241467849076
8.078690191003755
4.392105089408349
8.658671286317297
-10.745640314136184
11.571760821273443
1.6167312890867782
-0.428639829996035
-5.238564001427239
7.762881159510209
1.7945140638335673
6.44410749926176
9.248342714916582
-2.133917106724158
6.1633628719595865
6.180694637414865
7.087560675783786
2.6820049121385297
9.131805276166302
-3.5221186125400656
-1.1325267141304893
0.655291232489307
6.035902572731144
-4.329771028236289
4.797774604058692
4.807524863176567
3.047579219752678
7.5449592885935335
9.353916533622789
0.38600742247933884
3.9920564403247383
2.156816296264097
7.006516781377786
11.403262744708787
2.6676268101083966
8.233178326575963
-2.781624844727972
4.198392290761161
7.907632872247084
7.532759680146145
7.173225737147067
1.7243853516794265
-0.777183898116593
5.408023086120711
3.578909381626314
0.6836417122089826
4.6365392689877005
-2.1100881348956877
12.170610901817202
4.318171501190456
-4.853121808239624
3.408401708023973
12.6283874432026
9.45213019445931
0.41989747179461867
1.030589245846656
5.878905873253732
3.1232579508179987
3.8468594296687364
9.973896967463743
10.153848741602147
10.093797575107127
0.709384757242356
0.3859710107615335
-3.49364247529992
4.6725382762247465
-0.1302047238862052
16.016066453583342
8.16957962202656
2.8478122926154823
-0.7843573597124296
8.021187300374468
9.171370939173126
5.515874255971802
1.6146120154658314
4.012458344777715
4.6265459153771715
9.359246283296837
2.1334615671434247
10.868368194003114
7.79613596944494
8.039175541916194
11.755142327720268
2.3725366080436983
7.417426687192427
10.31675329075365
-1.8975311240885784
6.164112209817695
4.391906794172516
12.69086568618801
12.138848959090305
3.2672189168330776
3.5606335701872025
12.47684779562093
5.354290416450196
0.9950715710263562
2.3430725338806235
13.160536285905687
-5.6306861963111325
2.447767577896405
2.553407399422909
2.5671032522809205
4.502516519743519
-0.26912881392032606
0.8513525361481893
5.850107479091561
0.6319792043282755
7.549205923130623
5.658670309192704
4.346770852909165
2.710639446161935
4.487135141474585
4.153576729674562
3.551858636723825
3.2184839175921605
5.604955360556437
11.816206507857428
2.3118072423549707
3.1207737958674664
5.063011497180688
12.309161751628094
9.192784221010045
2.1972706693438053
6.324664707013558
2.3606382342509225
3.711609065277644
7.848172274361485
0.5440664668629696
10.57293372745592
5.14631962580774
2.9897832761643235
7.057761072607548
3.9262513768861105
6.695876586233804
-8.519064329864984
-0.09095382193230694
6.783036344321065
-0.9559362680445149
6.234888075057535
14.647395594285715
4.849118635433253
1.7867331331701584
6.181249057509998
-2.661527114425038
8.232290098789864
4.755462479073811
10.09289609273645
4.794512944295211
14.573277811818466
-0.24908931890110786
5.741928998458363
7.871985626644909
6.805708598905597
1.62772396838059
6.045371095292606
0.8766631306645998
9.756402421514363
-2.889767190443613
4.0927234540108035
-3.892011512143662
10.206825620362274
6.803322569208651
5.26396687757972
4.304046215449863
1.63492345065694
8.287456323764719
8.049543060448979
-1.6524491284201606
9.871504129481412
4.97640077772175
2.5187787671195068
7.439601818175657
0.03156025188102918
6.681249762557283
12.095357097999306
-2.4569329656992727
3.6062797730935356
11.625083726642215
1.6619308985864665
13.249741483098031
4.1408800134855674
4.672927386287737
9.885740949268065
9.752730431646476
-3.542408246673375
11.141864684943972
4.836713113653312
-0.025584983341270906
-1.2702822158879563
-1.1040947076536414
7.062998041135815
-3.2907388066723
6.289395759728221
10.896065926097
3.3818561810244447
6.440300324714492
8.084646797319099
8.470107920504443
12.303803248207057
2.3632150923907798
9.150432273267882
15.810889670289082
1.892696216571772
13.023502000959814
-10.514805695618238
-4.652302982160233
1.257829419556229
1.4922475178286776
4.934064650365711
10.201674161825634
-6.093031878011244
10.254305394947096
9.935025579489276
0.4545329719174176
4.095249336547704
3.0977808428413374
-5.743894911157138
0.7477734225798454
-3.743393481925586
3.6204519574307836
1.031133889580789
3.846810337328656
6.280149307965559
5.107202230082275
-2.1413541740433484
7.127261655826552
7.927838326966927
4.2414061878493765
2.1036324300303093
15.785262284534438
13.571269376628003
0.7775052809984802
4.237666963605618
-4.326354868367727
1.1737263736484573
5.716192282293537
0.1047805776618258
2.631567800374367
10.662177852019962
6.321746365829933
8.23061685658445
7.74233050120819
7.330113523824071
3.889946520040871
7.831124344608292
3.607759565219095
3.2708671045019853
7.544664286109665
6.452195032203622
0.9148374808253092
0.22105075498842996
5.149262380735104
4.136577009858293
-3.358344913417307
9.75591503649038
11.631937249392276
18.867370880541195
2.1925113388696453
6.415120936797673
8.128295857809782
6.812004499602126
3.536785674813309
4.095601495585797
1.6504490320929257
-3.932835019190809
10.229629893695492
8.674339685227524
-2.5847042395847835
2.7660137039090706
4.780109850960912
9.971160050495902
-3.277755965516697
6.342084715042095
3.6737217122365964
-0.3153827748511855
1.1824164497564764
6.69119684948119
6.116824850409572
8.177845590902264
0.711283928713585
6.781203201124621
11.654570464145277
1.258489528564671
3.8451891829325957
6.3568564835209695
-1.23849580662442
9.588900741045965
8.894579811569212
10.564969979989584
8.08548083298727
8.025908717025462
1.399838894670543
14.335917216505239
11.00569397189412
12.788825428324692
5.817036877608849
3.6331105922747424
5.948303445213518
12.565961351004631
4.67154434163115
5.586598552645644
10.91618338358278
0.7852575171218481
9.707321654781621
-4.491001905579207
-4.0838547136272005
5.074782333733598
-3.7662508677059963
0.09568513523710998
6.606331189152779
-4.902791379964612
0.2017234064643505
5.089385490406414
5.9489386015068915
4.176106781900694
8.752609292300175
7.90820856442426
10.05811402361578
3.954815604955064
2.4822166579801013
9.897487128593987
4.117917956491112
7.1394446829293905
1.2903668120333158
2.8653291190015215
-0.92919383420793
8.05493911357686
-1.77856295855159
14.646725709749449
7.986885734912223
4.448919971165354
17.151960219149057
3.5671619097522704
9.761954315505992
7.523319738788249
-5.42693519678035
1.176566678277558
8.621036818032168
5.8880726696793495
11.10259507453512
8.11481120563735
8.114217514315243
6.780928741257154
7.352666701747274
7.940200904759571
5.632454166915306
6.595630750774815
0.9662508857982166
11.663906009526624
0.7366434335570755
4.139084048743982
-3.798946049597564
9.449498803265552
8.736332631208194
9.740153130986712
2.4947662526819245
4.555252348752618
9.651144142313145
5.772222737594837
5.066502059460085
-2.10892564347044
1.4282987863353753
-1.9712548964974674
10.261385802189633
2.379417724704801
8.166627546696844
7.583962078382697
5.798231074498656
-0.0861538516193292
1.9095442020253244
10.172666238645027
5.698426963379058
2.0618288224661847
0.37243640804651434
4.963836294069504
6.776450691962948
10.428896145105597
4.012988527269782
5.022000291806647
9.125994121286977
6.617688460444674
3.9861695532171457
10.68736582531496
-6.767698250964271
7.883484232186167
5.007300624955702
9.80205239232297
10.415200099260874
3.189396612326302
7.989039593310821
8.921778845906159
0.6785646254449578
7.839266259035101
4.5244302885667045
2.9861369285330426
-0.10551630601094075
-2.0477461632097755
4.472120064062494
7.327823291969585
2.4611747122611343
8.123481019454905
1.6154415357360556
2.0902461088620785
5.468829513568133
3.012728106756641
6.594580947456137
5.396176857774566
7.89956059143571
16.130948289609197
9.02041849927588
8.516522433579183
12.891763650704823
-2.34014135545093
-1.322037063185527
5.569383977655861
-8.133304275681704
-2.2544629906340923
9.273018710223404
7.065276344112196
12.551594670929063
4.386496035559339
-5.39956289365932
7.358123342963553
1.8676563832217963
7.0805972878048316
3.11631251898279
6.886479615709199
10.079005840916672
-0.8081512800081336
17.14466494865882
-2.617148426265322
2.793096234333555
4.129118653949737
9.35802462316948
1.959508072396626
4.1563625972455895
3.902856737814677
8.57082672176151
4.482354124560295
7.7425517923779
7.243631522209482
1.0819349390661372
4.7032001294653165
8.737155651327786
10.966470571522422
0.622074009850941
12.08529625533636
9.842960878987471
-3.304223541775709
2.591740825654937
10.283199517126047
2.8030080617732804
6.780078090537298
13.204914898614337
10.323376996450651
-4.825748410446014
6.90782467008625
-4.8819160151177865
1.8630947448973791
7.590838556009304
4.266550032434379
7.069377067576712
6.460157182513792
12.368134632936854
0.6974295354980415
-1.0755237589516824
11.345851813238077
3.8009386186248575
5.615065679004547
17.758229017232786
10.143927642536022
2.8846327712425786
4.6083020116656535
1.219072022445299
7.670924110541006
3.4240909599436646
4.553085857503115
13.616243984058737
9.977698748646342
4.1251100128080775
11.249017891777127
7.082390962600872
4.63598114219294
4.646782912509166
3.051567478743718
7.305896843495674
-1.075816212185786
15.191993089107662
-7.079772696161335
3.597300293445167
1.3706740977709257
1.596031480408929
2.791353730244717
1.0077515311115999
7.273412967123179
8.576254781040348
-1.656267080184218
5.387119769209855
12.147097840536155
5.519992335601545
6.079150828471645
5.834698028649827
2.1588106090983397
7.254316845930568
6.53704360219849
6.147271475434156
-0.5535292579619266
-9.345096489278763
4.897483344848262
2.4553006870103564
8.788641508363252
2.57208816146103
2.4529114303244226
5.762250490021884
-1.1720771547489557
2.6271464640595594
7.079649040812465
1.5319714328178191
10.534183857101025
6.4974826440129885
9.59871367052075
7.908307648818524
1.9476443375216896
5.873564970163782
4.130886155265842
0.2500038153745412
3.989653726863651
8.86011459858238
7.52424484374861
2.7986006847173295
-2.3547512314263184
5.448700903699864
11.934227696198793
0.5278440087175462
2.520258496829383
15.384592624034289
9.680994375593203
1.7001119915512386
5.313172977261388
8.105706337108614
11.106983705589613
-3.178398865167095
11.240674007490128
5.413924275007139
4.24060978668595
9.517272027335963
9.472585100474824
6.437175477401938
10.544363027845899
5.731943949783669
7.06490613535577
5.581705895917925
-5.168667346500008
-3.2932484112650364
2.9831919733250656
2.9161079205772533
-1.0931014072675005
1.0773358324764502
-0.8572157436746304
3.3965103519213526
9.555624232238628
3.0350179143859557
10.169582632908515
7.41358512131238
2.1965396263872923
-0.912186716254805
13.167533799566861
-2.7278198671966356
4.4376212488783295
12.684808285055945
3.079570103438555
-1.4885443581239137
0.47653595887295186
1.2036891855931904
10.398440978846947
5.075521463490645
6.353231125133259
1.6307229155813758
9.63071691548297
10.071853009848292
4.09653998320252
2.624714784121888
2.7714813959074873
6.381847214000761
9.224545810947095
16.721062910230135
13.167682853473956
5.512344724366125
-0.3066823693862073
10.219100530284958
9.878910210136834
6.349190047392274
-6.815015071407151
-5.864844933221706
2.6581209265444494
13.664903483060591
6.961537660320774
-0.42274867333735067
2.9213147254031373
3.955818958697852
7.606263451947317
1.1049597318287216
3.2044823988911553
0.1355606204523152
-1.1785243599505355
7.632966524256161
0.8219376027519001
4.37028749574243
14.430828877904723
4.4989470291545555
4.17148687018415
3.580098052264045
1.5158487845999717
3.735597057394633
