2.8243187430245706
-0.5253637398080437
-0.7823275385879231
8.888463883592136
13.851500677610957
11.62267165616642
9.277170891303353
2.2938925029498796
2.346823994508626
5.314558880583325
8.049213340963814
10.555186371758566
14.894371519732394
9.371275460856356
5.217824990105868
2.3895555298298055
-4.9268532421036895
20.400678935938107
3.311588189009998
5.896102245604843
3.300313779265411
-0.3469469491251065
-3.7334206536116046
3.8341736602386582
6.705426933641301
12.618332091338704
7.363491614626924
1.522967715656506
-6.440939066764168
8.69332561486001
4.484157361480939
8.982421691761925
3.837622880753046
3.622629324416055
5.248466326627494
8.637166331394893
12.404478865334767
3.572155631169044
6.054937866374567
6.4560701958115665
6.377958246060597
-5.806534912589443
11.761372784009975
3.598620427605214
2.9170958195130203
15.610093108718464
-0.6271119981680027
8.867930635753634
15.657570459068532
7.323076986772007
-1.6441795957926173
25.614922502771943
4.600160121091275
15.198934743382752
10.307013820753465
2.4932643487102837
12.687464405688717
4.667741464921753
3.4402444511505745
16.35158308423233
14.001543381041447
4.800367778198394
2.604353530710545
5.160812025437168
5.254211833270906
-8.768064296818162
-2.969055565231626
7.590472726577026
8.57908137367944
22.157614014913126
-10.08866163191555
8.714154145512426
-1.1597630170681734
10.994445107909954
-4.7229297966522505
5.283673776629854
3.1442956902624677
7.632452301702902
14.162442694117766
-5.203585939598758
19.77132115630538
10.397268644643587
14.736661958686076
8.258917361359838
10.334842628408467
10.534662778320502
10.728428856580397
4.343278789794488
-0.42290822006328366
-7.657412717171336
0.9373193543972427
5.757547516368838
0.6094916762720635
4.487008548096279
3.718942960723355
8.460479757719018
6.777287826167632
6.78122248428902
22.306177253044016
-4.724296383008232
17.689503826343564
17.809929185133594
1.6861505230215137
9.600326113156946
5.288616792519771
18.136095612443626
1.4271750468566289
1.546377691663876
5.701612563656233
6.349630260185879
3.0749537248695447
11.473771579956464
18.14654139303126
20.883826815479374
7.1199497547643755
-3.7885916280433776
-2.3542703195382
3.2372730608787545
4.313115203332961
5.353888259814406
5.981774984015804
-1.2583882502530876
8.860890442910822
-3.5703607882984194
-7.694947345510105
4.202734393151605
6.846806817327986
16.49817377252966
2.6440265782715313
15.280297054830937
7.878162829403411
4.975119008506103
13.654157879081438
0.31614286165807925
5.2378866696141735
1.5475197082895722
3.9438083168379463
15.401500246063783
2.036973404527254
9.759714266786553
10.940039542070435
10.057896846139146
6.600511812770642
4.432876367695798
-1.7851545997327536
7.035516955233086
6.861817676651176
10.951716728657155
13.920713783728022
-0.2993766684320791
-1.4218373473795198
10.43115644316599
-2.2679777826999636
-2.6618191250466356
-0.7080343136246983
13.991502899770158
1.3286093162965011
1.1775732830720962
7.431649290481811
8.715527657383278
3.4837669855132374
16.014556239811913
7.315709748234271
10.397682929819473
15.693950028068246
10.356865130553473
-2.9926738506608697
8.884860487005868
2.7495715323531527
10.055616550321488
1.822457701623323
3.7341520249862694
7.0388384417170915
-1.1895805164258357
-4.291761625734036
7.847007329262796
1.8611543915241402
12.614657660357263
-5.696136274680773
3.8837604071713034
0.42604159916326356
16.960052673419504
6.267306255570475
13.692291570983858
1.7346860984396182
9.250808851862633
-2.915043054783471
17.89442923343451
0.845148026990258
12.177687364274838
-0.3528494848997612
4.691345711820758
2.3404596846809596
10.942636010375525
8.729165091268133
14.276867219553305
0.5984571468711088
12.186646491984344
-0.7561746331135994
8.627902890320808
-6.562245666298095
9.149409156785438
5.617165645118632
6.279387721497533
12.846403719424071
9.668950589645195
3.5802878066004276
-2.978026777890612
1.554093030171316
3.5890347794797863
12.149000563104174
-2.8714617960168134
3.518447030693378
0.8348864977012083
9.746420679075658
3.4572975362506693
13.526705075306655
12.55513836926762
0.9325842487493334
4.555824051255684
14.80795888188912
1.6996824329316276
7.895904454673654
5.0211310346817495
11.162229800830797
2.261661639453295
11.913070984752046
18.510096521711425
14.316467509245166
7.497949653036537
7.513821735432194
14.413274428789599
7.937275919361007
7.6395202870563725
18.517500179864406
17.657396206025936
-0.8384493318910904
4.3801571273331055
16.0019405127054
12.974515282083004
4.1432205304505265
16.475869327625652
15.626682442274832
7.030019803770709
7.02560219257278
12.402711330882026
14.292257692687508
5.415077878764773
12.63795495188851
6.6226311688731405
-5.219970131781244
4.773382859865644
-0.4349646966535765
3.9541742653627563
9.055169583324234
19.867622976833456
7.715894210397959
4.5067213044980585
11.165152620808454
9.34393711233343
3.3122454416074647
17.313524965030155
4.42949206683589
1.7783789727025896
-6.950040206804548
-3.55560444155744
5.044690431314205
-4.2524124189617005
2.8547253662701086
14.02657148763536
7.930555934594401
9.173323781383749
10.827245821421016
17.8235739749935
-0.16926013759604341
13.739503933910184
3.94015224131116
14.382644779954855
5.131327613296108
11.079752908277754
9.96913381982284
-3.4940903648874766
-1.5932925749939306
3.5212660253099703
0.30469666225901815
3.0546599491658797
11.19207775394501
-0.44389493065260055
23.45359588093589
0.7017027090250592
1.1333787811409657
8.778000875099282
7.533459521607199
6.499468046342047
-2.522630015273707
5.7740603426874655
9.400009601025944
9.439209930339196
14.048520090570785
-2.504577573168506
14.972075235173488
6.758246565002668
5.986949023124575
3.8238024589103135
2.313782609834884
14.74901289863981
2.5758372999801717
8.124931172814758
18.695882650717458
-1.5351269699787853
9.479140469262163
20.775876967688856
16.376257123951497
10.808512036687901
2.144586117841821
2.76748117372189
12.8473068714591
8.76089899135211
6.608379963515002
5.44589347489774
11.122803007129438
7.693847341620124
-2.998235548359217
17.53924611059263
13.484885003464347
0.47671295944419434
14.541407814292073
7.751944351444397
13.69213908023356
8.771363201322812
3.0112774340664776
26.943279171542233
4.168560449950522
-0.2219132308666687
4.790911364218003
-8.340304578832919
1.431524548931196
5.68545550866578
3.2360637429350003
4.6372216146836465
-0.5857021733091248
1.4284670115132316
7.865405231618762
0.8401525277336503
-0.7369517034673594
0.29560015329115874
10.330604976572355
2.8556144892096533
-1.5197575901926692
4.485512649515249
7.012959104810221
6.053717556216495
-2.773502957933303
8.58298439761022
-0.7644713119365321
11.487747422106139
5.5975207192248595
4.699506277769904
1.3084886503386617
30.09677628671448
15.049050331144453
10.73647314456847
-4.749353271118977
8.141524159601243
0.08448064364318775
-6.405675677341989
4.837592030461689
17.00249001328799
5.36537471695884
4.1340959978921035
2.295185694636099
12.637779056406146
13.609073202456612
2.5371204275611055
-6.113768168303489
0.03247471621838027
-0.9006901001261021
8.899760286105181
14.370779491169227
-3.313192993239481
4.434964356961595
2.5888734980777834
16.599946928446606
9.423120349774464
0.9816347423293283
3.2125041543229975
8.606387826314627
12.802029436331782
4.987083890765989
7.626383513674315
3.731828656961258
4.256957088668459
4.392853222565118
0.9861992546770395
5.19976397123982
9.507898675093166
8.310617039097313
-8.332913591274957
5.962868904301578
6.135275787987479
0.4124607364834789
-4.034628158846006
-4.235310097384229
7.115328694385294
9.280199356163248
2.7531999919968917
10.407115563051782
-4.508702881333404
8.380285203310581
-2.083455724547907
2.674903430970605
11.394008502139098
1.4294484657456934
6.66211110122703
7.588587767575971
15.155933772871709
-5.703075115777478
7.604032253117802
6.39194012571811
-5.994500966452833
14.404809126615536
4.957571717680591
8.462638186131827
7.060618965110927
3.461228248467922
4.868332280671059
9.224972913145049
0.11622904511714438
21.84973773118912
8.963650350827717
6.877549389272506
7.738712330037964
7.05067084185431
6.485672726383022
-0.36528793704664153
5.3788809595938405
7.191364623603754
22.430173933764703
3.0418164468101727
18.057942548836554
1.1874645500364718
9.771784614829631
5.715210300730828
5.027998743142112
-4.369470384548382
-3.7808931770464618
-1.109672199750288
0.41877044805751673
-9.711600236761953
-1.0994434997787552
12.482547564338198
6.841287735365254
9.265572374327954
1.0105917625405088
8.116212888948178
2.202468528692989
7.819553046065064
5.35076475869913
0.8130354535130566
10.809223168993075
3.792570985800738
0.7215143580362078
21.39340668265904
4.783507152059576
11.749057169133621
-3.1261033087187062
8.49944797880867
-6.426468042243934
7.028138994234727
10.387920020249172
15.617409189892214
10.313609931221812
12.212695878122542
9.593862378856292
7.3298045099465305
-1.3908826047659568
6.09724458499677
4.201389534060883
13.30545315997325
11.661683735930488
-0.9040123885686189
0.3865447265962967
0.7950403865951277
-0.02387482515942274
10.557235544159035
5.301155905921692
-3.3033315346031564
-3.3875867416551344
13.418087807945593
-2.3175405418787847
5.171784806665016
20.275304242927014
5.680580642732078
21.36066136611103
12.309252773994526
10.777403782246845
7.802848472889739
9.575349397031394
1.3323705967427424
8.133484365143405
12.167775914639948
6.81614697358913
5.522547749463926
0.45226838836478755
17.796702093432252
12.055797286480736
-6.677396419972595
10.161367601474414
-6.382021737546475
12.111582090061884
2.6350872436530812
14.231944566934846
9.011498212594715
3.5178511793507057
-2.3639306088418106
11.601497588087316
20.09754150250393
2.7135761397516878
8.274047512994116
9.196531569203115
3.266060495963971
0.5915418943964026
12.002061153068235
-0.12981943898894777
8.205916542299962
6.967405991009122
18.837964736610584
12.668664348861915
19.21465581787882
17.155734212945834
6.854035291994186
6.730478902086056
8.849324786739412
14.338935530182008
4.596247840456204
-1.253081617555357
11.529593332829554
10.450604156934862
13.11061821066778
-6.682355086317706
0.10343906638264322
-3.1223374814491827
5.170777011452538
6.40920818075794
7.124664591811025
11.83424322439133
7.063755188665253
10.985973310197998
16.688387058709502
6.910127496537559
16.439470280076318
10.250476476047687
8.886902227631754
3.5733505258424056
11.938646424156229
10.903959961535907
3.852279938678498
7.884648283932929
3.4714529745556697
4.829608197476282
-2.427181957397977
3.926202091485494
6.060243092532345
18.783037847293077
3.6328969749892495
3.70950057025832
6.266910128069423
4.419934937848582
2.5108071655768347
2.609024158925452
4.328295924064362
1.5229359500066328
0.9294789252467384
8.387103114678467
12.273549362890455
11.453006419735917
15.172373076170425
-3.0434594199006195
-4.191573263376339
4.606910456530324
6.055530281838685
6.535563905356382
6.530810158589504
-1.4375319311850543
3.76721380716453
13.773648791207018
7.446422821109027
2.8369339786920884
13.092357472774598
8.752350502420057
15.012972127765643
7.943907541575902
-6.37859483291836
-2.513794306877264
10.813183564568735
3.3023296903802497
5.362553191552276
0.10791402966948205
2.3302396229044944
-1.5085531307605642
16.127115985755484
13.82046671719634
-0.7616972951295535
14.911476870264044
1.2686616925691405
8.174539701560665
4.794209347650922
14.720315237518733
5.00368313178733
2.715005409574142
-0.24058534145459465
-3.900637233856882
2.117646515633993
7.076097355544793
6.023996043596714
12.289474735116436
17.973795026691796
13.236492719673073
10.8663016435914
11.122693071114737
-1.0551316432347546
9.571390127712586
0.6573435932823672
0.6636718117252816
-0.11468573695561712
4.62759709923102
5.960353837684357
0.1838484322460694
6.89635712644753
8.314500312711733
7.961415329261007
-2.143451362927827
11.576829465261174
9.577158301575146
10.101575585258125
14.342238030377683
2.2956292810524195
2.08512917710357
18.33165345242773
0.36145690505739747
10.82102558448737
8.105125333806471
8.065378914048082
10.908424125715513
12.020770698619442
4.165061324404675
8.784334912326456
4.138439002785958
11.96549415644051
4.908758334297655
13.154662205357532
6.283122840535183
8.060388904254047
7.905944941979153
12.853641129837587
1.233162524517705
6.9671165134055455
-2.199864580103883
2.1798256908553912
3.4726797483041616
12.578423630893102
9.677480114322048
6.625097116366703
-2.6992776947234027
7.35223790884632
0.33694374255742066
3.646471066342708
-5.591104323369914
9.05990288667123
13.380831661894746
2.8622294628395077
5.2737994822129854
6.082055502789649
11.329131509442261
6.931926113552299
5.161695379652788
-6.844776325266567
10.710121347621326
1.983059238379207
7.547509117195605
8.14928871393891
14.366711857916988
18.36018895324419
-13.855228508950823
1.4026250907887707
18.036126121171534
11.479166270985772
6.912959756150587
11.168607536119918
10.889162823833527
10.673420997517725
4.602123522293354
10.709758288483489
13.701686063712163
9.435973528845098
12.42451480461538
7.4886958599524425
0.21143424501782615
6.0158822962974625
7.120569222841832
5.3829877528767165
-6.8052353752278005
-0.8514973455965222
-3.3316208533868483
-0.44006928017797975
0.8907413527611929
-0.3852771171497027
4.429730323951776
20.834766160186042
-3.128930802778333
23.77792665277796
12.102759863198429
4.4823984346146215
-5.0534340376102485
3.8371784938018596
17.275065518874637
9.160042442088573
3.3354663215126084
2.1226612472448445
14.143813957187488
12.113557288224843
5.769180546664525
7.308504627066782
4.970634018568127
11.02783669368964
11.569554873127807
7.721529710803284
4.033761060398305
12.378410242366698
3.7283951227800234
7.454959474156757
5.611002843385174
-0.45979464964387073
-0.021412258714566867
-0.24837088292088527
8.750370052607408
2.4611592046011874
8.630031960350571
8.315296283352273
2.3166840268309326
5.756287215859528
3.585674266489902
1.7290886905427278
5.4527438194641435
9.836008485205749
3.179565846214051
28.24314500604388
0.7816780397661329
4.615029880451235
-4.734028056182597
12.106560573550102
-0.24992604952413178
7.713084186299397
3.710618560751272
2.157351767584261
5.115892281044621
1.5903508735781982
7.705010861110618
-1.3570414979003713
-0.3108979135190566
6.358587555971653
-0.5742170469403849
-1.2103936305086682
8.82116057516804
7.945994845351517
9.65476718953845
18.725578863270805
15.665162362110138
-5.235577304345746
9.21998378448962
6.684829583451305
-3.423996087945836
1.3826646718424653
5.820493393559056
9.348313428203003
6.772190701874854
7.855699008894712
3.9283739258667745
3.2182345444626996
-5.572130018941902
1.6005999610993893
13.331308971820409
4.625075545869846
16.40657796989412
2.9182382767260755
-3.3805074231072787
9.318171090860718
0.7196968311230654
7.2587732766435895
-5.4133661023839625
6.345071686697174
-4.436114417433707
-4.213744105332411
11.311819212955147
-1.3984045691890525
7.969064707317649
0.2304416082443499
11.667082269631667
14.157073505080469
-9.123359926343955
6.786333125514523
4.6540159275027335
2.3158277032249246
4.85278091626141
7.816956141546689
5.750004859346296
7.659130867726558
2.933007784570833
12.196105764893069
5.057703810360163
7.176874039901746
3.2376352901455387
-1.0357098289218403
11.073286255629071
-2.0906724847235854
8.222085085557778
5.560630218976066
1.4958224119832648
11.079437511287278
5.581121925219181
-6.912700079052248
-1.2451662415220435
-4.770297507721031
14.852760909007841
18.29370264029315
-6.41412321209333
11.080135454202054
5.872024814010898
9.049860468667099
11.875329817691053
19.338691013515657
10.555100731592837
-6.95819601372666
0.4897752979254557
11.71386860712537
5.868490984945322
15.174931248323517
5.424928186350834
9.522452959104271
13.501115214242493
3.0484794734992517
14.353373277714656
9.359404708718028
1.9497353003050772
8.824825533992435
10.744249968143048
-1.5344879916383487
11.837192259209209
-6.179907553512944
-0.6283411570992206
1.5338411697828702
9.908336753669483
19.457713778425436
7.970452697712639
6.222853801730415
-0.6028456713558485
4.941365495170365
14.185604323153607
8.675987470281814
-5.162841386473774
8.821012733008896
6.036438953254766
5.382812504564173
12.611149614470277
12.677529709618423
-5.619582273059436
7.247194575987723
3.9450075359973504
-1.8760242628269204
4.4127572913245725
11.329441532718985
0.7901677953865454
5.903770866296676
1.653130888042238
20.197558339625907
3.308605767639127
15.765677425912498
-2.2363511686837594
4.821933973728643
6.450628435942535
14.439266293839692
-1.2202619226509226
7.867996273799038
9.20911537230455
11.73909859385241
-1.6099940953267362
12.595165515300705
3.795188324236697
-0.9493849292604821
12.18529293143328
3.510460650813384
13.505336562212227
10.606013690433437
8.117470115411802
8.840712947207045
16.34190950637879
8.805759026357281
4.7268905318080385
10.354555029133172
9.771352896133237
11.248706439133317
15.359392364004291
9.718714566256052
9.249391182628202
3.4867523872582997
-4.530715883611887
-5.370550373892055
1.394992122277137
0.6985288694072418
0.4569982999757114
-2.3765972446071917
11.068669954225594
4.869069092109956
0.9215693230628768
6.70508344903602
6.300261149696582
8.609389546057788
4.113511439348264
12.070052658670114
-1.205069405717759
-2.7056096185631606
-1.3320099917899295
8.107816761543365
12.962178105519335
3.54499027256616
7.3226729817144545
13.19153786618522
2.6316137834630435
1.6887338614975116
13.469384158888385
17.517271097277366
13.559520946997138
11.809697176695424
19.270792933561296
-0.843747323168321
2.6733526006348414
-0.6738610640820628
-4.385456914867346
7.912967250846178
7.643029272726531
4.838479843571024
0.28462025783787936
10.981814741916597
9.836026523176967
5.855693524039257
3.696350448240287
-0.45931069249569134
-2.5332253666147224
2.9605524916070385
9.677832205824537
14.175045866903211
0.3991184403782455
8.861681693136578
14.509435851184934
8.26858670329764
4.7268042746657475
1.9820626475089886
3.668902845567069
-12.777675881388149
0.43132526659210857
9.13356500305003
16.526285421583495
6.41400597954681
13.215375985813203
2.677773154970034
12.738560161401299
12.193376734883874
10.905963960096324
6.149325707027498
13.724877854195425
3.389070045130108
6.954974298727658
16.49233896046854
8.719760468064067
15.126643362424382
6.590762609975787
8.851865902912154
15.184360702559657
11.090093293282836
1.8173525999620024
7.924720368303889
6.471002887796901
0.37064300918147275
10.538014323087154
6.296122185280261
14.741937126239991
3.4548792826812176
-1.0295595245973965
6.391526583227966
-1.9053529212940594
4.803996738391688
5.53051098188949
15.458035320966117
6.026285112743609
0.2784686321215295
-1.0745628077149618
7.1741211580743185
1.5250923552973532
7.266717533586464
2.9100442831827396
