7.385028363350822
4.323633612869202
1.9550232138883583
5.1897341965792485
-0.20092657324112118
5.709810970755914
7.1837843415826335
10.510396323421036
11.709760025988277
9.894596370101388
6.0195989404222505
6.255711920752822
3.281585892272242
0.37955261921535133
6.888155854094155
-4.565511572113696
11.459054801955737
3.419882515000328
7.299816497348296
13.4407076096291
6.760637774910528
8.664675866190924
8.003354029936673
10.995428552080043
10.382708839183463
7.0889581376786
11.81899089814074
-0.1954154244608377
5.035011681630318
3.7171964484302915
6.041604645693008
4.219173804218434
6.922393972456558
7.522622589078248
11.679768277660026
4.611004708895468
6.982261786151529
14.526534577581057
9.584152931739203
5.414744791256034
9.05482293217657
5.1178469884577895
4.663892464653658
4.7834647598597915
6.086271209340151
11.366097239298192
7.395163349166277
4.247313971042442
2.375222919697175
2.4766211641697327
2.8041107951557973
7.999978424568483
14.48232434982713
6.164754441714813
4.456021940832601
8.264342783357819
5.9068779966928835
3.813147574075589
6.5722610900746155
2.621049909165445
-1.4697046780772576
8.534925172428878
2.065664992532968
2.2975880025717967
-0.2215907171185627
9.178829636121483
10.766817738604665
1.2426973362645857
6.443045967417444
9.290662514763778
10.736720286122997
6.599098436885363
16.32326080526773
-0.017984775237249728
2.563267167322724
3.4417164668982037
-1.4298693271081246
6.439116098262289
-1.7889427467272867
-0.15553251617650243
-0.6048566245329035
3.018590836781111
6.160205049269792
3.5078978635458165
17.605333682796616
6.94773746490859
3.5540334906426176
17.467872116659805
16.602903436173126
7.292734571284472
12.524397093974205
8.363050808071563
5.139049119263139
6.03642904561591
15.946731979367717
-2.2527229173357615
11.862559297763609
10.887878817795102
5.572098456102382
4.966403187946267
5.786359730200411
-1.6219058133668725
5.00373896565468
-4.538541083140611
21.52655696423487
1.6490438417624906
10.056835942239772
1.40349881262176
0.2660800340362952
18.97608635779497
0.6530780496069175
9.431874261663332
1.1860627570912108
-4.771851130637019
1.123567692228745
6.473396748817965
-4.55361953897363
5.900178748126461
3.8658567435663453
3.242193745729681
4.9598124225549585
10.533093114808507
4.090229803385787
-3.408609780788801
0.9812939872879127
2.8413409574845763
13.93683914162989
12.882077657930383
11.154965109971585
7.843327523323971
9.251546131379548
4.129228131116941
-0.33978077630140113
9.799671749633326
2.8946792932546908
5.941513050876891
-0.23069120520293218
-3.196365719081994
20.41989220322054
8.679420019516693
5.330037154999199
3.2328512178195945
5.579815908663613
0.7184548873791119
5.328804007741653
7.974213559857235
14.354529581806224
8.909890391365032
12.355944271178142
-3.0913534799299427
4.776076183643458
5.781692805683109
8.841260014564613
9.685674370092661
6.036975065938329
13.151142709362894
3.8348594514014898
0.681802084165847
5.309748080096526
14.238667522888328
-3.7995696064525006
2.900668173675242
8.248519198885962
9.600615576107785
2.099149847441846
6.03635832527176
13.220614043025606
0.9696190026753939
2.519888805941449
0.8466162790017489
5.647527287371415
-1.1803903453354003
10.603507713908705
9.914482697473852
5.387160756058441
15.269240220714003
5.55358180491593
9.57331084467925
14.354004168327405
10.90349507451359
6.900957034704518
7.254074582358979
3.015741779619815
6.849965263514214
7.838331191989919
6.0947386048200896
-5.877499680834806
5.382834176289185
5.81058166778073
5.225802500483449
4.632602768260357
-1.2822563004737288
3.17542874801921
11.926244817906092
1.1995080384443169
7.458659999339062
17.32954109427882
7.710896032413727
7.720885994901598
6.313256725404911
12.643760516499949
4.7835433761558415
10.211600012592022
16.881387015700057
3.699707336596568
10.342822774479345
5.0447158075689424
-1.6373061427252074
4.558347578959106
13.247897737454513
0.3678419391866967
-1.4364256398168518
9.684046893452972
3.530750593083899
1.7023605007908342
13.494114815986652
5.271198545599905
7.001704776467873
-0.5571739527705066
1.0324803512775986
8.849112265363875
-1.4302397497794361
4.07927138605879
6.074840158523378
15.38648608512138
2.5452161645382927
5.6619069250331195
7.232473167014162
0.9992176759086089
1.4178773675415126
8.071371522683972
11.503868389372144
7.042102099715503
4.080460851326891
5.588915333108265
11.545878900142569
-1.163122049980216
-0.5941744227008741
7.392459260719263
2.7735240871688562
1.2645355944669898
5.490143625253252
11.73512654607549
6.150597083378198
-3.8912620175331227
8.09631641697926
9.549075508890084
3.725626177763488
3.2561534092370024
12.464324315990565
12.89441363963424
7.248974358076288
2.3367394260115835
9.005791104843048
1.5488808471897926
5.478468760987291
3.105277236269552
3.5213799763420535
17.01531002597472
2.2054489345296053
4.456169182155272
13.957283063844837
16.85605543380833
12.630831638346798
10.92640738859389
6.4715333108117985
6.47164768048685
7.38930647698313
10.069570090345723
5.0483180210374545
12.04120451291494
11.121991076261256
6.421174298579496
9.011218357368552
6.157003915723962
6.4268698262103525
3.6526130009879796
2.8671861340090348
9.732569231985668
10.869528625818802
0.8319710774676885
-0.2367825468895166
4.478022867357598
5.653790306292257
1.3518250219075982
11.316057507354376
6.416124695173755
9.30411978628668
1.5540673377874414
10.470894416214866
7.670625829622839
0.8995162127440333
14.301834053922052
13.824238334214876
6.941306147985906
7.493041717294176
1.5718057749579675
3.5021480206740088
7.571267849685502
11.726674105118082
8.523879614215627
0.9587332535184725
9.301872041612867
1.588949568203474
-3.56960415169236
3.995632046596826
8.54240927310013
2.766590663262545
5.517826549197856
10.366049943560883
-3.4403571025834
-2.267239428855147
-3.925345563608589
6.811099789597224
5.9015035111921605
13.632820838044506
1.7123255020090973
4.905066968227975
3.2015575350124625
-0.8735143373240639
12.020442475841211
7.111967033894965
17.580472858098876
7.4496700891010255
-1.3275051094597625
3.31465639684878
1.5272565833358982
10.727969655190131
5.261882457636757
11.519356893301385
-4.613329811426052
10.675924628113432
9.941022283499155
12.458720512965439
17.51842021145268
4.562846014286592
12.113864910021267
7.104096316749844
9.407963466194467
6.198158825640896
14.450182679237871
9.082380661926916
2.6034515789906383
-1.3735961027398922
7.133734599621217
12.189414625936886
2.790002331312701
9.50534763783422
4.983812349167183
11.92217730390312
5.199719077779783
8.07619098335534
4.6031364047044105
-3.9605099479138275
12.505144459178588
5.143158170898621
11.483292420144128
6.058900340557301
2.74724133471938
-1.3042780255852087
6.5842075238243565
7.171099493259073
5.247875681716687
4.244338840866589
9.780895741166686
3.598759934585219
4.5730273407763775
12.13841983433095
4.160224973626177
11.584711019119624
-1.934965075537102
0.7740807936530141
7.090947505415764
11.751973340059184
16.10731176572217
1.5011677522694056
1.5045276620670283
5.682375415354469
8.651876293852194
10.005845099146011
6.272186728456264
10.234582946078262
3.8728081168932724
12.965219981648003
7.6884405012370225
5.941171210288115
-4.339342775216057
-2.820202635792688
-1.5760929767854783
11.13483034791085
2.244204959589188
3.3373826332371808
4.504091355263421
5.337983740638015
12.518261444459055
3.8488585272942424
6.887601072966457
11.70355364979959
-4.5826584308680705
17.532463199980178
0.8956285579391752
-0.27416008211281273
2.493325083664838
5.67236576293027
0.8157937343008186
-0.7883322765311078
11.719376553313626
19.255199135287697
7.004683213169991
10.025903124552674
2.4280882733064826
-1.1239953133724025
0.793345444251714
3.3906443673532953
8.490365885860642
0.8034747303769425
-3.6351748324494757
12.853214184010115
0.060880259906703316
19.826712133160857
6.758686748805063
4.525287277853071
13.167203387797851
-1.1979199205841233
11.879258087218659
7.404733067351757
3.2389164976561697
14.45639147363081
7.381748546197423
18.511709791040104
9.78592124212735
5.721208522015573
8.547034660034596
13.550868133415687
-1.1073217915655356
3.885115568411138
4.543750516827164
0.5319413818600349
1.7390717707264844
11.103241954344274
4.192263666906829
21.87056437236791
7.323265140848535
4.9016888075779805
3.4389373831174646
12.088632390926975
2.964448391190022
5.843642159240411
8.653240158709199
9.279640646454354
8.57228769691238
2.3181061232057876
11.11655191177236
4.869345088333359
3.849708295591945
7.688411496067149
14.229780193015717
17.980931280687788
5.672576385196073
8.93143584428401
3.866983566597617
8.945924986074179
5.524653291476468
13.423330685830834
8.015608244474945
-1.822662987875078
11.736149430680541
2.048924547810041
12.934461603264257
7.478437110736035
11.819719637568083
14.521202591118234
9.781562137604066
10.346487393790216
4.879485125683027
7.447650729652198
-0.4848937913966518
-0.9853075619281491
6.167883673498816
9.148049940140547
15.538200760925339
-2.6413728216623102
7.22342825540723
6.740530965682574
1.2013499915545607
12.351627699130987
5.115056456479066
16.315940567218952
-1.4516689911899192
-5.706054577928699
1.4876647552350626
11.377904124379775
1.3624356173928573
3.525311371097549
9.894073333262622
12.032832135176129
8.760930886295297
10.393181294098245
12.075076071715287
17.369966626406423
5.298698820680851
2.9149703449212665
6.004556914841267
8.958149862800141
13.188818205049568
9.193918132773724
5.853259885690841
5.2450369261672805
1.2603630078247159
-3.9299229191512666
2.283990334176564
13.748938070475326
9.67628249089995
6.544812058329583
6.903433465440415
7.74892673111135
9.064775525366933
12.923445890952127
2.194194959864943
9.003808866983137
5.333123232765962
6.593320831943506
5.756985632325485
7.832873767267293
-0.11426882765878421
0.9806075057939516
-6.576395188240166
7.8172924480075086
7.302556200696564
1.3951249902412988
9.036742870692091
11.717208040203353
8.080094663420958
9.506329022535212
6.479844468491306
5.832708432723345
-3.7820435641760053
6.833718428128439
13.593243347422721
3.192224780437134
2.090735610438848
0.1859100317262179
4.282015414824768
7.1917963983856374
8.116024718836071
10.815853442421826
-0.6205345197081336
15.968783768825846
6.157506256401139
3.3526532490857903
6.865570402260872
-3.63982680341082
10.507616746802581
5.436436912868905
5.791886632160537
8.825349897962393
7.09831896342276
8.027603820686695
-5.184781342379917
6.042388943623963
4.378739533169484
9.363966135155227
1.2232179260777531
4.173452145270338
11.919307203853347
5.468943681294534
4.297144077597202
3.559632818374904
14.247827649439422
-1.0712824730725945
8.96118735029546
2.371872711783392
13.764231883834467
0.6704409571939767
14.33591517795008
1.7474927482032188
8.58767130588589
4.485034342182306
-3.707360289244022
3.982148788644737
2.0322632999881365
3.034526843624622
2.72520721294123
-2.18142269606383
2.2721467063150587
12.90236524513962
2.2472853774544497
-2.7893561930762942
12.41990273196921
11.116382733257034
3.0665135486479262
12.029173158207993
12.258067520793976
8.106079758259627
7.538013296855661
-0.21115528970274688
8.80154572701355
5.981398768215444
9.182768036203608
4.980106798181364
-1.9622272882819658
-3.769958520154354
-2.980644603461675
2.8167905127566675
5.905353131144013
13.310499304658586
7.982675414399029
12.302873231333798
-0.08512393205388147
-0.8112922680946664
6.750424065607839
11.910643316899973
14.012974845451762
2.9988770087305556
11.757189540087477
9.440727187328523
-0.8413567047614894
2.855983391304912
12.353547828667615
8.221131611075096
-1.6194683945659927
3.723710754861322
4.749060383651318
2.3977823566222396
-13.518405237610612
8.147557625405637
0.5586673154107276
7.571950616149637
11.829808769777294
2.238370846394027
-4.1966577321990535
1.4374689567624745
-0.8371173423971925
8.18205490427984
-0.6696232780000004
5.163306809549243
13.908197893631609
3.9568325462851743
9.313578062197765
2.3079935487635503
12.108399961296723
12.368444291655447
4.167462058084354
-5.10651329245044
-4.117347169615593
-4.367082130174435
2.331976135570112
6.367349202175019
1.4837043939830412
4.778465261444469
10.145288215631222
5.572092704723393
7.50802183353687
7.017016274338803
9.599987100399854
3.5432582803271235
9.879777087546845
2.5204783826351957
8.011999602422971
1.5895397245812948
6.429492148772646
2.6446601070515126
7.371841455566063
13.22341979616549
5.199947581867819
12.083767236442721
4.4280762874963795
-1.3829171690819768
3.0302903236293046
0.11658874843125488
15.492214629601357
5.825323136126957
4.651298285183591
3.0109255104761448
12.086580647800215
5.341697647339707
10.821049454175963
5.150553770340612
8.169251557791291
17.312984559636043
8.941901542941277
9.776554685814268
5.552794420496491
11.100371877018965
7.262686936494727
12.182611453732438
7.375277338202588
-0.16912328146019906
2.536852314499096
3.548849063528273
8.9669013756566
5.636909040396354
15.733917872807138
9.370903104191026
5.9736444157774375
10.156430745389203
5.958383759214488
-1.5975722903493654
2.772036367976982
8.345199301528153
10.460095342748183
-1.838475103683666
4.943141970450647
13.511920003627374
3.2350199932652624
-0.09046335011395534
3.909560687937497
-1.6898704094992283
9.905809672850495
12.413040657880842
8.204173808572666
7.597414856207733
7.301186532850282
8.563044120039201
7.985763612284796
1.9053128131463488
1.6824412562996232
10.028861394799096
-3.5517754447819954
9.660121271658365
5.566549783589272
3.4492533510806216
13.533015348098708
6.636056994876709
5.740552795328349
6.178732111485464
8.828207523775092
12.743456913913493
3.117157986692036
-4.737965790586889
-0.00939632978805971
10.538484216150824
5.759394581653854
13.217978067856368
4.462557064904532
9.083385668196
8.7382438030894
-3.7199689250397654
7.981486714515104
7.455272147602275
2.569848405057648
-5.574646894214917
1.5506944776274088
11.468631682069976
8.289443934494674
9.569039173316224
1.1365197384227619
10.17778825355764
2.0532993869603784
3.153027455001491
2.6065222488604425
7.00709735139804
3.2271813378618517
7.823016147195866
6.146689859527467
1.0289764831013501
11.353590861991691
0.7363674347631006
11.033986937269297
12.036855811848111
9.785978431549317
10.178242807362723
3.563332638953159
2.8378684129932434
3.486177568144769
3.6339626914021848
-0.475339969857564
-0.03653364096907463
2.4123889084735364
9.318392920469476
4.117834136431654
11.014538413988394
15.079174023375648
4.014203766120965
9.04737453417651
5.631810512589139
1.2276727005460595
0.3672041096074947
-0.5171215396169302
4.726679502933782
-0.0015107656529167457
8.59904965862303
2.3575405363511095
0.10327020789087982
3.0319699079052147
11.682569643012737
-4.443544213135436
0.2024601698892381
5.6422053126587155
5.196816959599663
4.250371886449875
4.4309599931783685
0.7458102589772304
6.366793590019024
6.5395922690471675
3.498253271307973
9.142696744290022
-0.12500775227295957
12.664613332603777
-2.954506915655264
2.9515957328779505
-7.627300152519407
10.679212934637574
12.216902393479828
10.774860782071457
8.118634684529153
3.09070199663575
7.949867922955185
4.040747200994131
6.197145921836177
22.117996636254478
7.963005787280128
7.910935872647274
4.549088161478671
2.065769580289767
7.408578043630145
0.2633909880038141
9.47239240343372
11.388875894238247
1.9050840358493666
2.7718950204453474
5.7474958270519565
10.889037044401267
10.292737525786588
6.451378765456881
-1.796642928167934
4.941277765058837
12.56216427423061
8.209639028058564
0.32435775231780184
0.2774632670667163
5.9922203485673595
1.4678141727874499
5.837823529647163
6.731981243810423
8.19695405027462
2.273819740001711
3.6388382809220303
10.739307907834654
4.839548181207182
4.499588406316512
-1.3717367602634871
7.753321712859554
3.0018323002336467
-0.5140629012882547
-6.0697881763453925
0.1888922313608612
4.053905796549367
-0.29114261026291466
14.399087844127225
5.687470870454239
10.035514477687911
15.398845350245342
4.3589637785115265
5.407733077028124
10.931790576350435
13.4442281756176
16.388908524484897
4.534331795886553
15.414125972301244
0.8836244738178634
7.415289409014442
11.523038490220392
-1.3703282006268136
14.245201377511657
8.277772369592059
19.947647868792767
11.517439254144413
-5.6509869778931066
13.061153092590239
7.100634102725219
7.925237257670235
4.103399894983667
5.2095790563676605
9.982866848297057
7.636228712710496
7.452393794199618
6.942398092281673
13.969074803010974
6.486082995800855
8.323555315970307
1.103452785122923
15.961641241989682
1.861881024910197
-0.6423314220772056
1.9731837534030081
5.911026114862435
1.29410465085442
-2.9788914536615767
5.740608833274478
0.8452233766506723
5.879778340074606
7.453479252924613
6.79492483977806
1.317129934603197
6.506273996792532
9.044957490011454
4.010280303609379
11.344802735734515
3.38050070948235
7.623296156677371
7.928468953121728
1.704934609879654
5.413144918351115
10.885348586710686
4.797662771702651
-2.249661172496358
3.3694652479498055
6.987674251285114
0.8330472985242183
16.003770603299337
10.892593583529813
0.3677386693208087
5.355064953022119
-6.0256964586945365
5.700065441466699
8.328993149569381
5.568686221851623
9.567280170462773
9.538196417713845
-0.2755647927277689
-2.4563424433467524
12.458147725172447
6.106541328929169
3.3400756132340077
5.686626149925395
4.5261905546683145
4.666461430131214
8.190114066050612
18.104303890907666
5.547912023802867
2.8233801165013896
0.9846900346480236
-1.9181708310102161
8.571239320907363
13.636676799072198
6.214430130536591
1.3734211786169448
4.571432822516713
10.414192072042106
3.466449697732972
4.70614947369772
3.0540854782855726
6.702656630022424
7.243608356224626
5.674637317481237
3.6804039718579076
10.433277925164631
12.89927422256535
5.089957046241418
2.832633787604239
11.350578625305717
5.915710602845871
4.079672942775036
8.253791986349889
6.173620885947485
6.234354928812974
13.984724807836319
-0.934417909327899
7.47897129427362
1.7634535892751293
4.1926671859418
6.586554303900255
10.400129092066742
1.7857312041822437
12.458078773560437
1.7547413238218992
0.09525621538016793
-0.2990853022909201
7.8206763537863075
-1.2933074765445527
-0.3501056235421771
6.7304423813312395
5.150145066671516
-1.6490281791223378
11.255321348577484
2.4167053244658643
7.481771914882748
4.5692504530582765
8.555132903293734
4.681604682575503
5.78816902004103
-9.29372891165793
6.050569744308439
12.165825710450267
6.344855796540977
9.29248985395961
12.201453129291743
11.151364165829227
3.7561023302294676
1.3714625173601327
8.058678521607924
7.9432044338460965
7.24316740002168
4.9187919669673175
1.8196819439817036
9.670264634363948
2.119401310052549
8.780584308488022
13.169562645113695
