2.132194309667344
8.270728806743035
5.692631676642976
5.538989635030534
0.979752585139253
-0.28689135148595124
0.7863007509835249
-0.569734405421765
6.025876095441881
7.056124833780581
7.74440708947745
14.95239215418134
-0.10268400280164691
2.2584110648207756
2.9479720818042567
8.228555980190846
2.285035584203476
5.8076402653413135
6.25718489761451
5.444087151887299
7.7750986822436134
-0.35168125343986656
6.329137859851674
1.4379759924065665
13.25099144976888
5.7666464618496205
9.599847289757228
-0.6452756760887581
3.855746445232916
10.777842305063992
5.845181208717917
14.870025082679257
0.5003249962912282
-3.9890615902138826
-3.63349084382701
6.30841288177529
9.180801663205798
3.439217948126731
10.894460702423372
6.475238079014763
-1.4220344824714717
-2.6554588552995106
3.7786101079846266
12.94889687854948
6.492773251976782
3.739771797614333
13.011801230407318
13.026759421195658
5.523065887495313
6.280888626341403
5.973214402417495
9.780118969022269
-0.7899381349219929
1.6429414087996461
6.090642704162205
2.7510423774743127
7.2312409400799265
0.6133047764961717
6.085253732050531
8.896859428654896
7.80274024956301
11.931683985791915
5.688675358134675
7.2744569628856075
1.4002361900984974
-6.426951281951595
1.474440823183241
12.322774029577523
13.51391103441994
2.8310123544284913
6.012603280815443
5.258189845837336
-4.604447386990602
4.575891515305438
1.5664228143782033
3.9154371023129015
-5.403833617425477
3.0547481212194265
5.454883560181676
10.374510679241276
6.426985688646736
7.149542574306365
10.448981101960829
8.055652450620565
-5.24334664116814
9.381055088300002
5.995035800138685
10.120351705020774
-0.8457961116418158
-0.03966771381320999
10.167127539423646
6.896981914821429
8.387719738532725
8.775653872629869
3.3325474154314545
7.668176710137752
2.683938432133691
2.5134370748142323
9.8711149345759
12.936446477187609
5.635296846679449
8.26257778883226
14.51318869043037
6.549747784926584
3.3593364005146733
-1.1904125379910004
2.096423149137287
15.336010974991932
11.313794113688152
16.55279653703623
5.499918691459673
3.5697664278553902
5.202205547508649
11.516530430195917
10.266037925905463
7.506596042223191
14.553623995953867
2.5231922958076627
10.97527800592168
5.055278440426112
7.717358437983838
0.5841887779678094
3.20057784507784
10.998928480603109
2.5654899241842313
1.5963450685376
13.089388677312025
8.732391734892593
8.784977351000347
6.846891663908506
5.644943220095119
-2.4716117909205906
-0.9520518418393458
4.432249721728896
13.948387637754672
-3.4461979906487255
4.526751254840118
5.830203627782248
8.252212039328937
-2.146454269722147
1.7279660699119752
0.9723810160590194
12.352890576611882
4.000600035225743
14.428283796165328
5.43130324952013
18.689186779944436
8.849430529215924
13.834083142647385
10.880134131829717
3.7669809128708365
2.3076340412507315
5.56377920862568
0.961480984063714
10.89820511238126
4.638946714204298
-2.477483191603806
-0.6525716309307104
3.4832821908123273
12.200237622164952
3.1203214358585005
8.084355932808755
5.419350520797865
4.984326613573042
7.560648129394909
12.655606036607178
4.418350229867605
13.984420492205349
10.66001581044855
4.4304123280712275
12.553610168073096
6.244942568620556
2.5329500392370368
-2.0414795272164863
6.381433843516165
10.48757595758365
8.133363755322025
5.733974584563929
15.668271502149008
10.464198904381329
8.801192339884404
5.113850964317335
7.596834211921772
1.9755723132002592
3.3293609108324094
9.88111845781745
7.162456294891773
4.892631363605263
13.089925899502543
14.158427671429083
15.627533945936337
0.36594519531725567
9.952214579839309
8.06645809912779
2.9299028781837224
7.595861725628955
3.831174819610654
8.27363261752254
7.100889170420835
15.23952703920624
4.193530455559943
-2.87037463525059
13.538436198694523
6.647402311707088
3.9832745517059807
2.6735255171966323
2.09081468981928
12.115334482274209
9.696012868514476
10.34640376861422
6.694240066149066
6.966005338724339
0.24103040740351833
6.970613284573302
4.539685438259462
0.7137438498669484
12.77187723325467
7.819879881753692
1.5454276723264089
9.647634820006925
13.945876373781498
15.22100400935547
14.692637156396923
-2.8029469843935697
12.694393484905783
4.335218246961534
-0.1981871600242151
3.474559330622604
6.823448994012078
15.00117042272472
3.0491434506076116
0.8923446152571843
6.110565656128641
2.607443880660746
8.167945451670953
1.5915932962424497
7.189887216875016
4.705130249525421
9.943336221279749
3.6228183900401945
6.975621687413997
5.1593824332746445
-0.37797753495240016
11.335121807211777
15.767366192257368
2.6008666246384764
4.91002117681699
-1.145674758093354
-5.76943730355986
13.309194035798274
2.001728098586573
-2.9013681227910944
-1.4925032261355877
7.624520456218503
11.616887108776329
2.972745972770708
3.1475740923281936
3.6676785392249314
0.5535539548299173
8.762970924576159
3.8643372551411406
-2.539961603152056
5.968457709010498
8.114977087210288
10.545403566736857
7.30462427254413
8.913290801132836
5.879775733022833
5.617552741462746
5.5640501940745715
8.642577131006327
1.1695709080122096
-1.241683450295513
10.138905460942224
10.36947262378018
-10.202281339132352
2.0954880763177086
8.522191232710021
7.387981507735268
6.3020957483165345
8.559439880965643
7.298033755637761
-0.272142108828354
9.329064226034726
11.773512571870388
6.422684267060034
6.458979655181686
10.343582708278106
8.070799826431365
1.125168339554743
0.38727047536504866
1.5803884862748623
12.745914249754652
2.465871095468877
4.368433188478148
2.5620540062000137
8.068322137863003
7.423186496384861
-3.2695608102370937
9.115375857566036
-0.763777555628554
4.960132333136153
1.830122238988503
8.192972797389459
0.7326959629922181
15.179288403989142
15.867308003913397
2.488592581784647
9.113363350310555
0.3036543904765452
10.31121501126773
5.603533498355571
9.211223597513662
4.170397537780926
0.24245548316563958
8.008242692550347
6.172514513507707
7.278368124282822
4.9583790724199
12.784811695467013
5.6137171260119665
9.617998433749595
10.095645856415585
3.1484842918985074
0.8608402650464573
11.440618267675106
13.490146537328453
7.29463500564503
5.962475256289953
-0.9459387260135319
3.4610518900409772
11.670041268039132
8.158119945696022
4.862326145316151
3.681871290852833
7.272818593108289
0.17071357932188302
15.025037343488888
6.162824664481921
14.70431939988851
3.132198467525099
17.603915716340737
3.9502694674590457
15.042400804094795
1.6561277395150702
9.5693321769891
9.489046499789712
6.570555995655625
-1.3056878225671973
2.7734934266199
-3.2010772662989417
1.8809350341882416
5.773447625953087
9.661834145603944
2.5447197760319873
19.035379812278357
6.68025199269676
-3.969122307483797
6.053517092550544
-1.9875298877163088
15.519391685154728
10.920892297539574
5.990720114438881
8.505882180927244
2.8721973902918143
13.735542536367873
9.934155651164165
3.319339378516645
13.893101062958786
17.02281521018533
9.11287394923577
3.5727551930763695
15.426636819056588
10.735060379314653
8.970638945898072
3.2625731839130623
2.389107918961723
6.694078447837378
16.26327611037469
11.419731186411624
5.176166172552511
-1.1256385008181606
11.380891713730076
6.784610187892363
7.024417717108272
4.184842550546498
3.771429200803969
5.647646226900554
4.281282528200855
12.479485679877044
6.961407304896264
0.04711676877591042
-5.827770122182647
8.260051371228903
3.5272759531214
1.1138480561189645
18.298990067123746
0.12995409924626244
5.4965528769236345
-0.40349637177617304
8.602708492891733
-1.6794017312468528
14.634274574674347
-1.6014012980974446
9.384738994485097
3.173366173059385
9.058411672239469
1.7773345325324463
14.998273776963488
-7.3147240768141355
4.691600283562849
19.45150363675537
12.7599276486286
1.7050452190973902
1.8108944557617361
6.2954969457627765
6.415297946344842
9.582616886264821
4.865943194357753
0.891215691358429
4.548981668257458
5.520133503683566
-1.3127330229378638
6.83311335584672
6.3416789765840305
8.723104191402712
12.741831203997492
5.659874399040814
4.63037718580218
15.577249550390881
-1.8999959675018134
2.919004719277571
2.684790174346317
13.616320327507317
3.5147556986373503
2.462345696719744
-1.0328427540164826
0.08993657335727345
7.37224390221799
-0.948185817821857
0.5935845820573418
12.043453162837132
7.995640216016665
7.288325326410194
-0.5084024581167501
12.096163891038136
3.8678266709750098
7.345501209655634
3.9179209850825862
-1.3638196705779935
9.611201245190264
-3.943283814792709
10.256432228549642
3.5581185340601924
2.0952783503293073
6.010689035550661
8.529094752401058
11.979345989720933
8.583388442623214
9.606455793294812
2.5016975901042007
0.484105791157722
16.47795463913817
4.499998716514828
1.5202557339139329
3.082395054678869
1.4137897813814062
11.497659326557866
4.577004313061259
-1.6967953152779307
-0.439043120827737
14.862047743907004
3.577400362411702
2.979897915037865
-1.725415502848624
5.590353446194683
-0.4571734440678714
2.3607398361481033
-5.081375307260332
7.836358206356911
0.5184985259615233
-0.34329422956364475
0.49282535107882186
7.702184564705052
4.215989162273447
3.098752874354519
7.791527443226564
0.9659550914117396
0.8027269742928382
8.854280224863704
7.670934879523801
3.128170536907024
11.016095241584928
11.828296440337292
2.7589260461331433
2.3642495105500063
1.5056283866092484
8.713401746827646
-6.384776193674819
-4.263238618814114
5.669984958969143
3.804067436061317
5.942622357219531
1.4714983347393558
9.700869414856488
3.835337619176133
8.572697149509944
0.1145048964776958
7.796920891653171
9.770857973752731
13.116562716573448
9.868842848285944
8.513869467943575
12.461720411428841
7.226251313813697
3.13764353574979
8.889243055543943
-4.068816607803656
0.5282119115350108
11.179904815025676
18.294155861807837
7.4982641236457965
11.589421594353535
7.285159150306949
10.37131874437951
1.2165296582649754
4.69107580605728
0.9341508225838755
0.2544669365189405
4.272420002132361
-2.9068203504616594
2.7678465634920357
5.85177813313159
6.119043270595815
6.790109071798609
13.117146145161456
3.688372073615957
6.37591992915013
5.741781896541807
0.2817600623804486
2.2934232343017285
1.6721662779302582
0.9880715749344988
1.7945349482483408
9.934967854337312
10.780664100696292
11.866477472657177
4.584488834420759
10.702017513195365
7.062675651419973
1.0571450633460877
0.21876545151189042
3.265358961346558
2.36288294765239
5.504439920645128
14.954632552007014
12.558621919677803
6.908704108250282
2.3449260017768703
10.991030671819086
1.4649506415138989
7.887599615472498
1.3644996036480244
0.6953947697798846
4.333388612735936
4.492004113160492
16.3666563669087
-5.581562747099785
0.235404177143959
0.345742180022544
0.8749782277903764
12.649532439836996
3.4230041113971796
7.736006363861448
7.557293364303917
1.3841625401485702
2.1938602502149043
10.16665271136798
1.2326653634005407
10.093360751060922
1.9733594386370399
4.441525280755322
4.541213183259012
14.89650335325534
3.491730616334388
14.356517190335325
-1.3296588129373754
0.7922597354611414
2.69347604454278
0.021941341890817867
15.016062584461455
-0.35435982942070154
17.984876736996434
4.5115805730850935
10.900114987944068
6.22752968201994
1.2681947180427757
-0.8730405788227404
5.9162475477599665
7.216707274496859
2.9481458598869157
8.751396190375713
9.946527750904108
4.466809492974189
0.04838352137406421
3.6710054567045773
7.341620023881258
6.096986181385913
8.24104681564408
4.634778646916033
6.598256004512715
-0.12283113371830634
8.48011198873047
18.781293450740563
11.887708667588957
-0.41333069085643626
1.332267560810461
-0.8157346639357543
12.274561151409303
11.69772023014906
10.489259844021063
2.8309317937306426
4.418102251696366
9.510856237994188
6.194142631650923
10.502331558071981
6.708175548495281
13.596034202075273
7.743304519808882
9.059370349608606
0.9673834677626107
2.4223109809361434
11.291101765218725
11.611415253895213
-1.7236631876945347
12.831221216768647
-0.6389369749502771
9.61752577503503
12.394843084531628
-3.2096147255450926
12.136140029679677
14.132621056819072
1.3184828390270686
9.398773433395599
5.665806374867678
6.9859802502198285
3.444335605010227
-1.0632642975805728
12.312665993870468
3.9724887671179814
12.576826420363375
4.769855195405398
13.527195403854456
0.8645015924797681
1.3614389480094724
1.1343377115291569
3.619068413015839
-0.6243170656979782
12.713610584077294
8.194155419042957
4.310618742978047
17.615361014438882
8.431960713975617
-0.7456081108904034
-2.947937748156072
6.2860173998909925
1.8240594998370474
1.7288362031509976
5.529190680868807
8.169978537543065
2.0841313971574262
10.573616247131595
8.90291301114529
4.750381058843397
7.3738717074956925
8.455218760645039
1.7292896628719525
6.62620874082035
2.8392962796866232
11.144132839098857
0.5773516890753934
6.644367430969256
2.679329434037262
5.972524220897027
8.267786516953983
6.685093817057687
4.757387043879785
6.780900676491059
4.809944141469528
5.166115359160241
-1.9288910290078967
1.7856367603329533
9.30653824254188
2.5429199924671932
5.267557398361823
14.182165178491896
1.9915422493509807
3.010937464830075
9.82056223380213
13.668291056129057
-2.834384213582009
2.001488752649238
3.2506568181363487
9.76343335693329
4.004394317071094
10.156964237660794
6.555750732204146
9.07227016545129
3.6752501150238195
3.6300972249387864
3.9967799289644774
4.91299987429508
2.901668944953458
2.8975753080660827
15.629934062191987
-2.223291890065491
2.262306219518031
3.9926250138831074
1.9648286678620295
6.494398107310527
4.381827178997122
5.869476888443014
10.501826360139756
7.8154832134175924
-6.068652837700059
10.565745239536575
0.333931242081265
19.688365159365304
1.4713551911858191
10.534486221330397
4.714523830889397
-2.4691199922256093
14.747117676599283
-4.645045310793776
6.887457331351895
10.03838398568113
3.1375608472798424
4.077595624308964
-0.32421364990729895
2.9133619610532353
12.764530728760878
5.485878304639326
4.872977309288885
-6.556774034399405
6.5459774101405435
12.311326848406273
10.761134493754929
-3.7416027143430597
5.105254586390448
18.08006611070638
3.6426716328386983
3.396999986062127
8.573050922506967
0.9672207611335972
3.880799899811414
3.917599724954713
-4.163317144393043
8.257397358792986
6.092154420687055
14.539460014813855
10.99503137250679
10.38552034596588
17.435559501614044
8.634507549162752
4.973118119879747
13.200412212155566
1.2847399268210573
16.20631870294931
17.45925671244126
6.23444690992133
8.364764016103532
7.1977114102874795
-1.0470675869855803
1.0707946263259593
11.41400527295165
8.638771765412052
10.443543947406688
3.2411728157219524
7.90180514402337
3.899313220875401
1.7429302316822737
7.007096184916749
7.132093259121116
10.980433198960252
2.2426825800672217
0.7421482913406221
0.9483412035403047
6.203428024478856
10.361460643202843
-5.088931237583761
16.63744776658242
-1.4981734532279525
8.59714157244472
11.06890377286925
3.0883661015420047
4.760448717623795
6.726905368395224
8.159657172736443
7.1034866819044735
3.467720017340264
6.544316556500197
9.93856496396095
-1.133089599311127
7.960112267716018
11.888848593945792
18.087483439277776
10.41746136606612
8.582668939478939
3.416966662435
0.6691624750366021
11.201984125013595
0.3328835028883059
5.505804978396223
10.540976971399743
0.9295147078177015
10.113471119205027
11.426114390405953
5.339357292002552
8.994598403283922
6.480164688168674
7.920568576885556
7.777026484382337
-0.20616503874183145
8.982013769640284
10.154870353926636
3.2433736704974248
7.275361388791449
7.323818451491215
8.137525274749802
13.110328019267687
6.876462221006804
5.880424075466645
1.6085553214446238
5.649607405749375
6.169789368342733
9.1010822702906
2.678036872282463
15.41181904782398
-8.102189527242828
6.4918389170274065
6.289991600875887
6.747474702417382
-5.4998504201798735
12.450446255557756
2.0988620087661336
0.8434815541799079
3.9541622749561154
6.050302229856617
-0.8524830482331742
3.9239692296222524
9.683517351151668
-9.46415035725941
4.20047883265782
10.295947695499564
9.897962950166466
-0.781234852425678
9.523974442178286
-4.186991684107529
4.622815444297489
0.35981914982216257
1.3888826464292467
5.720536115068698
5.644953445348066
2.546551192047415
11.001072320131907
8.76197486323325
3.0014305778501673
0.9997286126164546
6.673772369849086
5.344937209434086
4.558204556852005
5.476208597891438
2.1089428074905467
1.546445270997367
5.6741829351183695
5.407328390366835
10.861320626684368
5.34026862742513
13.898558337811828
3.334939129052747
4.060185586758635
9.915013138370643
9.739641595786146
10.738449430389462
16.10573247907615
6.2019846119556705
1.8590605031382728
-0.3295261510113363
1.431731699922353
9.791312871343937
6.064820015685432
3.7140437776608857
-0.9105323975422328
13.790392227803537
8.861164911328164
10.83076034827854
8.043681221636426
9.051304977461225
5.939589367352936
6.435325177361653
7.34229386886491
9.407591706822728
4.462092460907919
8.516290275084598
9.275442026955178
11.0917205285375
4.774171673933445
3.990920274749475
-2.17523982305422
0.539062108645755
1.7692968665621827
7.707563108800119
5.61402605131659
8.746237357219805
5.0132665572229484
1.9776478428149664
4.836729837755436
1.4280912867475228
8.533225671533508
9.557360022791988
8.039839749271362
-0.25582108907706225
0.9778594815655772
10.332164989550721
6.401282723820932
-0.8551291576288298
11.991965297080359
-0.3142705555076448
9.57150227119996
2.6384706166765195
6.780545736007656
3.368833087466519
16.213916707317082
0.6210641066151368
8.469624376765848
4.260930271325708
4.534618117009526
-0.8343917114645416
12.826073202613227
-1.8596089669952827
7.778929895919601
1.4658358197286923
16.36353287212479
-2.898361664451217
2.766141827203459
13.163630174902021
6.380669080336944
1.7178267370602054
13.397272581448982
15.975309525987319
5.622528763479877
11.482311428464548
9.023526983443912
-5.896767146982141
8.586042681905141
8.069037094544715
4.843625435651354
3.6608355629967746
10.038225212032915
7.847628385304341
14.328200300346866
0.1631735946412709
4.816509109420743
0.9266680852455389
10.729654270191505
-3.692393121159302
1.874137445592373
13.073614963390433
4.6499648127115085
9.168370336772663
3.97612165551572
2.529960128518969
-0.645457552727815
5.271894884991814
13.929555920392325
7.336365583624042
5.709127864006767
5.104927340883838
2.7870630321295438
-4.2403642758454385
3.849124826479929
7.129357299379553
6.796886907316511
0.23458183539572897
5.929789101926041
3.097489176933592
2.7899162266771262
-1.062818938505437
12.348822739541896
15.607796910832215
4.634163253610238
3.7980617545904023
0.46048186263421886
9.341868057193063
2.3166605470968147
-2.077831397912794
20.05817923536052
12.15996364176107
2.2962562404443774
4.232296402918637
