1.6231536957397301
9.063573443940466
15.883154187685893
5.399434997444577
8.149519998190662
10.886331841247603
9.65628227630045
0.21558996498550176
2.0659401264905424
6.174547013289773
1.7892200975042778
12.758159628106878
-0.7167973374105552
6.249580390517828
5.49747668637772
4.850097447334548
9.079545381074038
0.30306435867963977
-6.455274846731909
12.334902407041476
12.814117363569508
-5.10743025685521
3.7912821170874085
-6.6257097822715725
10.827612892283891
11.490458351653134
6.748619603814309
5.766307379592552
9.574698233304936
6.647511753622279
-0.4566416723564819
17.40525819471754
6.406988964048028
1.0742722905689837
10.437824461812273
14.323693422823586
13.075474410623457
4.324921641661088
8.439564136915365
7.326159000984232
0.9956480303849267
3.412418369776047
-0.38000983979279823
7.94110640771909
8.578812164461485
7.891709724710341
13.421266843293104
10.084608400505209
-2.32883433116055
9.11266677382093
4.941877879785256
-2.641514600666069
2.6480853222547425
1.8480625348967337
4.848609377812773
2.012765599940202
13.907257846401183
15.38487769962334
1.3193280972845676
8.390188547918095
8.365171632465266
7.431995460966079
-0.2971429600370943
3.3013425729650745
-6.052291480631329
13.53000983848793
6.123901688850994
17.60162995586277
10.447769680927347
2.0424776358688206
2.847461384307771
4.47810576844767
-4.300201861087611
0.9806593109406867
10.021366929213926
11.385770556412904
5.243674321583211
2.53857500212528
7.0780601810761485
8.138754358372388
6.645610536257163
5.004661029555736
-1.644011932309354
13.630838731295174
6.5456742875314955
10.55434733589928
4.089837478270264
9.925168089128121
2.659174652593756
-0.5500646518759096
11.526862044172741
8.102906513238302
7.52921076944383
3.378801589472051
13.278165073977783
6.703643828808131
15.856646049153134
2.3071605925905514
10.036015589351745
7.612209172219599
-1.5731692861972606
5.297314046023018
4.156694383909398
6.913076317969159
4.957964964096917
0.48460040860057596
3.0825608355645895
0.7034304230906994
4.3828639753853125
5.968190625187241
2.959459201578644
-1.9152087347088544
7.898971978246798
6.81991999038335
2.159053872703308
6.637709564806282
4.219776706235781
7.108576944304429
3.646702296552864
5.13337938803525
9.070510644416096
-4.522679856709107
-4.571617667026974
8.728540582295945
1.0851562038276281
4.4644733141969235
13.396253041240923
5.085985047038132
24.07100085477634
6.490152411189726
11.29984645597029
-0.19967624239316084
6.549672711386899
5.325088412552836
2.0391494735481017
12.127531965213858
4.593371036191558
9.825230316250437
9.610083270773334
6.401584270433051
9.637280231596426
4.5267603875171325
11.129194612560475
8.204987341492437
4.913365511277754
7.7366731186877065
11.911876080859766
4.867574827964402
-1.2193940542725743
14.75471517699506
5.648161507972263
2.069180114434469
12.49825383722663
9.491991518094075
-6.305607089270978
11.077650250679945
3.231434201553184
0.4575437272542011
7.303085325949947
6.714508436957318
-3.5308491849968995
7.701723408799266
2.1708795189542607
3.1243077884285393
8.3102040011375
13.09997392169128
2.081391059306832
0.18033615972016293
2.9096435508264586
12.84299115212573
-2.1169471017613404
6.454790436060047
11.312824474852547
-1.1800894107069055
-2.789492563232775
5.092635110030363
1.398707766007111
4.417464017961802
12.132645164828483
1.3836768812610778
-0.2596857434121862
13.471623170995562
11.461754667497143
7.090264541702605
12.546464979374074
-4.629511550878712
2.051465624239457
8.633027235700636
-0.10581619715183432
11.212968651745165
7.464057980959525
0.15488509644818826
11.838908491601018
-2.5824857044368628
3.04594770959227
7.6570792981984805
15.56554297150275
-0.3848764181575124
3.8386844027925995
3.3134233822748573
12.698351583508087
10.324539485781788
5.6917899901616185
11.641377350245484
13.369355108306522
11.85283808414635
14.684532802074315
3.237458563719041
10.80747796853198
2.6058349296056087
2.189290233110146
3.5330416347801434
6.418839987536301
4.153088635349201
12.630537342885564
0.6375416040635979
8.735696439236431
10.679067280338295
-3.896290474309655
-0.7164441565342425
8.334772641635242
2.8462345193088514
12.701732629500048
4.077943329163019
1.2339961025978772
2.2214977475959805
0.043591583645106624
4.985512921784508
9.74409752063014
15.945808745785746
-2.327826403942513
5.195884553644155
-0.3216992085372157
5.215111572102003
13.238769645741534
3.1470022883054374
10.94544466797852
14.33773365761756
3.923337857051064
6.376141303702034
7.718046719093418
5.578448938818361
11.465997623018549
2.41365665646483
10.10548244952578
7.207284331537735
0.7326639075768631
5.835651138235513
3.0963261131576463
4.668915067598864
18.07670434299268
7.174744826341053
0.35929261402064583
-3.340011514414547
11.015996360396398
3.2019865627693953
14.315815066108028
7.743007933007616
-0.8284754176556559
4.749388701194449
12.051276371487521
2.4189732175080594
11.38115344591117
12.677791190630943
4.3499837313252225
2.421390046260464
7.445262558166066
-3.0657616355602375
15.629973924438735
0.5055184629452603
12.590461540349729
7.116674716228554
10.27823827316746
6.800145170455022
5.378388995012714
3.288761922601243
-2.3432391668485373
0.13236104946206861
9.590984514370351
1.1926188504688104
4.213452869731249
8.25740315014271
8.909399091820429
18.236279852863763
0.26039784286269185
13.82719319209075
6.773642855640576
8.64682236157152
6.5658945395002615
6.054961376700898
2.1937539033375217
3.867773740090713
7.714506731798117
7.801741610412701
14.501053731448275
0.9253568987649157
10.085428070871938
-1.6965924485887518
13.247396456636363
3.760250127000724
13.942202566075245
12.527447922399684
-0.26434051372805456
9.10023977949721
7.56817690787536
0.8390426895650851
0.340380951418382
0.0395894124897298
4.693680579529367
-2.227412622060349
8.950294164954352
13.437280993577197
-2.601765738293647
9.62731770011272
6.141517724132141
1.7947631950533989
-3.404477274573143
10.219934071309465
-3.245713037539579
8.7393230188578
3.3315104687926507
-4.486007250716209
4.572888009227306
9.732835683175757
11.406766159545743
3.2240973878631602
12.24914989885464
1.289025650437119
1.402199876215379
10.510102883698913
2.2707242500009377
8.4076005943731
-3.9811274343673713
10.486249919950502
15.591733546174519
3.1102835989921536
9.446490476457255
-2.270201624997428
12.508791068065094
-2.4128494091923436
-7.862142028957695
6.7340664544980084
3.6318486431497483
10.67661928223714
3.4264206571650644
2.8538980529849396
9.687599704183533
8.451794792174933
12.42502126440845
7.1187804077793055
5.344451197915381
8.077790094908677
10.859338399297261
19.831030958128487
11.882237395039564
4.4460416994646375
10.39300513279915
9.975104778453499
0.8223404004452215
11.071488018273612
-1.8256860196207043
4.596750550503401
8.508207550752612
14.45991860935215
7.159238620323702
4.9773476341215
16.902262792567697
11.851978530351412
6.644502504244048
4.089764924272625
12.62046112495611
10.193239270190656
10.80721813549039
17.525254686604654
3.181157452147955
1.0737390985692121
6.316350718040904
3.757972859720429
9.259931810293047
8.629013741589269
14.780486743360699
10.088060310468641
0.9659514413045773
-4.36893851689452
2.1971623886287857
1.4262880673141112
7.807423096456297
0.00617004217598538
7.790756970317887
10.505006810774418
2.625907253016324
-4.933290677630163
6.504841692419209
12.45332581646969
5.121117643968685
1.3588869710902785
-2.6732748936587996
8.450525528262231
11.15110455496379
1.1726907265912798
-0.022613809521480732
5.101815466128113
-1.9890984031455234
-2.3193164962851682
3.2717135716200803
-5.273493776811218
2.965778487525751
7.4966238249459
2.2367734643851676
-3.8709939533167894
2.999958744805238
6.665151321006212
5.538924480661712
11.79420246063927
0.7597927798648572
0.5666263009353365
-1.1974350440315051
1.7387885340660638
10.23655070521193
7.7385426673605995
3.0405058102594307
8.737183772039522
4.512815323553427
6.845992522131538
10.338913599853248
6.7816385339434655
7.046820707935234
7.171017740115522
2.2025908793322317
1.2325698863017909
3.482093424408357
11.552673273504016
16.466822351284748
3.7839504893636233
9.532281623679221
3.9378236670506612
0.23205739825982707
1.874865032797925
0.9145873518413383
6.03204228292739
19.23445154147924
0.9489840809903134
2.4292492148382125
4.624677335706841
8.604741218489243
8.854288153554196
3.1921325765646285
-4.038594405654473
10.631322037835051
9.065388618333847
2.4787470336387494
6.18525947079847
-0.72251331919575
8.274309604667131
13.379084288077173
13.410466009269383
1.7422378628087918
7.976711670256034
5.331833119401164
3.185992073114923
13.442138057217274
9.958122004626263
-5.98609480047439
-1.8791668135817234
8.10766876519827
7.931881738946972
4.948901714569554
11.949661511085857
9.159378032555518
-2.6874953807052897
6.095977762836945
11.784652911804926
12.616826639053777
6.68377438829551
10.934312569521744
1.2125829751235058
7.956865163019648
15.630475041114803
2.750827024350582
1.4952617801162793
2.43784202701373
0.3230273649370208
3.1115446825148694
6.230024420328793
11.129308301912197
3.6689836553142
10.357367189269072
9.99056208236068
-1.8213996150163272
-1.357530642861156
8.905999704538814
2.2429442513682707
8.361466446382046
12.536464800069233
10.520479173388734
11.911438394233823
1.469858676823553
5.968857565954037
6.335523405827478
13.862065197424016
10.790315153199312
10.926856169069751
9.973779649009812
8.730604396835702
18.24997955116356
-6.17305232128327
4.397983163345435
10.421236663220947
7.5551714491649165
2.7370268987286868
1.3737434481589146
10.413784640121012
-1.75200106001593
7.897739088292728
15.236384620964218
6.662008071042423
7.181936199408222
12.529892404204604
-3.344503323592283
6.60042570239507
2.3460588338006967
-4.819245716646748
2.1525488283187064
3.547330428772656
8.864793199138964
4.536862210758675
-2.8346059107629156
-2.0500026968441976
8.971316336653246
8.638241993776903
0.741664457513048
16.254847173497655
6.426816799757782
-4.60451580867816
7.4693668788939585
4.391572606985337
7.764087048691995
14.092928159191144
10.761114678925262
2.184696582661058
6.672907734014412
4.611069772668583
12.901577089307752
-0.9432362648885508
14.508661909102912
2.3259087878766853
-0.49735771174063803
13.74025386519449
2.2905156474796655
1.2677425597729153
-2.156428569658388
12.101511571287045
10.527508736900323
11.169612673481897
6.611519360592712
3.5676858740172794
9.054421973405283
9.290325158843846
18.65373878193868
-3.5948699990895534
8.224866636191013
7.065604884604437
11.108850054280804
4.923783110414137
9.328421218925053
4.8865506927313875
5.669863525053702
3.890974972048205
6.865968510633713
14.529918146803986
6.940683669765221
3.5262750218390324
15.15998481783504
3.981530495847619
6.74443139118736
-0.8967430122558753
5.8075468618083335
-1.0722810908942577
-4.030831004689027
6.8026159076012895
7.480690929484885
14.351951183604424
-1.6086758979451679
13.204630532761705
7.853891218778658
1.9688858193877765
0.06320536456556436
10.44888672012477
-1.8129141588709485
-2.168634219684222
4.421935906031569
7.615131991050138
-6.821263326080334
4.105982565384615
9.421135905537607
-3.1766456885043937
-3.1955015292326188
0.5865476512057155
8.999725646046851
3.4203689164790116
7.360908328218149
13.941925233076926
5.9586220353292845
1.3263299695640685
8.153256818414313
11.666089739362292
-2.333207292793473
4.922273578154112
7.6800828861270904
7.528119858370674
7.445156217955072
11.793431445941398
12.899981753481974
6.509229609577001
7.109139228181078
9.724788273628839
-3.4341989256183094
8.242545435621187
11.915873333092492
15.401169568997112
-4.090241032391971
3.123670709807966
8.074320028612997
4.472690272409918
5.034985180473588
4.593170278665616
4.187521301540364
2.2476292002112945
7.3569720120404005
-3.088183078519135
4.023601804327179
8.393733593101189
-0.6743183490772005
3.152928166899759
13.814882856996531
12.714293585231674
13.185334680669639
8.62975740503005
8.238741229442981
14.602044594892122
8.314359071106443
0.3025205742577919
13.405420686469794
3.5154536565254104
0.08862785699906706
4.074398802878383
-0.18260953971418736
5.1680980160669705
5.7605658245878955
-1.2228933956888453
2.8619150515561893
3.435039307048896
11.166811891107468
19.10528939675008
11.227040963613181
11.613676785990895
12.830076915790343
5.62924735934434
2.613487214576366
4.075537902026239
2.582376883185862
1.4353492881849013
11.013439345497204
3.9307204275803187
-2.687202098973609
10.652447254126242
5.730051459251061
7.356797692648388
8.21110844984441
17.70940911541632
8.89397968209208
-2.74324388721379
3.4894498943183794
2.0817238131860023
4.511297183637503
6.749467838621365
11.595630191070462
-0.5239933567842581
-0.2653437499611435
0.3578702886706573
6.044622908345458
2.824116635283971
1.3308780984008095
-1.3492878691528079
-0.37872461364536747
7.37254111542938
-2.269656085584664
7.940175344770707
12.853611638816542
18.71213453643402
8.853968742329322
12.846819201003923
4.356010033320391
6.264221317768447
10.948527434658011
12.328599566545055
8.19635371927325
7.957992440986349
5.667999166692103
5.173189196513752
10.993292187496245
16.820105233848977
3.9767245192871172
1.7014633598625428
11.228631843592112
11.408388715801056
9.7682982258599
3.1390805206110475
-0.6414489338950844
3.2249380978947935
13.297520093760085
13.578564863327081
12.403571167939617
5.15929816481956
1.49286992177002
-5.21362472870228
13.599666002279333
10.20557412679225
3.6972380514449674
5.117152533092347
10.349268130949486
8.308831429270597
3.8988883466183206
10.840338925230398
14.058387838110507
-0.5335874871071224
8.144717617071034
6.034834037163243
15.803197247262995
6.688370809410929
4.209222931486789
12.85878778716685
10.727756686278758
5.3216696648057304
2.358781091331473
5.429595773525442
0.42369091628710187
-0.6556845218720841
-4.77700056351609
6.009179227058237
7.997747994932013
7.164581181358642
15.682457128279456
-6.608420825691452
8.178985903221973
16.889300820442106
25.434658854170355
9.368144035806264
10.251910193993005
1.7924133760359284
-1.0622427927660087
0.3786204616128872
2.2520392759014167
4.443290492151201
6.946819729186579
1.5509910829769158
7.163768522323155
1.2106474027311007
8.291610462597816
10.405589355424176
7.32649113127159
1.6240567790850227
7.673349372076179
7.735753207928372
4.333086954887276
12.864151633985706
2.719505559212659
2.8857715095795835
0.8340756371330738
15.33279570478761
-3.8113379458244374
8.018825912336423
-3.5799479952464033
15.01921247961135
7.74351699033379
6.549267051924108
14.131542902761407
-4.439708083357994
-0.15859077817586353
0.010257033949772065
19.603939947772425
4.9163934595307355
9.88434332735055
11.482466891659225
20.434018156059444
2.973945261879551
4.984239927354152
-1.5893209772748618
-0.38998585224025817
1.9467637476775517
13.107548426532421
3.0852142822733204
15.006899257949666
-4.520547437285634
12.745662434125592
0.3410591852517575
8.872185735951591
0.4829868404156876
15.850709996186449
5.111595513522011
4.519281054267416
7.437512202943401
-6.3483559848944076
2.7605446856867895
14.830720572519189
12.116796886110466
0.21546113107270148
3.106412820628164
3.172609782885195
10.155284345077558
3.340351014239538
10.940152041726623
3.0489394391240037
16.380384305783522
-0.45152082073998123
4.5562728686032266
15.961959901094117
2.5229584371818587
5.318643709770042
8.371326747414598
-2.4959831274110993
3.3459540839223787
13.77658194007044
7.817923790318428
7.442485081839584
11.704750494562978
14.107309189305964
8.309901986039396
11.617307432008086
1.8017696690622396
8.282540293459443
6.777447741098882
-0.11679310817050048
6.6713653406594355
-5.26264239335117
-1.916326133535228
11.247831513847503
5.100663455546534
-1.992119201181219
8.401826394908797
11.28757302336454
5.813780411713563
12.741065092423895
4.706194139750111
9.75805203165104
1.0365934450014365
13.224965343480559
11.09634535883081
4.50977970934517
-10.076918003065504
8.237063672094363
0.8168250149244081
9.238782064031952
7.697574207149998
1.5990816100138838
5.647849395482303
8.743416819991642
5.535262198598158
6.271398204463069
3.9355271920628088
5.202292685633437
12.108240806153319
0.6867468989044925
14.298069934566511
14.38567549281348
8.481823799607753
7.721260052667078
15.526367406705747
0.914160190416899
5.603826821552267
5.368289114169146
6.156865152567095
11.187128403745161
5.60583646773428
11.352160675284983
6.764512754782665
8.614713519430031
1.2012995636703145
13.600221208691382
-4.113555649335828
2.775306444675951
13.219993479660122
6.291239722402562
7.055605815948572
4.0846014930229995
-3.3623091330313564
20.972452829145965
-1.7496062699831656
2.422292319148951
1.7216841626717407
-1.6561974548364091
8.079226421057976
3.822974068614689
-0.6134260642160401
-2.9853176756726842
13.96495862795987
10.421418076620334
14.973396400011403
0.20941882438960135
6.928004484629733
0.8457202742288379
8.103749462762666
2.559616385361702
5.091853810435264
3.0612711927543654
5.395772024981241
10.061885196545555
-1.732219085918663
7.658297295686775
9.360824408886096
-0.4658993805970235
0.11853057120035171
16.593242924543475
5.403179920608887
1.4332332813807396
-0.7274409157068442
-3.584843251309348
6.013410612799913
15.607080316042548
5.342361146971794
8.15744056912912
12.903715084422153
11.733570148702004
12.313738768943203
2.1999435341834617
18.253220632037902
7.345468166855074
9.872334343417881
3.547409280730209
5.157904244259271
11.390918671419996
9.00749434132115
11.090439459807733
8.446471786759494
13.855885308040662
1.2226310311271655
-0.15493909238186276
6.040753375030934
-2.6679678757269425
7.764268119831008
5.402524184070895
10.48047803882831
-0.23079590127214633
5.1810718398144
-13.759287237242827
0.06581263936585291
5.681844038735343
3.3712834894304518
16.441570560992908
-1.6645675350885831
5.67770955895468
5.36183144206724
3.5761657976850154
6.4890893589851455
-2.9297661790717573
6.002237350148275
0.7898198770659448
8.7055800206948
4.302017635768694
8.434041512705992
2.1654917405819027
1.7358319949668344
0.9450362313343925
7.089688516680454
12.660454912761896
8.96407655971539
-0.4910980959047384
8.43663652041034
6.446134368659624
0.44430342451067784
8.730726660537906
0.8095950013508988
5.581627514757196
-1.386028700037084
2.3228076237583566
16.507366519693328
-3.4631543657125192
8.804141924348167
2.348202223529401
-3.4915825473456046
0.5026972932073175
-0.6554393103376865
11.971476042946936
-1.3555339599933536
6.53418085203227
5.976201144286826
1.2072325271950062
2.0864799588632117
7.751281582121988
-4.7900090893086045
4.319677134987569
5.838720647183339
15.973872447450596
9.653538149149666
-7.563220272857718
2.394799415362276
12.556494590498485
6.117961535940102
11.426176519193435
7.160511572482008
