7.989599632461579
8.865137608031215
8.180565765102262
9.412031918617794
1.71562466342621
9.220769498653663
1.5996586089202318
-0.4881080450550872
1.2630757579267864
7.670728531493747
3.377855783610276
11.068746674957481
11.975468426216505
9.453593489909933
9.21363654461739
2.8069130477809017
3.6737715408282634
3.6700869356957497
-0.6753209471215778
15.026857472938369
2.40794929161384
1.183373954161962
8.518527472418803
11.52389390353161
7.9474262431907885
3.9986684476935435
4.0650056730569055
5.829482264560348
7.0006409462515595
0.7218532747051731
4.535968780545187
8.179547682047822
4.9239358044132855
9.751185170708155
5.445967120029386
9.816269011919765
14.906161301742577
10.267307980150738
5.452963399687796
4.299699813991449
5.30412804717853
7.47518725359325
4.406858934066439
9.443390166364807
8.840128021519629
8.277045785676702
4.317199241916601
12.911940803865322
8.910204429555748
-0.6378708397800441
3.023946106409996
2.4612007093127617
4.593181240466338
1.90577144409545
6.500804513883835
6.974446667723889
7.240184868678211
10.053241761696231
-0.6963237309260952
9.104564146846126
5.0158278598132
4.085786919721117
0.9791305742079253
11.758663018090186
7.659858565174156
15.411230293374691
1.8287163298138154
6.451251749256182
5.595595642687147
-1.642599026440248
0.1523873689133417
-3.149244795582245
4.30602901459511
2.8765853730883277
7.274180568817736
4.551561699353835
6.818739145020016
10.179782883331923
5.362321458056665
4.459532220308137
1.8016880344599415
6.213059437381748
10.606292939678681
3.855137288524213
-5.277443873047794
3.255124518232854
7.728049313432179
5.301085231022691
10.388441894808226
3.7376935231147845
1.2215944743235476
8.623923472846252
5.482960022043586
3.2812347609103982
1.2478793344473673
6.529064616791866
8.466005095694294
2.5554539035800423
4.114192321273533
7.506479045752892
6.136197723494417
7.10881519052107
7.043467527312567
-0.743917490875563
8.22044062459587
7.518316817223411
-1.9936819912266586
11.715745209609633
4.566279863014586
6.575513745105337
-3.122691689251562
1.5047916253528602
13.569783612029632
8.856749884030833
6.254411523235248
5.584815560459224
8.704155220476814
2.8897458825653204
0.4632908862547165
2.5853196723254355
2.7258084341171154
6.291379728644873
9.283102461107063
-1.7335531844511047
2.1124404037995363
1.7374182645277698
5.08504909075038
6.615600278628221
5.973514184732238
10.878196376649793
11.45883675209055
-4.317247179360835
10.492925936944214
3.476799876932925
6.378888784027966
5.579046824666065
4.571780930692208
6.862989575679631
3.7355431528296332
15.999573450516277
14.713407688158371
3.185581055170306
16.1650490767632
5.27311080822891
13.114819005243943
4.476917208343542
12.53525329642764
3.586856934126403
-1.3656185048498903
6.136296668684567
2.59080667740745
7.154782177049615
9.473308472053333
-0.21758818937714874
3.1615952590981413
6.452164765571429
5.979492490322814
6.759840799610181
6.832709941779033
6.609536034391085
3.107925082848257
-1.4939295670618638
-1.254083625722349
11.024887389121202
6.504259798180566
2.3529124521790568
10.235006117703861
-3.2416871214006946
5.033985248603839
8.920497603879198
8.476234994813522
-2.7546877021584795
7.411816101489737
8.376059421476956
5.806772664911817
1.6589292244764136
10.603527385589878
5.4663776011112315
-4.009842639831781
4.175925486548492
5.528818818147244
2.1025414152972215
-0.784570791377373
2.6444849832040305
2.6062739941779154
8.522816131047415
-5.677071690526207
12.036938581504135
8.263250061726335
1.7028777781238738
8.78005090132815
1.5948603935099266
3.5061726549396184
13.492751681600813
6.277568002669624
3.523512789813236
3.6845415175409633
-3.3122290476987093
7.198135794347352
-0.6086604025331868
20.030622962078887
1.75866693977156
5.555730765626078
9.316163061273151
2.7546989500579495
0.8004256612991529
-0.5498157297615531
8.572315422122049
11.069380369297118
4.53179503584078
0.20929092313762165
10.779503675211664
-1.0044877861969708
5.723398142298301
8.812680378190672
5.468348528646798
-2.0335634212917872
4.439329113363288
3.0815679623225423
17.33341654064793
1.5649864859401874
1.2531227733321675
12.77336148443066
6.417056783449189
4.336390112569738
5.026810059779437
-0.5887697195300419
7.686112063475946
6.299271310639668
7.54582679713614
6.494408370599591
-1.408830924185624
2.1571379220767737
3.7827796545582304
1.034293672773102
3.8334946950399025
6.549844620499375
4.340058270797768
5.0614653322172485
2.197216649960022
4.104303988823793
0.49520557713364255
1.2106730283452256
10.27871375014401
8.32298776697201
6.456137309151495
7.108599142655014
9.70622578160199
-10.83812772434445
2.608465498215837
12.265012291441487
3.3851529672584544
3.323140448993957
15.616362944460382
4.149040743486161
3.300422143613091
-2.1905409564629643
8.5518574745168
5.900812002947983
1.0902654344222054
3.8550082952782665
-3.3442154036055127
11.2034689062828
9.166451487189505
-3.956289376152517
4.371577977463474
20.239498470735715
14.36508572662722
2.8977855241222477
2.36534704274242
4.944218351603768
2.2565055262905287
8.375443267275266
6.736877361652905
11.050506659105263
-2.759946317160394
5.926921775371336
5.554244875720598
-1.9237438698997957
1.4684727991715882
-2.5241976513405335
3.5240866300354066
15.692989173554153
1.046866891030239
-2.120761413226382
1.6781304352957545
-1.247271830598069
-0.3275095036583613
4.146547959847464
8.158451695888855
16.102299372838367
2.76127866889539
5.311560930506621
-0.5153024160614939
5.520324574380119
-1.4402052035309154
11.61610283768903
4.212266343383655
10.565599291781622
4.340361531448051
16.7767470718406
4.220758077163968
1.879612443067776
5.6057818785747555
11.958820843131562
5.332440625730582
9.770256101750675
12.789739534515098
-2.390216860113348
2.3111769444947954
-6.417983436098185
1.3712407182329853
0.5598245702587827
8.716967465435745
1.4635398954278127
5.725744277270127
18.45598004754219
0.82586892978326
0.39976863562388365
4.996918849177125
3.3500207236780843
-1.2088090909717408
7.259421758796414
-0.9378619182661048
-0.7143085448402546
6.8716035209051185
10.391464615804043
0.24497686591877876
0.8063760452281228
0.2871632739832508
13.179657772237466
7.591078916889451
7.73543260122022
9.000904738582589
1.2114998568369062
-2.16870236373466
4.810366956753701
11.063494521859687
4.895178851096929
9.97710986550403
12.602226281479567
6.590148265664126
6.175313241737657
-2.041869552992332
8.954394405915455
4.390759021699565
-5.3738226093663926
-1.620655260923673
6.222653544150948
3.518199927376548
13.810934955303726
3.7123779913244674
-0.7757969313245154
5.1768816730817
6.540251778005856
9.742605358930454
7.1807719918740585
10.516794817222785
3.7036740802162185
-5.785780284245288
1.9455650966758067
2.643287996679147
6.333336438082334
-3.389045557177403
7.5872683378208405
-3.4591145648423076
-1.7992920710228288
9.52950383086915
10.385405482790768
10.4035951699557
4.196337981014429
9.909031441365997
-2.610792660045213
4.922810637201296
8.24259562343786
5.529189764199235
5.544568748700124
0.36225589850124873
4.819078977808592
8.49552126909
7.4590469167867735
3.692842603370821
6.717528916449094
6.559594049782385
4.570411359478835
11.885951408712987
4.8733998368937375
-1.2473432567655802
6.0434910196829446
5.138792207462621
14.040346084341836
6.674904129341405
0.5212530599848737
13.37883485424735
-2.3492949710412443
7.895896818243914
-3.369405543851972
10.112917052802558
5.001191380712754
7.4012382396354095
8.898011233619782
5.245481390469059
6.46263577603822
8.735455241873163
4.739144074089747
4.006282747151569
8.716411532195917
11.956337009915774
13.313899743479755
15.941890261695116
9.015982186461875
8.612313824711809
8.072241623258574
-0.781866410274421
0.7151102157923219
3.3777819282575643
3.9866490270085957
-2.49251278300874
6.796154746654807
7.335566160325879
4.516661312804433
4.840628339633742
4.27776131335053
9.84740110539528
-0.028886123464963553
2.0094122474448604
0.21895751724904633
0.13494708367026398
4.549552590110139
5.029997447341282
1.3750960379820905
2.5032530573525227
12.722558651172411
4.954798647156264
8.17758001757744
8.668422219515003
7.215534985411051
6.113609283300157
7.711067588612244
9.488939906880605
9.75145913770871
4.518822953986631
10.596769397556454
1.795891429551687
8.78238269199095
-1.9076726142177618
1.9019095395421428
3.2750432394377866
-1.9548333041681145
12.767062376593332
7.813590468926659
11.342095749145525
2.2683040228912312
-2.60165513423088
8.694434678959631
2.3321328921260793
1.3927229481063774
9.338742597795793
-1.0605206099093314
9.116605232534376
1.9381045221522841
2.671863001381178
7.335211600520651
-0.0908558656000622
6.217985934395581
7.81635359503269
8.258371939844896
-2.5991816553949567
6.7708580064492345
-0.2716618925744143
8.551962945175449
-6.768344448801738
8.098561343901993
7.731328591175275
7.7260675058650365
0.4467545400250281
6.74399180641775
7.092081077048382
3.8971566975139424
2.5460847513667555
3.1676428461334405
-2.547263719437132
3.0069346950862337
0.39616367341965075
9.795501300784977
1.267185071511241
10.324852732806999
3.059620259386681
5.3621225742774765
9.67899616976035
7.8954269860018185
6.764428567534654
8.732962182898603
6.68447449351146
1.287070531649877
1.6588009828697636
3.9206388297251418
7.815244650344922
-0.6305201693730131
3.484855083519308
6.543290170150838
3.9883148802398884
4.804126990460707
2.496318374934033
8.93040213513972
5.540855154871322
2.5083966585201916
2.3294599151570257
1.0004119515448333
3.592114562957623
2.6845799009998914
7.85328907397349
8.051305118660983
2.8229490035450797
2.9403897728717148
0.013153215039502175
8.118358681871122
10.04681984354088
6.952678843802509
4.369021408141098
3.5194641122347834
-1.9230297186734857
-7.532199721718127
8.043841098114443
5.488967024456709
-2.2347708390350816
6.03792299477537
7.803276677007942
2.264286094171443
5.777833594124173
6.482296318518703
15.983269427418081
8.3040705067798
12.026295893178117
3.9495717997263022
5.402618409875604
6.517936552724457
2.213358141576641
7.76947306786547
8.493727319604757
-1.869033264449035
11.018631525325405
10.415502199100548
7.743807092807697
6.152429308794852
9.272357382503571
13.928145345158324
7.05468055790411
-0.5462244649438022
10.86759787746452
8.719280835038196
-6.936713962926605
2.407075279510761
-0.030589197983054817
1.6077428392395183
-3.0401478051606112
2.6947453623140074
-3.54209023708259
15.970638299249092
9.350915463955882
-0.0320726473077535
4.738810426784022
1.6972003816525958
-0.6599313629805881
7.7871542105527105
11.725906970671167
-5.492367086463695
8.868798936104538
-3.6380168518667464
4.400419101894168
4.510569563868862
9.062009485310185
11.194932522972497
-0.4070390232234171
0.8910710399843342
-3.5933898830795545
0.09780073308641413
1.698650222746942
7.696195595844793
3.7847957642104575
4.398479776033725
5.088596188161047
6.698849079370692
2.5925170717547945
10.940329674027666
8.682377041315357
1.7522611584490773
11.423719016461838
8.477881886619215
2.8257733221112287
9.721176274348323
12.909200425948079
-4.118050427620428
19.958147789713177
0.9781631322070843
4.267888872618534
9.170357020298916
9.401647256271312
4.244857064524524
1.6162422398125957
16.083563183790446
5.0400303640205335
-4.874380792375067
2.7251390698816285
2.575025754344841
7.458759116197326
4.394091236384
4.840044959301415
2.9166381376584294
-1.555673106450664
0.11217552758434035
-1.5336856058301214
-3.625608974959155
0.2557455567739213
3.0866711502748823
8.020130790986189
10.152353532371963
0.680442478620888
9.487377256517643
6.200192935628164
1.397160708712839
5.0411856306987115
8.648862269450733
8.214197452925871
14.318792015097587
5.276044514535682
4.2731579399115756
10.191213593007129
12.203904800976943
15.490898498170662
7.248203687973036
1.1881748056265335
3.363232917068207
7.871364523528424
4.453140513171666
4.713566884188966
9.03518079446292
4.558816762687227
2.5627608955461767
-1.520225235351651
-3.6822123060016363
6.300441698595081
4.409941289383023
14.1781996712547
7.04726470258241
4.785106574929345
2.132035208914844
11.174578478775391
4.560141578130786
5.7855889575313295
3.5275743697301243
0.723037442976727
5.812263159227577
1.4340035451367967
4.663425136263649
10.09858992123289
0.46085970940537013
11.200232069872548
10.049514997888592
-1.5467464415957997
3.7591578129596726
5.989883538605982
7.86276944341253
5.609680201796123
5.248219478402523
10.692591512207397
3.8696408697722116
12.210378601436549
9.000869170625892
5.193828517485834
9.08485763199875
6.128175545497324
11.282478681727614
6.922018272719409
8.102550737090453
8.098651773148337
1.7369863222944346
8.983842191759033
7.234641684358987
-3.7242818453083775
-0.6272210800288622
3.709842649962875
5.365865262006899
7.894169426314145
-0.22014174346185023
-3.500519842348183
0.42077899489761883
-0.9671398023861828
-0.3420234999251268
3.5291624316672277
6.029958319667318
8.720171342579249
-2.239845667285765
5.229106680884351
8.4825321613843
4.5703174843384
3.7158495839393466
5.238921484712497
-0.9935659313976561
6.3547495109677765
-6.1273512925141205
11.345322182186344
-5.7214086433372415
6.149119796303415
-1.410596919420117
7.137131985569693
1.7978334016185542
10.825422300717992
1.8977039698355418
7.066552867867905
0.7351776289438359
14.158969917872357
4.261832575463121
6.345841693169238
11.48862067568274
-3.8605572902677086
4.482958249935483
9.854182544490824
6.814682752326207
6.222395308560307
8.815936721257541
3.4477767170185394
13.285103042441127
8.624077129463508
6.511653324767772
4.281260366054235
-2.9119520640967007
-2.192191133267042
7.617980728623646
0.10483590386341746
7.508741342592131
8.791550949105524
-2.8124752574965397
8.964500570105892
3.628117532761822
10.143990522563223
5.608979392402411
5.721515455539595
3.3417467253226834
0.12230277768263242
3.0173130384943057
-4.747292129598627
0.12025871329213178
5.132116479736252
5.116152984053327
-3.550199119855285
-7.479864202658405
-3.444974771314893
5.031411498935495
8.387442581462345
-0.6893034114812329
-0.08626057429922351
2.052948411106809
7.808315280504315
10.406072280789378
4.73435866670237
11.86262572576138
3.1386820976010137
6.686680121596681
7.288807212670993
14.624551533727058
1.3509578996818483
3.0765323858558404
-0.07049521531924885
7.073875265966363
10.027449271684578
12.121841426465092
5.731019176649344
-2.003046768658826
-0.1159574847158531
8.138973640228771
8.138571594976948
10.26505478430387
0.5850735379722756
9.692590119683203
3.138591428069048
1.3088797738046503
0.575055202660903
10.40942357726239
4.82510797595953
0.6634752257064771
11.036558015153084
2.252895941070351
2.0243291128964356
11.163376241287331
3.782657453556981
5.638312878798398
-1.4148656431931297
3.0379527278868776
5.310887810243591
1.1885319093493951
6.281019318388328
4.785003085158824
15.477500229035373
4.178834441584493
4.0149578994368715
3.9551085281957303
11.604268819697275
1.2798199658468357
11.862757026449998
-3.157852685253049
7.273415858281751
2.6385946387057273
11.068081735865356
6.310126771734883
11.867410965167817
10.49331561434709
8.181777303883152
2.2717266758327566
8.075598433637921
11.354073307615401
6.676454144923069
9.969597311873441
3.0570090320138945
-3.087073523045958
8.59612243028062
-1.6007890737014359
5.533011348684325
8.658370965144265
4.450807074141973
1.8401982076577283
-2.4088113674241427
4.075037691836826
2.879355029331588
11.705705584339093
3.0089651511766107
1.264945879674475
6.915173579965147
-4.704196041716779
-6.721710107274017
2.734382916977907
1.4406890165510342
2.0971516074811007
5.255998549434337
20.199854782689563
5.672997869908185
5.063968571368428
7.143369221801662
11.890211877379764
4.418055182782842
9.98327527368628
5.688398313352754
5.088128424422052
2.121954821508641
0.11124670113912671
1.3882618383893943
4.104511092451492
6.523540099340114
8.39054708890076
2.7886632728338894
5.9363680007552855
0.49113132028666984
6.248024278960517
6.862232428506522
-3.3566189865043228
4.434614203343127
10.7033773499742
11.380648878364074
0.4795858362248495
7.6688864702623025
10.15608156631807
-0.6766792568436815
-1.0148038428446018
9.047233220924726
6.466480779062579
1.1485413427746114
2.355194696989308
14.351906562837618
2.8303810030767407
1.16401244811593
7.43867141834234
6.451357219485705
5.23907356381014
-9.167224520136724
3.596114010830732
12.034331786670558
3.9090682641184116
6.829694222980589
2.116541656801053
8.902494318245854
6.625041837856466
12.065098111833096
11.032249126579826
3.1637528453753334
1.52605461672238
10.550157103898101
7.4787589467033
1.1242653124998299
5.083338557133764
11.201832992007192
-0.1637219592967818
9.58737868809441
0.001048280177474048
6.003905866709379
9.037776943164356
5.081251325935816
6.957118383254333
5.121186075944464
4.314945586969779
2.5718553800797577
5.405485208195423
5.088020512499976
17.139994706916838
-0.31692044088167837
5.018010284044339
4.924160711566244
4.457691498458085
3.8021096509388004
5.353329419703895
1.133707970473019
7.737101908763141
-3.7671480674192397
11.572703281708126
1.5116349047668547
8.706712539959693
6.13736126696103
5.768927613815085
12.385034943190057
3.691154026045901
3.7385964201000155
-2.991241656149347
3.7327478428861216
11.133583162489185
2.684920438291014
9.08251803619995
9.321920564102005
17.251782823550723
5.603326273856349
5.551643045624267
3.3098668727399527
9.473478196333463
1.958883255018994
9.424765698529683
17.17704125638167
8.791200565657693
5.939523638908869
8.440723694416803
10.551982772573194
-3.8012455950329045
2.2283817640155457
-2.1275783943297224
-1.523929684275413
8.886936800225904
9.483603605996178
6.891283413857227
1.0564387487050642
9.047317682845168
5.529585709378564
2.1397281883017882
5.065505853767066
12.828894305315307
9.463134491141552
1.827125716581813
5.180263270292685
5.811692324785522
6.243845826588746
8.956508232147272
3.906216759911356
-5.645615708483632
14.48364139448321
-3.637512664891058
6.007546727011564
3.0574645601591075
1.574333722441755
3.8608749520837193
11.244104038594713
3.8886903435818465
9.30907171681215
-0.2402768735224594
7.89844831177369
1.9658350172551824
4.70656354809645
13.703178525305814
16.0554161368332
3.53917188589603
9.288304257934907
-1.2323017105409164
0.6756974894768986
4.102420408120051
4.583006714975045
1.0132504975369558
0.8172540643409585
9.778863468459047
4.775269364637319
9.68376324141069
-0.23528306734088833
12.380815125508985
2.6333748200335303
0.9867994977795096
1.7259585272356854
-1.7345705732376082
6.818614634810904
2.032852391763786
21.40849732000011
6.858160977325393
7.69751736638325
8.153324404792338
4.840945490594719
10.994416040525074
4.448009127229927
