5.9612985438619885
13.620180443532515
13.40780403161584
13.43770478921565
4.346058480602759
4.6523050518446745
1.7413719989222143
-1.3832722196449794
3.7622543888655864
-1.4485383310633821
15.337411642270466
10.231956767076985
8.287762265266432
0.027245425752285612
-5.15136865052183
5.37620296143219
8.870566011844323
5.370182516383081
6.270943040681414
10.201651273842465
8.101945692299203
11.15912653960621
7.323782562840998
6.863041117233855
3.4134903650983417
13.208107734153744
-8.840172804094689
-7.299467707699947
3.628630484204087
8.337859679915312
6.199711996558163
2.93886214474141
-2.410320770970161
3.8070097002169234
4.4136959301743826
2.3747598197341504
14.710074158737038
7.850265747086894
3.2506133229419234
3.604199006708169
5.1945192456293015
5.779956392859624
9.20494064673937
2.214507813385476
-3.385698853323092
11.426156166830548
9.577847598082473
10.552890873578871
7.1325606313515895
5.221020456749858
12.210960515673563
-5.334059834931475
9.016228389307088
3.159738882725995
11.195205719428877
9.191007631966139
9.330813416855976
1.2133804058407316
5.695138946338799
8.66748081051102
-3.9796946498502113
3.8617493884913716
5.099216119740451
-2.653766828764738
19.11869662414994
-1.9968468043562746
-0.4917195920950421
3.9548393605243177
12.380605485870731
0.636174634566121
14.005286086493923
3.7054682485736046
-12.748970237703134
10.486071818630215
5.51007729836472
2.4086909956505815
4.215988121552681
5.000202897146986
7.333988530332089
6.94632897884936
1.8979713983446391
5.302593799027965
3.8017475506642686
8.37053430631409
12.580315330065488
7.2394982495794595
0.795435092887173
2.1778495133232534
-4.159298295300253
13.740270575117947
12.90522739469734
8.256269236706116
5.9001432842900225
4.6174547468831095
12.493464427953823
3.8556529324127724
7.922799756296742
14.707758241126966
9.528578337297105
-4.061533980418053
-0.24143413088608146
4.9822564307606205
8.038052878737012
12.201894301516187
5.28770061939992
9.06985524593961
4.193887618780322
8.07251557378953
6.38840512857755
3.6740477794695847
12.206891956088633
13.98263712935198
2.089680307181295
9.251289566228397
4.587968810740923
4.039468054858693
8.979061958553102
-5.345087415669827
3.4646975264475497
3.347560437976997
14.158896000177261
9.173244125337273
15.665394699590053
10.777005655171159
2.1164895294072292
7.576312328965303
16.548170541458195
11.871221062111402
0.9988892869890122
11.540665986146095
-2.596462861272176
1.7153283403177175
10.476529849848463
3.7185804386463803
0.2984833553531603
5.587052597547902
11.77004255589535
-1.839054141417571
-0.5533028262812172
13.568389130665121
6.1067514113248995
1.6359550287520666
24.251362955813235
-1.501730976185712
-3.5992425261755336
3.097810549151244
15.013504045941412
3.2985661386068865
12.213331352365374
-1.5951105137657118
9.563460430205911
3.609722134059603
-1.115899476085005
5.680993548748482
-5.43005794761811
9.702874063256019
13.098262023933248
6.969278234558277
9.353462238231712
2.454022707436119
1.6538413238333218
4.8726502415353785
12.145565273311046
9.701874561740231
11.856033712335424
2.5503037798616006
-4.249505108782326
10.084607969956469
15.512409934007401
5.256295128987237
-1.0338688471511164
17.050896209281277
3.4709040198341308
2.635842684401552
10.432873251364061
13.176569021324408
7.234821975904827
3.6411739885539576
3.4185581855715803
6.614304083433359
3.079206146913342
-1.6979829325338471
13.821237488156967
8.355653310126208
14.21645119838116
4.369909557887468
5.9192435471244815
12.861274014546021
12.676666283426862
-4.557006847536313
0.07559971767738638
7.278895472419027
4.196725292699422
6.374805420111821
8.35589903356583
9.7454890403935
10.495779155699275
-0.1195708331283667
-5.527889643846255
-5.890753545250739
11.741590724363567
11.478059941861472
18.266550079618728
4.460320339894134
12.108773345979625
0.2241902105518241
2.2078691498607896
0.7103288050949885
7.46783632190128
10.55281111570606
8.752501189891966
-2.059873936914469
4.264424150259102
1.6815049587185982
10.186233520878211
17.28161097000295
0.9906730627671552
-1.067523654197501
5.618782028868774
-2.5547516641762194
9.722404750151961
-0.4171510145250936
7.382557033867534
0.596584159912898
6.455928467215891
5.864669475797544
1.775235031974062
6.901907502243956
3.6025305355883535
3.951564386678886
9.39623606282843
22.499684820260903
3.62420574255886
-1.879364469399226
7.044239656473487
11.219487109898868
8.303555432884197
8.901331942182827
1.898119232048729
4.657478108555814
12.684089669298015
6.341516110134832
15.97018612382105
11.119073279626182
3.500127205827235
10.585794383904442
13.792087342331694
3.7550766154624515
6.735440296741467
13.758346612630532
8.41669949589559
6.281158033583528
15.924538989644192
9.337164005998673
3.742439711335814
15.798516395679233
4.1228922653127205
2.106607311388482
2.0411542968975405
4.730453530369001
2.704926608344309
12.423663453966252
-0.48667763914606255
5.600927864216672
1.7617039949052309
14.32273141499918
10.75583234065975
1.7070212246166827
-13.88024109038546
12.998652267383651
14.531711779325983
6.599142186130091
-4.68713904882031
11.468101932534019
-3.7920875140242867
3.774902508573208
6.421281193695982
6.6545804990127015
5.0577514726124
5.075183813673076
18.0278061669862
3.8802154249336276
0.5596723479649404
-1.8757606941504399
-3.5734632016516326
6.0944285908307885
5.0486231201715475
5.942478290776966
5.772819073191081
-12.080961039786498
1.3267748835230533
-0.1820193244505619
-0.8483943498887365
2.4801998904664386
3.0340209056541445
2.51709434864597
6.86971929211332
5.533984261573396
8.888299878617069
4.507737647700186
1.6028322049574246
3.994721623863306
1.1250071344022121
6.52846031029987
8.532671726558394
4.8557745484050905
-0.20376704149179847
10.569730630460654
12.035553971445738
12.033787871052354
18.405393657119838
12.375415939070356
4.980609477244548
6.283335864407267
12.832882824003491
7.794371684093628
22.371168158603904
-7.219289426936651
3.305264714490859
1.1295972652882496
11.362935389964502
8.003083877876662
4.4375419752373055
9.870222994364543
18.60679046628462
14.037868225493854
2.503420798059
-4.950704808787943
7.020529095389753
2.996761304889346
9.506794507812696
9.677551271165164
20.064782965689353
1.553742071676699
5.11381057977302
10.358668271780743
-0.908670014708898
5.954165769567068
11.101563093453041
-2.392306013940795
6.03851365595142
8.22750972337763
10.142023579767109
13.305149512476692
1.0193290473483119
5.0642063922601315
3.6674420440638356
1.2923547180933417
-1.2175593368364304
19.147599293833213
11.016564183778975
5.876646079394789
6.185058589145404
5.101629687859573
9.5441296081574
11.26998369881192
5.311633993750597
8.768912821458839
9.587247468809146
5.860094708812401
11.22357703780526
10.767201836906228
4.357237550768752
6.177464650220562
7.53741716339403
5.8399441362378655
5.3283898405986685
4.18429740266485
5.884401723001827
1.4115125846230026
1.8233775359122886
10.05233390729122
9.989477645912967
-0.5452326434537698
12.409536590045029
6.033737919080202
8.492495620162643
10.865442043727413
4.499312153599233
1.6488790420088453
-3.655236462544032
9.925652499607477
2.9492213608240845
3.5032666387234435
0.41371802376776756
12.170379637275609
15.363584347814077
18.06365645613714
-5.560883413934581
4.586912048289147
2.3788067780432045
9.883178714789
-8.537088296800805
6.089285203322741
4.82341380139044
8.741791909226059
6.470331536748904
9.344236374014631
13.449977288598024
6.166503359856223
6.452829370599795
3.636210273006151
15.991588197209712
2.5827590809130863
1.6412480741340687
-5.07648498577651
19.249306550787427
15.10332778950638
2.5638690798997366
1.0343644788246857
7.957954112165109
11.098361889622346
4.855413099035744
12.822555176452694
7.085338251193437
8.981324428454785
17.478461065160122
0.6669469777213317
11.120794693834602
12.851046580306466
-1.6238573734743547
8.191360897869107
2.8020105677806026
15.083564162774953
5.225710406584006
-2.400426474439554
9.490919321094292
-3.0991129260594814
14.436392028238123
13.400566401547927
4.678965045940215
-8.08026443525289
17.80380613295719
0.10468640554294684
5.102132347279013
17.188048796575565
4.266231608841337
17.09070084391291
2.944156717255164
5.488622102853152
6.768180081921297
-1.5319482588722861
14.256605425432959
5.68211999344288
1.0943422947806676
4.879276002413019
-3.3280234006012464
17.375152578270345
4.606065675421355
9.161241318521345
0.8887763360143976
18.054559081668287
12.774841365019089
7.431164478434012
13.207187475353468
5.549637591808756
8.775928077549626
7.771236326157896
8.731113992217413
3.1206851408756755
10.909309096143593
4.670561965701927
15.125442247280214
17.337481065370184
1.785003532236316
4.146036302099134
11.259683498413498
6.487362873268818
-3.351913470253873
6.182709646872057
6.209452089926256
11.100880485735102
13.652630758043074
6.967012711283502
-12.314409499371571
3.8548579716598965
10.129230566028163
5.13427144538974
6.654818619864995
6.823295967150246
6.733675493284081
14.255467389919056
2.823410369249406
6.6115188824644795
11.77172032158188
7.733940313125661
5.965968473365079
5.955795201375953
10.33478093476198
3.8302106400725733
-4.604313308540782
-0.8596155839802293
4.444808111747736
6.653054287002776
0.40432554340931937
3.4127034568219963
13.295238546135417
7.634524886759795
9.137616951948676
2.1505452157230707
8.302971750792821
16.62126136701615
-5.492702094539569
4.5018730363824835
4.067138166712903
9.31971488609809
10.4414970414805
-6.572883428856899
2.178427472046706
2.7558975077705408
9.25574505156054
-1.375722442125558
11.405413357661029
8.131646985208942
8.981935687186246
7.527632367395179
8.171411988455237
4.995714589803841
0.9235545734246147
17.615350564014005
-5.368799176058911
8.060698853682112
-2.510729515683062
3.3908080627617254
7.4628039750326245
4.328644247904192
1.2463558441097504
9.487847457207517
1.1206941581759065
12.175886252074267
4.531672183118243
8.276932622448065
9.71091867704827
5.4108500587463855
5.938824538993815
1.3865336803500883
2.571213614618008
6.229275715884939
12.70004651659394
2.688810273830047
15.638443512801667
8.916055046136595
5.665240882320997
7.864565411151755
0.007172650450029572
10.279015864613156
-0.3006031481656297
5.193084272168538
-1.0773608957775522
4.802700424448762
6.937049229680554
8.293986931741438
7.113199223455357
2.5568802269590853
23.961572802062477
0.45512763266719336
8.77734423332343
20.31310095092838
5.1490288316190345
-2.7875130709310696
3.827266416188031
0.9551147097743788
10.090273132355938
5.323776772017642
4.419989411972581
12.579365175756926
13.749984875938368
4.40049268065592
-0.236806231704219
13.356822898902848
8.978270184154017
-0.8625184113427453
4.226373524893191
13.007316059942156
8.567351688295826
5.705065523636144
10.956613180400012
6.204767654883393
6.776633323120349
5.100172824279443
0.8677785854034417
16.366880992258224
7.291803546973423
20.522624101338522
3.30609592624286
6.882846533228101
8.833114597749788
1.0712153788684233
10.80110335941752
13.998311021793594
10.519881432177169
5.1690853383162345
0.4091914626008757
13.147656710548965
7.645485150228948
4.008384921874597
3.0646962916055145
-2.4382069903944643
9.77903243082353
-1.5288818692209016
3.9767120078553964
8.801503696313386
15.84150058145343
8.737625454194355
-5.888023230682277
4.076289237361949
2.3580851473490307
9.873005173714144
1.9962561826044336
5.493703514796784
13.209828206785595
14.586558342181615
-4.30733715561958
4.755187910773817
11.637243221582242
7.498066109620005
12.674911568420558
2.2553464011406614
5.66374333662325
0.8160759513533362
9.701846063357545
0.012962560631782694
13.270196595708057
-1.0226872061759362
9.727744030766893
12.856117770377363
0.3891441044541235
6.427703808356694
13.121728043137683
-2.241569917947837
5.662177184944122
8.184129757233578
0.7136916752807139
4.686739347220887
1.206798490408068
0.6397502642577209
2.7272911704338445
11.27214944740378
7.716922050843876
4.474993769498772
17.661683305774606
7.153943863577752
6.811791515795114
19.988871589304303
-0.12967170636017666
17.16581087482266
12.183774256943579
17.009006662535327
10.942039709546439
9.54449570903924
10.58026691565777
-1.1447614380008186
-0.5359478975427505
8.005736919197442
11.1389142321161
11.468874045967631
5.643898700350568
-0.7344715114779445
10.574220393145637
8.9178163721661
9.84933830753966
7.467562766972225
-4.238584264941315
6.213970506478624
10.639551811325106
0.21229136107052682
6.942039212452469
1.013768285549384
12.33338108263593
0.7087034848905001
4.690986469687238
8.324395549193905
0.29977308895991417
17.575193781223714
7.963503998280915
6.8417144285049325
0.9128203334128324
11.90655773089432
11.881445828349662
11.084105041150082
20.073985719881353
8.61787102239069
3.6718428480512633
4.033281918927765
-3.983139200507253
4.571501037875147
-0.08433398027823635
-0.07055923321778845
-2.030979109224649
11.403450218926501
0.9308734378149053
8.302843778154273
-1.611335679957806
9.468431848230606
7.835891697751793
7.293239590145667
9.213296449227329
8.711774806055942
8.598141355472016
15.697448271136018
7.654037459204697
7.416677640234963
6.855382742348671
3.414710712802106
5.111409154166858
4.53411697054981
-5.059961302164723
-1.4078218146829355
15.386960700177351
7.379919318765433
3.8268621941668886
-3.105392061831653
-0.031199096513375046
3.1995075950448295
11.66052044254134
18.006809319606262
10.122695378219703
14.072538282817199
4.84277864624456
-8.523491709331644
4.063398703395549
4.9220575021091335
3.5684373663763083
12.542974554277551
4.555547383810826
-3.950862006761808
3.7953690990565443
2.9376932591068936
1.322134836598746
2.7502090084248088
-4.8435480870961936
3.3115464063219426
4.054362155169145
11.81425531979098
8.910270748723395
10.464607986645738
-0.28754957952073035
2.855597332610969
10.1856915953522
6.6821899544159775
8.660744103610867
12.601070013891405
1.8727423250938484
9.996495037013549
-1.9111470449478603
7.749351657103989
10.037513209772568
11.187338640379284
9.145638546547303
8.241710207821452
7.96881025175688
2.4800276731657496
9.229177978437898
6.275710523886715
9.469121036207817
14.535101904730187
9.716445132417165
4.9466336445983
4.04459861167185
9.613845058282486
-1.74510382295591
2.091032702762685
9.907672669012209
4.635417449358197
10.398038020404037
8.158860595632177
15.14789044704686
3.8606503776307823
7.325796998080741
11.878296538933991
4.699247057248622
5.015299603211103
18.0918724752217
3.3432323196437608
8.664474293696827
8.26868862580302
16.159783031384272
12.246814472374403
4.354086721731497
2.5342895782933508
4.8939700570663005
14.754461982290184
7.564881073010557
-1.6412141801041003
6.3493896290274785
-2.2218258635961803
5.351773969631378
-1.6934464249842192
0.3010543769550207
0.6201806977157407
0.5190886275460107
-0.28023354519428256
2.1879921046607844
7.348015366869869
6.108416368842781
12.831709861334012
6.316949117725835
4.088884182647165
-2.665214873295314
9.413608495857012
10.74800898087663
7.612687520832288
2.8771081538826735
-3.258991309759674
2.477090707929009
11.634203347839854
7.3334701866971175
9.656627213873318
6.169638883563884
12.271016174107663
0.6859850268534693
24.063454623572127
-2.7488534555944035
7.40634071958098
7.103253960502887
-0.9368261419300916
5.974868667872988
6.620316993368892
16.516894482529615
8.01062140705596
1.7754651835505681
6.177295569868006
1.3268108070570923
-3.8692060586153705
12.774789037245455
5.7589459940791965
7.180025958019952
2.2479050824253295
15.414849671177414
-0.4379165350093759
8.57992867064169
-6.642727037429536
-4.100182064449417
6.126914667492746
8.177532915123724
0.014253516877399619
8.60617606323964
7.800593005479343
-10.739528689025029
8.919925907786011
8.553836455111012
-1.8872380047768136
7.434531288644324
7.401687729968575
1.6863805105788368
5.209894504361008
11.065482681867504
0.6715244377479639
3.3353565421392455
14.879116205648044
-0.04720626797920868
4.135443380609351
17.216927310408128
-5.43137211441813
-0.4017431963496776
3.6563679402770832
14.532653381573192
2.8917495795554577
14.433195582359788
7.3360608882873315
9.13036003573616
4.092920341895402
13.895000169214349
16.24932197923241
4.256046113112937
7.8921460533093715
12.932138885554949
0.4396957783173878
9.233077744777393
0.718284872464424
2.5427994880871685
12.748244156698089
10.624131745420494
2.7592353035714705
5.561969463452306
6.561752447147919
8.512757774261736
5.833587155581683
1.8102578199104729
5.041377064701756
-2.379128483359942
-6.637164407674197
13.255187725588957
7.399793431837779
9.164368778388393
9.974989045695283
-8.398920918803455
5.3644914370650545
-0.977213041610062
0.4258025598692381
8.980183862200423
3.1174211743851497
5.367182631614767
8.591133411651668
18.979184489356633
7.523868697803005
-0.8156956046782486
4.021482837751821
5.67109323135536
9.213778713934277
-0.7584011247195983
1.9011010114151592
10.817332571303503
0.15394176023913975
-11.137504445842616
5.0351534007847585
4.326921491332991
0.2195011439964114
9.427364161407088
-1.343878456058735
2.618166755266385
-0.41110277110224924
16.71481105416352
3.51162079881042
6.537211219659862
6.334697001539373
4.548000760149914
8.848375778843351
-0.3646585379244147
0.5701840307053123
4.061570917517055
-2.8825699985770026
3.6439617413298606
-1.870907961956064
6.457294100762184
5.119144791699631
9.444568359216605
9.73926566301336
-2.5106629831194365
-1.8950427146475217
8.108044241478156
11.434019309825278
5.047353009480474
4.698560288650846
6.432314024439502
9.435643329126883
12.228992586020308
11.520061613621465
4.749222212027317
5.263828443274563
0.934534732540838
6.472799349508988
-2.3247763839567526
7.523959654846316
-1.4938265625109377
-2.6851821427782543
8.517852419124496
9.478914394047168
5.380348532295289
15.240262671791445
1.174320902999316
13.127080937586797
6.5482653461206946
8.707726797014201
8.842798996568021
9.755434523774685
12.928203058996935
-5.86584545086585
-4.800721673145016
-0.1077604435282673
14.186285950444436
6.622744972585811
6.434246126028329
7.621810486263416
10.9459868061098
-3.0313302479363244
8.35574366587335
2.789755892870595
12.142034247392825
10.725412768677261
9.539631106204363
5.3992377923427
2.7731634920885195
2.4659965291432786
2.6586855211252565
11.380298296721746
13.430106638014024
7.258482063808733
7.190520599935509
7.669333704741376
11.792379008942405
-5.17837385391563
22.114971803916177
7.989344610726342
10.80264045910128
14.600385422617896
6.194730802913704
1.2953056859782208
15.943440976218016
7.102705743081025
4.229890135769955
-2.9130582170256734
5.3001946214690925
-4.727257462509156
13.582688323817983
12.542203936745047
1.1760382858915976
-1.1564363882043383
13.681474240124924
7.845496112636831
