10.11476705229667
6.133974496746786
2.762685939826504
-3.8820982981362953
-0.45964638019998727
-5.92717472497336
9.180264610639249
2.5213658425829193
-2.388409211485902
15.101475176819108
14.52608641976278
6.914554354785399
5.441390585836612
8.857329115629721
9.002635872363335
9.46273888953726
1.1948351739236465
6.660530583225996
5.264299548437105
16.286235681162047
2.4031448870081538
8.228422164862344
11.236283476333671
6.115205156604794
6.955293399500951
8.74927893053308
3.0424637427622003
7.0901432202525925
-2.8858605343572794
10.629344168016429
5.061439213724279
9.278106868015588
-0.6078645096423481
9.205955691076797
3.1935417308073504
1.1691448215010443
9.309632808080497
6.2875212560437514
-0.29825448566528845
-2.4296865438327924
8.233594298845672
2.3921904186269525
1.6465063284704264
8.01933058965874
-4.25361254283764
6.062944185801179
12.379345362421898
9.561406834446617
2.7929260180929147
16.699695593523494
5.856952028917967
1.5520154642859145
12.516106509920622
1.4815258230203288
4.7132625981297505
-6.155964236822523
8.026096713062387
-0.48778456916119506
-9.75134878706641
11.41886416412931
4.688845696644378
4.726966428525487
12.561579415314807
1.9906553913477767
9.721569262949496
3.2795738362997393
-3.6987067527091213
7.2300094448294665
-4.531071762140485
-15.356286882568721
8.940941512910623
13.529426687405017
1.5735927079685332
10.036644506779286
14.53406600936934
-6.040642458695061
2.522385047410359
18.24999202364706
-1.5807320436190695
-3.423787869122245
-4.44706103083826
-0.8241328590035168
16.146848763656358
11.253370499454267
8.15097170657541
9.14270559103833
9.388052845042878
8.309261883518486
8.001608247612815
2.482079813740889
2.274821895378306
12.224760614375786
-1.586996100980965
5.735244584422906
9.739170261180107
4.620372406258068
-0.1872520457562059
3.3381131360735146
8.180759914555424
8.38537859817231
16.646327654950486
4.7363339699731455
11.3395054287012
-1.2817166269304838
-7.516705454661384
4.382110187221963
6.700438374065399
5.16943443600083
9.516951935723442
8.382619950458341
16.29004681131148
15.600810452401603
6.431201042117862
11.247290566360476
-7.742080909256554
1.745441496340371
3.9294381969998593
8.68794635358033
13.06860596106134
2.135554623810225
8.130666339833873
6.652980008913345
1.4826254136951817
9.743502324049842
1.8965158922577254
1.639156509468556
0.0824320756315613
8.76546705594084
8.790066654730916
2.746357423084775
12.170250903652605
4.128705779284464
10.318201850017516
12.370010217744385
4.421143020262959
10.096850102820998
8.94123619003106
-11.353973604649898
16.75346253930754
16.317093842503695
3.6213899185629432
12.259666914763411
6.58563508543621
0.11077770452978264
3.136983688303593
3.331410193821138
8.749210632195224
5.6596394007366255
-0.5818172174331693
15.774801774805656
-0.06323341983163022
5.384651957610109
9.030992762299993
11.65420628138653
4.937072707836845
-11.174362160873567
13.013161237891321
14.538055484033787
2.009549478064112
11.85541024123259
7.720817866053972
6.69312873715195
3.8888453252885737
7.93302673477224
6.8254191629644625
-1.145142739337972
7.200303195036808
1.493343668498393
7.722486115479128
6.454083182493443
3.261160938275882
10.639144242735345
1.5990738346531117
13.533542374309487
7.081410968817445
12.32869579635123
-2.6816307692810497
16.126916364483407
3.6796046790052284
11.221138867874078
13.92897200257017
8.659388121423156
12.134840899714565
11.111488634655489
5.4970861539542675
2.8190827905109277
-2.184792466891203
-5.499194149786808
-2.9304409904153665
2.0393288998740897
14.717509855883321
14.533246678125174
1.3630888317542844
8.920434437177423
9.735479662803652
-3.7137749933053676
2.884560364611782
2.63406253293439
3.44757341943323
14.566170176555811
-1.6912607388312857
11.331902729333482
2.13362965361201
17.070392673536432
7.773795040104319
9.063820786458548
0.8385417144854319
4.758496681166204
9.193816011485948
6.801693988276059
3.744009908300468
8.816358391718992
8.723804312247724
9.01324383570989
20.295984535360223
2.8684933721060797
11.140177115874085
4.434864209389382
7.762264172890514
6.68568752418736
5.060114941735126
8.801162387540582
-7.714992383772817
-0.9050800017962697
-2.6774715596679464
11.19044738969485
6.532427833875543
16.971666791212044
7.539113881198662
2.8970412001616976
3.9878524578058814
4.808437988172098
4.7299048132701
7.443751497605398
19.13624862288753
15.552462236620244
5.877423319134919
4.677499207374499
0.9261396816751288
4.956190328725836
15.859864654717018
7.906385596408993
2.4686548143957956
3.5286434445834622
6.018679709040233
14.612470697469925
1.5588598808942251
1.0203458672769443
13.73675993334247
2.094939907113773
11.376981238753526
10.53246486007847
6.626083996632359
21.11073163319226
3.2035426417417887
10.360836158210267
20.08316938336046
10.456180726143572
4.191967687268344
5.785646867764438
11.458657133008765
10.26040061155443
11.68379219455946
-4.603542290675131
12.446170693155217
7.622604625030053
7.481538084987805
2.276257182251681
8.337476112328826
8.569686854777519
3.047914023437409
-1.3931874033903364
11.625914608811318
0.9961121409029383
0.7312517450419227
11.083339087974343
20.583332873507036
-0.3922134455666786
13.146411932217376
13.017220485449577
2.657597700720757
-4.517736703069998
8.64280059980698
2.9384333972547387
4.968378598452131
1.8997570975721114
4.9529048584741
5.297646926820672
2.8869802402830604
2.1849882093207786
-5.696379532917019
5.134296412643314
-3.489334102366273
-2.3696618093796626
5.526409506663114
17.655099056948284
10.319480099256907
7.434483555153547
13.324834733019564
5.248473267296652
10.68312715984305
5.998261607256005
10.167291332353887
1.170161107259264
-1.4577025243492159
-3.1626902026168153
4.707691648130335
12.949629658847188
0.6299181630367414
5.574821342512105
4.248480177246766
12.677009295747581
-1.0191535680073143
11.801276573226808
11.471391941689522
1.5877591706223662
-7.31436041877129
11.140585224400112
4.348857441228403
12.349043411896885
0.5511784430157309
6.28975002528454
-2.3347481405667896
7.240557197480611
0.5692175109658297
12.981512017760537
15.603429335512294
-1.9786307680973723
10.138590152957908
12.937365852505266
10.768680029323423
17.01162113955771
10.115789350897732
1.6244670731930313
5.12147769106923
6.418819862843848
7.508038934259304
11.081525320497757
5.280007425198688
-6.930883857996422
-0.15857783162954142
-1.7363496404312109
2.6700136720503593
9.087870190950174
12.380645608319883
10.8619175526139
9.752648201966995
8.671551772943058
7.069164184682984
2.000773208372611
1.1491231128085753
9.695557432752544
8.25112639589189
-6.351831034157092
5.990969793305165
8.495018245752714
0.07733585893869499
4.959154208591871
12.120454745633298
-2.3813960545650783
2.2637803400269303
6.590827410085325
10.619831261198355
8.392399182903162
20.847474916977767
6.347623507089814
4.549415934997247
-8.024494385544656
4.125662249521703
5.977356268177875
9.028472033497778
5.109503361062357
9.543343165774889
0.6170062911820056
14.2732927371466
-2.120896642008381
1.3603911595552418
19.418138922575377
-5.881613710206894
4.086095030498056
-1.7466208917202382
-1.9649858877237678
1.469924104806184
-4.47765321003067
8.42407897176307
7.94266553115108
0.9674872057001958
-0.6193531416928426
3.4784440103952985
16.627144074536076
6.10218097684873
9.56439366316393
5.509482191489361
5.649016653043557
-7.4401390417499265
9.224012631801095
9.274118801929115
5.671135888100321
-3.9464340490947976
2.4467110436533375
5.606341331565482
1.4674853196574755
-3.485130110724832
2.4652636793469846
-0.6857235429055768
-11.921361648711482
10.227229588387893
5.215632405838267
11.340258621544487
1.4034270323928197
14.761753197028487
-0.5395679387644225
1.7832885884321685
3.3639415924565257
4.541803580935435
1.5571517998589792
9.547355958900015
10.272145635422785
6.7976887971327695
9.273233804991042
3.2722528611988557
8.119899561044132
4.310396455711661
4.424906683315923
10.337855729860593
2.4841086405838553
10.40905569378833
0.9158769118088443
3.708854072287607
-1.335374862569588
5.72181658495073
-0.11870808903892183
6.954638031231434
3.9448917332325077
0.6897872672082661
1.5299733100429505
10.569848174923395
0.7203275905004975
8.84919542922691
3.9718246067110257
11.639802623862039
7.231988260420846
6.784063100313299
1.9020726919039328
6.14975495304186
8.188622058679043
5.465287532475695
4.7263391096170615
14.726062069436855
11.24863932567602
9.714607219853523
8.280354409734759
2.6431490325568205
-3.674494160720741
3.7130851887569074
8.171412628422887
1.2479978535155958
5.350408108630121
2.341045064316976
3.2624312536394435
8.242939256157403
-3.2417969557858104
9.537395142552253
6.457572815917394
3.110059578919377
5.479377108626707
0.07221073593705274
17.585275760843174
5.591937797260946
4.578016820281401
12.732027984330458
17.41955362300493
-1.0856357883654644
16.79008580797022
4.240462727908041
9.015596010504694
7.064252902823073
-3.099306667752211
1.0766542036046491
2.8219198051040006
-8.60910770108385
7.697683200129582
0.5717259930662859
10.268873856972686
1.3446642411083545
2.8081219581575705
4.142418343911686
-8.297053074541484
6.474151943023986
7.273925630209336
13.789424751308804
8.418192974255149
5.457552877855824
5.44690922911382
-4.308945308603535
9.81295397603645
10.321268669872365
11.123427752949333
5.428650192367914
7.425481972299743
8.114498559202397
5.56656042075179
13.1605479942296
11.42991573933924
7.334619305474832
3.1458264485884597
12.537699414653282
4.671199171605084
4.181806541263642
11.53215349903406
2.6537370769386137
-6.527717224112127
4.214186610468829
-0.447449715788502
2.7833940657808527
14.788760677743975
0.851084723302912
10.203883834299088
11.872097604340054
2.0382567573233064
8.772786391928982
11.028294613263874
0.5392854773213909
11.845559526024573
4.438598770296239
15.482778063768587
-4.664715707666915
4.519419258340031
4.067568930483098
8.055013400348692
4.142990512431343
5.670405429031106
10.948633217015548
-0.5951307286328475
-1.3675468511047812
12.167410583989225
3.902087862471115
9.186665961335578
10.065810223153548
2.621032360068734
2.5612867813576505
4.403098652491023
9.09727699882889
8.88540354517602
1.2095084037203367
4.5427599242996
2.6712269404786717
10.164857232869672
1.993931073786423
-5.355643134565984
-2.6475338330909093
8.939010124457553
9.34114479475469
9.264773264520965
12.14083388325731
6.380165392272731
-1.2666157346708111
18.460758498233794
6.277031619847393
6.708747195572991
1.9295163991577473
6.660483194118895
1.1549785947795845
7.3044988878985775
5.646441373124844
4.806056195416655
17.725773229808176
-5.995151858139616
-0.27894221308625333
13.105658414824067
6.8006545208672
11.807533688920952
5.106224923780358
-1.903143610721039
-1.6553366900860844
7.9000300318882255
9.715561848941695
-2.1901866122282048
18.592323803500612
11.901344244595784
9.804005468496094
6.4383481701711185
6.050438956512205
8.659028118518595
13.15266497376097
16.049155062802257
2.7488470169528085
11.24872046758735
7.005369644235643
0.9348277694110481
12.506036802493735
7.472088110070422
0.7308632450872912
11.71014664637268
5.741346780119333
3.339956305852338
5.700401149737209
1.7603125980261618
11.78524025876407
5.631502452458546
4.038897411781019
1.3518477699907718
1.4654405219686906
4.307347676109208
8.157070011741723
0.11649391488277416
5.303123758867178
12.889307220737845
7.260527636523546
11.224861884561516
14.362052892030238
7.434506363183083
4.302457847507505
2.544027800966764
12.579078157322575
5.542877677977179
3.416632610077462
4.908530222934072
18.19858976888562
2.188015892490373
2.0460403192698657
7.262809100230342
4.01123325370842
8.202264383336228
3.997768538185891
12.843504643276791
8.650341311413065
2.562707618828146
9.64553263342786
1.795649338319656
-1.5020419982563844
8.903542607915035
5.622006279086468
8.478969249052266
0.027099262546887992
8.518700966198162
11.28811419366675
-4.148694644780683
-3.2400053538207523
13.029268601986159
-1.9724267361488979
-1.9956150485419375
7.443320105511699
6.722598957339084
5.344059544733392
6.542280311425557
11.314395640475864
6.5866970443363595
-1.750660821650185
3.5593886039726073
0.2301083984348864
-0.14861063466559798
1.8206860355682064
2.752122573950499
13.4544662504896
5.431565580130976
11.856735055317484
4.098849841126672
13.552204558523675
5.534980599193169
5.261938230327135
-3.2976937067487224
5.7104576977158645
7.807205311126366
2.315832691957099
0.7718223057353821
16.686028206146133
-7.119129285349359
8.662719796197667
5.0933126032683536
8.482281284079992
4.217589671235119
1.6748247090426078
11.659086680051825
-1.677997935429901
12.083091974798178
6.039884340696859
9.957421263153252
6.4460889252931475
9.516033029641886
9.412278848526359
3.3772535828930255
14.23709850761502
7.630618483661656
18.395413712728107
4.317627957832521
7.415734468535206
3.4363637737247603
6.241521863138443
3.466500884369562
-6.942124957761349
6.999510147507367
-8.99931221095937
-5.838331603548076
3.984793843503861
-1.9989869643882336
15.363833343722238
5.090001902625991
8.76058817566626
-3.362950491790013
6.417943487736732
8.91943043231303
3.9648539270333423
4.400160768466531
9.407116817569978
2.6997502840061878
10.444392737308718
13.913415872111202
6.3462351998647675
5.938424466216688
11.562893717818696
2.787621590715233
10.001855662772094
14.027775704839227
13.570697775632443
17.6461144009078
2.789840168789803
10.708498123754653
5.261294573299
7.4009887519594635
12.695471549542674
4.159377992401342
12.565611216240988
12.491579893662184
16.645192363306954
7.36183782557163
2.127056083648558
12.711519680172158
1.5566822981416646
6.5644280616019275
0.895866835685565
11.376933274144875
10.376008512992186
3.6265659582736425
3.170028047657569
7.382545128303734
23.776616550403432
4.627230072417467
3.459365718983753
4.921583905669659
9.80124253265142
5.681012393908735
5.787104238599409
9.025011372157039
6.1047356332482945
8.267519829639602
7.771740820367174
2.5183463857637025
10.47659017948269
-0.922597625826195
-5.123516911618134
9.9559612546422
10.19148338212986
4.2117898298753556
11.010335841341139
8.331378404405022
-1.985360642806258
-2.4709506080306625
5.359434967267882
1.1697058754282423
2.5050959152118346
6.780274518595073
2.144207948643907
-6.06104303374814
4.06281644469964
11.335714644670954
2.197908758511559
-2.327396597423535
11.873145658742034
11.801174638124227
-6.461040503942407
9.325852976917112
6.1501092493663805
0.47606107253788466
5.535145769488431
-1.066075960441256
1.4292034412511603
1.5385805488252533
13.224434436127112
4.4521600027439
2.433951237066528
5.9243534254849095
0.8554298625034109
10.36133134858391
16.913130729517942
11.416246360150236
6.536630162428868
11.885954956433277
3.4394238563548507
0.78322608462069
8.673476253602594
4.6965172672624265
-2.913949997480051
12.323269932233162
-3.488301571184195
-0.36148925595512704
3.2919108389275475
3.9919336071047193
10.394213294100446
-0.7573957199270964
7.366520829693442
3.411460565564824
5.186422022305073
2.7892220421924794
0.0698038820682001
15.792269652560783
14.985108689177393
-4.886717125517867
7.483726402087192
14.188988417878068
1.2471374591986244
1.7424186735145204
-7.557724377438291e-05
2.0566392948162497
6.573550634205392
-2.8854828173816376
10.069346650721451
2.257261438249765
7.188096298366821
5.706373384199924
8.081062749799463
5.528307343415147
16.900648105026555
5.514211827556573
9.385126638516384
1.8961770913435556
7.420997179824329
6.155972269935694
2.8250096789386894
-0.4898358081140115
4.297561366556279
4.831975308912189
18.685492019436317
2.938035792518495
4.233402960704644
4.027595617985847
-1.0292245092430923
5.712862936096789
13.705011419672394
5.061755484399214
4.944501630337324
15.856086676077812
-3.1574544122196535
8.908607346060817
5.450019225131625
7.497006606464028
9.37372437654217
3.7052976889911373
7.54791982867758
6.50344116206848
4.701787164059237
-0.31053737195018094
11.694433287284443
10.389541870574252
6.5043561505599135
11.043630009037747
6.662201831091444
11.846659168427802
4.1633138056029875
4.376873550934155
1.8263755880140247
12.923060520835207
14.906166121834596
10.383630979548148
15.505351522266732
0.40202160256547703
7.982630901427651
13.003954892164646
-7.063790473494953
2.477143223625048
9.247210370361273
15.515215509604962
4.325422105241262
8.984385780565699
3.681334231395551
-2.4087818258525235
4.807460064038004
11.73248609853497
7.225154898065331
11.096026276055039
0.6968879196335926
8.4451134481039
8.269714579373655
5.9567091458917805
13.58420687447176
21.836895608441235
8.978951168342627
5.773007521325748
14.299568585275022
-5.539356478446159
5.135285808610026
17.848295735784752
9.987254912921959
12.097774980296649
15.002800186554321
11.858963719978933
13.066269628307587
1.1352558902701082
5.567076603382987
3.6535668127184806
10.648684025412747
8.720038958601418
10.793910835740608
1.165966822266637
6.578610654035661
9.77378965828889
10.804543699705867
14.492395989886306
7.120140768069611
18.184339074490193
-1.362400536708214
12.036387252362147
6.7372284015736215
8.593301576452955
8.418235675646184
12.697649655003588
11.125437572967048
7.905577449613671
6.704970364374708
7.860046353983369
3.7142783188733275
9.086095908913812
6.934189511968478
16.8978424494614
7.162989581171034
0.39781494668775164
3.425703966044432
-0.9901704056675262
4.2623280631507034
2.776464038013833
13.965701186746525
-2.3149288898003118
9.460160808372489
-3.3532325624137425
4.134216482603285
8.282717848067946
2.827283584442758
12.495752800456085
4.177664220339917
8.712231679961413
1.7193885346168862
-0.17822290940146157
10.488378219270409
7.982245936023633
9.648969164218963
11.366553964898877
7.5111488849457135
0.38846044646397715
7.417029396338372
2.971877428630355
6.187690298602835
7.974572933565584
6.065902523051369
6.437190489541771
15.435069493673785
14.964963330145753
4.8267645527911585
10.54858207083441
-2.4365426714350367
13.560714252589305
5.892646896539525
8.22814859851027
4.4578828302356674
2.256733845624526
9.813252367878944
8.13246957903005
15.503561472797092
4.258946897043055
5.228758075641677
3.801916337144363
5.839656725259149
9.599093341554985
-1.894113631688148
9.450783895173691
14.057812032710924
10.264877695847172
5.419355136679933
0.27369867449341
-5.5605411120867885
6.858608800081729
11.287271376429754
21.032130465421943
9.463999676769511
6.30709428251136
1.2761406615100261
-0.4082463890258392
6.6794956333832065
5.720276511028672
11.888501792701888
0.3616520356338526
4.687515204957899
4.527094849773361
5.676776169014566
9.673049268162162
14.802528885957143
8.305822317055778
1.1466125441650705
5.311650264135339
13.4683530070602
17.245412778794574
