9.416347522367438
2.5793757233389276
1.947280379183968
1.6165850634083014
-3.112520020438792
3.02550917139292
5.803931555258745
3.942403827581705
12.94425642057681
3.066966900525204
-3.218741576185563
13.18421673770169
11.725037421219923
12.3405970110461
-0.515416719841566
7.430784982919603
12.395035443460062
7.561048961878541
3.47464770342469
0.9890499409074529
6.176133979443915
6.954968496968934
16.93823567162132
7.768602263231453
3.3622658444332227
11.403640502033753
3.2190526392681096
12.161304859735209
13.627409741668457
1.7640517824861464
0.4535459489379088
-5.275297734608019
13.377750862164302
-2.1524456079520977
5.0305877955703036
11.073457119515567
-5.067048640271226
-3.8897882216403357
0.1648790759451737
6.134958969844647
-3.8877952420432624
2.0563805758395355
-0.7796682413341003
-3.7403535938330954
14.882598505263832
16.403760962452402
1.6986895462594118
3.252046231057954
1.2019516847229772
13.48465726366694
8.879063365582782
-1.4484942970913135
9.954658189783308
0.3314302772045794
1.5396821156169782
4.015095068733748
7.239378763564842
-4.226820349735206
8.844347457622561
8.198185317365281
11.733927121088836
9.638491500718791
15.953455692380865
9.317430800420807
0.35074703520987427
10.699335977242209
8.648454323664458
8.284165900375177
12.772305279161806
14.800347438792183
11.42539998150897
7.204274037866854
3.491353462359171
3.3753499078660383
3.4204277154243035
17.953906546935233
4.480960475198856
-3.4630241081089377
3.216809939491753
6.216334002602732
13.700836739851788
7.049106026359656
7.9222457994954025
14.524422258027192
8.545678671703323
4.822486516841539
6.372208607188511
3.056391141122492
12.600173413808902
8.631460189375279
18.62160842981543
10.979373633077442
4.1874456744552315
7.544117756563528
0.972962650572188
7.214857192667329
18.45611809818429
11.049369506447263
9.507008811110246
4.519928472758638
2.074764884517256
0.6221696855517971
8.172024160690054
0.8667094909350439
10.545962951329898
2.333175919566073
9.616157933753943
-0.18373185831255512
5.47901531398679
5.696895816060795
0.8511069548634778
19.199419611424307
7.232867746613613
6.0277905885425564
7.973696283571967
5.254027080846632
10.651864285118243
-4.355378843710261
13.364383592669029
9.709968792207013
12.067534187074806
8.121211029234455
11.989306286327768
7.255721376860005
4.631683901457806
4.636154813730344
14.484525900668073
7.170758769203411
13.084266140539292
3.8065130752553515
6.462350202020484
8.504842164808103
4.800614076720477
3.822900025193655
-6.428833542542957
-1.2610415896576743
4.303934624894664
16.195876999454654
-0.2825988064892453
7.8622157795703504
6.32608847989486
7.214706892888149
-1.354190377582392
11.924382061048046
8.54804945094919
-5.214952705066619
1.7390567453149544
2.7975024477296833
10.058173274450336
12.316878801926391
-1.5942942221761793
6.062469119074639
7.349197195408033
5.6680708611398085
10.478436205423279
13.928117853118376
5.942552961434803
3.856697025365164
1.5862867727819197
13.696749885405561
8.891795777048825
-6.676841815988565
7.926671645505996
2.546686920758559
12.245088985622775
6.460128542487948
0.5490179130561881
9.301404311364593
2.5982366059349142
14.815977191538865
4.152416138840861
13.133088712813812
1.5307800397926892
10.003147895940925
4.8914049042066665
9.338461641452797
2.7190165693305137
13.449876757794739
-2.282679293714489
5.007922715616295
6.583540105805255
16.3542376018796
-1.3724385160668673
0.8643743707457388
6.396260591195656
1.0564076550685053
7.017349809640448
-4.2662502153222235
6.7364902423779975
4.710643546760812
16.386579833036105
6.10119873567603
3.747311913848037
9.084641929330969
5.337656148812134
7.9237392225303775
3.3372719543349554
-6.365088852389329
2.440605461782343
1.015922479555849
-0.3194615161666414
9.375285146214713
10.643906061530323
9.928850436750903
1.8368678886407697
8.258722595317359
1.8506195795856755
9.034098107357773
3.188348144993013
-3.8831892016351652
12.779592484959291
15.295963013412637
5.555092509922901
7.05505441536569
7.634405146145135
17.60340121637132
9.11228891610233
9.552494449723971
5.664734392394226
3.4606763372735627
2.2659515564842816
7.776962417594813
6.659511592762166
8.354648045461058
11.735714738321924
20.6590723777389
13.719284325689973
11.048380387531356
-2.4244857595463536
9.723119376408674
18.570584033931667
10.509192159901229
6.868971707855224
4.817330336177873
7.5271203605585075
0.9838223497135195
11.87519349063372
-9.123966573495137
-0.18177323839850779
-10.78415693697329
0.7738447613106629
16.740888331769728
-4.111600707140745
4.94316147764942
2.9326162755908642
12.682932181500814
7.74858185439229
7.051297900182903
7.622170667088001
13.00701087605018
12.843522444554694
7.683560868531414
1.4477161955456772
7.021889845183951
-2.6398309617049716
12.228360772049903
12.972431720926332
13.228651403019212
2.1236605998247087
8.993503953788892
8.116202012057839
7.710640663397477
6.358048612136142
17.894431599930204
17.416339364863234
1.3490751039210007
1.7016651584765103
7.651504921365222
2.3319509759610892
14.464992659821668
5.684507719816418
9.059875011779594
13.208992756978704
7.170485193454086
-4.441059682079636
5.964010504458966
-4.4694966337321755
2.6606707027731513
7.22379257524168
2.606171848839743
-0.9137573221731703
9.812590619253038
15.087937255852173
3.840271408965012
7.025595902348458
12.818841080481931
9.090139862071105
5.977219912947361
10.061539595244634
0.15557982068648268
1.7443875764595536
6.674021260962336
10.301651094409634
-3.061032078051989
4.004388806361679
4.218843509286354
6.3627719041458555
8.322436121429416
5.194202427018315
-1.615947871834
3.6142623095773985
11.252788101625756
8.59940225319238
10.856404617937228
8.52542702250038
14.079265364864735
1.6578062478914086
11.080667608814618
-6.446909092619956
-2.510563794871075
1.6395193973218865
6.540370179294352
3.6261129508998944
7.3895427080958225
6.991314789683722
6.6657204817588145
4.429033594281078
3.597410456892115
5.219690912826487
-2.0097152922692665
11.953963101293146
4.377699893720286
-3.2004884441648027
5.07140390153063
7.4110425355075815
3.0383263734216706
6.827474810589746
13.61379808173935
12.252512178543872
9.677735254796616
6.184845002266799
6.3627667508995325
-1.7960653098288306
7.03805401161635
8.169688018572028
3.5224803485967033
4.049625090290925
3.532019420743881
3.113836334988866
6.278503699253861
-2.854456125809003
16.114564416654545
12.638788459017725
4.881758912653601
2.3122350759880024
-3.5577588333606194
13.053796943134405
8.750054576699547
-0.17231978655061742
7.229832182134137
7.476341965658782
5.933150190460846
12.597724887598998
10.300101339270675
-0.40166827689308615
8.47307497427584
1.647363829174318
0.28560971652465916
18.22402847324313
-3.6530617909682555
-0.5969918250895958
0.7945595879954288
9.641756883393924
5.75792144449299
14.620051514709106
4.743089374231015
6.9782498873705
5.116959454009411
3.0423138095272497
-5.044569726332821
7.635423781721295
-0.2596633962530195
5.139090194973562
8.069193655364813
3.4441691980824563
5.51440105284404
4.566518711486918
6.0682860237354355
3.1780014624991653
9.019800784701903
2.663904451086161
4.953026005994796
11.895791748105994
5.9273164928803155
9.723415770048794
-1.259754117917132
5.731994738815453
1.580170903271802
7.627549211178377
15.450743768468028
-2.7460113391909395
1.8810010064213332
5.354578240525685
3.442232887632081
20.197607324316714
2.745782749088169
11.393751823771723
8.234206593085839
7.1314058071158914
2.307055403971889
-2.505581059918141
4.309821557374548
16.036786926228537
1.6495610314677425
-1.1357877902696174
-6.22614815420838
-5.128782025815884
13.064392323658588
7.387772830501298
5.911014633463649
13.562012171292782
9.256224206052044
6.317345925770388
7.419445110167333
6.419525907369726
1.6868192344949673
7.158354590806438
3.488450196078178
8.751127517329907
10.764848467017272
13.364155663867411
5.717678971731086
10.102688879574767
4.511710751505743
2.996799728795309
18.456770970852972
5.657058798141198
17.06733926086045
0.8577350934238224
7.743465321443295
1.9548598829464954
8.940503030077842
6.473610524518899
0.8874178544595512
8.837636348405004
3.3601670875794722
-0.400517084562968
6.871535964475605
8.974162337943177
11.105836609751835
4.5428370403160665
6.637657278218373
6.05043517791013
7.025276065226955
11.412490768409938
10.41232153138626
5.994405504252987
13.532102323442567
7.616579006459952
-1.134943502705231
4.096267617807358
-0.3971263131323539
14.88482833711645
1.731363803885655
9.59136288920685
9.827553585568888
8.423408342592388
-0.37339140082877265
9.921278610239806
17.21240150656003
17.55259359628276
3.1405876536942388
8.780256145650142
4.556479281991261
1.0853657553100593
12.992471427794033
9.487567032288213
2.138208035660975
4.347244202612056
1.9950625586898303
1.686021849966993
8.781509231297703
7.2650935609082286
9.671940713251546
11.610147945384597
9.257482710240188
6.383804448891884
8.570873221800841
9.44436936028147
15.880196324661753
7.7696844951003605
17.271627419404425
2.1649392523526334
10.808300944518708
14.313879599205093
8.837747447719932
1.6804793820285333
6.987974256261773
10.673879698432863
-0.2581782824593759
17.291435237890777
2.2505796266157545
3.0104772782452116
13.255684041419912
16.015609170973285
7.580380120762559
12.642914113056522
3.736048583503934
-4.228864518858382
11.349157635257932
16.871000094229494
15.284056990558692
1.8505193957825954
7.496438349719618
-4.082871109392581
3.09800131978911
4.587040822101499
11.74792502467167
14.389175751020508
15.548346307642062
4.219507860683399
5.438878091337262
4.197540761346707
8.194394241121925
11.67871702234223
1.2361400480111833
2.519612036205044
6.253152371043058
12.400844078615606
13.2518122125966
16.488525521960604
-0.8994191452438187
18.519922495592454
9.632418931889662
1.5485466803621781
1.9957909200456818
3.8777778697337664
9.447536588343581
0.9307069028023021
-1.152933554016144
6.857315877212603
8.170749133172828
5.233018523736443
3.3237642001122296
-2.4766481177700648
15.053933619307093
-1.3608274971995034
-0.7550573957056121
6.666929769061092
0.1888353180983433
-6.855480818367715
-6.1349437508628295
-6.192588733418434
11.228583915386842
5.165851015000398
14.89321513574218
14.525408702937652
-3.0105329753638514
2.4901235805378246
-0.5074219788249286
11.45906004471484
0.47220678690370566
20.458909941554328
7.509886721827694
7.5549947648060956
3.5166077550812993
-2.576795983780883
2.6824923034993557
11.937153469230545
4.574801568502477
-2.4614715865236914
-4.627716219580659
12.807506466774546
26.57440569568014
7.590456655312909
-1.6384298556953576
12.983966721929
9.440365250836265
2.382352015270061
1.0437509707937966
3.2592512852063176
14.420861456486591
18.668301558221984
9.674299968535193
7.265462145679943
5.815219139762531
1.256134126140788
0.7817559436160151
-2.6497249219359134
9.18810980935885
11.311734241446793
12.368655821669638
6.330096447960168
8.051346688724118
4.101684418339945
6.317241021266517
6.495847610060326
3.7742217710080825
9.314503431013202
8.229195633739957
10.662553215986438
8.164094325723973
-0.7231308071984479
4.17162075265902
13.143730082746323
7.972146034047967
6.733129348584956
3.8681095056004393
11.797474056318588
5.644005606403188
15.240105176119789
1.5312460043601313
-0.015469428809921304
0.4643355877624016
0.6867447230291743
10.948162212309999
-0.5892929604623598
11.996235350724124
3.3243731595188204
10.53954746404333
16.743456810386846
6.954629348328028
6.912641295241185
18.19600789059504
7.799864310623058
2.3521747876489587
-3.6947284915348266
2.3612647261069544
8.304570518306175
6.3804503871279605
11.458901008564322
7.441206683632291
5.553025990322129
10.697843704608758
-1.3466149484560663
13.958750796358848
1.4151114755019378
4.656212051851914
11.538535532670519
0.3364207759240667
4.9494718069865105
0.7351029655077967
0.28803477278808653
9.206111606508518
9.02168149581588
7.692410051345294
-3.299052324063794
0.02651831257645476
-1.7543481179840308
-1.2707185257710147
14.450852647506343
10.022278693656556
4.369469811923773
9.42995538159709
0.7772597717384686
11.182149100681945
13.940467412327688
13.553175121127442
3.09448803123292
4.458493886647844
-2.5085241150870434
-5.276821540613728
15.591850897737258
-3.509278778965257
1.0546341454868573
1.1097432948605723
4.0030569221159915
4.398373111976705
4.995735468583387
10.98734591221113
14.16476577300203
1.3578161109911306
13.077697394811004
4.43632986305839
0.4441587660393793
5.154813878076685
10.095894991701709
-4.261000308905183
10.814135291166922
-5.336756037728508
6.09511541527815
15.931662017487524
8.719001946625736
1.1772511184917844
9.489517410465487
6.100707916121118
10.908631327965843
6.719894308854564
9.832162853019641
9.774579926380888
-1.096337892790939
3.3805482416397687
3.6273893341949246
7.848911791878852
12.261976290733983
10.256731060579444
4.46867250965192
16.18700862505851
2.2517158019817316
10.754988515525685
10.814054691137748
10.635048663613597
5.152341806053734
9.069956236717005
10.95735437077204
12.275450639794109
4.514129897052029
6.082885991662907
6.214743998137845
11.058156782709382
3.4184289919731987
1.0869115708877484
8.931671356473974
2.1687736487039952
1.802162427442573
-6.450322923571596
7.479412668736291
4.457404268760279
8.99120411819556
9.75404286625984
11.060034565081875
9.08714491138189
1.1891623722787745
6.674361444394612
5.023159688534393
12.315958694551895
4.7406840601338125
0.5502193837007336
1.2524829813065566
5.055146028257807
8.156866249960165
1.480841541122123
2.1537345830625982
4.798904188525462
-1.9996571288799379
9.830319339052469
0.6249039636564335
-3.6741746467585656
2.1162720935807897
8.674587476173167
7.461877016527053
7.617652324322046
15.697110875377533
-7.382753770555112
7.354707566109511
-5.4799936722246425
-4.6381646204423195
24.234119942280472
-5.481380724177852
1.7917776340292537
5.580402649527599
8.888629338791333
2.022746599109934
-10.884759083449005
6.564977465474261
8.925006162097977
9.339157039225643
6.760404355098085
5.3918298047504924
-0.12134746475987246
14.584502776291915
4.775179566215375
3.3909871076283062
10.155297735871649
13.885440715763538
5.83330519090655
15.424016928199515
11.700738886305786
-2.1397009174488772
5.652194911490055
-3.9499582663799995
7.380919355204718
1.5754938079247198
4.6584116243204905
14.296751349923865
10.380298380946767
8.429000949187337
9.081954862541194
11.742317618520591
-2.996947822907348
15.249519749236217
10.378295904986597
1.932752716005381
9.55522619660083
13.947556670945039
2.1467467890408303
12.385484326726502
8.637072559574609
12.340866306036
7.143173589184192
6.199563223163538
10.381124155340544
8.750238887196847
4.949572524862773
9.005819937404882
1.4998400640176017
3.250164999857721
5.101517108650851
4.3028714089700335
8.229415385667348
-7.453356069437692
7.340545115630416
4.189741468286581
3.6558765772012864
9.573965063568323
8.6510848194983
7.423583017301725
6.4610449877245095
9.461044475631917
7.2849767521928195
6.033764586287001
15.794209225379927
7.614226978827455
8.189069419460214
11.00666647213514
-2.571227116856573
5.648026390474518
-6.747615467372727
8.439483355940613
20.668400465612677
6.935299983431132
8.890267249649764
15.163262817230294
6.62046462100191
11.678420774004183
17.597034439870733
11.504911800375673
10.56635975809295
4.179720583730451
1.2852387458941976
12.999471075987358
4.0323010359020435
5.926489735519775
-1.0538082917545362
17.607537648703612
7.925682202621731
-1.266221979045084
6.745304343347396
4.8975676513422455
14.68739918443638
8.31923642829478
12.185787235373109
7.823023476399578
1.897369327609356
3.2668925944485476
3.111199953308741
1.0021382451207916
3.341424030616735
6.168643266774258
5.518157798856053
5.1325256096345475
-0.7853536182584051
3.658035574351703
10.782022622133127
3.547374415583264
3.8707257297446076
2.581497893400774
-4.599585536778893
5.597068973649685
12.58644474257785
8.458434136504229
10.492914361311637
6.659594378136847
1.7701793317836891
12.138195338918905
10.189561356414575
-11.226554804277633
1.7709881121972426
5.406402044312798
2.4401482994231625
8.918393467577195
-2.0778101549462384
7.5620307427261375
-5.568469999046801
5.812889938589627
-0.5222802786994691
8.158405875158909
-0.0327210063202088
4.028140658966238
5.969288725378433
-2.1822553319514864
11.32805349062019
-11.712796207906987
10.580595651238724
12.220227219004087
9.914402311073516
3.5060587416821796
6.135134394120639
3.7794862547800236
4.230674429733526
6.11817524048218
8.470635595251949
-7.781828503208837
6.7714176292315775
5.984747618167045
6.067705362814634
1.8989937637423449
2.4891597795913945
6.937931777472781
7.308125154241793
5.707494325160878
8.4112036963257
-0.4383523040341446
1.4023120884967746
20.1292528427318
3.161690828803167
16.278470786304858
6.761708922060301
6.284284373888434
6.912919903159526
6.64277171147606
6.712803765141254
-3.809683372166793
16.448705943557172
-0.9212426096689139
0.9066751257623746
1.6200286324933222
-4.586106657056112
1.770992457114768
-0.580146229475262
8.81097231666065
13.638355722286217
5.081043555032751
12.557512555654036
0.026344395580930602
0.244232678940989
13.701824341480862
8.791116939213692
14.9522402672078
0.7730023911376618
2.9113886165198437
3.112190691108639
0.5074232903847333
9.263415787325469
8.934824871411507
6.236444849761995
10.291767735896812
2.9933255565543853
-1.5517114113116888
-0.6710295710488472
6.4703664886171115
1.1637300086709832
13.810144149499145
15.707576686650711
3.808755515074996
18.218343496976928
14.614640755065782
7.182490702035028
3.8201373573109767
1.2697176764928493
5.864847384098053
0.37194533063808954
3.5642392643963783
3.753021602993661
4.042497947187663
-3.219991149429763
21.77466822216119
7.201533224728369
-0.4381464541102611
4.278473881612278
8.89653870827064
7.1710093708024685
7.9511483254457875
7.422444513527841
4.62993261362383
15.618538255336443
1.217848612647896
3.0780730144595
3.866339594076562
-1.676261489525393
16.82683860371837
8.254587679299664
7.428577445892325
8.398224446190172
10.653450201830186
6.152367703630959
7.194383170928296
21.08028907469319
-3.1738332522615735
10.80974834745215
13.942965650813782
9.579841361710523
4.526805968575042
7.113023937928398
6.653889023113763
10.605455861870475
13.31606894809127
11.608340042695026
-1.0676022313604054
7.1086860887611705
13.791976365791548
-2.140726499624444
9.748644160351073
21.421106879384045
10.360818056815027
-10.118698130756087
6.942340589263705
2.5268574206497068
13.376547722958037
9.41863801570388
11.1396432407277
2.0643071196691243
8.769363583538404
6.33802709066306
8.560387516030874
16.32611384264854
2.167245336311784
-0.02861470066502214
-2.135651624241513
-3.821574874284691
