12.406153304453648
6.111741935634657
22.66141261713047
-4.9860285107214875
12.648682503561442
15.05429523471902
9.192932253896911
8.113142565202498
2.254985870855106
7.88836206032426
7.047243219800436
1.7172872796036591
12.166680236698475
-0.46030080011918084
11.563540597402369
8.392720236192744
14.134387501109059
6.870754821202067
6.1138754934221975
12.01116879031455
9.244116716680493
3.6744439654185026
9.206494235751936
7.636913232002438
8.8505667356274
10.33822591310399
1.0540251402291467
9.953337545839293
3.7549540666368864
7.169447099339916
18.86708187540767
4.490920543719248
-0.8866794311006521
8.613616578087797
-6.14867206793976
3.8198592389296517
9.671166574245705
3.674900469520418
-0.704747479016107
14.065071094754778
-6.638173534298337
11.392396986698136
10.876819082203777
16.456369501038978
9.088616842276531
13.338772777089837
7.340822691471048
6.464045814091484
14.169981908968257
10.622118905578725
1.5914202466261997
14.20026797033985
-0.19251176678695803
-7.568761308344499
4.60252020824314
0.10749736951863298
10.786103290423911
4.163533615818892
3.0598438436111413
9.820230968115334
5.022506574982875
2.6676694048836023
5.157482313826645
6.508692305421494
-4.745387515997283
6.978214158656257
3.217693071849566
7.842401793426861
4.488854241609576
11.842700662001317
13.00904190594926
15.379520562602305
8.13437846606086
7.033139879599709
8.67561242140999
10.845329020782202
10.060101408556125
6.290118218569833
-0.29673449153945164
13.902611984523261
6.176589185010329
6.908640375040797
5.949334176147036
7.188966443773097
1.3198410607744
9.260274342679324
11.709229664640556
8.4743392136575
3.8690169730547668
-0.5566733510844504
0.479116097447827
16.399530662736673
5.90720199308255
8.648748320847407
-12.749337583117015
13.872847091633282
3.6946174019509126
14.261087020416388
3.096799206660571
1.9103265260779612
-0.768966878501403
13.054870585773324
-6.48521517739151
1.7685283609928693
-2.6147007080798925
6.098791464766287
7.370611558947097
2.8896931314316916
3.007061487493075
7.15849536192794
12.769603265384013
2.5318772738799313
4.392704846007711
14.37611130163231
3.4910021235581437
-1.0089761392522787
12.468810883864972
-0.7240562088071396
4.484688600503371
22.65761054848846
-1.4127781401687605
-0.5549691161376966
3.7784962792653003
7.5526466855361205
-2.7378525736910753
-2.921883654737494
12.744533343930947
-1.8407762244158246
10.521086742573303
10.020756543228313
16.457655526405894
8.437633420395969
-0.07925671892918995
7.275860150792591
6.022129738791516
11.42013006564668
3.548356749149083
1.3527761461752466
-6.573754441402411
10.844311056573453
7.393885095315364
8.337374844541802
3.5338085325845654
7.183312022031804
4.712141518368249
2.443374161928893
6.291066392502529
10.067965846740233
4.0249754725118105
12.68895107318978
-5.523837787464407
21.599396837789286
2.430627597109428
2.55440080304713
7.412439064249839
9.400297422309404
2.0184937484067156
12.244353018749521
0.8797683652832875
10.481930898268402
2.684041108795656
6.58124050037248
14.420667363523053
7.1643552907039965
13.698552952440227
5.65697775017065
8.6100236785974
-0.02762326315950059
2.755990274957023
13.751877167718076
12.244923367448884
-0.5199198106214764
0.4476398219318982
1.0514745329836144
6.262372983824106
4.207984486758669
3.9843232174519057
8.746654020755242
7.781705835396112
19.280832259382066
-0.6710293427667207
1.93323838898956
4.208554518554923
2.9952068674022114
6.901654567138794
-1.7161275580976092
1.1620076370519694
3.10045463956531
-4.214500520122616
0.9879554291444279
10.065639648881685
11.922661426664694
8.549471351816832
7.200842502701864
7.942904655324577
-2.3078767300549323
5.9380421998763255
9.454091117939392
5.26012918940458
17.306327311590408
4.6994423364005975
12.527920799677489
19.942124707529647
19.632910455149712
9.078583337751292
-7.729787422472784
14.373274839319803
6.9151583333895985
4.44559408839015
5.472016522830971
12.827386346570975
0.4919979239133312
4.642504844799459
5.828575487919334
12.510204957681186
19.76166083993338
4.2188851850016835
5.615655433074657
4.29367442211359
-1.8060015521920576
6.441752330838669
8.751934686388939
3.897147220854688
12.787664512445735
-0.9860388293443174
-0.7220458982483029
1.3216144526483964
14.428757328814289
4.386569317911282
14.94961033056729
-1.4966354250311085
-5.92846271457414
3.0472856162086583
8.099001536792898
5.3420927114419055
8.14151250472775
-0.08776479355750055
9.183043842145414
9.218654742004441
-6.141297665699458
5.231174521126668
2.0315473211211565
9.118780131551926
-0.42371586599926925
9.709415371675387
6.666851932318884
7.434933223800532
2.632655319091827
-12.111936992963852
-5.27399919974966
16.58318771007412
13.288787705326072
3.737353468838343
0.7003505216230845
14.698474863938854
-7.255738120326306
18.08379015352712
15.715706907511038
11.773881402483287
0.8740940062790301
13.094204353310527
4.983218079188802
9.321314552114941
3.886512837205115
3.7978802513840364
8.226174089582729
6.939203003220717
0.37447258706095266
9.238221514735203
6.761596377308191
-5.331864661506581
6.819237881431489
8.31813101173554
-2.7040716772299245
7.781788938859756
2.9836459226421588
0.28561820042007824
3.472925808468901
9.153140474601459
3.9933852909201546
7.485371753655217
6.4647382945943095
10.71150808590077
1.4535251250179977
3.0796222303205707
20.257445336873317
8.774608658288644
12.141052835155431
17.67945841957671
-0.06433907974153108
1.534295987762154
1.6869207799445949
12.050142750614913
-1.9130236600632529
7.578933825954563
4.281349137614222
-2.5348820435804296
5.939392850151825
12.548812048753074
-1.2171601603506472
0.24506546203386748
13.608858331803823
-1.763847755348487
-1.1381743799756183
9.567462905683739
6.199935570465392
-0.6269811630635695
8.688114219357905
9.959052072116723
3.033906901390164
7.3620138384628895
13.448256883812345
7.0973218695177245
2.2432499163231108
1.4110365377662415
13.22026379834585
17.340496331712977
5.71556847271181
12.456803004116592
1.5188919290368483
-9.840220828237793
11.188856687252933
8.942595763442942
9.867388243675714
11.280923939635578
-2.8305897343050344
10.665216847385382
-0.3018321333689
10.788374622573663
3.4530853720600345
3.9433291500102925
-3.6331670205426434
1.0679218490509577
13.837289130401857
11.601298433815455
4.453934320861609
5.935530733149397
1.7098928816335786
2.017623205682933
8.768123410568581
6.383379501253241
13.795728448725571
8.737172124360804
2.1003586489388044
3.4060397003820087
3.2642753049278204
11.203052129721017
9.076006051447077
-6.258770183608826
9.788696510256214
-1.0989111253681543
1.8454929361002517
6.94945200251198
0.8071797971583043
13.811666326846753
-0.06548538967835782
0.2343187518385097
-3.858316910639765
11.95315146099028
13.413512606087497
4.658827113844005
19.133145962039563
1.6218222896235437
6.679247288005122
3.8974570389107828
6.203326561689937
5.6188073177575575
5.995496490085497
0.5764182568212073
-0.2746683236898564
12.250826759530115
14.36506015123556
9.340517483481339
13.058485742134415
6.192679895341176
6.284673474347207
0.2590059334517427
3.7328317149130292
12.910351472525345
10.548022190298704
1.198024054853092
9.314036863847374
5.359541334216036
3.361877111017571
12.214266476133929
15.22767692382863
16.072487691467607
2.1540531215036274
21.722914953989175
-0.7075916572703331
3.3301519860715727
7.636126929459023
-0.9160437589817647
3.3742939947867585
10.111497269667026
-4.533269466168099
7.621198991109559
5.290671908570522
-2.254551588283263
21.301408715843316
5.4983066161325285
6.665027185775587
2.4978329045711622
-1.3559384502032374
9.279060692692907
-1.736309597804671
12.966956012472505
4.002129179131895
9.020235798501064
19.27415379552228
2.2262362209571314
4.637447040144196
-2.539389831355697
5.292584167605852
6.260526901602125
0.24913365149298805
7.548949028622223
0.5455021905688069
3.7037629838379855
13.491988578877374
4.078322670902075
-2.474539291638621
16.602317332675057
13.372850858561247
12.462142672693872
7.9097470591328545
13.2957479151721
10.822104996569113
17.578007866719023
4.513318162665192
-2.0140650619325573
-6.731465484049236
10.028013816515308
13.02887754916755
4.024324378087883
-4.3255110663893
2.934278514890264
10.173579560765642
2.392668988070098
7.7725526135572345
5.033235994147007
10.549961332704184
-6.636883687628487
5.971152156500167
14.937050838795523
5.001748958381887
11.952032415373242
8.584190359829996
5.100252829021766
-8.465377595361215
2.7982124346902455
6.1043784069371805
6.990308172029727
2.6806412993225366
1.9527535418744337
4.755565366089544
9.04797393246356
3.736827345277741
-5.283012424149451
2.5671543506060757
0.6764752120545072
9.70802849187973
6.769285441672126
16.141821367434034
13.34923933120638
6.936476758022359
3.7169729601754073
9.326653420724549
7.2507524743811995
-1.2126201933465248
-3.1135874047793894
12.85435677173943
4.0860886442711255
4.856758035021697
5.645673639371445
6.810759290712799
5.195756855456924
13.590414364400361
6.022359263725862
-0.35648155094747747
17.13850232610701
8.92789026298388
12.523127424372177
-2.959290454201346
9.123813523063033
7.217398436907585
0.44384834742549906
-1.5321532117524441
9.43743480395032
12.82647876224893
8.842395882669058
7.5732417317681
18.504181741604295
4.967073317314203
10.034040149291743
11.355077299337818
1.2160846738029392
10.224658495030448
7.102366973074265
4.966796312453574
12.091766176834831
4.998911604899769
4.565675229457024
6.365915933694749
3.263279906087622
7.6341667410687055
6.090411085860715
-1.1040346050087395
8.185667425710133
14.042344097224122
7.162309910020522
-5.48823189610764
-2.315843508644029
2.1155728907933393
-6.898391426001238
6.314135790426316
4.2036092655300905
6.199387578480378
1.9078761584887438
1.2163568458931167
5.809719550416734
10.640683494982635
6.106790314465569
16.08191591328564
10.524777592668372
9.322870723867474
6.249904083501514
8.826711129219717
6.814507295979903
0.1536226107368428
0.13444342436714418
19.50622030678036
2.59690599523992
6.874911972648916
3.6395186798780363
8.069225195019415
-0.7538758230791425
-2.9879773476283393
-1.185030237341829
7.230012759142016
5.339148789454654
5.639662571361701
3.493412771168381
9.92522444665784
10.131541315984565
5.593678007009397
-5.533057308592902
4.040581624238534
0.7485151240718722
2.5237022226603716
-2.5980093990623274
6.084420158365913
2.2125305128667287
1.374723852175169
7.372884188421589
22.359028437510894
10.527738377327207
1.5068876888111795
2.0351392132014428
13.840093401381509
6.600987830482291
7.428864414672789
2.738697074040118
-1.1804063181329143
10.157981896234668
10.179368576642187
5.560594443262747
7.116600617516504
5.564501590418643
8.996259746462172
14.048281547024125
14.669275614789152
5.9908358890817
4.285100480857103
13.600956758084468
8.026219914633224
10.360639206174532
14.166739231454457
-0.5876527302059626
2.3402379618482847
-0.9458208476712038
15.191775733315481
6.4306893757694015
8.126144121959168
11.291364356117722
-1.3477969278207222
10.988191617878424
7.4961537718922875
6.9477942285640495
5.790507287983827
11.296791609272976
7.4229602223291415
21.59704794442631
20.811921042095975
-0.5564057769653772
14.281194180611177
20.68153111502048
5.722647119572734
6.096942972234995
4.688989636944313
1.052239794197523
7.064363583424493
4.27646104527971
9.83532846844323
-1.3765380865346808
8.381547664440252
11.277949680829558
5.30803786856497
5.061974337129512
-1.198623997870067
5.3864835657134815
9.549187640160856
1.9301419715264965
3.427385951160325
10.34118824036517
8.300609590578222
4.768780066787182
6.214286517722185
8.428769025915578
15.01525655150844
3.696888405838504
6.049677655347387
9.218914180409291
4.939797863557668
9.853656687414219
6.284033429549341
4.6422231451083125
3.0817194637654026
9.806053895754685
0.614178153956102
2.4835164419115348
14.189048653146143
13.738900849715776
11.824666203980243
14.914308746337566
8.922121043295881
7.761226785740976
10.540535575694594
10.308800145342744
10.937260557617925
8.615648059068446
10.868012238411309
7.443332589436462
8.75465246975759
18.834799760470773
1.9192961700931122
6.620546783239898
6.031042109143439
3.2150813718727624
8.957455503633968
10.734331229881239
2.0760866508625564
9.907235025181933
2.5699207597488374
3.2797047884869253
3.119528950474523
13.274571892262456
0.9730836527838989
1.9968649828570202
1.977012449531414
17.781260173490434
8.260316239072854
6.751693187529135
1.4769590629229263
6.9505007403945935
10.606907533693253
15.540165323732879
1.0790781031481096
-0.11246295697543296
9.462342025678144
18.42481796944999
3.948942702674459
1.2855913604385716
10.223455512609316
0.9604734549415817
10.609592543523627
13.435676379303585
2.731825625409706
13.94933758902199
2.929600269694483
15.396894870611042
0.7995329826081194
0.20299275230742353
12.002482806788269
3.7877823408401805
5.558436620205417
1.6504267688559642
1.5916542069295456
4.208602320131027
10.477034884079131
-3.5426625840659796
-3.7730770172379557
7.419819278147162
-2.3492877877654337
-5.3394516320767575
3.576749655517094
6.589388767267356
9.762669490144429
5.324815586826559
14.127291049125352
7.345854266481809
-2.797091205224943
16.326456175424653
6.2472408131968304
3.7096098541971587
-1.2482510916457041
5.911526534503739
-1.1485513255990192
3.003039080145361
-0.37917453001144974
3.6847449455946055
8.873314228048995
2.769818265832075
1.3140634720689617
10.620385962673517
0.8661578443512967
18.228145764298926
10.546271439731832
0.619945051372536
2.321275832193365
8.757177247454335
-7.349504919351931
4.285935863066685
-2.539111454759709
7.7524399349816155
2.2258436547189864
-6.713089112235707
0.23715279413959145
5.847687877011932
2.6838927827205667
5.757699349545656
4.48731474966973
6.838611394139157
7.19699400170017
5.75591756933194
11.800332643203504
4.160314173258138
10.009851248974382
7.457755572370967
10.231454857880573
2.139669444203196
6.670212038995724
11.017893770626245
1.3703956950164908
4.531056410198396
-1.2083393280613324
3.2746851359965987
13.07834782340537
17.193166879739657
0.9731866571040007
-2.0973112325664776
-1.8425495003361299
4.803505973964349
3.3779352079679117
0.6265095903542237
1.0834512244284955
-4.765583817143645
14.758777120762764
5.538361709315319
3.641572042513284
9.615533845940856
-1.0761477527833323
8.6653980570755
10.19178594182236
9.809183188379205
13.615567265131052
5.721245621308166
0.5435338027821635
6.252749893378342
7.754140781894939
5.09645191392046
1.3409998723964147
18.799569593842662
4.66117524135176
-7.08058813105308
10.98414667058127
8.809566910808536
7.2964492276514115
12.073988153133556
-2.827576884782598
4.408710405282765
9.827197508562671
1.535940719397578
-0.9828546305786023
1.1145200735046927
-3.057195905102377
10.72675430792237
7.93376725345168
-10.75399773103782
4.625838521105145
4.539163084599305
8.67323649380351
5.680244377793926
-4.371271823477009
25.22861566222421
1.7390461289988988
12.750618412034754
3.3487889547917984
-3.443489570061846
22.069129394185715
22.4669672349548
9.850949154567745
8.937211283276017
9.724000980392919
3.667664170172597
0.21892671657356022
4.669957992531375
7.8900825931477545
12.93222936313056
3.3030087632839877
8.114215659594727
5.217190225925175
6.422392013443384
8.18061213414962
-1.676700161374029
0.9855420152695586
12.291242118211628
6.532670914119123
7.182595713781701
5.806880969721738
6.192695336465004
8.562594241885826
21.757575701017927
12.807015521640455
1.6715495035334085
13.262248562760485
3.640558387477129
-2.017871147302932
3.9035955860234903
4.039061278055381
11.754295076574467
4.029713570066603
14.886598540012695
7.85868887021908
10.844284291592363
-7.418768591685296
9.585393165490524
9.209252486671657
6.523840037976826
9.576025103471286
10.87391680427342
12.49553333515021
10.906240501639129
7.357377566397861
7.244090565886574
2.964198418700754
10.72926104744926
5.04509140584538
-4.151077715059628
1.0392787321975732
4.52444162660267
14.691614459108404
-3.959948816619981
3.592896790145875
7.509511961352255
11.924609123227127
17.799569307030612
5.898198676215631
5.382294333681642
2.9944853903121533
12.127913336938422
6.635789574283121
8.703333084021772
-2.002657985363509
2.1512109783996567
5.7399276332668325
2.5377838984995655
0.8202339660983773
9.083347439432458
10.256617109166307
10.221060934320581
19.95042905988804
14.395146400745197
9.2435208297497
8.03471272180524
2.195091420815145
-1.7546634085713553
15.530545767941263
13.238619572894113
5.255090506549307
6.485848107527865
-1.0641498153741349
5.531790513764485
5.339349844094499
13.79335719484651
-5.02231262354201
-1.612230647589679
7.317950383495333
8.795032191554228
15.308255174236361
1.0852968251214756
2.492928589807418
3.981222322795673
4.889707327592017
0.11560286081890325
9.594946209403302
8.60172057189546
0.4719374535095069
-3.5329242085207397
-2.780981256017375
2.2020776055424176
2.673687780585107
5.4125646699936745
9.02088295903631
10.464235462724233
8.020248238456691
-2.588515568103796
8.484380011055416
0.2608498940783486
9.514061351866197
13.83896099170073
27.213566566492887
17.832558887098457
22.055089870610665
2.947464465243821
6.457146975044905
11.308580755993052
2.1593914859420384
7.6224165718732015
4.419432495476187
9.931694700005348
4.540807447985126
8.14773364208199
15.68371816933323
9.233860751480734
25.730668520703656
15.535842053760042
-1.4991063666909943
10.008947126960908
13.802215362920698
8.416398414068356
6.860986533128368
10.495998638777236
7.412271046283419
0.5843913424797229
6.560500498382828
3.80468732663631
6.12504167963716
4.320353673264904
13.287405010195664
-1.7112095308211934
4.669615189361918
8.26320613027617
10.849995121999122
9.057825445070876
-0.34672411405520354
6.050829287300825
9.399049149972244
14.860221048684114
-2.0212758870650536
8.721213692560415
7.293029596364918
5.662201203185075
11.016044969215269
20.13037139464774
7.618177617038014
0.12640233220689634
6.61676532235303
3.1292167226934335
10.785388144675146
7.628387472552275
-0.7125879591418967
-1.3859359783689778
11.562855411267433
5.618307664201872
1.1856150261101384
16.888659724845212
1.9765886843294096
-1.9475611937893893
12.101665425386376
7.649052575453522
3.76670632640067
16.99002292550834
4.743865865887511
11.073280043304216
3.804564907421979
-10.698431337114442
-4.53375335916305
19.758531097806667
10.10799615957431
9.874579500154317
0.659925820277393
1.3787024979879652
9.10593531563173
15.17454974199035
2.9358980466822273
8.212410404284206
5.7547131791491966
9.404222703177602
-3.084998038093591
9.569545196784073
10.370713465698614
7.50990695240119
13.101481253461927
9.507831917785056
7.558932050510593
4.570515615798275
3.8173490868688713
1.4512030541943073
4.875757304265126
