1.0588563227440644
12.03696092353524
6.366207599817539
9.573826498282017
7.100871046876298
-0.04267562483307641
0.9723882547779432
-2.6837056400053516
14.164849889586725
-3.838766873889579
-1.8580207489927894
9.173466087375026
13.183743598000172
6.168854396343341
-1.206290128159952
5.038050013364287
6.3589909379397405
7.19867695634039
0.7774373144538753
5.97319886025609
11.16225775610329
8.197265218373277
-1.7642062253985067
8.160876519669449
6.537504650585323
7.670680505464635
9.801915912488694
3.415482827614027
10.094012239565076
2.9354253501284573
3.5752037406211166
0.45595573383115706
6.115424341417607
-1.028091525082429
-1.8098434857275123
9.204048969299896
0.6765161864013289
5.73405795907392
14.375047218222166
-1.9067492199339267
2.247627459592446
0.29312149420137246
0.11043871395353388
-7.842729232050903
5.711769656825668
0.34473964387528966
-1.9883869615601206
8.258627416623632
-0.9145606874159151
-0.4002112305621237
3.1653831912376007
-0.4551350534046703
13.485399148480559
14.897428896877797
6.465796183736724
2.227263974272475
1.5761365059504246
8.870956655051913
0.7732833648426078
-1.686609772679855
2.046396964918856
2.76874294927501
12.055573246889876
4.939770089914345
0.7036564796280116
2.8815016068515806
11.932931157898752
2.297100216965423
10.578979265455896
5.200996391524749
8.35163815128179
-2.1627536148890867
10.921176263904188
-1.777503013834452
11.370446258142831
6.577298977875596
4.508942018973172
12.717550708009533
4.999690890127038
-5.572214396194992
0.447347177535403
-0.30946039853946417
-8.006291325351622
-1.5740886054996626
6.975838383721192
13.10185942045431
8.072063113394282
5.090359066416735
9.609009807304261
3.3247309411014134
5.629932682882525
14.652462724166105
1.7971902871316585
-0.4897614378443542
7.781033153802214
9.239921537955158
-0.5440367423125494
8.08360868920037
15.761395558439018
-1.340574800479236
6.181838692289594
13.081042647028067
9.01726525529347
2.5010875107489414
-0.05428710379503787
0.9261474989505416
7.38851213507904
7.019839058518019
3.991928838364613
-4.030241387238256
-5.14948601909189
5.995049548719673
9.07248268353981
6.0345909083729605
4.557672894477568
5.017593876780612
7.299907988579815
7.756224660569529
2.585402435080834
7.025661735844347
5.001517522943926
9.376317194993991
19.71470855491622
7.491446742841106
9.808776165941222
5.085981685336591
-1.4817285093867216
-3.248082608330635
5.525414948496456
1.5187710090112976
2.8625266028550063
2.706873996949919
3.0840255103883867
1.8053222137544145
2.5561469061630606
4.371772951391927
9.614619503081613
6.067620937079334
3.961110857982698
6.739004252383382
4.377627428835782
1.2019234941454306
11.578980483619954
-4.791342122953399
-1.3155681604819538
3.4321072602551603
0.7671311995860173
10.78722110796473
2.7124845415917984
7.2776418485053025
3.264774444262272
18.78710122515806
7.195182692233797
10.191510710266854
3.2330686364899712
7.220797053227243
8.856779280267798
13.654799780564638
7.309734642201029
1.9638960503988367
-2.977784465544291
4.6136470639724365
3.123379251878538
-0.11372427053600109
2.6233039283974655
-4.744936358508857
0.03986846837860103
14.430753593055385
-0.14554036532656323
12.005322305484537
7.035527717133994
5.538019183845787
10.36118531449753
0.7379327669159848
2.516858981817978
0.8976009555709403
3.5525028487937202
0.9626027375593376
11.339654109259818
2.5303313793707654
5.659335466094365
-3.308313834331532
13.190109498737982
7.02605259599543
11.141931428271489
-1.803256362354455
7.101978525029549
5.263387251694459
3.372572081385959
9.72683245040145
11.71242109796848
-0.7340481355414727
-2.0539206499738034
4.76895173782383
15.802420260653504
-1.9726682288476596
-1.3914430783781073
-0.042127456621685155
4.675027250181011
2.264239587954183
6.295036556783868
0.8276030415465456
14.425703849444547
1.4627657039871416
1.2903983733039786
2.8455906150126284
0.4171962023118505
8.81756152856493
4.877434033369819
3.1323442354609607
10.531915611110222
-0.19960756059987395
13.000929889350125
13.31422509389661
5.870424862722373
6.794119047098318
8.61623754906547
3.643786415513712
-4.663900646984709
12.966761301618291
-6.516261870849645
-2.4668859064750723
9.412370053890266
1.2542770755503012
8.095468926552282
-1.8905703358255552
3.962847031596345
4.346082703633364
4.5628895758657
7.774043194042172
0.593360845279698
6.584016414182187
11.866290736341302
3.6255519797277986
10.12069311595289
-0.07294129510084257
1.890845712744916
10.669832504546655
11.010696011683882
9.133979930072945
5.174299458778647
4.9344208066925885
9.79737821814664
6.403662117478267
5.744609123505548
2.667751690656551
0.9830887107096125
1.4851107227137725
-4.703407713419086
8.317421270248797
0.36938598804958556
7.228755600419198
10.627204775396056
4.2229312702356445
3.931058335034164
0.7378338050580115
2.003954493918477
8.363907291135073
1.7951768210915366
2.5388498364171603
13.755802555045891
2.8841846037476344
-2.2270419021988177
-4.290636027294614
-3.8931591264891443
10.016433934441023
3.202317846216879
6.800682808182666
4.464984000265519
6.887805556412832
-1.2498193111753668
-1.7331933043029943
6.906141346509552
2.6060652988647934
-5.542150306423624
7.338369307893085
3.961913680100321
9.251099885813767
6.056030774753941
5.9257771531817784
-4.637465159573665
7.252203234035103
7.609949722210745
7.917536673043311
5.559894369244997
9.434165127731621
-7.1790456179197
9.326568009805486
9.782830062143262
1.1936035402200798
7.851716443008941
3.167057867983108
6.8373710585148215
1.1236389074970488
13.661244333817093
7.6605617931957894
4.901120289136685
5.532442952834993
1.4227659916145057
0.5471516369073699
6.816569207042082
-2.5356961679544305
10.273015925754516
5.949091142697795
3.634886845816467
5.894112752298887
8.532017128659934
6.3539577782727665
2.336901281601275
4.985296372559414
1.4258605614840747
-7.859715954726401
8.166553002457587
6.013611089957786
10.208464905843087
3.9016341609849454
6.404928276247775
1.166914839126918
-6.264428039174014
8.624516095888843
16.140697752371636
1.2978186118217225
7.8154034544135484
3.1356576419721747
10.347609386676186
6.98684329466552
3.047731220341178
3.384745549382975
10.517146367117538
9.461991374204946
9.887922760118622
12.472042500012906
2.8149315807707094
4.6887156946834505
13.027253497899189
4.717810722117992
5.573096603693921
2.688227141011642
13.835116534924001
17.163276900405556
2.965050629175487
2.8931476750804257
4.404292407765609
-0.7263315503417918
0.9894532852940072
8.739800713342149
10.240450205696835
2.507956755263217
5.554449673001839
11.760129470329789
5.843427332130016
0.04799195341503948
-1.6155725902445104
1.2327733445561915
4.402849099105851
10.661173103200582
-5.354928540250652
12.738032961284683
9.698816975224828
5.426549398549558
-3.52651723784121
6.264191843468927
8.077321690382625
5.958279861173985
11.425288623435314
10.52772266062279
7.092391843946306
6.161231698879878
4.328299467057722
3.184166822380443
-1.5762705144533564
5.786334681746651
-2.0355196281332653
10.025193748079165
4.4582210821618995
6.563319473221355
5.2889721390443025
0.2773040617584215
13.210310053652142
8.39476625497851
7.87389471288941
7.520591458370424
12.585311532037974
5.952774921820942
11.422600289950891
0.10058814227837942
11.630458654206699
6.1592666380503
10.611382517782
6.975535330304121
1.034526210586896
2.5224075254235463
7.925985019429111
11.519320799405854
18.170875222069753
1.4772108513990976
-2.08665494584724
-1.5710826373745244
3.5904763137487734
4.784036671681367
6.308853932288226
6.315257645444552
4.534536462558712
1.4662569372331848
-8.481421941955446
1.691116874639862
-0.7765312035535885
12.497285751856369
6.968212473166382
1.797029467943846
2.475159281123444
2.7268752294115806
8.370750760486423
4.707890866950352
8.038693133049271
6.437674330354728
9.408669989999318
1.0874600989535663
8.446955624820196
2.4819574287841135
7.639600025256081
11.650250680731954
-2.0208993912032556
2.2931805135772008
1.3784967783261148
15.234275221529545
0.5326605218609206
18.71453725389323
9.250120492403108
-0.40043696211968793
11.324255060472574
4.0890239844927265
2.283510660218897
5.828268491629628
5.136445705197959
3.6623142637919757
1.0560070323937358
3.810439792251422
4.671515348441494
5.00061631854914
5.954561775049769
6.608456782864511
-1.536877705538743
9.764367646242249
8.209231222608558
4.2488515505346935
1.4646250888983756
6.2180834237641776
-6.999993329834723
3.1226049383020764
2.3994277658105956
0.4658463235566441
4.341830535566257
1.7696898577851252
3.0615573127120776
7.402398039000574
8.35773885571149
-0.8878199997246696
10.685134052990744
8.15716522226689
6.905375433168275
10.97437983628039
3.0039712258245452
7.268245882547761
8.027866254975159
5.532553021371472
9.612167651224201
5.360835864974795
9.451909447435778
1.1089692367553012
5.9646499491994405
5.973115707235361
6.313107138108172
-0.4577638284688268
5.784580257675163
-3.3671654484427496
-0.91006753627265
0.7730518829371942
-0.8543823993680233
14.472858460646982
12.79038454238453
11.852614554709184
5.535675508575336
5.348033964528061
1.1364461264794845
5.115292056118388
7.5536610105532525
7.548631289921941
7.265121021389953
5.468001420231152
0.365806361462095
5.011853066201374
9.459261238254161
4.019734258637229
9.170634036375246
6.851235858985379
5.3329922823710945
5.315025453224945
11.896471099310766
6.6728173928804075
6.315733160413258
8.141111025693865
0.06297478936951739
6.619736372262484
9.223303505968563
-1.8963124022387259
-2.0797045876594416
5.387115027959423
-6.380637957769004
0.9084573839329517
0.732226858548882
3.3531446191045897
13.808428235902467
4.447675776405292
8.101680461084193
7.06765321195628
12.081892832824838
5.007905532609599
-2.91973788934955
2.699713587503159
8.403010148504524
1.9469976889213654
-0.3201777426665595
7.756643267273524
-3.493311605122935
3.1925353284720224
7.706681459371573
-1.5618388782821615
11.166921159460216
7.47587384586148
8.669792323991981
8.497395002623517
6.400951841643432
2.750889860137057
12.150110233905416
1.029146597709405
17.826766172851443
5.29921290350742
0.7413286486379018
3.225653703509992
10.971201410183706
2.6098225110958873
14.830514477497866
2.917598462344747
10.593444457354927
8.366597469580093
4.607705036312541
5.73208048239953
6.011450666197107
8.35097377666313
10.614343382517184
-2.107403962814235
7.387461657101045
5.268758167173798
10.524672234591225
13.269291306683975
7.170608818460588
6.696237680721112
3.227873523662783
7.043176316278135
3.743305923034894
5.37438665049676
2.6178261471198265
8.473168725001653
5.226261133687646
7.681504846230371
11.15977875913157
9.26594287787616
0.9247742067528453
0.15659514676514297
1.0657975025895325
12.089229764659564
8.23175137338584
14.352266029844058
0.2590229995017923
11.408676854190556
8.05939890217522
8.568182813663581
4.367325046181889
5.687890294266294
-3.112389992931403
-1.797530259021288
10.499465965374702
7.631532364294085
9.549114565730696
7.434888160740554
4.819836091106797
7.007405920856776
5.248331954862909
10.295570927003673
7.084214852561939
13.636724536102845
1.2328672211987568
1.690759630519595
2.9683028737386374
5.445197973464437
-0.8283683077100417
-2.5035249021210095
12.133656449514945
5.155206671433046
2.010311562970311
0.18330874623392113
12.66611972546718
4.8448456599277065
10.159380950192572
10.40068912979179
11.813813212985387
6.431112360366013
0.1516964826318139
9.206800268195352
-2.1372960509494545
4.684429643540947
5.527510686529476
2.4983798744225165
-3.7725298230307365
0.8851388237673299
5.164033430132521
8.54745698270155
2.8915894702567813
1.620739725067156
2.85298053881803
6.735991641229436
-2.1464973700290333
5.138750827016102
5.5298163705327985
-2.122399848238861
6.961801703240412
1.5208064671459525
11.52519282284575
6.2659190055552845
5.6650832197123675
9.78939975510566
6.434209097266381
1.6890855682739812
12.044541608281047
16.98059716864396
-6.970756784817821
-1.8546096537002033
10.46984026822082
-0.19666009371867332
6.147787663206493
5.710052525784995
6.762065235472064
5.969920818690725
5.802809794630681
12.617313871379721
2.503597133217859
12.048327730061946
7.847220956416574
15.10330599508446
-1.0980792427161408
14.633978684444163
-0.08568123767700664
1.5437156081128451
4.7032804369922
1.807533721259455
-3.301113634539875
6.985633480145675
5.602354574743514
14.855399059812687
12.671979727127944
1.9097747820210318
4.883510053284671
-4.665002446506852
8.970742404852203
10.121431420806516
-3.9108576604853944
13.193427601147304
14.957076080692584
4.633022325544541
7.211546300651278
5.234510622965827
9.590198166668394
6.319756499804699
14.588890757799978
9.357431083257898
18.7828805681907
0.913771478291526
0.010913458858170522
7.5668143074690475
12.890741428104361
5.4363094009923305
2.4841144498698027
11.74845624054053
5.5260299039919865
11.315833671085059
0.4842640143476844
-4.6514451116210225
-0.5699642639477611
8.16783046846288
0.9594031328149191
7.239959235107872
7.579089611377861
1.9725632998206462
10.695044697856016
3.660048928374452
4.789234829376239
5.067843892441308
9.013561965609476
4.729009153458978
3.7469471074162373
11.620946967500883
8.8346161124004
1.9498932113608203
-4.5778591884749416
6.280481029583906
7.4079369722425525
6.118235450534175
8.857357424742846
2.9531398745243207
6.047553609947586
4.873295837008961
4.56425254268167
7.449960712227889
-1.461952371794366
3.869701519933728
7.501951280894721
7.132001628654294
-0.010972541112057144
-0.793267776412546
4.046521533550828
-3.410541496963768
8.436857667760696
12.101536689598914
1.8318980279399542
-7.168387370542092
5.694712559243865
2.5869817834744895
5.35256389571837
-5.6815079610758765
5.164970124375067
5.378187884451939
-1.8448160949699872
9.375333969338307
4.577409444810461
3.2647692178846746
7.461556853690353
5.328545507063434
9.47130598979042
7.200684811740501
3.2041386369547915
7.165159834054269
2.2702380868226273
11.365829615096924
9.51165144463203
-4.487515316187498
-0.9560180411310029
11.492272940997012
9.125114637572354
4.814786211262443
7.6872596845127985
1.5802144189677723
4.695241873830214
7.0693267299512765
4.368655736835882
11.618965641688037
11.651234721929729
-1.9327162717160116
-8.31864352500475
2.141816224623355
0.35308513212806236
-0.7947546094414806
4.393571955317155
11.80095419191181
0.011526887460880264
11.913622768133198
3.218844736146499
6.134895641162229
2.4476175399097437
7.168107138605002
-3.450596124223533
-1.0326073872813684
-0.41774433961276314
7.553421252184933
0.6322746786123314
-8.803571951855243
9.830030418310086
3.646014476742641
-2.8863332540681874
6.56764515875752
4.691342656695414
6.481357704787222
6.608879842440052
6.982001018074286
-3.5829385633551425
9.274757832621866
4.1585006193687555
1.5302935248312481
2.0189032254700128
10.878895211622243
5.8509700300727765
-2.4895896067860406
4.62410433105392
-2.6196122729873537
-4.7229637390589065
8.38928670442462
4.402467367164814
4.627641413413215
3.6850954575874395
0.2976416256373149
2.360955033275907
13.668782010070293
7.736034774623972
3.5168319883850048
11.470178058553989
-10.000280208436456
10.465174371050807
1.2429304368962741
8.696531504130428
4.429961337035319
13.137427411060688
0.031110172553648674
9.197283645687147
5.931846085211646
7.63156299875925
-0.7586832455033408
11.678222385022364
-0.8791990430363654
12.022554512266407
-1.3463934017318078
10.176218807297321
4.6100431629583865
7.193043021141995
18.77773819729047
8.295458685788848
17.509698649983726
11.962496852384975
10.570912175298517
-0.9121130524413248
1.1782668896009723
2.7272524382877785
1.4637839909209553
15.5456647243406
1.3505489763613028
7.546435672937523
3.3275251135594854
4.385100778721879
5.133102046009412
1.4856540592614245
3.1100936109529638
17.305772869260526
-0.05674365579733287
4.035371494709769
9.569441567674954
-1.7745130129829336
3.2104188586025697
-3.505594530531299
4.259421199110028
10.253260861437449
3.990904237946957
-1.3468998464555009
3.0354101719348456
3.8635236147836913
4.297194147552389
6.847431257997463
16.943021785061976
4.05817318546481
8.305126135172
4.951506669115868
-0.7505601471271235
-12.52372461067953
-1.8096775681077508
-0.731236902086688
0.9372510425931546
2.7380647177462762
2.570807571937559
5.0795196409172565
0.9510012667696042
6.788423390449013
-0.1380037284109008
6.269603534401957
10.831994787117678
12.87028500381411
2.57207621347873
10.922728293151609
4.16908913590337
7.738149512172318
1.5201764489360063
8.323653511792799
-1.3300029232501371
2.4073929554351015
5.321281525040533
11.498625521927266
4.010030962173739
-4.873763645670557
8.153039963200557
-2.388975815981886
3.3814420698670946
-1.7467262975340017
5.123914625474948
5.166889654525141
5.860472880502924
-0.24336940302133492
-2.1121992064163324
12.061081884647908
3.954898522703199
1.2180465964634555
-2.3276609176085756
12.7795037244353
7.377770504672364
5.782308917568319
14.588185261072585
4.261568172969892
-0.9391962783999706
6.461463606862168
0.9913586682341888
-3.2717016071641662
-2.4884044725246763
-0.40141883804932466
10.57340221613725
8.627687719643887
5.077527440763668
1.7509592160740293
-0.34017547570582796
7.481369964655923
-2.6945530087160465
3.1961516175053157
7.861062229260293
7.91390729633921
9.606493705571642
7.523294747259036
8.596746521608436
5.608378432643979
14.111840581242028
0.5271831631424622
4.314326490108601
-3.1870117369349344
12.229314369109964
9.349095726210669
-3.9813791054365364
6.6118991831869645
5.873983326537558
-1.2474321299233484
5.036886074150769
9.685244100815066
0.3260404710383744
9.511937825559308
-4.426532827399505
9.509884353540107
1.1418678995702458
0.11814108354366315
0.17625368390542118
6.969983608584239
4.875920271734358
9.427730361999892
-1.1074573466432804
-1.7927576974211705
-0.4434855724137483
9.530978431518264
-0.16461808508281628
5.110507087896049
1.141720726219485
11.242597509326679
2.5769829917052567
6.005388213150503
3.961147192888677
-0.8078517724694096
6.356077104786268
7.130932620642059
-5.26980257379444
-3.0101193295894895
10.186134683761614
5.608652131569745
12.889907032036351
5.614773281431864
10.484223680654999
13.131843597266087
7.2820992849009105
11.027795155786139
6.276424584313425
5.403378447443894
8.330174942101443
3.9835033617409734
7.777979646729126
18.167153831540027
0.9738022693900605
3.065316641059305
8.669801663261586
-5.710060135847698
9.782807281465494
5.715487073969449
15.764085818469333
-1.3340749000167262
1.9204586556368488
5.59300087719165
3.494907505635074
-5.641957539298255
8.425668772723276
7.903596813668651
4.2556679200227014
13.804393971204803
0.9022934970889605
14.73081683793624
7.001858198274131
-3.277915438980333
5.829920329596722
4.595032270830814
8.312820380920577
2.602161272727364
-0.3488601636023323
