2.237064299709027
8.631073389335647
-0.9516195912277832
1.7422637526957994
6.090681482788252
4.579387276696181
6.697075100210222
13.69410442695367
-3.2936467813495014
5.3489506656183945
7.577691657240232
5.564681651240895
9.089178566278637
1.1002755273280536
3.9234178877707357
-2.2643178569950795
14.021351083036658
12.427203233793325
-2.5658981185270093
4.539086392048434
3.772465557103209
5.40666088164294
4.860259845723537
8.947546593526402
1.6096970453219241
11.464071154628162
-4.963048346961428
1.9672932171663717
6.17766098429353
0.07866596557448968
5.937011285281643
-5.586497394816645
4.083621403788554
4.607600946052985
-3.882669367219089
6.535403359011182
-1.3792225850353699
-0.27072186798496567
-0.15202293419613166
0.6507782366827994
0.4884591655018746
-4.159933114763087
3.425762914988481
6.745177683065803
6.088663532132269
3.631851693994304
-0.7347367939583389
-4.1582994034847225
8.017455860759725
1.3803376133659242
-0.6386102270233502
4.041891491974395
12.108346483702633
-0.669485999129984
8.200420567869033
4.4112831652098805
1.986977381695292
6.527920708454793
0.30780163094694
17.94444494159211
3.887604006378064
-2.874495606708714
0.8445979954250471
7.854348622039698
5.088920789402768
8.644115059102349
9.191657185844033
3.899433202592293
3.759312837663267
9.531455324339664
1.3273390970008725
4.584196510450506
8.980089751267656
4.210419291325513
4.774032829116691
17.443341837121427
4.708455437426014
7.755195560906213
10.607366251042503
-2.1281713346652866
8.120860947629373
1.1823360176483364
6.972650648461034
-5.811516736155774
0.975576445483811
-5.083890179257127
-3.1555297368902444
-1.6384040761991105
7.1191865198381485
9.89656657861775
6.472002408042314
2.2771558088003636
5.587498048397196
4.996859318958463
-1.357089024278869
10.853086503625423
2.3166685965573315
6.8901792287553505
3.6529690650022095
7.926191268513396
-5.429698322186866
-1.440604793535197
2.8365183431568077
9.591213033053709
3.713700198497019
15.25104752819319
4.8774511471112785
9.874891459470097
5.112256739593398
16.20007452090017
2.3424031835285666
9.037676723082154
7.059998434379452
0.6675463595062521
18.602023435732775
1.901892963737092
8.574497639465047
6.0618403478920255
6.21565565167532
11.052153182165053
7.810878879847542
5.892863409205515
15.337455071549382
0.6436608517774145
6.964097115595437
16.811047697423742
6.359150347707425
-0.33872342851178194
5.3358980979993955
5.15260329278048
1.9460076687604748
8.428117240496405
-4.928427785753865
-2.983292222959096
11.877027435335947
9.380946814408375
10.604583946797353
4.81885474693219
10.398166498295604
-0.11326067782537574
1.0063862084703903
8.166101059963562
1.1482822518943108
3.093628781484991
-2.648019147168098
-2.0700374643669024
16.787529250409065
9.289395101743981
16.284218187382926
7.875902922748102
2.2724456107617934
-8.963251051794058
7.818460499419938
2.347134644264487
8.187540905667271
7.509269734068251
14.031519757799288
10.049556512115634
2.6868792558588597
11.496744529064237
11.34730332751016
2.066542413802399
14.447630644965178
5.467473484574226
7.661406723039709
8.25275429912361
-6.094597892381302
5.756129669126565
8.01325122968925
2.4181970939561266
-0.22275206635104006
-6.686682506139434
3.9706877690589644
1.1918292203534184
0.336467210830218
3.09111012433833
2.5627425375170474
1.629012922806023
5.740000765768622
-1.6738068031204678
4.108249818499006
5.738874223957477
3.466904649447954
7.4253547702557565
5.977603692755584
3.4741849012937696
-6.2321667748198095
9.312922108777787
-1.3268401174981577
2.709132613812055
4.216274932561289
-3.4352454335450933
8.294144394089209
0.2671151207567548
2.76919854187635
15.345532964638018
-2.558664861643379
-0.09140334084202006
-0.3491659658151631
-1.3526151398177548
4.427611735109222
10.50827483082849
7.769273662738142
5.314103615951806
7.703637202572309
5.5855562983263205
-4.505143288297834
4.5516065997824215
6.007594443246619
1.1709002465778537
7.5957492769411115
8.173867980589579
19.11557935569342
-0.7503719264747919
10.66352343442608
1.7668887114517675
6.511238155228294
12.293246024399073
3.1425362414535334
2.7450670003700783
-0.6927444823524604
2.6186341087890455
0.09846991277403738
-2.208560149843793
7.9259378225309005
15.49328110779437
8.119639548912462
2.0769041491498887
5.705211955394589
5.307383510292645
-8.914711669778587
-4.827271515945899
9.40317322444071
7.40077406728021
-0.2806222663392761
1.1992766845261045
7.284793489864282
3.6914361506999844
8.312026042392322
-1.667903533355199
1.778746100531015
15.378206887299546
6.946492797751837
21.794791899967038
10.622953326635415
-4.173055386915513
4.606105677149463
7.2988331373763975
9.495871999606441
1.1283967738330496
9.342597700444816
11.976631699041342
-2.455287903533069
-3.0819067732566463
7.736262142648875
9.381991489273613
3.2140953816236895
1.5306840296285662
10.106167540446243
8.377365331586862
4.388155729424425
-2.0234094419171154
-4.559988184719488
9.952404635890533
8.827155163457824
10.27588667157887
5.406745981461616
6.824901504665965
6.396397658944021
6.439312229320744
7.46941800477683
2.3207387271488056
7.082154056930502
4.339895676640142
1.9821075205973693
6.141559485595168
15.41120053920792
1.3625314912240454
-1.8702358238752836
-0.7566451606256965
4.979153417137166
9.715142691248765
-2.5964935817197388
-0.9166113479995133
-3.842323881505904
-4.27693475340841
11.504783136148536
7.351888363168694
10.985314864694317
15.366062814671038
2.6552155365651133
9.41222395196153
7.54336113958108
6.8272850324116305
5.63422162201178
-4.664340511632865
5.694947794966718
8.978571133338184
7.829005747790532
8.642478652426156
6.116789189820096
7.621135940380937
9.359694479916365
6.3218872095728065
19.769877243303338
5.802201335284068
10.74873704568735
12.226436264493874
7.732310843269795
1.7334449858164387
8.389525075364258
11.020843550019794
4.146136643207568
2.872275372830854
-1.333550163258078
9.83061190675178
7.58868189344401
8.436804906065934
3.1284203919974796
14.890917129609406
5.9661941663049
12.096590939341294
1.2920187042922897
7.857636491411613
2.1102855073572244
0.5108776042430381
7.885772539557575
-0.6261373365073721
4.9435348260583885
1.9588658040264257
-2.1826815615936237
10.901207942159406
-1.551251554667049
9.027199428463115
12.262328177784177
1.0344727688333282
16.461597088704963
3.7396378831240464
2.608698560346678
16.164270581045226
3.325435558669488
-2.491097608563834
11.524372847920855
3.8550196419081293
9.902225619056413
14.68040235279405
9.370006298028457
12.801674955207236
1.7990134133787081
7.327169368533571
11.128536144444787
5.9762013437059025
7.153706528068942
2.4081947712150598
5.864648619212171
5.770189785435462
1.9766414289349266
-3.0421792767903106
3.9691526584975936
11.11799580804174
1.078956284729201
3.8874041938623307
7.841812257059644
6.48323894160984
16.842694796565418
3.295455067330102
1.7739674409939972
5.006905144092088
6.096512418344827
7.473579794364092
3.7939084851478486
11.312757761454783
-8.93785850524277
8.30567997250214
11.754706429012524
8.187748854309596
7.147774656809254
4.048265643067319
3.3692830473068685
2.9929643653188567
14.02072929558037
7.085871464929901
4.700510577719752
8.369370058485059
3.3395688930962595
6.546546510831767
6.875498834789214
5.995425374346798
6.424900179136387
-0.04719106124769912
3.9414559087967973
7.063192654974146
3.8153672400064274
4.117568060706036
1.5735363429140246
16.07615396155814
0.3428682132955494
1.2206562728589465
-4.356484443761156
8.91285521418321
6.2786084031032185
2.6556026089880955
-1.3719194668941848
2.126791604216713
-3.0518067979557806
-2.207176961939405
5.004575295191259
5.082293783932238
-1.4259320875463155
5.76467442003114
7.469321584203887
-2.322603428447529
-2.7885802178307078
3.9134840945845215
6.535745679676351
4.947158310944673
4.266896066759995
-10.666824819720626
1.413683611767488
1.9541160782985596
7.341520159352276
6.470344901987975
0.22905518967887595
9.0793850836742
9.63684691349336
6.096422663667373
3.0798520354435817
5.294578070353083
-2.0549542667389717
1.7495840841201111
-0.0839045335295916
-4.2581864383287265
-3.2273659484304815
15.088655171643401
7.151737846202579
13.254345491458594
4.885929582395621
5.037564030963704
9.204729694832366
2.4115310568344692
8.233307210233185
6.956912531351028
6.802027412772787
5.140374885577268
-6.2907782654614515
-4.76743306642795
0.8805016657034161
4.256832352924529
4.189474915191493
7.712232261294302
-0.21151884049300662
-3.1884056587327603
5.998782676837459
7.347205197915019
0.2870287690795128
-2.8244728558189083
5.833721998804995
5.631324588547297
12.787629853492376
7.08935051998873
5.291400114921023
3.3893499937956073
1.7070052077664695
7.650134608778249
9.977709692687739
-0.7758748331466432
4.073469948124246
4.176653773135808
-1.0770253920615431
10.969968610887285
2.9102507209173534
0.4561737486238129
3.1032978060303207
0.7422094086679492
20.671745451442458
6.100007762468136
1.1897068936715542
10.142846281431542
-1.0526073032096823
8.149128006261172
13.26853694487363
4.995578001930112
12.660595630784254
14.113887778335856
3.3347397917975004
13.850413222435582
2.747616243075483
8.320103492379168
20.387438769694167
12.142641292215373
6.8700788803730015
2.054419507316962
12.679825595307403
5.865864686324778
-1.2187674968873257
8.058680099785052
8.68460314074593
10.023141716597316
-1.7921633718313053
-2.0632032922311074
8.25174895991559
3.4965330858772505
5.165320150448807
-2.200402792813663
3.8223427051076033
7.780671807502942
-0.916271670454309
10.750468909388767
-1.010034292416412
7.3349209229348915
-0.22645046666535107
9.330257758563194
-2.600494719308273
8.573841074613188
-5.624859899440677
6.721016271155478
15.129380713294166
7.058628553317911
6.834721920731939
6.314020440077542
7.146846924891878
-0.41665620628130373
7.356148823871834
6.261326379866075
0.39771922089597656
-2.483938761059833
5.389120737310174
1.4148244726129477
3.110702620255835
-1.274468023929603
11.403950803831826
-0.5569514961214468
12.572706703869876
2.5286290420950643
12.55933707310382
7.581829813259166
6.095298781072826
5.949181423072141
2.9620999649336763
3.039101730109472
15.90582518408075
14.06314901791264
10.792006249219673
7.0448319757065665
6.888194140827209
12.016131965970356
2.4107698693869133
10.033702127453305
0.04502918159265423
16.267448815170596
7.169040833745681
3.8256167624004918
8.472115410981791
-0.4282185497362274
9.84450351750983
-3.6882478753050796
10.642432849953362
12.262339777792786
2.27326908961473
0.8674411618463242
4.749925764206237
-2.114683212564141
1.8212475695629395
3.828936888745057
0.7327794334469342
12.577453117928597
1.3983574685692557
10.329242887235477
12.421032927624347
-2.0443294179768428
7.570586298385126
15.179359704139808
1.3645536840986559
10.117610201726512
-0.3788459491562399
5.764419084078785
-2.906699280400481
5.026877598707133
9.086309643871674
6.197108290718617
8.55823913216955
-0.11940812419589353
9.249304432111837
0.1626965429690168
11.715516464259526
-1.8023326574602523
4.040656702711731
8.858472733487368
1.4912155740056776
-5.569681701590524
2.1677305420351765
5.426215438388663
4.13210863378062
10.14579326180636
-3.2974941946299072
6.2197065867745485
6.87752530399405
12.479330002220147
4.160152628942856
-1.759391006943832
4.0325933827713865
3.5774736306656596
12.370877898754411
4.306121824401426
-1.6406653188332907
8.828180575929732
0.8918616561664177
4.567451546200663
5.131828195475376
20.15028249610357
-0.37421724711890114
-4.352193263286605
13.514630289338491
-5.358523448463332
-7.028144888828734
7.658013820192873
14.96842110980727
5.836003229816164
-3.056101814162812
2.197372312144644
4.7767734943485305
4.991332498964116
3.9898691819440693
12.04109992427161
9.567903301764684
1.100919355784115
-1.3049323745563015
1.3629074784455328
-2.5910650355690334
-0.4074867427336262
10.757758121802972
-3.474038524874956
4.872303052585764
1.1623087046069478
7.0055463547357455
0.6402795352263739
7.3040968862576845
-7.775868037460073
3.253509758179124
8.376550868349373
10.255320909525246
11.776843460424152
0.7526537544513028
7.932149625385454
-0.5425125815673439
7.473060399403053
5.283449925944325
14.420521910333056
9.80346720050301
-8.314544006687424
3.3725991000423665
5.211754458382653
-2.963644898286578
-4.636860946086321
4.987181031270296
11.288619817174602
4.663474267959955
3.339773733966258
1.5343046615097604
8.663303235971526
6.807251461157122
-6.702665553003888
2.16674041847853
10.692032812546898
-2.1673189052517987
7.545899578270631
9.254934834279936
-0.28280052471120776
1.142530333784877
4.084159141481951
6.072154966106373
-2.1296680030379695
0.7671192352762466
0.9036093623988504
9.829603664059963
8.490664430849572
1.8056826211813257
1.7343496503756648
3.090783259736445
0.5783360490326466
1.8590612711289118
7.325283873535511
1.4431602047705328
4.718977214087572
2.6994628857326908
-7.719059832623657
-11.471702327041818
5.797984907000074
5.699156744269278
2.410681862741615
9.202794732234437
2.1155594872130044
12.167012538157302
5.885865704835705
14.62941968151636
-8.761093138886196
15.268667292070855
2.3814809988693972
9.701833634325137
-4.044893595993059
2.253651038112808
7.118740271658732
-0.671964877284136
4.542006268427409
0.5817554409590004
10.765074482033093
10.910905588014685
13.060403484717622
7.404529583729517
14.100049450676055
3.208039671727935
8.763341934915864
7.8801662869945055
6.2124641553752795
4.801646155767041
0.8795522808858913
-3.0766364298884845
3.077364395023549
1.1042395437725734
-1.749415090137603
5.849346179591585
7.780751771920203
-0.7614590911319965
6.023305264956618
1.095322903815196
6.192453875683541
5.376169679443342
2.3313924250426155
5.418519667673223
4.716870186103174
-6.434856507564481
13.474733570954282
2.422826226715403
0.1683288168048822
6.784879167611105
4.242036207185309
10.315319169249708
6.189513952581944
10.427845165443362
0.504997186350649
3.7236062234294365
-1.6193641848777078
2.6723758010234873
11.503426383575771
8.77466897612015
9.59448863757907
6.059209593294367
4.7544110338873695
10.919517509724152
7.85331463770599
-1.585165989054211
8.553365375260881
11.948050600311664
-6.222244053236752
11.3234116082679
5.8675677081506725
10.540297608858838
2.1090492838054784
2.21059158079753
-3.0143920695854867
-1.4344849555102543
13.546998194710943
8.160692886202936
-0.3276171294554424
17.86017495627302
11.318288665573428
6.5426961711596565
0.8763480630092335
-1.4053772604602521
9.186604111096017
9.438883162791475
3.2223981890241804
8.023780025023989
5.292166818317879
6.486263659477197
7.904010029384935
8.200852557493306
3.4558882383883303
0.6641437222797961
3.8114154994444256
12.265812830165515
10.562304474549478
-1.8792599910704686
7.506092080201569
9.739514209667583
3.7335668830029025
-1.8198781328800395
4.165689550254823
-0.127027706047679
8.741767873177551
10.700578661574854
13.88783907131447
3.8552478324678905
0.5834687285428695
6.4878966716390805
7.669301859994612
3.8884308579468203
8.804080486613833
7.825268056941157
1.7103437363479062
8.998906187814637
3.8047318565930963
5.7354296666386615
-0.33179056458996037
-7.481252385739262
-2.4143983002155114
6.695572081557723
2.8388003231824555
8.579270061193501
15.417878997729579
4.2524922632123525
5.373566051013588
-1.0010120443187018
1.1618236440231131
9.690970771966512
4.750140881724823
4.410393039272853
12.950563990766552
6.317932496651016
-1.5169494477384111
1.3604649252805476
-0.6882153131395157
2.0274172309419547
13.409483000691251
7.027306597879778
-0.2089457300375832
10.654600625668717
5.053091741425925
5.171263047810929
8.395431279062116
6.628182848662152
0.017279513467132634
1.28049980166183
-0.363854881646267
15.160997934770077
-1.862412931684144
-4.187088536918875
-1.9908450554341872
6.782174096648795
13.099886314234375
7.137442740743342
-3.2762309079682748
0.23407951226991885
6.851914054631307
9.639784479531977
9.117856358420397
6.019227473186107
-0.7157145775486136
0.6833622718508137
16.537268481194342
6.002010930423371
8.337440320368554
4.943567195245743
9.633166016581487
7.323906571272362
1.4381500834613932
6.265063874522442
3.61530472818518
3.127592800294534
-0.7954108009157466
8.401253310124545
5.14604835952511
5.897551642409917
0.41302159369568825
2.308162847382627
10.546657362182309
0.2596487776174605
5.618605528606432
4.428175184929294
6.23462255860866
0.6139116013152561
3.927966174960389
9.158593290320312
2.4589137572790776
-1.8220602899573501
9.217148440633526
0.6108979593144279
8.472510233877042
8.208298249818672
0.05797539041780686
16.73199013921933
8.699120540114787
-5.903472970063451
10.185150969976977
15.073282525719533
-0.8143453613881673
9.719879191174098
9.987566933308727
7.792924134407436
1.3929236170438224
3.977811965864319
2.991531916627767
10.112980231101105
5.100956231818098
6.679263779822298
4.844462693301529
-4.702263443815347
11.760007308825735
9.713482163985013
0.5032010360541443
7.270933587200281
3.7854742355046676
7.953382874252542
6.070425012275351
8.222675227817017
3.425076666038635
6.16649977228794
3.356094778804916
2.819951306831717
-6.310947668135968
-6.049938916162144
2.690773401507798
3.3296642174542126
10.785084169608691
-1.7302142806664564
10.84730827152654
1.3622341987902464
-2.404655615481283
11.741133046922915
5.383696590355672
8.674076416482722
7.235436320841091
4.985431779233194
-0.5744529595383105
8.426376317373727
-5.1090918724974195
10.260441185846716
4.343208203707479
11.838252665641019
-2.873763739099415
5.603991376947868
-5.109064142709981
12.890799232509934
8.159776643866905
9.265960281462943
9.155851144735035
-1.1563303248486374
9.876975655883337
11.170787730832952
2.4089477168796867
0.5057323051892619
-2.5604271173485325
-0.17235603340284467
6.744248580021188
7.862137459703809
11.499317427223488
1.2569607240452365
2.0461369134038057
-0.08753014809044224
3.2769212715894174
0.38449229533856055
2.2691039273567637
-2.205294631429247
0.8717991725983685
11.926442206868387
11.060043953913237
9.495483973414988
1.7456295896953988
-1.7788980594955088
-3.8091686780398506
-0.5453145039101264
2.5233109140257857
5.1610012889588806
10.481729155946162
4.863836486623496
8.286147222900313
4.9206234806348474
-3.43966100466439
1.3039737643656037
14.18837504060141
2.227954873622817
6.2818061346655085
7.453498975049076
14.494029646184918
13.128953823881284
3.9676896589378883
11.296854659493812
3.818123063287448
8.231679723144424
8.080271036501824
5.636054585950552
6.472354339388119
18.192254190570445
6.081586927796618
5.002548473557486
0.3793552362874615
16.406325560621205
4.062652174671378
7.1673473432595
1.3092401909755895
6.891799972027164
-0.5628713833208008
2.377407932405096
11.355001788885954
4.803993035071123
-1.9156380520396592
14.729994799251983
8.307774720467378
1.5002419534332954
9.075775409409118
