9.018671798600781
1.9612822507449517
1.2134068941289362
9.245391354447028
8.23168951457586
9.132923432680684
13.271708825238289
5.966759571184175
5.238140179458775
9.471518647237861
2.278473512974211
8.42927237148561
1.1955604165631692
9.243138560252095
-0.5196234012689294
12.249825876858552
3.369294031495563
4.340342789993533
8.211195448566666
-3.100548996414812
2.4980171233146975
4.594978817359012
8.314079720080347
6.976017815574103
-1.3221688192473504
5.380365864465797
0.5427349770297614
-3.9711269045118396
0.12625880918212662
6.427607408387988
6.997284526532135
14.997305574291893
13.03152483003262
7.246821825060741
8.768388776691957
7.149391702497899
6.531390910582852
11.77948631344844
5.442001773266606
15.96702667144557
9.38982884247159
4.6073539571002655
1.372546991317579
11.954024618327646
9.09898691884938
2.6304951905110845
14.962429020816069
10.946656310486361
3.360849440132642
4.162572797628619
-0.5291652890298675
-2.8087019727505584
7.688704509053798
3.9636846456338573
1.4146679789122478
1.2615956661986347
8.660907362796557
12.645879530612618
11.809441160231504
4.746200710733642
3.6789071496127557
0.029272850054940847
-1.5721029297462765
3.608026453046845
8.414593100154615
9.630373047283998
9.58602545355309
10.861578869822097
10.157567387099746
8.425424637764149
10.85928732737154
13.61762622084705
4.605945150979437
0.21271773576739594
11.48084020616582
0.9880142041408142
12.565939674190782
7.386741250276556
16.887405524953287
12.316649663412747
4.013800729173395
7.053607964484783
4.049614606055019
-0.156639710973562
4.128858241390396
12.333372830011303
3.910878523997151
12.806554618668546
8.098306202559336
-5.782818064705431
-0.5544388012972767
3.605370002182368
10.01568705055735
14.815937056043113
9.118361771129852
-4.176545137170542
-1.2747361505648422
8.991571778851002
6.551076127695965
6.7416333383461176
10.965436109903681
5.265280535413114
17.782138742453455
12.329204261392041
4.755243694429078
-1.6260197606575462
-4.8172579129105255
1.6304242859936906
9.452281735437285
-0.7710535729819696
13.803028353819627
16.978286815775412
8.634447733016831
7.242813805345614
10.029283893276379
6.422998064736883
20.415506430417608
9.210584488034126
12.768738112189281
0.839009750444272
8.280426935317855
8.20796151923545
10.79466686010935
14.0165949733846
7.645985011534656
6.074834867847346
8.684385558883848
4.107673957271616
-1.9373752747417612
4.8758293202418646
13.281392842603593
13.416365737649489
10.293980237267624
8.839484778268702
4.656996875259107
3.724566891983275
2.7592222689365427
3.0039573079421755
-0.9254373688854711
3.381521300720533
7.004272892884931
18.032508299891298
5.983218100228124
4.617951376179803
1.2521753466231598
0.2305921219402851
9.91733808373456
14.718607825092752
0.11052910063779553
10.405111788516152
8.22739454259917
3.8815819435460748
5.775008496641767
3.350353903541677
2.8568472274901398
9.627076928489071
8.912586592845432
6.0850994781621415
1.7488787923623246
8.801619207318488
4.406657821903606
10.61561472021034
20.379232625440658
11.33161431146511
11.515761325436436
12.954320364721095
5.141417900779925
6.415424188661256
5.8357450722029505
0.26422590681410174
3.925665300231197
2.3792799137275167
10.498728988317678
11.020785197495854
9.595132718271405
8.392966128898355
8.800817665632154
4.686384357401383
16.543972455708975
4.42732472043915
1.902020279051647
5.157642729888716
3.843617625211628
4.593950184589251
6.967116265803854
11.069457720728765
3.657537340751278
9.277420438626766
0.16670357763067223
5.508096829921852
5.9266496687350045
10.126105607187881
7.721689880851205
12.367696066056652
3.199798094091315
-0.06763807559901824
2.952502631909125
0.6997996986519857
9.580878095629716
4.08813922077674
10.047839893766037
20.55978169146258
15.413107769428635
2.7236779107560287
-5.222938499274587
10.709489501701121
5.392555825874144
4.395386028760452
8.513222646669478
-5.345760296900009
8.513033285408875
-0.4665106902632674
0.4971016565215107
8.72650280507791
14.986672967288127
9.07133502892153
0.19037084553824357
5.873482589629155
6.391487439217729
8.005705595550385
12.855181717800377
6.274773007344267
4.560658400077766
12.921921371502217
16.884809723374786
3.416013789780884
5.278507766195474
3.049580064241377
-4.528168704538174
3.213779085934192
4.196426389238203
2.0614844307181452
4.406405219259528
6.520326778422539
13.782957971698648
9.137615129130161
8.20501389918847
12.263634385804302
9.407997028885951
1.2684683394539453
11.392983372978541
2.885909115628988
1.4197048114425703
6.145058652941576
12.55912625199774
3.966182463869086
13.479760256264498
4.97498762831588
4.504815171033105
5.487152099816199
6.620013866736599
12.670001252726118
5.191375837473755
-0.1849737083203502
10.412173525334833
22.6557611608538
10.227586252865875
7.061757994013194
-3.4491202291566445
8.866002529024339
-3.2514409025189472
4.843482415074264
6.469776399613717
0.38597605930403134
10.554577183365193
6.362875605748693
-1.4713044928055146
19.635570546545928
3.0778454915327993
2.9641484152014126
2.575928363521456
6.123460078937264
9.509436458408489
1.8501738486492583
9.828342461023876
8.342875135124942
16.36797115532659
-0.05493036747075397
12.79077099342085
8.68593670282183
11.942961031305302
19.966204060604106
-3.8372635204964336
1.1008362580722153
8.665106376042356
2.6086265303774097
8.59539349025848
-4.917106955459811
10.616276304418271
-4.56628633852165
-4.361343175933394
-0.8910947819849833
-3.4280966872971295
-0.7099233171843862
8.652200434179383
11.929130946639981
10.6264432446531
1.6006507680802171
11.505140621865607
3.701666023571763
13.416487246381022
7.574580417596464
11.822080355370396
9.180925954589451
16.438298658336656
4.058685023892746
11.68320228070078
13.17400554400728
-3.1268317417719746
3.964943165588597
5.918439225380068
0.7199692646169105
11.25220707206392
3.8941116103104245
8.127568344461933
2.801309776264622
1.7852108750067197
9.103677060508057
7.432412503071274
2.843789464764293
6.278168904498325
3.1026723620531143
0.9374371621583366
13.857078151824574
13.952070516299617
2.4019382737306008
5.2092055936912445
6.813023986842147
19.421660488488996
6.562070003140318
10.498963498555302
-0.09123411969743778
4.545156381046586
8.523313905523391
8.004202737871935
5.388804295393361
16.97962937539724
7.048356296484092
-1.3871093405468278
6.425221147721861
3.466316415440611
4.4180496571932695
11.359823804596463
5.2936164536572665
6.057505050629569
-3.8585905474546642
3.748070529810254
14.212035041630838
1.6733456826098472
0.7296907576547964
13.096320757041852
9.983670468704773
7.066631406406527
-6.777338635985354
9.413636028787149
5.369873522798885
3.53098255283719
3.4953786187181373
4.52597799385347
10.388437008211499
3.5226857404722316
10.34962706242094
8.309725821297043
14.262242171960782
3.469979631273876
11.779733857392902
2.0453022931994713
7.134760685330265
-7.3585976877709065
7.381964963082356
3.2468922825337545
4.7827744100104645
9.435283791168377
6.983096810685693
9.482747460262793
4.141210430382686
1.7701885689517551
7.883031551597174
-4.003852972213888
5.441933219077956
4.509527678421559
17.93694979954633
3.994618840019534
-0.8679977086050332
14.535588354907311
5.125465032325156
0.5183185098043994
9.92908838951928
3.1631640720306975
-1.4742220842092237
5.620565517064563
5.828856267209163
5.8468600558569515
8.893950135658855
15.743130807637533
14.319122408234865
6.3139176767930545
12.840837816986403
-3.216684917878597
8.713074235177643
10.668200840674164
4.00269284170077
2.026374599087585
9.606275641952692
8.173025254103443
8.59510117053381
9.977326729276943
7.706689645609702
8.50128203927749
6.8253029620792915
8.299938027411622
3.966311768506672
12.989461526519783
-3.168940493351858
-1.6197590823786747
6.149377774193782
5.963637019326814
-0.2804042315047015
10.044018528503294
5.185835030479036
6.679652876096462
-6.0710771886848445
1.2825736222855602
9.967669714099198
5.764064530081403
12.268578415713325
12.077686832239515
11.408299233614791
2.4906315596441373
2.0759851965348317
-0.4179644124941051
-2.677934680473463
2.823513525156413
0.2764533593570002
14.507924998516629
-0.740185552067472
-1.981313098922353
11.595496153957207
12.042319683879626
10.886561922977865
3.906852562062491
6.4555220004982985
-1.8718445423772936
6.332536873219517
10.423817613387879
3.5834504918980272
3.710974289584753
3.2252150706757123
15.217411232784869
14.5530855722105
-2.0434334354760946
6.9223821253667515
-1.5655980280595552
10.590580516103582
11.672069036468177
5.460953573506842
-2.4505024288799326
4.723693523436658
15.24370859971273
6.5076146034331455
20.85572499985279
3.8894053754058624
5.063933284395072
8.651251322476273
14.749936089594733
11.32401168591228
-0.2610816977693933
-6.49555186201118
18.02929538954974
13.340869685004296
14.620574061495159
9.585626763777771
6.304077348763957
3.234036803659315
8.858712271508885
6.771017326599834
4.419271788667674
1.9468558769185158
2.4124554167794203
5.100523710578476
2.8613021524986926
-8.14437105975264
-5.381604268134172
13.537306167475968
10.169178562689071
9.687982396701013
19.437437163760354
0.8824794953645334
0.9673751679223148
6.088090240943828
9.601760296991888
3.330590318553578
0.668651589922562
19.793966576699685
7.597949324889818
17.875667617937864
8.12286037806468
9.331031582635598
16.189729005313914
0.0067289670115462386
-1.5175693340431717
9.908357944013979
-5.14926775141428
2.373193882618801
0.2570910437954632
7.010380844300219
3.863411488665945
-8.966262300976528
23.993190163875088
10.5572698250214
9.512973024689806
0.6566073055850978
8.531640681815382
8.012941304821444
7.444300384507782
7.56847167806686
3.0504975487007684
15.84788657970251
1.6992706981813317
9.659170861807418
17.795322657222858
7.231116174863161
9.26705198326329
11.350304600632313
13.881380245454633
8.313186901689388
19.461245213173555
5.777381441160276
8.847098579963344
5.618888861570719
1.7085600058879002
-5.234182625181342
-0.385598474648563
9.807169132908038
-1.4418946346792314
-5.380944045868233
6.436853030133573
0.05328647702262845
9.033850598650805
3.4570211771765536
8.33360630839432
1.869326534757592
-1.673586167282771
10.567666713000564
4.1845848877814475
10.876032826796825
-3.402904784119176
6.598104625826951
12.516433109519458
-2.510102952493231
6.020182762290093
4.420974797819522
19.50613534391533
7.132025469108809
7.225263505673173
14.434792896636885
13.825911852202129
12.916130578379688
19.84332227747601
7.981716581912329
1.2695219036644145
12.124910191841202
-8.174471306046422
3.222501828859139
12.650581592077156
7.1724478626374495
7.246066662227529
8.927986243620484
7.3201516286486115
6.4001470402279335
9.766097550247617
-9.113595198607163
19.142633597164814
8.125430137285008
8.210109644068783
4.977169216785506
9.865420010954123
11.34043621165646
3.703275033140834
7.591774083946941
7.4982414304743115
9.46600219501053
2.9560180848720403
6.2524001418212105
17.231673161052793
9.530326944437984
4.905330762344732
7.834104753488788
-3.1031162132569
3.984364730803359
9.976550334980912
7.8122295612633925
8.719021505127943
15.394144152242148
4.9992227437569206
4.099645854612659
10.980620522656583
6.770588620075281
4.507329896505121
0.8833008164027447
8.507772313244601
12.695158789809819
-1.5923480436072879
0.4941458505017149
-0.07932032610629847
0.49960928892206447
10.357106808735171
-2.7070723464497757
9.851659713192644
11.36618443504476
5.39639394313561
25.233645564813866
4.153458563953558
2.995234455699632
4.942235195468888
2.700700238436032
5.0760514792112295
11.71311348078985
15.066513157363188
3.270858191160185
-2.534415296251403
6.648530915116187
5.544134574002552
7.311821440571419
4.647893872946019
6.455518585517595
12.967520463116747
6.665160375411546
6.052254664988853
4.307144681771213
10.843116479344117
2.4868341929173337
12.607587761255871
4.255663798003744
5.228067721809711
-3.243588480498442
4.540627288011783
4.95411682769879
5.430308970502272
6.445104879010026
7.248111963357856
-1.0903916392228608
3.9486518437070934
4.33984685400231
4.430140852183219
2.811054845648075
9.841121365190268
-1.797775171422317
1.6499102318058965
6.056870521907376
2.3897549803040796
2.671172760044084
-3.7100790908498134
23.800800281211856
2.7586528895341282
10.206142684411065
6.62649033242713
-3.1951104392143215
-2.087633529491315
8.166926636810466
0.5288169647451033
-3.2453459671504366
4.992520427334958
-7.398390083935812
-2.025576786844292
5.282586935385823
0.6315659214107159
13.529399831054734
11.56748496136506
5.1345099871742645
7.757390988836687
2.61416801203943
11.251622243988724
14.26635576268558
-4.291661011794508
0.24291276578409438
3.462065776077006
1.186197716491506
1.960590940489423
7.271737518804343
10.741145678333579
10.225451031770731
2.7388239314265026
4.733899104701732
6.919812594910646
2.5708415980433
-0.798123629885132
3.9498802442721437
11.918579318216562
1.509447138741149
17.873102943479473
5.247551438350303
3.550340803969862
17.907200887033717
12.242712081887923
10.466981195316317
5.082012150079117
9.85838974596316
1.4547213718414254
10.629613017478512
-0.8601298111834144
3.1845137057638637
6.439516248957991
1.2218996763090066
7.223744710778766
5.24729715066719
3.6637401897264894
-0.9655552967615808
2.920949600758677
17.047278548526798
9.026051772460576
-0.30414408313096963
5.117414461574365
7.090706632711371
0.28834001680282917
12.526068298464068
10.074353837173254
4.85678312218417
6.624797322715295
10.568175400026057
-1.3281172606519203
4.649820667758677
5.950274771207888
4.484906194870571
3.364993968262958
12.39140177688148
-6.144930686793831
2.6626902268520483
5.805077969291309
5.048346502056683
6.383107067963979
13.68848719491579
5.112071953704563
11.490352860988164
9.08736748747583
3.889012472894068
0.721151925125624
11.119235534546725
13.753527192468285
6.236362960343412
7.362154892997587
3.8899811400787265
6.267239362966264
14.221445206336742
7.066770401635145
1.318435675606553
4.936686330566148
4.063259527481653
8.979398683856896
-2.0245472549415044
9.191502526033428
4.067046937928488
1.4930031019090757
-1.279212286997521
9.758008155482544
13.258384794728912
1.9523773895324323
12.702551111855081
4.298873237424723
20.45249861523677
10.492335718966958
6.261115017635429
15.166077015992387
12.355713204949721
4.416223205880819
4.485794240162698
0.9265753377456383
8.260887565321267
2.724561019842431
11.235258578082993
4.09888515941118
8.706717051153731
1.8982178564691266
0.30555450930516237
7.600769059138651
8.251073937358106
7.849804897678368
-3.661744645497711
11.794092767061692
1.6053986195576417
9.507279051156523
16.10358662525257
12.879820500090858
7.858945870430784
6.576868262378801
11.33296260947522
6.273559722983068
6.03616129609471
0.39247337695119366
3.914650380648543
4.773760361732235
17.759769856716595
8.31092225476355
7.12664037736587
5.9208893106968805
11.43014790886336
2.8300028210070027
3.0709914593813283
2.9116643888642613
6.394757551527851
7.61829584421041
10.581043325960252
6.416263523014058
2.929087666870076
-0.13566170226825403
-0.12504862229183722
3.077978285574274
1.2416175892336643
2.914054493871712
13.958396161253372
-4.66922908601196
6.437016793246026
11.719390673557845
6.665239968259706
4.719566843435598
17.249216058943887
4.680264030270905
2.7195243993360485
11.165026744896174
14.063445142528924
-0.6918834418680637
5.16713030700285
11.443215070683639
15.789320221693947
-0.9646633524638197
-5.9133524546085106
11.834547994707002
14.306270935125776
12.438845338427432
7.583136846924478
13.395085079904575
9.660647686166417
-0.07990572243725325
13.51997895993953
-1.8935074721253597
-3.973086089456592
2.7340460569732743
15.88573469791161
10.811385269395613
13.04564223856191
5.072707029638577
11.002106570216394
0.7751483914255006
17.273329127522082
-2.411009575834637
16.308722801253143
-4.678364223515048
17.283665418726923
2.836774232816663
5.349653462720871
16.50544652757526
6.6764295162793585
8.938101516421257
6.884759878344427
-8.490086113270529
-0.3204534782644437
8.859900050245512
15.967722089425889
10.970166825381938
8.38036577034883
11.097649392924387
6.858961880457313
5.716474120882317
2.272158677149133
-0.7302289617582751
1.8215571654769347
5.155048937022854
-3.721226713719199
10.284873803246157
-1.154489009863683
11.217928103664377
9.613174155500127
11.011139943957232
-1.2154007107328768
9.393414590308346
3.7316305324654078
-2.659215243048351
5.14476810418501
-1.2532579539792987
1.8865014748615385
14.895543343628258
5.116642303020644
9.174320924446773
1.555727611987943
8.115632143356965
8.713416702233225
3.373841953910216
6.930345875211336
7.955098517417591
14.886454297620062
7.556887857302135
8.554129037909021
0.1568404853735812
5.947584602012889
2.143914666767991
4.132558007330678
11.109358268892905
5.593743731874726
1.9557283346803738
6.147575389599657
15.030535144143256
7.739060207745486
4.979646260552349
0.7059793239068171
6.895371965582399
14.441139075181454
14.032399333107476
-0.4536496863840105
14.49140490216236
-7.7964337346835055
1.2849128357943922
-4.713186222012519
12.026692292279687
6.398450436618679
6.734573525154846
4.531690701697879
-2.5832980883933505
6.7596118619694625
11.012548556451815
13.344653143447871
-1.0997117319993803
5.387855074409265
6.646552950224011
11.933480876091556
8.332393131204856
6.138764161813001
9.831727632044597
3.1300064118485498
16.875552341575485
8.425910671798531
12.297056388051644
2.9423064406445474
12.42857450847616
6.788824937763469
6.524127545930487
6.058568696023827
15.608340244779885
12.422529229406088
14.279925385796274
-7.507223771793138
6.184819778721695
-4.206688816066167
6.570130067728193
24.19260158362696
6.986675746543299
12.70667045256538
7.09080904875128
-6.69563486858452
5.739973617821897
-0.29054511714612463
16.624136940096175
6.1194547865242725
11.781381838462085
3.543487037618283
9.93157822553993
7.130771830031709
10.218327582727026
1.6705715085902115
10.093391931470151
5.192682008984196
4.451531168882434
8.503959392588055
8.432981942669818
8.954548019077512
7.862501445987354
-0.6623104653299396
9.022852347992785
8.86584427400754
9.319775781749744
8.203730583616128
7.6550011674763265
-5.726471650524418
-4.2669574938277695
4.300951521160831
10.627366150440746
-2.4977022751703686
1.9690453244412955
15.333895205997436
3.864701263591926
14.196978543533529
12.659132815122351
3.164296592232011
-0.4946877198420214
13.757874671003087
16.865962491739133
-1.413832777309775
3.6168790590937405
1.1082469693225807
-0.7902421457572899
8.425407137242805
2.509512405545018
13.18441704441099
14.147377751280942
4.273212620081307
-0.16761885631040752
4.822089179633809
-5.611514062991516
11.591447670419694
10.480224033934373
5.989863630235777
