1.969937404209539
2.2496693926890474
14.62644929574357
1.7334507432836066
0.020704778619482056
2.8892581076983337
6.8389486264064026
6.085510984245085
9.788624939742398
8.839017731724871
10.11341576809438
9.716931881660216
6.308223513969297
-5.149764995880286
4.480161926723435
6.543093857443241
19.34217004837771
1.8073097079444091
-5.448745576544631
7.9354592864093565
8.253162104658806
12.115468066582174
13.522523946781273
6.382260276061206
-3.897690084776416
6.680761882362108
8.325006931363781
6.286298273143203
8.510854998610727
-1.2595726536031941
1.6916533647940897
6.286318910014656
10.739087169081797
10.474245569357901
0.29427942752238456
10.758349188375973
6.377990076294702
-0.6269223266221156
19.911043577739626
-0.09503631657901845
10.223712587989818
2.0665582001200935
16.628333033684427
4.572853988801
2.738172142639951
8.19940915199634
0.6945496042990369
3.530810930109165
1.962551342828665
-0.7941286601376083
9.064213613013118
-0.02611907804915914
12.058060095256415
5.768268540915285
4.039744312550832
10.236483060469862
8.073901156836312
7.168115360411219
8.864908640499948
5.996040917336443
9.133899632442418
-4.579328862610582
12.661345684938292
4.35211904680035
5.464787427160446
4.929613095542991
-3.2141334070489016
6.751431530679478
5.92904168573061
6.139725413036319
5.370657573723189
-3.8970271569988206
1.0681584249309801
-7.81830174450363
3.653287107198539
6.866765786418946
-4.270509169949795
0.7125915242646093
6.630421277641012
6.756248750344399
-3.693497776801955
7.250616339997135
0.6007603930785921
-2.970369646876419
8.982870210957326
7.974774018630777
0.011565539184284823
2.8983757680595694
4.650961559813952
4.213366529329941
1.4868461653930996
13.450900785213546
7.011872018765866
13.506849374771809
3.6480252973993226
12.361975277203443
10.469062327358236
-2.7633019444199967
1.3659364319902134
-2.8181359604069893
9.031057765614658
10.362861045031629
2.2034411746513567
4.235542236377587
10.976245616194674
2.049098640494598
10.622976095327257
8.141043749313619
-3.7295128755428237
4.01439239448214
-0.8473082446779197
-3.9096825854793966
9.886343197232431
11.632723732635174
0.03193011071198004
3.132459574177819
5.210088451246044
10.100242423817612
6.342849385528497
4.092021106949485
11.520743845680048
2.9361091171576126
-1.9049732875897591
9.461806792454524
2.4786956859209797
10.684678173711728
-3.82882589347947
19.19096962406664
6.645600353353605
7.185833236823016
7.827954273023195
4.405642725382757
-0.3017231449164157
14.212916643305453
3.2580091713300177
3.465676221793937
10.16938245376766
-0.826498991522298
3.8613854850161946
2.7618980316231845
1.7800855430136517
6.9340290304286265
8.346041695487518
-0.5425908649661393
1.4271946160966813
3.2507259560035204
7.477506880183783
10.577009937731049
5.755597518379194
-3.0061945987564442
8.398848005195969
3.1387297816475552
3.611261953803348
10.341788534718408
3.6492027025202387
2.6782847121430784
3.2472064302889527
10.85594900678646
26.951315813479997
4.888332912398014
6.864989780990497
0.6601747412510957
10.255588548015607
6.060029462933961
1.1399014271174974
7.232236642681385
3.08716773092703
9.290535264306277
-1.9633192664569643
3.886731092133265
11.174850096529461
11.344729643068138
8.417035776171355
12.79938344775345
-3.2535197442365824
11.788102922110713
0.7361027490783962
-0.7578788917834123
3.5112678060424116
6.307464407322746
11.998571041841494
7.913360673754026
5.170145024714536
10.433391684965377
4.266516739552977
8.101402398718282
4.5382504227401155
2.824669376730078
3.7527728475125706
-3.7932992486364796
-5.4528206057464175
15.565345306111492
7.965963828057097
5.522267892702731
6.704129255585032
7.223153856207068
3.1640654307113185
7.284543562228203
-2.152540760550229
9.831799153944996
2.207458673912641
-3.715366929519046
2.729144761729695
-6.8472460059623295
4.736538862283442
12.721871974891133
7.248128094601096
7.876860126186962
1.64656124318992
3.9073526483086485
5.4984103570526335
3.888491047309723
11.172621856951217
2.479378112168903
7.332832707248935
13.966643864249585
-2.0540017403519277
-4.125698043584334
-2.7686405405793977
-1.906661356603946
-4.352511193441993
7.422547882399342
5.407681008718392
2.046156784336757
3.038085028955687
5.994333012812379
3.5965598555153737
14.562767717982654
17.93262888851475
3.2615880999895213
1.0323128438876221
12.232553470047998
2.2900881711434318
1.1275992501597996
8.784765655054501
7.809623732134121
20.068644712829965
6.00105356920027
3.982656468457925
1.275082272569994
4.708456652759491
3.9430761571444473
-4.2065060224802435
19.018129206133853
-1.8528350160971039
10.790439432725075
14.800892691429732
5.188627960557425
-2.027098595249698
8.526676998105213
8.274395162746229
12.038418221290257
4.275868912058849
8.1535433706371
4.362488936734073
15.87040706280552
5.87844803383827
8.938789932533357
2.622532140289761
4.349295342667842
-6.53429686825641
0.14504665209662182
-4.579941279433964
-1.7860408136286283
1.8261041102746178
-2.0038769123504556
10.277378032467704
0.5636276677347762
15.137824722119309
11.010707173264485
4.297108083472503
-11.365919181847037
-12.074633617207798
10.634983897796669
13.777779989421303
5.349108103501759
11.525648399650658
-0.5560399195137062
5.05338255110903
5.0373781237190345
8.32282388608369
6.2001538318683815
14.06085944298522
6.4632387043003305
11.788885245514866
13.982549092121252
-0.9123901414242326
4.87351263109996
-0.036821593636023664
4.202219541670885
4.1175465545346634
8.418355751062307
11.271759519334626
9.618644181227484
5.17425846767192
14.281463422244556
7.287303689651747
1.6748339903216776
-2.5581412115054247
9.989929257193863
10.100880010916137
4.233667054672052
6.461687929627108
15.600757232161648
6.524771284386411
7.011752513408853
10.205973486290787
5.846130601951145
1.9425138559888913
4.848924471410337
2.1504130955008134
0.25822470584157564
10.76062308104478
-0.8871247703436751
1.9176277488745828
14.921461111404831
13.225444793043534
0.25359879401014496
7.163547225975373
11.835371517573806
6.085627383192963
5.8806205252096735
5.4289054013392235
1.127548033184822
7.793279189724851
-2.5730949384405033
5.883520360657404
2.5874866016993123
-0.044715757120076915
9.709631523944918
6.222915159494676
7.989154208223752
6.164106636456976
13.75150587501477
8.316846135933966
0.0468015578921106
-0.839559154334184
7.720918364101796
8.984546029400091
8.660105614989629
0.46650764160019076
15.64044994692987
5.463240416139398
6.278234449641289
0.28390153358688064
9.943340851547834
-5.903671580041893
3.2012312421050124
5.651942968632845
15.901563645883837
6.582474468827923
1.4375867545804697
0.29240202945358185
5.240713668159772
11.899496181853502
8.718830256742399
4.554077626312353
3.3331416732035066
2.7137262695780455
5.10947740284703
-2.087721096772883
8.395565484747182
7.55341613060027
3.7637480632376166
3.061353967176614
8.418269710224818
8.478723192458597
1.4998910607845461
0.23663738842422255
0.9025835163568825
12.91660397040918
3.698041066562728
1.55191797507677
1.2781657941536997
-2.220570721208653
8.535481883438385
-0.07282841383795358
6.972861827070021
3.08679303187745
-3.616155269518643
-1.6713868192908103
1.3812588263610195
4.804867364219037
8.998044235499991
5.7595000022005385
-1.4347332581668537
-0.856836651238579
-0.48249402737663694
0.9675604560052107
5.536687668714759
-5.492835794529327
11.388771661138549
13.54748941078078
-2.3372859841489717
1.8451072772823096
-0.5849804049360676
0.5648445602954313
9.165166445742344
4.251302911484659
5.690813866466907
3.3001338713972848
2.88886372751754
6.155145476792214
0.21294226690066953
6.779171350520997
4.942703384413312
4.4354477334206726
4.335888007661037
9.465656734742174
2.595450007755078
8.924207618302589
13.215078941441387
2.947910713188123
-8.255269616944329
7.170146294809769
3.0428669019800947
6.050956478365698
3.004077900574281
5.806388194446176
5.229112074297808
9.774553087499473
9.087491933590133
5.4822175142452725
2.6485234013926116
6.548946494904537
0.842548051726304
11.50186986782766
-2.1862979750205835
8.384741504294833
10.053709902437173
4.283128762681057
1.3310071092346956
5.923245779905099
-0.9930469472615062
14.91875547347001
8.013038342612765
6.471776560904658
5.687090776499768
-5.0619515088032605
4.64258252713422
12.912384972378948
11.101926689471252
5.224067468638202
0.2503205118791554
-3.433058474971369
-0.6195564739659982
3.1709918060474847
-1.0196322999267302
-1.810473888067599
4.84019749150025
2.757026342106201
6.482743784752573
5.496203502644033
6.777546199510114
5.318015076114512
1.4145493149098494
7.543675355290786
-2.92176714115866
15.153184472050418
7.296890641574526
9.419411862304957
11.543943314915754
4.736164581363645
9.744617892698942
4.635945720760292
3.4199016603550643
8.021764063623076
10.876962037208187
9.579498166520658
-5.096005780390666
-4.080258433312358
10.513595915135111
0.4327428386749612
-0.09542122032942313
10.23554821329679
12.50822135988046
1.4844306095440833
1.0485951138231835
1.6359373825231662
6.930359560626919
11.361558158799731
5.2319052884361295
11.49055112276453
8.161426738322971
-0.6467069897876065
3.8553255520803815
10.413592324137767
-0.6313584446004747
-0.53857289430462
4.794957941371675
6.793411757460391
4.239401038142054
11.897638312671786
6.3139188990263735
4.384472133254702
-3.769135558846865
4.70608008838834
-4.903995005007804
7.361074973621893
10.599823131337388
3.1256433136544275
2.4503898022286155
15.497515904671689
7.089391548545534
0.7853338971665691
6.87226645278146
13.679051183270381
3.262094476978107
2.813345457383625
3.4111503047375504
4.3778577043480595
1.7967191044626136
1.8566047115510864
6.107418434224384
4.320163510384414
3.3437286290715162
5.68354242909507
7.338667212233322
4.558712024205302
10.511620267764176
2.668649061789908
1.1316052751721493
-1.563055120774906
15.18709490974733
3.885522890069919
8.188097033744434
-1.6160136343131408
4.516223500909385
-0.348903858639833
1.294813039812746
6.613892355349234
6.326283568895458
9.893634401133934
-3.622044894780215
0.7833037189727738
-4.566862557862329
2.546312263623289
-4.612852135389453
1.7627482362896085
2.8370099517193172
-2.544009936671829
-3.276432722394773
1.6209899295478447
11.783504264451146
1.509142120150491
8.865836783690977
5.384558465546935
8.963993404459247
12.910244730010033
-0.7852488780573763
10.23460098043761
11.815478491078512
8.167088204331284
1.1924847304979984
-0.2923355047532734
2.1886641134779157
16.685019347295565
4.208654995527741
15.31517051658225
-6.672877020568043
4.90150697095667
0.28440067474387876
8.256932741710227
0.09462834090809036
3.1062839325700047
12.788776560875736
5.071138200767318
9.46801710970895
4.704914887744558
9.809314565277216
8.360185302015305
5.393461643869799
-4.265961020053727
10.891520527150279
5.390143568846581
6.6668315948510815
1.6516097117562598
16.665634839128995
20.092659324066524
10.26208989610416
14.04348340910098
8.800977245764997
4.876056599348109
3.300645160948035
4.65585323623751
10.606998700356264
1.854816884025826
6.33306417985516
0.8034914322915139
11.396414885746124
9.348448268415202
7.299107129514054
-1.0886820752841038
-0.8624162319076272
-3.824940559156718
1.9437200877405125
12.91417864356843
3.0774653493463773
7.624818602873738
19.669926686591424
2.8442674018954195
-2.6896944396239553
4.625045222458627
8.865370157798274
3.143236244544714
4.304167902567152
12.249637010684161
3.651365721692362
3.8437375393070043
10.236580169254015
-6.651777336859116
8.369461342419473
16.750358402158334
0.34758848332155523
6.7959923407588825
10.353280700057256
-0.2559236655623147
9.620652838814689
5.291469789052833
-2.246011323733507
-1.0813247034695355
3.0293630293299048
0.047498729011110186
2.769660612204266
15.256804850027272
12.054727655702496
-2.4643516106322023
-6.115922262257767
12.914285983023504
3.595364251732253
-1.8965584129051338
10.307816955417703
2.5796256879366544
-5.047198401014031
5.540435979987004
5.6203611448475845
8.547907718305272
16.583888651052142
-2.6039693622858247
5.9183922493653025
-1.5013014579753676
14.142124474142475
6.988942172830154
8.700598870668225
1.2961929522894478
6.754001915438497
8.279349374087092
2.437691839119709
7.607614223534364
2.3764203431634394
3.251025320339475
6.84299649016473
5.98234644934191
9.15579733366632
4.3274067311361755
-0.833820859505884
2.212089941469042
15.658901742626126
-0.3424635598013621
3.2238850501750176
2.6881454807637213
7.188068872503654
-2.580374460478467
5.074655265087827
-1.3423288258932944
6.251895753395221
4.857190955605209
1.7571270542722228
0.9454601318711902
8.677161537422355
5.316049540411763
11.710146881169397
1.7370538679109733
4.322613593347485
2.965232822015124
-1.6404978571933508
15.619438571433278
5.459630389165567
14.965783520065695
-4.823578828296286
8.865751273354725
2.3842027641598467
4.355955238134998
9.0258477487741
2.190529199388153
0.6566739225177729
12.729896706952937
4.784252805116654
7.3192777222901615
-4.986234593716546
8.990773426088202
-0.25677026248427914
10.426394382259364
8.422069596209338
2.112995831238149
1.3649708117173573
7.70627869462529
8.704197867091006
6.759655300862137
5.204789211130079
10.373159036557038
12.497323415158746
7.958416765573844
8.15095379914479
10.450151417239699
7.83128526061599
12.995995207012879
4.136532012974968
7.8720495336198075
12.910679540505015
-5.662851510058591
10.792579004686859
4.999374701821276
18.88288849741878
10.23141209510451
-1.9160293164363074
5.15334007984334
3.4086229333689237
12.304724807715191
11.588088616610356
-0.5937979965346676
7.127273871052284
7.904089694319588
-3.082551025401502
-0.8388421360120253
5.450849059779409
5.715416879232955
6.792288531309144
5.598112625886189
6.573660472781942
6.136083208285897
-2.612184597152453
-2.3866509977333124
2.072045516376241
1.4950340441334724
16.447400719526023
4.058964242333353
6.789347600513583
10.293004141687971
3.848814274007702
5.1008195883503955
-2.920323386370404
-3.882066208030377
1.2904586322196372
5.453119100213631
2.3972574954393773
9.82713166082838
5.790527300306511
-1.8181729674983176
5.615884090670964
1.8802222723693163
-0.807742117448452
14.513938205825884
3.9658166131188666
7.516009282216702
1.5725474085885258
1.6665944858987123
3.2194436340826935
10.81849406003981
-0.1582590805709776
4.533069808240475
1.003885257879955
2.0405524828992245
5.3686841148117574
16.874511972307754
1.1640601392623549
11.586659791399288
0.9692139918153249
4.972155490788898
7.085067209731362
12.517734794706454
4.935067331610461
9.860780403853456
2.0314821186756995
10.7198603089227
0.9943110071255008
8.569981076156225
-3.1276845634047064
4.435637255381174
5.637037211971242
-3.943221103461795
4.633820186485588
12.72740564563508
0.8405063181111059
10.882987482573425
5.43831746695532
4.940349932778877
9.797135240774324
6.4949869978540145
6.06499338300913
4.3333888713758295
1.9542561479624574
8.27503047499197
-3.1385404332637084
-6.202750270268348
10.787889994141347
5.6750684968191285
-1.9932036691478965
5.217553841633084
8.55070855197869
6.1508180323101955
2.2643655839296017
-1.352771045375845
-0.1740037653751454
-0.9002092474806833
6.31514171566097
5.937153763035707
-3.500035231869421
-2.171890827630931
-3.3060216025298423
7.153439935814309
2.46664507533111
10.814065481376733
0.4350430980285447
7.315996392286226
13.265968814873082
-1.8223708220790007
-3.8637836870584374
6.394381289259702
0.7734363433875195
3.3448737916719784
2.297683299875713
3.426836932540659
4.795099881849242
8.397576799130311
7.308524940639918
-2.137911695264087
5.20550472670406
14.380771801459515
-2.294289609256041
6.48373636586052
5.668569859715955
2.1884362293236386
8.437273399454845
11.318900860206334
13.906640211456082
5.839331426027043
13.555724725466272
3.674904161097192
5.670313287398039
1.491724928996779
3.4478707725015223
-4.125911754884104
7.602805130793165
4.316882350371702
-0.2676856847785647
2.8229314283064655
3.3806786270731344
-3.997491141417566
1.3274423602659997
-1.3436643253867508
11.071589444173863
-1.283925862483148
0.7523495421958115
2.497712338314359
6.932272566514622
3.4226282553807437
5.399335579137668
10.404039197814077
2.6987907458205487
12.034057252768163
9.957023499556637
2.6433807194516596
1.488513386257237
0.4426826548860934
-0.2022259758570133
1.6190443904769223
9.537085367686844
11.770524773206166
2.3761696466737217
4.357580402371615
-7.288524014714445
5.750326202192222
-0.8546743117523969
7.409558444085307
3.0330768882398442
4.890038077578939
7.058637460072012
11.481243457954236
7.3620892230009645
12.601064678746297
-6.690881783334838
3.6442729127738756
7.340923098405857
-9.02234512811356
7.008698705030838
2.268163608763297
6.833762606501969
-1.7866027746722688
6.45988276251548
11.51757285370402
12.069221139545018
0.7680725953410708
4.068975637278343
14.541085731004822
1.8395731814499214
-1.3620634892377135
6.87742011272276
-2.6703469955377397
-0.8271903518438517
5.893712095316863
-0.27639472547537913
4.0987756572575895
4.463820645917071
0.29443963849861987
9.056715980987763
-2.3157625267442103
0.6176347679524485
8.14981190158191
18.90778912141039
12.364138061954456
1.3061664268296846
8.764666703465288
-1.0223373923722985
-0.1670139695138655
6.209416506399202
0.4479517203315573
-4.498494071849233
-2.3469840086568112
-1.6082728476214152
11.844113059442696
8.761983831597284
1.0519535258259585
11.991984582320587
3.023646011258085
3.116392297384273
5.528561385381199
0.634046869708162
5.463758002410849
12.507173411183466
9.078966111948896
6.26501466962287
4.728527261052081
8.0994699174721
-2.3823678306492866
4.941908029491742
15.275111939596567
-0.14330652039078284
6.725316149546102
1.4378948231681337
0.40705912655349463
-1.4457807067189616
-5.485933106241868
2.596074957557827
6.390207983136203
7.400553223477123
7.54178867689154
-1.0954395953438594
-4.178327692886407
-0.5259349025995785
13.012382593767217
10.142800488146374
-0.9345990666182145
4.948379933716971
9.072454370866161
11.82246977865445
0.8645018829871614
-2.1655384995497196
15.398967295204237
3.6638631185990196
7.189174503891843
7.586019630354705
16.263517104952918
1.0879980939562266
2.1831444977958783
-5.657989023122047
10.827607477110636
2.0482834000704715
4.583356960975743
12.189857355759226
0.5695483411969477
13.97439058026633
9.114879028778724
15.4333815491727
12.567001979016224
0.13106541876220557
3.5179177404861344
1.6809229814625333
6.78203073452127
1.4752183049797425
6.132843034120456
7.170809399198518
2.2958045940131764
2.736357400030607
4.445113003302246
14.412664096358077
6.055622703807105
10.833933424007807
-1.3134473827374817
13.17465300084243
1.5610012410330247
5.355710518079958
13.330751061645548
7.21988960763534
8.965067299166826
8.174854393036185
2.415329314963267
-1.6431374437431296
12.697786402963008
8.679542055533323
