-3.316500509954298
8.32831271908795
7.556329719187014
3.014316387140507
4.40390344332094
15.37478713623903
-2.961452498815734
-1.112300206173419
3.0338447441242287
9.058355899169635
12.404972325659957
14.135650568787003
14.871314652483454
8.071823602927294
10.396408436001575
2.6520143610035074
2.6507391620689806
3.0444021116048954
2.655680519698077
0.16042001103450243
8.009021268510397
3.529841376816025
12.073154933332736
2.312946567241865
6.055948741460343
-0.31367390003646545
6.191268012193715
0.2639333046655663
4.2652664897832775
2.4384917302046283
4.747401755407937
3.038316088497548
3.4525956310347308
2.8898343777944078
4.633264783556845
6.17491847970806
2.5390877006723978
-0.708768768147455
1.3664414474476638
-3.9197693404239793
11.289641951445843
1.7512224012192932
2.2713854360874475
7.0037063934220685
6.882012455524311
14.740203465942468
5.482181745468721
-0.4226592523759223
7.990296364406723
-0.7246622525356914
8.13931401955857
-4.217315751302447
6.093759814688241
2.154096151413331
3.5103792444271202
1.627715874143993
7.510270943741633
9.440470423849344
5.6602894526078416
3.0481270848746806
-1.6640881520945237
6.524962165713288
8.939723249933632
10.64871661139484
7.023421711804955
12.1732973410366
3.9444528761374174
4.167313490876093
9.152823316768831
13.938755696490107
5.777825217075409
2.0996541410829233
8.246745430706671
1.2772562669897556
2.632373348954021
5.18226226113514
4.756851070642094
1.0878518746643728
9.292197037476335
13.43197704845762
1.3346269700783182
9.313375303487387
4.31159612751394
9.284757971082641
7.020287355824273
8.790340558487715
13.002404401133488
11.320731122862826
0.9902855643996142
11.044351379213566
7.419622128457933
13.458420416162571
1.07454704501989
18.65989482466459
6.478611709833503
2.6004336330546094
15.06483228463454
10.1162652195502
10.461145169499169
4.8385652832848915
3.8753028785598813
1.0801026122023973
-0.26069460153213075
2.8883241548531613
1.7415091611126359
-0.8851009264743697
6.475127297003758
-1.6237543653237942
10.281582697592661
0.5097174582997552
9.140495317701575
12.742510752876509
3.9679153833178384
11.244770154765172
-1.8707235511500437
7.862955025633555
-1.305403228687883
5.690216745983122
0.44895368989436735
4.981410772466319
6.280437406405623
6.570008833318774
5.87740933828999
8.621520384655412
-5.429962805656283
0.6742250838252453
2.294934881079311
1.5654870692023652
10.655076160633808
1.754852697686812
2.604061456259892
3.1866865699544604
1.5021745539859026
7.552213226740665
11.146501674593317
-3.9909925591287294
6.278876973509357
7.9988699466320305
4.635906450986588
7.684668649525716
8.21924927450323
2.5409528892691804
1.3062637214390933
0.6969414247247787
5.385135762011762
9.077376121528019
2.555642235657543
1.3476114285723901
7.437933320964395
4.951938215310177
-2.7759065887412273
7.438920355253133
4.543003003355479
5.2556815772397645
-2.6667675965694215
6.7694194438879425
8.486186409931152
11.556225822286946
-6.918600929272415
-1.250199354060988
2.4347974528373824
1.671421613282234
6.198521531845889
8.877897270149608
7.104992871660432
5.405234868098322
6.84056176889482
1.920214154907618
7.962481966427243
13.031247268215132
5.43784922924411
7.724081982168044
5.136677159211991
4.527897989299166
12.772553195533469
-0.35953952677230294
-2.8673248686638706
4.869467205879218
6.888107421500848
6.844336686497933
4.925538204676039
13.178091835328873
6.633128060809116
1.344658945246449
9.42083832546011
1.1555032942704164
10.513858446201692
9.505414655774816
4.043835369655151
5.245207745778537
-4.518450509773295
0.03234667443684769
8.741818579289927
8.765217499299004
5.4677634074672685
9.025384807978106
7.119915202508535
4.969038766586486
1.3717102558113048
8.831006804155113
2.971133732978215
4.039434218545434
0.9825131916572558
4.8924663511070925
1.5990360793457303
5.2790570971059445
-0.5385652961666878
1.0438153916233381
4.605535761431249
13.565103392279033
2.5921526779304833
1.8690982884947223
0.8567918394765597
9.05872504549865
8.711848852432567
5.81986434869896
3.6412406925708076
9.165489410369172
2.3167622242063723
6.061556972198123
3.1382590941728568
9.892013742461913
3.008010271924688
4.255302404289631
8.047158902021947
0.669070643898328
3.02541409108838
5.55978847368561
5.47844428681716
5.087675434039452
1.697522461666754
2.659029840828433
7.962803335205169
3.697435704407981
16.11083035234379
5.325215319676932
7.172329953283951
10.99913743397687
-0.7931909075980093
9.106584221139581
1.6209112626731135
-3.375409510191785
-1.1127903229944565
3.00195300009533
7.23454591039906
7.735587638430565
6.436313777129261
6.77309190158282
1.2140584572382065
-2.3276493908230504
0.8057150314079511
10.197361416393187
3.6761332321673645
-4.496427478302632
4.154846468320258
2.888680221142205
-2.276529582990614
9.688131627540201
2.677944553785009
0.698414486954674
8.157374671479962
7.649227119057631
-1.505130528445485
8.121331034306994
2.221134482676799
-0.771876780825079
2.13007911572314
10.211768038961491
12.602316111080125
-4.276405579454107
4.545560068585093
4.289324070530741
7.5497999636506306
1.0190590925746055
3.833945276271681
5.254024802327159
2.0730289299391744
-0.6707500123845653
1.7543144666232697
-1.3535190619632633
7.745727636893724
-2.7391846693753
2.3279121737001973
0.4650093325369449
7.31266848852677
14.378615440655793
7.061913734692352
4.7912447142042955
-2.678180835677126
9.279871359028789
6.569835826589287
2.2926708063846384
3.8168236761304577
9.74971061097202
4.480472188236109
7.071953972030598
0.031830004160047665
9.686513015112773
4.360768655976656
8.232826239472251
8.582718168798447
7.8394088557856945
0.8648605538820067
9.544708966873532
1.6349746524379465
8.808640471502516
-0.2751387388160529
9.41600393878397
5.393034331205306
-0.3588238969309643
6.89224875995163
6.005825640653258
3.098011526753523
5.329345559651835
2.702633911712614
-0.22688718553493814
9.345382627926389
2.0741959258360603
5.838712595899524
9.535418502951583
3.1748784563414807
2.5441880657090383
-0.39601288664439327
5.066157855397431
3.8603937061397082
6.621378759359397
-0.5011925572958926
3.1219196848112274
5.190948688431169
10.245526727593301
13.649925483004987
3.2040356494975852
2.1633192466807833
15.002687443584675
-4.372691641966095
-3.7491715561725663
1.4651083019435873
2.160546813972983
13.32108020006506
-0.3159299430661182
10.804376830450991
4.413149283035009
0.5458774753307729
7.1075311203054525
7.609133121564163
10.300496357435872
7.08051340858232
0.7921028867304871
-1.1803203497523729
5.917469302114611
0.444485473840623
10.328320760254055
5.965394907143908
12.728189772930886
10.767768714623356
5.495064826344939
2.9978849463604265
11.25258319656054
9.099926275519662
4.5050103599838005
7.673093424406893
5.794689973561567
3.286171807719643
5.61806132509708
0.018543832212065237
6.189186813591379
4.827624008335531
10.836414511448794
0.6487619706864889
4.790091488466916
6.1678024134869585
-3.7892191811213163
14.39484234030122
4.972473345187793
3.1305886411838832
-0.036490200323745725
6.331740120943001
-1.3073542710308947
12.922644764644343
5.6062382360005945
3.471177385103478
3.022046244904832
-4.904957135367868
1.0100760955385943
4.290408602133933
10.76743146914272
10.9425839677122
0.1785529425539285
14.097663220229716
10.039528586543437
-2.632401527640072
-1.0060246482751376
-4.94894233735071
13.823426461624736
3.9321328766591774
11.74703402070304
5.216612154230903
6.426386538424076
5.838724921629541
9.19211816630529
-0.23224553036058726
5.515432006743942
2.8105223230905656
1.192247375198471
7.361257657464702
-0.010067647152059322
2.763728714135343
13.153293770603709
2.666891262725731
11.122510545762061
10.781599632737919
7.584340193638755
3.400599033763987
11.650415819126568
12.170298774372743
-0.3837608906559211
-4.947775010999283
8.687859535800861
-3.665726072332653
6.206953350281869
7.628487334076789
2.6684170724816023
1.9755869605097232
8.32682482970802
-2.8049450804476317
7.428425591883363
6.707500628293182
-0.6480031305896556
1.6510385760743254
4.831365323175807
3.1932586626075405
0.5419523353408273
4.875032724605999
4.577748129072571
-1.568855491584908
7.607152550532723
10.244146004454555
3.4347132634533755
2.5156911025098423
3.7581142979399766
7.723316321518782
7.563617947482499
-2.774571307665715
4.979810658544972
3.375707199570672
1.7937428043482972
7.6936857539991514
8.664034826908345
3.011016568744868
4.371014268343734
3.440390403315372
2.1910302979614196
4.203160466318978
-0.7931258352946493
6.668677816525214
6.723646157814537
9.476160921751895
4.870655854303163
12.460609198174934
-0.02476453127658207
9.136376030315022
-0.35396116045458115
9.665865772097524
3.632832771328897
13.936747213434211
2.8959069056328524
0.011578106566611623
3.464996872955865
15.780287751354486
9.551534729337344
9.633311974319145
9.486812994369275
5.054911499624717
4.979860764676719
9.235113101417358
3.0541069488297197
6.861586731509206
-0.821564662368214
1.4027407518105581
5.814259743157114
10.585544301564646
2.378311433360918
0.964399788556821
1.1774984248154112
2.3654981952712157
13.526136872375236
-0.7753737529748048
6.048303256587249
4.1114960951463875
3.073003643392271
10.838255995599638
5.4399927513196875
-1.9514033533861594
1.609818678044729
7.664822386970007
2.754140437041682
7.046171009480126
-0.35836171439012965
0.1633246439035032
11.963964142737872
2.115816309009616
7.13265104564668
16.595393966212953
0.6986838091791641
0.6679240806369
10.593372415979006
-1.1306199009323832
6.829377035392316
13.344178199681483
4.120354250446112
2.172271943487936
7.3424534822129175
0.3673484970972498
14.562152190232343
0.8989670839558137
17.28744945808763
8.011314277683498
-3.1842625609218542
-6.118322266653648
5.14065026806649
1.5837153800658168
3.8997310648549703
5.782230109729136
3.2811643739376675
8.912047312850294
3.9524585165212276
1.7116192227920806
8.74055302846823
-0.6343724602503586
10.55578009746538
0.3507559715222479
5.255250987625543
3.198318324781604
-0.9115780738112789
3.325054603595662
11.73021937195189
1.479308167620431
0.11504382247901646
4.517516614036561
8.67168457775255
14.833221970650659
-2.3798661521971933
1.1796781912351078
12.361935972217307
-1.6317802795923386
5.48986038710618
8.273473184778856
17.87077319499201
3.774962673741432
5.96744001499763
12.222869036157931
0.3401918381029967
16.169803799378194
6.955154703898232
6.68577647839012
2.3299003109024556
6.6426844308680595
4.089940254759057
3.601497845567286
7.630835258170019
0.5282698605874177
0.6324150622192968
-2.837663094637847
7.312266147048202
2.4838799253470354
6.05784820930173
1.6761061478599313
-0.07841214071060065
-0.300031434109429
10.861273672092086
9.099369857831665
8.433533205827645
5.12390116119596
3.1519142873515267
-1.2009052900461628
1.651705842599171
3.7018603724260717
5.160286618849749
3.951569603052119
-3.411088498811603
-1.095341430984634
2.0790407321383366
3.7620751460940105
3.155652201443469
8.999212519573165
8.38306052997803
8.819133051306729
2.9208439285722045
10.36522766501966
4.601594262845951
9.74669622390844
13.540887294829137
10.9726473596665
5.7708726364602
-0.4975581348897995
10.075297711606634
12.68128201329434
12.534978577467758
2.3290375625741575
-0.5625288854714467
13.327539705388835
7.647767346002251
7.430476010332292
8.422779385062958
-4.324917463345745
-1.5643773844452138
9.992452059996696
-2.513028080978181
-3.888935256746107
-1.4564015358332045
6.239737609611881
1.5469069448118518
2.5544259304762886
8.753557224019922
-4.048825706234063
-1.5330909173482565
4.34010290417355
-5.2681622665408785
11.718302814391855
4.994327398868533
-3.787147323537635
0.41121326037944694
11.33050630584963
4.151441676190615
0.4007229331521003
10.376381183010256
16.70312807116116
2.7484102070484564
0.2157479869137786
1.9663183305026077
11.43594051764471
-7.5866329277111735
8.818727624792462
1.4479865272556909
-0.26698671602154356
8.699665811600662
3.762802999756377
6.744991513286047
8.669761258093288
-0.10968479424297684
7.2486785009779
8.490580920276091
5.010733538408888
4.854075632484572
0.7837507709747928
4.745603071589735
-0.6790289505927096
3.8463634752437206
-1.3459543610359148
8.795128515358144
2.40518928819917
-0.8715430510103728
-2.396352974640564
7.094825377331701
-0.1760010821511493
4.626809800021579
5.296467466726134
5.255236566472509
6.216922705502914
6.226772144623885
8.344687183328023
8.543834698797074
4.555164250090142
3.4777422448493924
1.8991004026247835
11.646503773482753
11.140099005354635
1.637869484322013
10.068124756528643
2.450725224728356
9.030115212869784
5.335043365815028
8.897050389634547
4.9266075435219445
7.304387593777455
9.817398301995647
15.868678917292506
3.927271792532083
15.553761798460831
-1.7978783886208234
10.03650381578223
-3.745344539720291
6.348456206607752
12.697805375598723
-2.5851422244899647
11.746719795014616
11.149945358278021
6.51130324143513
2.7525395988740793
12.148435760073104
-0.22657235131897302
9.034315833233595
8.52586818052281
-1.9107713768820567
4.456223385020454
9.667549985578901
-2.1168606302452657
8.337710936555549
5.194964710434892
8.125420988612897
-3.6495690699294547
8.83033326128374
11.072781946898772
-0.2264710733667501
2.389947001080317
8.945964445555687
4.878063115227483
9.255067888850807
8.299649862717311
8.484979172201676
1.7892932847365945
0.4469918251219016
4.719951099776688
1.7934548768062557
7.6315852925993255
3.4313296923852805
4.123698888534749
7.91498339300472
9.793299787441661
-0.7311250023264941
-0.8752173689991025
5.231822618885822
14.689614039844631
16.61988613771611
7.004711270603804
1.922852469196985
8.875104746341096
1.0630821476518317
6.083378644058201
1.1802688982102096
4.513312606114479
4.395742400309057
4.374320538351639
2.859395053603933
8.984354233611828
2.9734543471578103
-4.886233249094769
8.341305688629177
6.465565402735548
6.05194153008658
6.334067815842108
4.7210602097528
0.9510086728520517
0.522249344748579
4.369590790764918
-4.463100602156825
5.2871135777975775
0.21823833671745652
4.738238710930931
-0.036874098517243326
4.791211689088856
6.4569035933545775
-1.481298712106434
11.255468962647939
4.272749781910427
3.164605195650789
7.4991999026260245
6.933774872139589
2.4915947966738803
4.91358241316273
7.518802710293497
8.348452974880587
-7.169280327788687
7.0951488550546635
1.5079947320909073
5.9105848540965225
5.542258001089428
4.415589184821895
9.007914252348662
2.666750566676173
10.062048508641306
6.606773021675218
13.721200627285477
7.6010475996411815
5.092698235797439
0.6121024336549343
-4.7635833159200125
4.511190439661815
-0.2777873912333604
3.6284488400950856
2.567667558956562
9.029868097835415
4.877959211310186
8.950332619846002
-1.2377740595425326
7.1753217719237625
5.145861133862345
2.9794849779135406
9.199379628341383
4.014992433242775
4.874849207688853
7.29637655162705
-5.543986721006242
7.076296094852517
6.933009351105059
8.631949049741326
7.414401759247417
11.595565715085037
11.715447820986107
1.390834428391706
15.513958747659709
-0.25319314996094366
7.740921598374988
0.1344846500421868
5.116568459410184
6.846824139940583
-3.7535726322728022
2.269561082464519
6.397698926708403
16.285288077045337
3.966888179536201
18.033158320130784
0.569689175009803
0.8334808792856587
5.741067334419691
-5.422542002588665
4.393756760571067
1.8675964567074184
-5.031584265151147
6.753321947139845
4.298105381574313
3.260881115818246
2.733418563863307
7.4152013089816355
0.6301221789460323
7.482970463573979
2.2609461561586
5.889033513524278
6.018215265641968
1.5575396582827263
2.8285967785508013
8.896516453053778
6.5075539229764985
6.936668851994332
0.5470499257939205
5.860544560788469
15.416242936319934
7.165005445124185
0.14844417221264017
11.658679076375572
9.531922659660879
6.703142400109146
6.299884759061722
8.28238677615727
4.1786261102832185
4.702156029867258
-6.2135780406200425
0.060400567374998104
7.730764821128708
0.054993602882121184
9.58966149059
1.6788639739614712
-1.9696084365992768
1.8191417176923763
2.2548132850980886
6.24142814650607
-0.4618360079590964
11.309736545427283
-1.125206247296421
10.824606607456603
4.327360695437891
8.453594222872722
11.990881545309591
4.765408627029892
4.376597553522216
7.885076701135129
8.777930943679877
-1.6693586413418595
7.590204533700732
1.4986343443057146
8.417505440406234
6.1192903040490245
2.776660318238149
-0.19342609087315044
3.586127504800953
4.322282223570629
11.33941715880044
2.002375054278854
10.495627296576098
12.365808332832259
7.154149525356248
4.470410338952563
1.5643545223326765
8.698405626559829
7.935460425185922
3.471051393598334
0.0723924346085072
9.207018572692746
14.25231664766708
15.524977760751348
3.1109192671341086
-1.916592904913763
-0.6083361467015616
6.1300357420363
5.563151250343071
4.640308342819489
5.835626944462866
6.130846452881049
8.832717277360818
10.790369991320087
10.624739557806866
1.7627932716625938
4.154173038364226
-5.415293528165071
6.480462855056177
-0.16560931334800655
-0.03246109172369804
0.6138371441594472
4.817238211575596
-1.9870954230667417
-0.6093437841182938
6.271942174867534
4.066701025546061
5.062209166618293
5.5851199547986745
-0.6446711919914465
6.2339374067737845
5.469651666556059
9.056685247571572
9.909762472494624
3.3382647737371816
11.936885088350419
3.0225621337147754
3.4348954235327267
6.362793895730539
10.342178280708048
10.302614087607996
5.683817596236755
-3.72525787328585
-4.386809311344411
10.193444814472695
10.097189768570761
14.567866453914641
7.339664627844815
6.736388486402254
11.310212551951398
5.943151916358868
20.191443514894388
-2.6951765229522913
5.3029138764179535
1.4630434984378242
-1.0358960188246584
7.75018078269096
1.2022274703548979
10.388540863830205
2.303675445752267
6.204451267289613
0.48642765259867815
7.863727693850088
2.9206101910368645
0.08131647368601813
4.232929864704271
-0.9930906904575467
1.6930979873105556
3.5276597709898816
0.3314317929249482
4.2365936348006095
15.612983302685796
-3.259038207458425
4.28731033117214
1.609106644297974
11.310145262195544
10.145559836864312
-3.0266107859265796
2.087644267043186
9.6660584340392
6.209931291310338
1.2644772500431012
10.459815847405935
10.088119517760173
11.214221226174903
6.24236475412229
21.1169307106316
4.092980077568959
4.42490228501313
3.4678734892937957
7.631839628235333
2.1285867722348413
8.471376850827067
9.132107414414302
13.797833396156136
2.0406883107987044
2.816479195551674
7.752480809169897
-2.123016807575082
-0.7086977906822969
5.101064486519787
-0.4277468606576402
7.047818186270705
3.1955487164016274
5.348724812961242
11.197682846690856
3.312463483463247
1.444363813811389
6.640271243598491
6.788682334616344
2.6461931303087933
6.525322919693747
4.5628922915949826
10.304638943955766
