0.4235364943675859
7.894400560604092
-2.5386881778670025
12.0374481693205
10.82911893690939
2.5325878855153627
1.64982537122442
10.6406168302414
-5.587842840610158
8.181931009940959
-1.4561651125740207
2.039849306264617
-0.02878975902854819
0.6430884801210048
6.756218967571345
4.955116978715867
4.682688415191842
4.818777471516804
14.709019713101473
5.089300103412821
6.597339219765056
5.854222424808494
8.779830596510886
-4.839542412509658
14.636725748835074
15.157855150778632
3.1690580167094824
1.6702829440399183
-0.33121090118720886
4.294368307899566
-2.729742539283741
8.782389757647717
10.655971709421753
6.203112405393048
11.866218967976902
-1.524896112712364
7.563564138447315
15.55944867446712
-0.434850967576657
0.8496200622820518
6.917600385167094
4.19545863944813
2.0731967402044393
7.996296031647704
9.066701192251731
-5.805623956805961
8.79035371770033
11.099763488488616
-2.586236057260032
6.912586708293092
5.898113969855437
5.670925318823874
8.67737982138728
0.27981268832387585
5.062883831064049
-1.367564906942861
12.284937650089315
5.836334576822672
7.3714813652744064
6.560718236572338
1.124425115907996
0.7682410376409949
0.4277426388878318
-0.0774491077479782
11.364819295265558
10.225172173793815
-2.2531589179700067
4.494818083363587
4.229301793744044
4.502322601750784
10.181236810240577
16.028741721917477
10.487135264384564
4.594141453511496
1.6735765027006178
9.306551618006399
8.622026656890368
10.192924871368007
7.731940139273945
9.028165791920141
-1.550776254961752
14.416134058859406
8.46813766103614
-2.036580226354113
12.740945703963243
-2.9340337379290746
1.826490925533526
4.663612965200222
8.841539753918651
11.465494905946215
11.216445024881526
3.5891096318994515
3.67221798601728
7.27701048106029
14.757159474758723
5.041858977156387
-0.621905063461933
12.230977361795938
11.268601145276051
-1.8859537927589267
8.30456392465971
2.723347914476985
0.47529903035123233
8.01480221244233
7.239796167793475
0.12534471927211044
6.694611303321394
-0.27611736874787596
14.099523363064346
1.2608158529601905
4.599271490345181
3.1535399672295843
3.627987483008048
8.70040882082698
4.3352524559564936
-3.6863130208567547
-1.2926001430706613
8.891235835705439
-0.583432819463205
-0.3548067905372454
9.109563682111233
3.8177931690278304
-1.3774455313661438
10.720380918870433
12.83735548576844
5.417458278165821
3.8709321563727004
7.584580285916076
2.8399041280693766
8.224627613679381
1.7327952416819197
3.6155394388934683
-0.4457869802437253
2.6787700440093944
2.6109649911230224
5.250659832147137
3.996266020036843
-2.0124753169557543
-7.384912990758059
9.899404118344744
1.5607739244169894
5.191601764694157
2.765128689592383
2.0878584906959716
9.606362407258198
7.964400795913824
6.4137034003678215
7.283032103760904
0.17078587082731111
12.423708341663032
2.824713174473802
4.69758479538202
1.2891445752505089
5.208920325780283
0.79257475386067
12.109519290527953
11.589011418242501
12.869803991522907
3.1496253150566083
-1.8009466601377406
2.221296722216083
-1.4644072528595844
7.84491897909961
-0.8591200103132222
0.24225692194820603
6.957268106317058
6.970971645684266
11.146823872589028
-3.165596279724056
-0.9103291550078811
6.340427739198658
3.7134324402647074
-2.661980916241779
14.25782609914578
5.5643666603159385
5.163423475275355
2.4430128573743293
5.89739949845567
4.015471206670064
7.518523577184537
8.86347496862908
10.781276761033194
-0.2356960254181404
10.836790456272356
12.568208705955383
7.247404277314091
7.882381448835643
4.73510317063582
9.959863556406905
6.4755736750033215
6.3435782319365135
-0.11395666209357724
-1.017623948224223
4.844644200414845
3.3987024549013727
8.963132549478516
13.707828788038054
2.3610984571752556
13.67110574767585
5.336079862210208
7.06549144853591
-4.3371353648409245
10.13700424834273
3.2921473051603454
10.281549672098613
-0.40399781982350547
-4.061348666993325
7.154566639988
4.6569707644652665
3.2119828238611183
5.01619587398488
9.852489181676209
-3.4229107794342193
6.673351721072873
3.68295633198659
9.2896285781234
1.1735185412196274
8.13326392921942
3.5779627473127276
7.25867151513375
7.665805160653603
12.047994880998026
5.741901441465063
7.470322431868669
6.201047033578774
3.1626637210023802
-1.7838723757935178
-0.4645280688286446
16.992500542652735
8.99390274408913
12.824551284045974
0.8013140327213346
-0.5397608980661959
-3.2176707161968467
6.527126215895785
10.49143898301777
7.526044978687832
-5.488528503104993
16.08704648374086
16.700835557044343
10.279955636645285
11.016294766267425
5.157605250202505
7.4511985060941885
4.175492312888437
4.103852384980937
12.540229397783783
3.6091767992015202
5.214289857324179
1.0427372675496767
-5.026561269779366
-1.8637726848372447
8.137479552236396
10.009739406660094
3.8729712451235945
9.414077653461137
12.59045365419111
5.379246133971493
1.9237430870924523
2.8854666683834567
-1.4649064539379921
-4.130230055543999
6.52653921983867
10.685054813709602
5.771002967115027
-3.26474190169394
3.6668091845726707
11.149779040861887
-8.29228179876599
-4.798781525435263
7.800177688003451
8.139465459396163
-2.887572411138991
0.10944031062738979
8.089221016952125
6.916141580633634
2.509436844330522
1.580469631126597
2.6947703171343242
-0.9457438711375925
-0.2570670926862908
4.807059289566768
14.0459122711755
-3.153336624838854
1.8193925885414512
3.659940185993813
5.9066490263223566
1.7789976848093914
1.5935178508562897
7.990800189197883
-0.5036515490051405
-0.08168976593131161
2.614805727517739
5.088713993206244
0.9973226464331093
8.078277971606488
7.801929849358094
3.285433804338918
7.673935979581338
10.5052729734312
-9.485823477527635
6.017213154517027
6.05304198259339
12.073747505921462
5.851817439079082
7.766362139248447
0.8379166621247407
-10.249161504137884
5.217290058084431
7.336145757501388
9.744476823774125
9.51408674655784
11.80638483265339
4.21663229256841
9.772321103187636
5.959731705701943
3.3246405130280188
6.263074302319863
5.98315037277513
6.920455329498109
7.009062607051792
6.524859166897948
4.111276248165262
5.695727412142701
9.472400382345745
14.99966619036752
1.732541192939359
10.230938734038034
3.6507316142000303
2.6590510949485315
9.147084452324009
3.8635548697022677
1.6489101375427788
8.51040267824046
3.1516270108914277
9.620039763399625
5.009982402119392
10.495228741968502
-1.2834709340844652
5.528452573281885
9.777319834085588
5.991217504005033
7.802904427536715
-2.2831189845805406
10.131199172275915
1.0324715569279554
3.3551478621261803
3.6583735599198324
3.421690238392241
3.757206764087249
10.59056066755503
8.412955018599357
5.617376008805063
0.847793274613819
-5.955541398548707
12.838638715871596
-3.742020367179305
10.671916879807391
6.603594524948788
13.993002512362875
9.091414992608879
5.720418453674381
5.680715877636201
13.897184654970859
11.633895954526018
-2.356721508317219
5.649788772802051
7.439252402540133
10.518340618817021
0.25106860871314796
3.8638708483483546
1.183778094519269
1.182187800672545
1.5325642404481021
8.659101229669018
8.908934604376258
8.98329101676872
-2.4506639969675668
6.839087982082173
7.899424858169057
2.888641526359043
1.3229716687948831
6.564782802364063
8.784623614117338
8.789255339075087
2.496095648607268
2.301390126042662
3.733819696165912
12.463765064645514
-4.292260237902867
-5.567306482617445
3.670608354313641
7.52388585499827
4.3392026244891815
5.755229429650517
1.0386963490537278
17.77282311330623
5.149868088782291
3.0049297130508137
-0.8908756808491338
-2.443235011541221
9.258445921212857
15.872766592950732
14.295556418963562
4.097493911621676
9.38028772713989
7.240599647850563
2.9066318062206036
8.360814196895992
11.666967973621418
9.682150739211897
3.884948755357211
-0.8232231576856481
2.550110321060658
-2.08049395225522
12.968597647135777
4.740713061989958
9.525606789935281
2.2147213642666723
0.9140218162982892
7.547292369262594
4.487113209533485
9.025710870143374
4.991945145027132
-2.45870552802708
9.010821655011245
-3.1110547007185936
7.227055717293194
4.69150008586629
10.679507594235501
12.716598557992043
2.748807418341581
2.4036380727773294
5.127319587154492
5.895356628716054
5.588957506948422
6.364476351586433
8.990059298380725
0.7804189086850895
14.687906493010235
7.373470441183551
7.0956442320182225
9.047208168467211
8.79425552078011
-1.2871631059014215
5.158215782349349
5.753483865089976
13.988848289642311
9.33112168717003
6.079845613878438
-0.5767464161166513
16.96186338361206
5.782139604127305
0.027893691278168653
0.1920354224171641
5.3389723719825275
13.585434084715972
15.168436689832165
3.942481389141894
2.3622656637185515
5.247173851641213
3.064382380123171
6.130978815682407
3.018197433984465
3.7256199330337583
10.15172192360912
4.710027967679247
2.8733483734313365
6.714261707159043
6.113443759800497
-1.5926085850466225
6.937124664461622
5.914871212553388
5.217224256334447
6.668195186300309
15.365550756092789
6.945741834245004
2.424052727685731
1.6337088666052626
15.008607620698452
8.22032002959582
6.122336849831459
12.409653634354314
8.23180541765337
5.829544890662115
3.8564723286886915
1.5068434052045652
-1.7224075957552714
0.8902971523136092
6.846823344334112
-1.3143396674468129
9.893532216171847
5.2788430505496695
-1.7385184021551203
9.47940040147722
13.959817165464406
1.2982896740248586
5.000740385300428
3.6522114850006835
9.412142298986375
14.093917313713611
5.049854926748196
3.631930980807489
2.9118564219698957
-1.3704559314205564
3.4522020520933108
3.418376932140567
6.1767718316813
2.0644823813153055
4.650999575990035
3.147434742882313
5.0453021208591355
5.4226115243889765
6.8238368435918755
-4.22777114086634
7.1631769162158845
7.194386996169757
7.8235573194235535
10.360471489459805
-0.7376654412099279
7.001878437630246
-2.1922748906383047
2.313180275302857
4.995587408729029
3.647998649256955
0.6917854837555932
19.114672212340857
7.92562079528917
8.46718603850794
12.126125863003036
12.510079153683572
6.097971855162671
2.286892512967691
7.6063981041292745
0.8165692664244477
11.215402114972768
9.123732902801319
2.885132415963917
-2.7065051957872717
9.048407924706556
6.080761499943633
10.908323134520439
12.190653906498502
9.030052143994412
6.128669220883138
6.231804428188424
5.186775159477078
-0.4109011856451428
3.720787588312377
-0.048257517461665955
9.383810250651875
3.615643904053865
12.83624185376532
7.446819093718987
3.189756770926063
7.170081358337321
10.281695008710173
12.73316812628605
8.159882140720391
2.342700151880977
1.9056319170409814
-0.498603429279453
9.411443669408547
6.710054619251796
9.637751075739143
-3.2144574762825666
-1.2998444388699832
3.3116826490124964
0.7351003725994429
-0.9763334252264992
6.312162023093324
1.2647196419204687
-9.73258612594576
11.818561129983314
7.6196319850943315
-0.4097218189777361
10.392897457047022
10.768293565959299
-7.606359472186357
3.3515400380170344
5.319653678843806
-2.525774243486439
0.7758145922657236
3.1532076298275813
13.766044866682389
4.394558223855979
4.405472093573379
4.44432455008279
8.61893087052438
7.6316884311847355
4.16499424750619
-1.6930295020453858
-6.281946097397293
10.410641761490123
5.237339818154984
9.520393756007785
3.9909196357540355
-0.9088388420736102
12.544442628929628
-4.245245066087801
2.799429736546939
10.547572242868487
7.204874094821124
12.726613356711258
2.4809833814053084
7.8906632723948675
0.6474988831504112
10.306629554760155
9.338972806925668
4.433614416103619
5.136069943966784
3.18487383425728
-1.2022613063956955
0.7792290951189003
-0.6359849487530758
3.256238453237396
7.9104611979994335
2.6426955770137237
1.0881174852540072
7.418974944067933
7.569012139429165
13.073133867080156
-1.1146209450100217
6.689671983122996
11.03168196556363
7.02227424728866
9.076815501987083
3.280584310363534
7.366737788405078
-10.71533542436875
3.501096574899157
-3.073653714561722
2.171999881706065
2.9304144130585152
3.6320736934830804
1.6665520337815467
3.5416987615354696
12.293123223986752
-1.6748094305089616
-7.850480998233076
-0.5750106466452882
4.9651419775814984
1.4223777898664651
-6.175862693799372
6.803900652452878
8.304329276240042
7.617551408403175
-0.005657103595188673
9.622328432955204
9.557136633229689
4.312243250217225
0.18368850733578412
3.439361606373166
2.5786687591523396
15.812693688984792
8.069073744193402
6.312056574843414
-0.5178064170083387
1.7098121455113051
-6.562431456212671
6.758587579118142
6.607765739037578
10.827256964706908
11.221108066762714
-0.39411480300932045
2.9291581579851274
3.76695445991557
4.81372645735642
10.51915589879848
9.838723911960471
1.1518340670391258
10.218636431516433
0.7926194647896754
8.968028775936586
7.145598423069767
8.90706310011356
0.9300274947958931
6.026861638804902
6.037857035199249
5.365556192187283
9.5262504662373
4.021684871926938
11.99380973218808
-5.462461726002925
6.047332806321098
12.698349922122446
7.849025399367797
-0.6059857099695485
9.565842156682065
-1.4111512178839707
2.798627158278677
3.234854040948224
-1.5129074518442573
15.02968963682726
-1.3658372339767277
4.1671403193769745
13.104388497584674
3.559368134860782
10.921910735265701
11.133991815788033
6.47781230994366
9.667903950463375
0.5706483084996727
8.057649568488936
9.691595467894931
9.426460369801301
3.6712308670871017
0.6328735991192449
4.5259699400841145
19.07688131527032
8.960962160844538
-1.3268032017322895
7.118390724774646
9.66263774029693
3.464152499082454
8.029776754754742
6.941211111702465
4.877897640661607
3.1452000823041333
9.576961865357884
-4.306884838414184
6.281761822648453
-1.674765741986012
1.2234116473960581
9.191366909246694
1.9899881098652692
5.567977997956076
4.025193620852367
1.338761387623597
6.470018309335975
-0.5841362705536897
-0.8499283119321621
4.489012733983378
1.479853293128155
12.756581002456457
9.699193629216976
7.855935276911357
7.8621728901594405
0.25969302319772547
-0.670212965673362
7.085442468457477
7.1927700448876895
1.443416640462634
11.09224351442979
1.7168142036955087
4.1204322340041095
7.264952676718433
3.235581963561799
11.70192784365301
0.17819212982610289
4.539121979245068
2.689755809424607
2.8943344244825107
-0.5620442440692681
8.776767819238335
5.206602019472918
-1.4767919528314533
6.865096267066479
5.8476501989684575
6.48044580854657
1.1034154231605946
2.215071979969542
8.348700104918393
10.902395380458902
-5.1096201490286495
-1.392140944606437
4.898054369150621
3.9824878634162064
1.940461552465877
10.38620148619686
-0.02097392450131874
15.007916102271018
8.963248023617016
0.42438971313975493
-2.3187372781143694
3.3521044027103506
10.519327821893432
-1.1423477084964846
8.114917688403812
7.605732549437607
7.069200065256535
3.0882851288552637
12.737908952493317
10.712019361213056
2.4251614435767843
-2.299591675978892
16.030487173576436
-3.165830214276826
0.02619171176445434
-1.5463509246826206
10.275678563266647
3.51904125638229
11.8687663705311
7.364344062544836
-0.6048889553230099
8.929832706626105
2.407862410561485
0.18013871917754898
12.004739719669013
0.5558983435422009
5.71015124077522
6.265143888423765
7.381308308242245
10.463573121376417
4.073931343575704
0.9586192524480612
1.1799275227441361
15.357386124507052
0.06906002291109647
10.493574510444004
8.140801919535436
5.195991174623822
-0.4346151144785484
7.45485527484446
8.996238623340076
1.7328525793360536
4.966164820991481
7.324965852333019
9.04675911825236
6.155439154004559
-4.428266410910629
1.559054977774373
7.305672022958869
-6.154767812391794
-11.45158860575042
0.40402330627058713
8.888932658629766
-2.069817816573156
4.570126059288837
-0.5069932998373687
9.132500369781603
0.045265850687914
6.0905862808803155
2.226845574995825
11.562548756000556
2.1523384390446796
9.208854504708864
8.392215904282352
12.201510018354513
7.525201853671426
9.274764408525558
-2.3119983003615934
-1.119895373682346
10.893153810790652
5.435251382001526
3.8898511893500607
8.170319030882034
11.832650499460389
6.680350344856437
5.8489268501242915
5.929111945776418
3.506345006948584
4.678519265639247
4.288862407220096
8.539636813947201
-1.957481449408382
6.391716722122495
0.616620971197845
-1.1665720819675558
5.585857308387499
3.2255585679828402
0.04761857576231954
2.6207679861902182
5.32352453838028
1.745618694893988
4.57820206503459
10.243165837703346
-2.935340012517119
15.094281241054167
8.059219437169197
3.421296382658258
2.1519435492345864
-0.9257409252857096
5.8241189571853305
5.1083950572514505
8.881671376478101
6.474704741757855
6.7904869433040425
2.5728648918951147
4.956160514004784
-2.9132329043023164
-5.0991805118382185
-6.706188057685797
0.47000707394088437
4.687962150156744
8.43327539856659
-3.085464237693637
7.153611958316513
3.1378161968917806
-0.5396669378063077
3.545583214827765
7.360327550066223
-0.520523456812878
3.434155914075438
10.214442307013238
3.761358710788915
12.026151665736347
9.538175941797723
6.20295313353046
4.77032110736377
8.884329774161646
1.333704903681208
3.3960912068805698
10.447078771019331
3.548475666284137
11.944818744851844
5.079275766952651
-0.8984497516242351
-1.8750779770195516
7.196012192927171
7.535669490490063
-1.674676434188906
-2.5894072101739507
9.095473345707953
14.331953026024522
8.915335325491489
7.530659376482974
0.3047025263513121
11.457033708036203
7.388349494586215
8.318203644487173
-0.4396091297472493
9.091817359610443
-1.7312978001417836
5.8253922145609
0.7743021633526501
13.705258479758873
2.101955758948961
9.84759979470227
9.3751961582018
4.736546908116228
0.026113354207873307
6.528477333411553
7.3513212015632154
2.699951981639184
2.8097887161445074
0.35164898079850504
4.087365898769095
9.778441137514962
6.590789608574306
2.058153576128235
-12.53408014621527
7.422394928163837
-1.748293344424983
1.885404278652226
9.814249784731416
8.390054951728416
1.9231597886019163
-1.5985493116544207
6.699139452886506
8.178224760522696
2.329473882646587
5.125962005615152
-5.361724462672587
9.9058123306066
2.341497551611701
5.866549625104428
7.976742363457646
8.734809478902006
0.10867824922555247
7.03249216835735
-2.3223230212438306
1.6786385407653455
9.589769041122924
4.464709581379236
3.9691501299931984
3.248729365487865
6.696934742875962
-2.105040768045731
-6.661371231008454
-0.22707140779645751
4.694174322638952
0.955137782126346
-0.2003613827901516
10.199315132380729
8.09309265526755
9.041188069600096
2.456465903857836
1.5692605409130698
5.893268195961662
-4.181031568874275
-0.1687297881386387
8.550885855060805
0.8919701592930793
7.437936706660726
14.838018751916652
3.395782727681985
5.863381808497852
13.385242008214878
-1.3859447207674025
-4.250063805458774
-2.0476873166437155
7.451355896560039
6.523393844619763
-0.2792510357324032
-1.1754247891679892
7.678090595217495
13.564145663710173
1.8472242398447039
-3.5091070839670655
