9.75307768298074
-1.31936002612896
7.004854275586591
10.650457692367716
1.2857835021112418
5.4861575388733455
-0.38386699659322954
5.4149524339279305
-0.9915493638108526
4.8546527664365495
11.47578226017417
-6.125858246256396
4.076432896968206
10.538831602376982
1.1582692406806618
16.04696509305611
-6.526955182048187
10.563483103085606
3.5549288975829114
8.157501298472383
9.376011162937122
3.507679262105656
1.566034574343952
5.63032526373113
4.887141752362644
-1.7047792027025732
11.299863040610735
4.222573300385697
5.843925326957133
11.327000717543728
0.9969741934592866
13.654425531178102
12.330674558679283
5.821877260549931
6.855495416064358
5.349531367336178
16.703189025442242
4.515011906121486
4.173859536802591
12.472699437323058
10.16925667626795
6.6950986380316
-2.118378058385934
11.05798655267007
5.5535318395589135
4.610635121518731
-0.612587786697568
0.07270053093765583
-4.637126850602108
0.8578802529459155
12.524198895551926
-0.3980740036964159
4.492308935832917
14.220094846119839
2.3963181985636206
2.5464264868729902
8.120509599380062
14.133651937950718
3.280639157250164
10.269013490448327
0.8563408522412299
5.6077318532452916
8.296784861686369
-4.552360429786184
6.781277431300188
6.201025251346761
6.110906078077479
0.09501306273848087
11.142996443289341
8.894229722483605
11.838596803476328
-9.101401931730473
3.737180878020872
2.0830254862427178
4.287682200805797
6.8728017501142
2.0755543201048474
7.790913659070518
8.295710311319382
12.465277954446503
11.134401704631092
6.12464568242245
11.45496147050235
14.824613955601484
7.278437038062196
12.948918150055047
5.823946384617666
6.673590375972313
14.30154866167428
-2.9079836068258658
12.767971262335674
2.0381348941920385
8.68159620231225
1.8105644632957683
3.080324391288577
15.67323402975575
11.425952989590371
4.479759059394398
15.075856666688125
13.401071141132956
6.6562360670377885
7.204262264345191
8.66395563846574
9.570864702208802
8.672653203950953
9.940575608913035
7.284797451810033
14.239204716464636
7.599970471852866
4.779571672691943
10.35890803753175
10.045233874897983
5.947084508456653
4.250394408180899
10.602997752495298
6.737410810878594
-1.2003147419622362
10.231469585021411
6.033566640525458
-1.592813165520159
-8.60485929964998
7.158362554712301
12.265130417296103
4.687994836067129
5.392551154969366
-3.2319765522037684
13.044016244248418
10.804033069468876
9.462168893408425
0.43329653698328574
-7.616335083818905
4.731081214083046
12.790187461050982
6.141175368907186
2.5311870042613984
8.624455072757538
11.890459023648038
14.710152841225675
3.978109868749469
-2.226016053235325
2.70371832394337
5.927967153893436
-2.5928136366693906
14.075561644095215
6.6436170207945215
3.4183999521813546
7.5576514257178715
1.3125842468928006
9.626967962057474
4.178406363170077
10.242095905611437
5.980623217629961
6.054948847890896
9.131510316019645
5.7773179397429715
2.6426883862533144
4.044483524734495
11.468449700419178
4.435443955019189
-7.752370484967974
10.540955618374351
2.7232249142549994
3.674979571953161
-0.255234907262488
4.992531967454193
16.059737415079937
-4.944754267859427
12.878396182279594
2.756993506747565
3.917253686599732
17.386617805740173
7.95043759913157
7.4560047399540945
4.395845488593307
1.596789017059228
-2.6623984599367176
6.948007837175515
2.7796222150055425
-3.5876595900745905
-0.9031890822148743
17.692340548166605
9.717288982024948
12.197723286545042
11.949673094389347
6.944101225796735
0.14988474874837276
-3.552749525661218
5.09456656176233
3.8517000858166033
12.283489071014927
8.061592996759476
15.724967026452324
8.53267832694611
2.8406169256297353
-0.9194697993313987
6.009385525994013
3.4108921289967373
7.132196429602019
12.479287505984434
2.4207517552668505
1.7378027083318761
1.444634373082173
12.929303633386194
12.84301412057114
5.798748402852044
5.548642392458428
-9.442880130339685
5.298594647973144
7.1793072546999515
-2.7477825779339966
3.8874900612661034
5.94086841178581
16.770180450674566
13.556667425730868
4.895746671484146
3.3570853581427635
18.284261795603967
8.91067904708012
-0.05863011435917809
0.3225926344220671
-0.5575719140711355
11.799469789239243
1.1340706359592705
2.9188934438811076
10.819058892233965
2.199740464979458
6.36076831831972
5.749937273705037
6.694199541419603
3.556613105487602
0.877527589557026
9.90532456731355
4.034223894036755
13.109508547543903
-3.4033923985387666
12.886224271151672
12.526949463135141
-6.6609229084247215
4.424370854504326
3.538269143868118
10.66133391175664
-2.412643645118756
6.1606140052223894
5.368603560266108
7.540393932086214
6.313787111635796
16.49952832814442
11.527470623474617
9.036453710696556
13.661481298219147
6.431050612223631
-0.8560532762271631
-2.4189159607433854
7.10807184069157
8.08900966495241
-1.6695737477305945
12.36305929809004
-0.30082660227628466
0.18433426342132808
5.2356420836866056
18.10012421865493
1.9568793710671892
5.163044398483128
-1.2538914564859889
4.365998969830408
1.4360398848550062
10.390649733249187
-8.485276496797699
3.3866950437159424
3.1665690662246564
8.177949708811378
-1.306234502558972
-3.8848297761596537
10.286170570819838
5.212710238333394
7.044270544159298
3.031417420089096
14.154654197726147
16.705751643053524
14.111961998963771
24.579994020532194
6.4750363901629875
-1.3137807101611445
14.601049348369413
1.7359827089853743
3.6025023113383496
10.014429943056927
-1.4463723779305857
13.630371153920656
5.93617775786889
10.67739078370355
-6.578485654557566
4.697160914318971
12.174524744389798
-0.4456381661761215
3.903438756828272
9.793087964337419
4.924405050875212
2.32516758660566
8.250546450090665
4.437549928583582
11.249101845509706
7.1899912613670525
16.845580919731887
17.691008370843303
14.14279130604968
4.182685859678828
2.5972075712427647
1.6478828628874247
4.016790994974301
0.0787604783037299
14.69880012588668
1.6359714742311855
2.6071537712935795
1.1306143841556446
2.8104273190646065
2.3587238987724617
8.465760882827553
12.522432249437031
13.429000354667627
13.892272285213116
10.4928262819863
10.636440761069236
9.562736757814971
3.3726226789718967
3.6616402669244996
1.836618669088586
13.720835811396746
4.670991475188197
6.238187157072601
10.139677172530732
11.333074525171746
-4.5908847314216725
8.142311732302451
7.98544941970851
-1.7469229036807858
6.986990764072614
4.081730135951435
16.48504285570636
-2.9817394271439213
-2.068417548830377
0.684648495636976
2.9537424807234993
-0.6390899052102013
2.937934049726034
9.17013182624887
7.723177872608285
6.581504300246187
-1.0957906719288149
8.060048709746411
1.853174911050056
13.60388141947234
17.176048912472176
7.8774604166170965
9.603541252001868
9.009400131294573
1.5052483976028928
0.44546395084527557
3.983792323543404
8.35551139607811
8.913995175910383
8.892133520263824
9.178532924837743
9.198606767183197
6.269315443467705
4.65170035436554
-3.4661093558877543
4.072481873890893
8.123488282320476
-0.7717730507848373
7.712191916314235
1.997858717984518
12.47918646872823
-5.649345061336199
8.429520728939162
12.912923283438616
9.306861568211286
10.49811003164567
7.823809795869471
14.642346493686453
2.782166230601148
-4.444793795768167
4.463803263299472
6.8268883608313775
7.078947869100859
10.532857821624374
11.052010970545346
-6.870557288249591
6.489077730807626
4.272572972395437
4.0165317576050965
12.348114853431518
8.012189649606082
11.25758827555563
11.057866699037199
13.590577658287778
14.276774910331243
3.380504788818982
6.410076998476738
11.97291129065694
5.52750090756615
6.384253229214291
9.354337753029178
16.475849738995933
2.674734918670642
5.945183256296494
2.791896282170535
3.0649405840347557
11.949274129209117
10.568612291778301
13.053028142102853
10.165743855181407
9.868367460611598
18.009251675051086
1.3535400047758577
9.477885825633745
-4.041026669527842
7.029027120009231
4.06255072445755
13.271362400200097
10.205257491315738
4.652701411607031
16.409900502660655
2.1339578243454542
3.643430419132896
5.022567252916902
2.8345491337233235
8.321008312158082
3.35699964477826
10.395269972425783
3.911898309559038
17.35410833334283
-5.001437616961985
2.5974054410479677
15.230283074929515
-1.0865391675799492
9.47656227172924
15.895749672157644
6.365730405258242
5.927492084575489
2.3163434638095337
4.027487625451098
2.541042737474727
8.263056773592277
10.897964242358505
12.386886765698602
0.17074250214590947
-0.7386066751428135
8.303383282236586
9.705542079660086
5.012399300420435
8.27635226215891
0.7544510178870718
7.9074047742640365
2.0644547680759984
10.48691359616472
-3.5074075672709117
2.3830739967019583
2.0697881033125274
-13.697820559694506
6.366618729378955
12.030583951375423
5.922639275388165
5.349814205135136
13.444109845802302
5.490407295834995
1.1305025062658105
-1.5913868494509957
16.321711071486988
-1.6507646438940888
3.360549212983272
2.744360497326361
2.2270611194363585
1.8705537331660365
3.783334754628067
0.709813235334642
5.931725768370916
1.8140565724672708
7.711096068027983
-8.153608983300174
12.072080507836601
18.0070974439935
-0.7245745099102567
9.881877561261025
18.64841801954232
9.958223399739108
3.7486187514498366
13.55652742766124
17.65300081197085
1.0659866104192313
10.00475760872366
5.454766769942649
4.768620238287833
9.464803017489073
6.47294018071568
4.197848702458625
1.6276578993307949
9.150890567978795
8.86736474546909
2.0463962620786016
6.844401353055245
7.910363581391822
15.393564679878786
-0.1409813105563904
6.7014385611273415
5.1989962062231525
-2.8291077717200555
6.529283912640171
-4.150105321043403
4.171945426083255
6.1566044296139
5.273891712135724
14.772932819398752
12.163901444882708
0.41931601762129844
5.637404810756513
5.076154208392461
6.006582020363634
12.878712710907358
8.937432062923044
6.2237550035319895
8.64884348457047
8.219412828424279
7.308766407969592
6.137501836569413
-2.1484259934298997
15.335479709590448
17.965188677242345
8.645327045695783
3.4217611876648153
15.137733313964604
-5.197503713848642
-0.8079289708485895
-4.972027923877667
0.33077617446627805
8.78618081679127
2.588737205255878
13.030968901411569
16.345738495385433
9.181598648427721
3.7758955782856303
1.4197824292801515
-0.8658198724832067
15.332686970686728
-2.1527306141781875
1.1908891346824584
4.1114457352347085
11.689397252792574
-1.7752284347884784
-2.9494428879415917
-2.579137470780573
3.5142179955662094
1.7131739469462204
14.263074750366712
12.42443461424483
0.5939845172362999
0.6042217838970263
4.99864165987036
11.832011660367897
8.113079411364003
13.132519991998583
7.189853889466652
9.604126648504119
0.7030440398603854
-3.822038451613853
9.1400286400887
10.926247849913167
2.6667545427483934
1.4918086428738784
10.616726104660465
6.351670106924946
11.52526749993169
18.247010429009347
0.9698899413384945
5.307312030227493
-0.037495350352533485
15.444282337023907
14.680851380790847
13.552344225979649
0.12077954757358533
6.622577719289004
0.4342300920908686
11.480900823543974
8.205819449505418
8.220807126117418
5.495764446684646
9.139060901783807
6.466549949226763
12.211232751727955
5.349706026808169
13.195807279430497
9.726113935607554
6.997814693820116
6.215078505618112
-1.5884548675792889
10.275602608263359
6.063960932753088
8.644659183898641
16.459138036137734
2.372826390938705
9.108519389268292
1.9563465709588623
8.263993977978835
19.5634824742382
0.7311422980385274
-3.6511054866821127
6.910933583745432
2.021637760146823
4.176094461372205
4.484116121473843
11.722838563753054
5.559215297129843
5.695107458196952
6.470793213640092
0.9179792888866896
7.990401426341055
9.776520390570841
2.217102905180259
6.772727511012784
9.56184910693208
10.701894013621047
14.085275422203472
0.07167010528444884
8.072273629750386
7.4316953726107755
17.61312540539474
18.884399235201947
8.809467964115422
7.154727753787058
-4.522988009896261
-2.4561314774192162
4.479258976909808
-1.4129465193117001
12.373758268964126
15.559028244166235
5.54576486823525
-4.468668075993714
-0.3882944593554507
5.928648717333284
-1.6963360333247106
-4.116775812206134
7.7197584434244435
6.153304578023039
8.314816772318554
10.943960058849427
5.2377295782114
6.296237611426439
-2.5003672564519572
6.700515645673819
15.576048958063023
9.250987438743614
-3.907309519219085
-0.18406886227756214
2.499184124957661
18.173796631906647
2.832369542630097
12.870167321442576
11.039610214680359
-0.9667150621090803
3.800064673661703
-9.192901523166043
-5.203497609833493
1.3337790873333546
4.682563984126169
8.19603289188317
8.724963057946827
21.197772636903956
7.540286859953036
15.153355580373482
11.520311378622555
22.96286974194049
3.401354049772867
8.95150754509767
5.89662197749428
-9.14527977136327
-0.3848707719739757
18.754020183507322
7.647749551839996
8.011888377540949
11.829641495520377
17.342668307763088
-3.5481767699809303
6.393825645914555
2.013583657183168
-9.6393243731638
14.061142692773055
16.206007309727205
4.77381081683212
14.466799478838965
5.14927293065411
1.1437242590785788
8.175160289383332
16.35529974463313
18.199255183525636
-9.988022048650606
8.158464030318507
5.327754377053511
7.408439501226153
12.468596503358604
20.76571226405909
5.859627867282915
-8.279707500549684
0.36669368812643377
-6.585648499590651
1.7187075794952102
4.556312768740498
7.788243650252617
5.036678706694209
11.195465053422591
2.3319375655703842
5.28982036223909
14.672499381547956
9.009468485662136
1.1562900703745216
11.415465114565714
5.923486743267823
13.167292676220802
6.09038503927694
-2.6135452741152907
12.138051201169413
-2.2589240327222324
7.588438759927126
3.4480921147108545
1.2415194285877336
8.686459748714311
12.538545496065396
8.14513697225908
0.9670710511176184
0.58031301320261
0.807238532500878
0.44485863115321767
4.284120757671005
2.4620447817691864
-5.494897724085725
3.1936306410461626
2.7776629512410542
-4.805598455055023
2.620836221385943
12.456263970753291
11.357677140093012
13.889536636049437
11.416219690123429
-6.942725510353297
6.423206708371843
6.397567372924263
7.402963522877824
-6.1488492067337575
7.5520569038812635
17.679375665238837
2.8732313359477053
3.5119385515796426
6.5580968369487005
13.788554732072086
-3.413379671489505
7.316171007329153
10.427634249624457
2.7645635267216244
21.809559075937152
10.383279729924435
-2.517681048396682
0.7619149118913624
15.216335133932846
0.06212915440443734
5.529511138167946
-3.8135410136165806
6.938389528503145
16.2807592071885
2.6498606148548984
-3.445407251432494
10.380893756230059
12.984890105700735
9.399308934538642
-2.8010838323370404
1.4680305293179918
-0.5503011949852965
0.529452683928529
4.644693980265043
7.721669763132933
-4.024462896496978
10.133312659494761
-0.6624961399081801
10.865580666463778
5.492707012294381
-0.4492161924688123
11.559234547187224
5.520099320774266
14.452517382498346
9.54103044150048
2.2970890557018215
4.919234024986959
12.871833981361137
6.7003609180980535
9.332695439247882
9.783768445309327
2.1228213234675426
-0.7365481961954847
1.8106474209841323
15.471049226279659
6.928755805553829
16.224101015896622
6.724094579388152
2.0155050845804396
4.168837551676042
2.888168153736282
6.927449741856505
11.418331740147757
17.833036800765026
14.770092745106961
3.9721944752639873
4.437605328356761
-1.8457989172536884
8.109756772763184
1.204724856434371
11.41101813215569
14.057381704908273
7.61355709826173
4.037199525613276
15.491443391020988
1.659845097727227
14.174448479497654
17.10771377490913
8.139208996019143
5.278474990100721
15.162948812166452
9.66061562792652
12.512898296116402
7.977247036791754
4.741383517040849
11.91854478559797
7.888404369132001
-7.2465987458766215
1.8922098310595628
4.441342437473451
3.5399744497320285
-0.935513717704568
9.149712110113862
8.298359960780951
3.7890889485656025
3.920965577268055
3.9389589245196714
16.46916778209102
-1.1797236945826226
9.891471023943021
8.450032682375184
3.8594112233313336
7.730202079920005
2.4265832894911368
9.667311106382765
3.989807718775035
12.351980640960901
9.658366762601375
13.286551576790167
3.9720809384528897
1.4224025106004747
3.248919952400123
-1.2014069863210697
3.7350782139303114
2.2600719141782584
15.299475284454433
-0.480180676713454
-0.930352683876781
11.581407170272787
10.803891048219528
8.93472128480353
3.6746175780280876
-5.21411883694614
11.641315831948903
8.660609372780375
13.214626061327888
-1.501952838112281
2.344865829238988
12.736104284394973
1.6423153808971023
8.773856636530846
-2.1221847443175044
10.447493803972584
1.742941281935825
5.054787435040916
12.272886430100312
5.618618077115795
7.016396720199648
6.781802281743021
5.413492393788886
5.218393667656411
11.891568929761323
3.986003790464705
-0.3921983136560119
0.027527665326096518
18.724899572658053
5.28517624030598
6.301220202382152
-3.43875067264673
9.932049609557977
3.2911910422200332
12.934088271217732
4.5457285564916186
-8.452076112031394
-0.9991086712400135
9.811902869086525
12.850065425207504
2.872999773137448
8.77175304914336
-5.935502176662396
7.964094963956567
-0.44217884775559124
11.205478403511751
5.155160887300365
14.534135007016499
0.36997597733846277
4.1513441070418295
3.6799607182236818
-2.521082551956697
8.235959172416344
8.034260567024651
16.355370251380442
11.714328321231005
-3.3046174383122366
6.579800384885511
5.233503033003737
9.764192747187252
10.014181936106377
4.8206522505454235
4.061549134310059
10.023012237373322
7.3812290916231325
4.172396458120537
3.1363890493265476
1.5799172634217973
6.238499741659962
6.900442744444644
-1.0882793917754308
6.893913782794826
9.609328145598802
3.9557675433076955
-1.8361623467137695
8.22494570154914
0.9382471350576687
13.059475442141238
1.0817612776354526
0.6631580954452261
1.9142381746315644
11.345717673712247
11.50731851580021
1.5442615507476827
-2.193065108471579
5.183380263821954
-0.006255079148819398
11.844586925053964
2.9602051907009117
-4.0667871885024365
10.762481158031877
5.802533126373963
10.687635077059177
8.992497634797537
-1.8978887022174051
1.2895255499130789
3.779444238352037
4.295291728201424
6.729038023826396
8.28679076818684
6.7040783737295815
3.349977885880518
10.333597083084417
-1.465950894795781
-0.7413229427143078
-1.2970512942821486
-4.0627001110245065
4.432023455579947
7.077625145615409
-0.49099330970432753
17.977598994089327
12.227568854221602
3.973667039540506
2.9061556608393864
-0.883905792549248
2.931160259798653
7.038858253653811
3.15180875662717
5.631412583115967
-3.851930152448041
10.054416368762247
12.264014940540527
-0.5378915463108109
1.8724505656809587
2.907835626506062
6.950150031141015
2.0977243110982093
6.221761619440544
5.417043737286275
4.751852782602883
7.773484743105204
3.2822716392328393
1.8941704060466096
17.178415583824368
5.9541745587438735
12.152225825977332
-1.3624112424696175
2.751170831333986
6.314331904802354
4.892986686841091
