6.645195525967859
-3.479543593914225
-1.4542583909375661
10.27142200127828
7.26471347042517
8.101138037901217
5.2719863774460265
6.5118290888687325
0.1336643741175867
5.163942616021724
1.285225903679998
13.039091566170288
10.727253704856459
-1.662436566121019
1.180475130980676
4.186392296403408
5.541678919214046
0.29284801619004064
5.150933543923983
3.4557226860695427
7.33668235025056
-2.7712822935598265
2.6974647072360374
5.031012782948096
12.417455164459469
7.321720183684638
8.819691175566406
-3.764284618938042
-3.654012646406473
6.03680569804913
2.865207134514806
7.7777215541760345
7.483328268426924
1.7891780318520012
17.72153473048098
8.847343177839912
7.010573751780072
10.884192469815709
1.0854668616829377
20.44354334157089
10.74476167678493
10.167125603589717
7.568159531646691
7.412625776104655
2.7580751131687653
8.250999463901243
9.104086654709633
2.5708161744140914
3.9475048002724207
5.773830251007002
-4.211328122177033
7.294241309998986
5.276193295392636
-2.542302232301904
-4.2640626050019685
8.304477311554457
1.2243890828581936
-1.567807613077056
10.410473882244691
-3.5023188087592665
11.839968607722586
0.04538825088832388
11.260582556480038
2.4450974032426194
-0.02287893472791236
5.610807080282078
7.126685573977849
6.174121919817663
5.1154667980916075
5.356022261850526
1.6057023945563182
8.318879201274697
4.299148471529249
7.275293363158976
7.326382034302736
5.4497524247478815
-3.287364025118671
-8.802683004908827
-2.0022361273272713
8.87380751599885
-0.6257319184704393
7.350587660345516
6.6844100222876275
7.574407734186182
5.943682719982707
3.5891713328340007
3.87622132356693
0.02411566669059706
11.200485955595086
7.788785323017244
13.746634982398973
3.6726196900803316
4.568272984753841
5.948478156206479
-1.985893487598685
2.3213446852940036
7.074245310596933
-7.136404141966231
5.576507616672407
-2.249164152583538
11.25320976507738
6.356323827601827
12.168665414489059
11.704159040179405
10.914897883182029
6.862556950868366
-2.45384551135537
2.56922564974049
1.4411973418582766
8.973993358268615
-2.225337977955866
0.1181885501114448
9.808385079502619
-3.2468654042798697
7.0307707544748625
0.44339926048206646
1.7537358362494677
10.059602297816415
-1.678403699449202
9.414399766682063
-3.6165442036936764
12.79189966357349
7.019551341298171
6.533089400774507
11.272165698379197
5.452712340235109
1.413335802681257
10.558989888478582
5.540342851709973
0.649082701229311
-3.0967379253321337
6.4829143024524125
-1.1956959653321384
7.633829134163402
3.956814439494843
5.507517765459007
4.601187525017755
4.084780397663266
1.842042757902549
5.840961065981985
9.09459054224989
13.736215621098436
2.0412438315141914
7.527446931797332
9.644206428075666
2.3886110870641755
-5.317920306371226
6.328744173563223
4.286928331567763
5.804242900449679
1.4914253012559335
11.772459888775817
0.13321862090336367
5.2923849813757355
6.7050503934396755
15.56052066098377
5.6348096026921075
14.708846311764736
5.030242035433917
4.486667423035417
-2.26140887349911
6.779863141628425
14.781015044508543
-0.6780525465291598
-0.4783788870305421
0.159159237060301
7.2125059891963055
11.937932625408086
2.7891290920796026
9.64683400992434
9.991614155756189
-4.442895719521246
5.643888238724369
13.676056140769909
10.707342612209814
4.085278448267266
9.768774669738715
-0.7987326030961537
4.630597961772343
2.576826622122583
10.407464619700319
10.406130284805112
10.648868066665592
-5.101055534611104
6.98361248643149
5.2683483713469
5.776212425588647
-2.614654270778763
6.890407689347799
3.3096863526063824
12.53027676222851
5.265958675114531
4.190505183698887
0.4194932743043802
-8.909916598317038
2.1436340242844945
11.875265129713878
-3.823856067509242
13.008468850612136
6.5096603284099
13.15375067046015
11.3394022086875
5.828374818113599
6.046987552815896
-1.3835537047293718
17.951849906176193
6.59668972714858
7.085708099187194
-1.1946850054599452
1.596302936636146
15.609513063930741
2.6880830557930167
4.893537379617346
9.802919427962983
-1.2600457646191154
5.723332977474061
3.2767727870531904
6.562906802464748
5.047736884116233
7.033886878404506
7.040818892914572
6.119986473698391
6.358691439631513
4.540732337816364
-0.3473199308923758
4.719846468141527
15.908488473514007
0.8222574643079628
8.115330234816874
2.4325230035942242
-2.154909992459789
11.760226267366523
-3.3463452576215538
10.658916925040057
7.315745153779237
8.816298902151502
3.501421387496232
11.63834262129027
11.899011374921947
-0.33395284609722165
7.879284956734523
11.476108100321749
1.2360057683946382
-1.7292870310468267
-1.2342512068864018
0.9423714063951967
0.09210069702050916
0.6541441283033125
-4.881630361915169
-6.351815177786275
0.9769470820188797
4.0046405900760265
7.577745533345832
15.283170849514171
-3.751678464823205
2.073082079412898
-0.46270738571927605
0.43065979725373893
-1.1566311509219673
4.027571211225847
12.863373132531308
-3.8277056060691645
2.5156238233381263
-6.00172570951341
10.242765979689779
-4.354645327072991
5.144843266252634
12.613489263102261
3.9136056540852873
15.216742694222678
1.1035832737160978
13.025178368303054
1.7918901931967435
3.679732098786241
4.419998962857813
3.4323526021730064
6.423054812439261
5.576494228289044
9.72946258377317
5.87982401913087
6.297645531434803
12.691392752267305
7.612455520372254
6.5085423968936755
-0.016149553369517733
7.148494174718534
1.693268942101629
6.983477994099253
3.730788896724342
-1.8762644148072827
9.504108603799576
7.43813040660411
2.0813968372186347
5.701162293882144
-0.4741893708616587
3.0784516176279384
3.4787484254412293
9.550614438353403
4.522223242971781
4.4968560983004275
-6.6150798051727016
-0.700710669265395
-2.7556088491980137
7.599138427055176
4.692868229798947
4.5852722331926365
7.853672375242863
-6.4303780716587315
-3.4799255548485117
13.154679996578585
-0.16947541647368514
2.429044563122207
-0.22100521834716336
3.3587940043137294
1.6713357118655754
6.873509389365131
4.338596580789172
-1.2199780311858932
4.270843744249646
1.7978504364581211
0.7070313383153062
0.706866064131916
3.9088094031673517
4.58325663988077
6.737220148914721
2.5453802036993842
2.204594089583946
3.511373351006441
-9.598325045766176
9.073373320356419
6.047703068963449
5.805827129795072
7.625019972267326
11.739688618623202
6.227003678617737
-0.712498338571554
-3.663646298450038
8.305468276794937
-2.4346799294871566
8.354216665219973
5.930812294740507
-2.8424902240662675
5.622950317500395
13.25089927410993
10.108551203839125
7.220729834838519
-0.08719827938655511
11.073842992686085
4.987897137438379
5.643175024868212
2.9986731662625914
6.167935928547441
0.6661740428508112
12.123575783641236
1.6527240032121768
2.99543710424413
1.0190219582217723
1.006036572493982
-3.93129549226469
9.055046478968565
6.249071800725125
12.515047109546583
2.339394131810324
10.491905494608208
6.366398032633181
4.211947884131288
5.18816213249395
11.81837100771585
7.135735910653555
12.984440772023996
15.336103447283074
10.069098789225716
-1.7992090201448363
1.877305438520474
-3.145958452597325
-1.4860605000699882
-1.5600977052562701
2.9368018346874525
10.269257119030545
-2.3343441799681957
-3.0858817820492597
7.26964810718377
-8.516743407414083
-0.7985498746119237
1.4308547358431092
9.277799685649063
9.470755916072019
17.038849814679928
2.6863328493441045
13.123030274779222
5.064353591319794
1.161645136991834
1.1548371397067139
7.749234043392914
2.8577747893893823
10.968788753254849
4.5812553922330395
6.398362066189993
-8.024537710859903
7.171293579530103
8.866683138645437
8.764363395125041
8.640976295514914
8.504314275009122
2.1032010537693324
5.398152182494018
-0.5010737125126017
13.836369645702685
14.203881283365988
2.5046510440082383
5.282772859016755
13.168805056867104
1.2356541815974889
-2.9843432869168307
7.547007686609341
6.606566206375537
-0.35438878131393636
3.119884345122174
13.582354734715695
8.436332933280665
2.838482329435903
7.560657300974704
6.189894014587833
12.362126346236941
5.839033897215717
3.3879810316419063
11.678022383557881
-2.374246011376722
3.4499364751257913
13.814575127581755
6.6816106934210255
0.042130588932548285
8.853818122469745
14.99506379767464
-2.259447918229286
5.816838488891467
7.67577693133681
4.279568038456735
3.8047592661026433
2.7319487982940798
11.582732455240764
5.968463957447084
5.910730210542157
1.5236156872662896
5.6481927695245036
3.7173766209538455
2.6362846291950817
7.37046526610254
2.976131442126242
15.22567440252075
5.371785222884327
5.723525074690572
-0.6608894661429514
8.862036410367956
4.918584722638526
12.633612605733788
6.5201883265616125
2.8502210818395834
2.6432802349406384
-4.675369001860491
11.327238294622038
13.824182734542857
10.52880966417202
3.6001152688899585
3.2352579672766075
0.8139831835351443
1.6692936024032994
0.09516735712123148
2.167528786295742
-1.6101932611540368
7.053560277834165
2.055435099546738
4.438947017763673
1.1803684255063986
0.31712695290044834
-5.297435496652811
8.6000862351044
11.518552809992077
1.1200972159422
1.4151318488782114
12.600076522338
8.745275892169051
8.395702621535179
4.494126300542124
4.683246980090262
1.4439670531801427
3.134605050858073
4.050302380943089
3.327377766678109
2.9889491061158835
-2.7446372396252983
6.30952656298163
9.325756183439704
10.771149711985002
4.980253771652637
-1.8057303896889545
0.8815777105378189
-2.9972387133585983
-3.8333724356438053
15.546831536637509
-0.02126550262951188
12.378590164653476
0.14180983021121119
-0.902848810061812
4.137457726073603
7.624474899992394
6.232744954894531
8.806361811112964
14.53090986519267
5.296202295199711
11.475860824720915
3.255575335286979
4.81215104216752
11.444041346042765
9.067945709264079
-0.014334232578028683
8.278069645790065
0.7635674111572905
17.21072469419695
3.5975060563967327
2.0827965839218585
5.604044001951102
-2.271036917895472
1.930225057744817
12.43138928770933
2.4128784260490352
-1.5191930326044623
5.376474263210158
2.9927386348644287
5.452815597783477
-2.775465509303511
-3.4865610859430625
-6.548696095967831
1.682626917466314
5.014033785603713
11.838731155388745
7.597035301854312
7.314463262954168
2.1362451439049437
3.066839921751334
6.205134677522663
8.264650455335381
4.286620771592048
0.5216170247509968
-5.111927008120645
-6.8009997317389015
10.402673430406612
-0.9714538450936212
11.835426588067577
0.8032019597780584
1.4714052490257208
0.9915694207543009
0.9856766095099845
11.282540696203018
4.806263930297698
3.7895356511768687
-0.8692755619344252
14.59429595390721
9.80067678776994
3.4699119649993864
8.283989550019513
8.793252663707662
1.4933746154961198
4.340296828978341
11.83175088185838
8.307694515998005
5.949815999193182
9.534285974408025
6.973886370764561
1.1554867154511559
0.05646423557626257
7.156244475468872
3.4072033023245814
7.913014704599718
3.3583321658960865
2.951741356212536
2.8192248949995715
-1.4257415692717919
1.4414804353500146
1.4476691834718736
6.534859952638589
-7.223606537978629
1.545787104637913
3.234827965641095
0.2327683834254568
1.5422722843335426
9.628230022593204
5.742061748944829
16.12124575736478
7.989988903143402
3.147373665829851
5.761322894959863
7.09667013514693
0.8410464857809679
-4.132943966806842
-7.479579333389621
0.9451161878120686
7.432329039210345
-1.2279396156706346
-3.5703243979855346
13.259149256339205
2.9450860489616395
5.928497762467186
9.466071334000514
9.0006656688945
-0.7060493523923457
6.960902120233581
5.485042802039988
0.7425440380131105
2.3601165719292707
1.4578104602508146
0.9717108640768117
-4.197592721206998
10.833184753237967
6.987865539157405
2.8016331556733074
-0.12159829430991342
1.6242657341307618
19.24091204054899
8.748256183394687
-1.9413382167551596
17.439052558022112
2.0895542641696574
8.37242873749637
-1.0509278893316845
1.3966891349589394
7.1271675534332
3.6951945957555132
4.986447480976934
7.8654469105263995
-3.482341997981788
-1.2166041033862847
10.6568670084227
1.0054184724781554
11.6987386101659
15.20374159714907
8.688327992042229
4.406326262238313
2.3575193526893874
7.173639079277178
1.4966517749164967
3.414103122370226
8.200265285068138
5.377934338937522
7.222916704800948
-2.9558774759327253
7.8345708591470595
1.564690934496122
1.0993146941819916
7.547055175805781
4.08914109999842
0.45532655102421415
14.615987716954665
17.696765067254432
6.065606956951541
9.279737747647795
3.121164777943333
5.686021980700516
13.135279227623949
7.251523528510593
6.864909472203417
0.22456214766184956
1.9233072546659824
9.606423432518465
0.16310464279343284
7.00814844317166
11.244921577410555
0.3902396477309833
10.767823381104208
7.652535464982813
2.8887932097138465
5.928343714423163
-3.313231967876769
5.61331520983696
19.83355567083911
8.481879415261005
10.723944201986782
-2.81922841601748
-7.425005624015947
-3.7207543075986225
4.822856915708401
9.230892127955492
6.8970689838655
1.1622277489658908
-5.288276858357989
0.7581690307114775
4.092742730611202
-1.4067093995514144
16.000681690551993
10.727924526954546
-2.09085955712375
-2.718648348710964
12.802463148999701
0.8176668235257019
2.6050504799345715
-2.55287317318939
2.067849145277414
5.042541933423599
9.516667867350845
0.6123073963872732
9.486267612129305
-0.7964956144445576
5.70961748913486
1.9359831192153796
5.389959330518607
1.8299421544180026
12.008642903096948
-7.978981657722105
4.441893994867228
5.8289386596902215
8.479311384924124
6.807376286045377
10.119758868714227
2.787927118579014
3.9998936681368784
-0.5366804451051506
9.831801155084989
2.907771052605896
3.194964944911153
6.319616806091985
-3.881630020605477
-6.333587115409371
0.6666462796354704
1.6989925458761448
1.7793613519956821
11.274644038298979
11.89429222679698
8.802189262589469
5.593130565369413
5.287951157405351
14.148470045501979
9.0079168292123
9.244250118042594
10.7123228933533
4.288665256731112
11.601285762062577
3.1867175057153148
5.661161921554122
13.520779122192625
5.19098262244185
9.574170684785749
3.3794405598844106
7.23105451991512
-0.2949024400891256
13.126941564341058
2.5428375551921754
3.845663324216927
10.436188657766854
6.52130998773275
2.0668422312569197
8.233900203413182
4.147430681864697
3.8670346249098704
-0.4066763939633691
1.6199113974740547
2.0756623344253806
3.3362615167388276
4.689181951346629
2.273638314047152
5.601291892058061
-0.8228278591391067
7.852039576747654
7.552299544890893
0.7560634415541472
2.388512877930154
5.563448780353184
2.702433793216304
9.406858851360868
1.572226793980474
5.68026806564181
12.656474007695682
0.1163469543653628
6.467066088577148
7.553779539948347
10.040741811307335
3.8939782608842735
9.912136397003469
7.813861766134133
5.8830712665218385
5.937292103705783
2.7367609094285683
10.80517097683992
0.7310352130247435
3.601511309421701
3.516307219531736
8.258064818331011
4.954429135507855
7.3937300673876365
5.492338794175213
5.694417039620902
4.618797272321443
0.534145640752393
6.800235278545463
4.607987685829566
7.968231361260761
10.581955051821009
7.097933018886965
6.567556622910777
1.9345897722499101
2.179428838934677
-4.455643322699286
7.446908838981291
-0.9625149027103697
8.33836115204619
-0.7247861079487556
1.9493987034005282
5.358423475203448
5.801925130321928
-1.2569124158085305
3.784525553042646
4.261429330180047
11.92411858712059
3.834685358278474
4.153880377527728
3.1905393383955354
4.7235267749240135
6.404884824417477
10.48051384967237
-9.269737600955585
5.39224499824835
-0.5506847647674231
1.173340923361123
6.982950619633336
11.271639903573188
-2.240643907498626
11.813474524521833
1.134984173140631
-0.3804587307172276
3.4162205515614263
7.271719715076696
5.878039747444726
5.26411154231298
4.280874693282604
6.5468959410013525
4.247845640671309
7.496948078364609
-0.47858658098473583
14.940930341654019
1.3763835438905043
10.670958621263086
12.63804863287109
11.46793339002873
2.038889819645041
11.595255850890494
2.8996491057992264
3.0873717840966446
-0.05458692396729825
5.842452942574141
2.2839537894545963
4.273726159084669
4.313344125961764
6.25006376673238
5.855213113699182
5.727132830172071
8.898248733802186
6.613740747059232
1.7112287679366553
9.265111587032465
-2.961284500308726
8.869489971997833
2.247299438250096
9.456002643832534
0.6991570426574025
1.2385018006645292
5.0619433149983655
12.528362022226048
4.891165851590262
-3.164513901988565
3.4174334149763617
-3.764255854893035
7.203956172563309
3.947981497408476
4.301511387524915
-2.2547603541404886
5.859592835762562
10.443869099335288
0.7886489420340066
-2.994867104390319
9.636551992761273
5.597700157933997
4.270598807339958
17.640191357909544
11.449176994205896
-1.5962298319797794
5.084134888334491
-0.20100702701233342
4.87525152399002
8.368937339207802
5.3969481819126015
9.533459836834265
11.785121980595878
9.470489054809683
5.260747230342586
5.176892355492388
-9.680014461768323
4.443918545445337
1.7329683991441502
-7.63121277662451
6.618063107107174
-1.9009116685302594
4.319896619641355
9.525812366806502
3.436248189157408
-2.409409484574784
11.833037008210121
6.5879954391359385
-0.9818412118423616
10.830275073370075
10.13721280800834
4.118808091308611
7.557757152293215
6.6499090833962615
6.616571287580475
5.022332425409335
-1.0442910593349195
14.967605523027526
6.34234936188952
3.978611862264625
1.8643804723138353
4.226963645466902
9.743147997871652
7.884561846009268
4.744038270830849
9.691329813325213
17.37574910072551
-1.1981478513751371
-4.515196749232327
12.148886427259729
6.343164556542665
8.84519804855266
11.617206247501652
6.00494160206765
6.822970652982169
-0.8777171666454624
5.241211056233409
5.416350791264149
5.833104776832059
9.631908044971146
8.898752531536562
1.4533459775450146
10.689280249013073
5.8191966305835345
4.496960639772906
5.096800868283552
3.1568580250068274
1.0570195940147302
4.32215949121519
6.5192692235020955
5.85678709916291
3.1357205872187617
1.6369927152626786
2.8901430176655865
9.57534438255366
8.511683215601812
6.819361549709321
13.893908578143293
-0.34477895998009345
13.843298342548152
13.62449306605083
7.80054127596037
6.031190872190983
6.5197627827989555
9.949860519157493
-4.723629798549212
7.6098649290445595
8.682956482303616
-3.0739818608312603
8.352275897309791
5.517994346200564
7.58045132489969
5.018109593385949
2.4768158651523433
1.2412827218662912
6.42691318341153
6.207409755048493
4.665753877334424
7.642341310237597
2.806684460588809
6.418447291310038
1.70565900762705
7.943856965519796
-4.750113226629686
5.865975175985511
-0.259773070864588
1.936510955696292
5.408413077595991
9.744862624926988
-0.6398076724113428
0.887478850790969
1.258445487409425
7.084945258404709
8.448628109056978
6.8166455687641125
-2.6028808588156753
6.337184936220039
10.70995279419867
6.194823541110078
8.644188236036277
0.6793654368397579
10.034005872944551
