11.457947468208102
5.488253924606316
2.7976685192644077
5.295521016989901
6.926821140861103
0.52493959878682
1.9913711480842409
0.46573877005223707
5.549382674170046
1.4175837816687773
4.602709671952891
-0.006931094034938745
1.4829890139634738
11.204881246917601
6.316029124383339
13.29202321716946
9.816555729618129
1.420045927751704
-0.1425853230905183
9.994233703681779
9.270949857933159
5.298380767729402
12.601744905096204
3.1331291018469423
6.2685616332572485
8.78332292063882
7.570223489985562
11.139137889848463
8.741597222778832
5.64857180799746
3.548178248487448
7.003285943036776
11.865541335604519
11.653824639204197
7.682672031491615
6.222085791895072
6.904480386820257
4.18184019419877
4.146518135824268
4.211593488170326
9.095347473941306
6.22506408564355
-0.2524351830600233
5.997789844095458
7.232644579007714
-3.8482744477898
7.765467201394907
10.342212728964599
6.067856610845862
5.550264643287274
8.246543387005822
5.450917353284657
7.305149632914364
1.1561294197801972
-1.2660736061552775
-0.739403206818606
6.846429783367882
10.694952326910162
-1.0934441804528756
4.418301121145994
7.444718709509891
12.08055837615056
5.65295445119474
4.692670689843809
2.0099326698016227
8.718076983320906
16.52084617842434
8.776802807136091
6.966081824156837
8.863177659868896
8.538878043023026
7.106270427420116
8.989107809075731
7.091400399949702
7.597251819994028
2.6838180050144786
18.311588317222757
-9.284346708083959
14.178528236643412
-0.5377202304444237
3.456269066328786
10.598927755662967
9.521107629929963
5.3446969031304405
13.063466965919485
8.813472572545546
13.554831527611192
2.5456180879026484
3.4967239553804754
11.544606968005976
8.57544046099409
7.9200799724183595
7.2101507698852725
6.3177484659812375
-3.213008766754932
14.066587228359344
8.314737022502348
9.776238134028464
8.18364330961504
10.032377452363447
-5.150216803843204
4.204141673637155
9.105020681195718
14.04069219496444
8.680014334168115
6.538836701632882
6.808401847408493
16.07043413723176
18.392631343112086
14.181274267523515
14.188633219735403
9.394521944566796
16.512714759857197
2.7357768024629707
5.736293657072188
-0.958226759579599
-2.2698375663864727
-0.43347883678755483
8.115609325420138
9.070659781475008
1.7624181216536083
5.9973369144738
3.215467659792431
7.578175931616314
11.607448147334829
17.082551887184394
8.962300097199794
10.063376065777284
8.271179761606357
0.16389430178753628
0.6425022387899153
8.492769011798186
9.999803614158225
12.135549559518829
7.5673308413754805
-3.036424943658643
3.5134857197204385
8.720967067463711
16.168775173545164
7.973598649235567
3.7767598020982085
5.816872038090527
19.42657154727896
-4.232238387748469
9.631285504329458
3.3128486709952396
-8.135769088548058
0.35793418854531023
14.42852280670242
7.964402587711038
5.452001135619743
2.7235265910116575
-1.6713299735433989
5.9812543529044575
-1.8629857872626685
8.833833353592164
6.1356572777700915
11.68482575744093
5.923444514299686
8.488590900231909
-2.3298323721482124
15.265057864331764
1.500512618446404
5.1599974515184694
-3.224948739294078
4.830809435162944
-3.522149730929627
4.341526632739461
6.809740210797463
9.682572340236076
7.618739356917496
-0.8808101341893897
6.511783159547688
5.167286277884868
0.772178466203914
10.250487896283481
12.794423643757472
7.310183239714806
-0.8994845856515603
-7.135742410336796
10.389601986167204
2.110464269912428
10.374070700245207
-1.469835393064825
7.154133656233007
1.7030714294261253
6.017177569068753
6.998098749144988
-5.436072065714958
16.21133729464014
5.723307763302271
21.944690789324852
-0.26474144959447177
9.864026672700298
24.012600849695104
9.462780365114186
12.407670090078437
2.284250982066294
6.675160296868525
6.055086259199041
5.006295491904503
8.127972644208219
7.47277529629818
6.757200579069493
6.539850086442448
7.098832778143436
5.983926044831013
10.048900652211874
8.519191725331373
15.389296868748191
1.2046733323450702
7.078697873735964
-0.23398877465507528
7.736246996460815
9.505717516234498
15.029675720142524
11.301569717014612
6.782089629542209
6.972018448197522
12.418902139693648
3.4673626484218167
14.381549584272598
8.927770616415852
3.6404753571013377
-2.604663795280258
5.370052163525682
6.305973652142685
1.432638051327694
4.819733039000134
7.842975205869743
3.7736966576325632
1.4749377042152538
10.348097590582757
2.29671948967155
1.6153710927139562
11.41447445953299
12.09443792244787
6.7593022557066735
3.5609299016331377
8.50393036106559
7.231326311075066
3.6076316326211977
0.8483189324345046
6.93115808879881
11.49656081325751
4.208088291606694
14.122877545490716
12.661641844621567
2.6375172029937466
3.3557737592902246
-2.997365343041503
3.6624852600257327
8.63818874464718
5.607007072695516
5.830825315835618
13.410291188777947
4.742408348055474
15.47266338046735
7.363366877801507
-3.192008256434727
6.862816694497206
2.3767522202587696
7.152332185090651
1.6031391609649202
11.080941319823403
8.752801056135198
11.176686177007449
-0.9521291478327507
13.346462679851202
9.427642748046807
-8.483193054558225
8.376809437385699
7.352263056957889
-1.606685172416844
10.360819659749072
7.687325353912167
-1.3240749426676022
1.3962447009582162
4.776227887590078
-0.9438621430693743
11.249976900839474
1.499613346168485
5.025830700761388
-0.04450976222507652
2.6015536630484677
10.840879197579765
-6.15918589772097
9.955991837860017
15.47067692160623
5.641517051813862
10.009474442461247
-0.7335361796719218
0.9732780991409822
-0.03079949020490691
6.406109436967132
6.925164874333435
7.556281109524407
7.876585464968322
3.221572821215574
11.739586253467468
2.550693343160989
15.058562665431916
5.4740938057760795
3.625262106215578
4.9289555823069815
1.4434804654611675
15.76021024384942
-0.9670141928345553
-6.9412424300980895
2.202975344960927
1.6100306978935741
12.865844130800593
-0.8715282577462773
3.9176155710706126
6.147516379441026
11.517574349236327
0.10363178888784308
2.764470966015593
3.339678708643323
0.3201184021116532
11.429190592298298
9.308589159704507
5.605808228576163
5.293382465116727
6.471922220235774
3.1101229737191387
6.362922106469426
1.638044626620868
4.926637865882426
8.704745506881938
3.817974458897674
16.735911602823094
0.43771915773687375
6.065787760087816
7.873225382616132
12.914831889671753
0.8381623510429961
7.2155728696670485
24.400834354011995
-0.9340860343803019
4.269716679598
14.306796481126073
9.334910933645535
10.92325808674322
2.9130015443520727
8.352460904982376
15.833341144054128
9.679695947039562
6.09668581816701
0.6694255757064642
5.172426344110267
-4.954084225201443
13.943218764010298
7.283563549817072
1.3239125680986703
2.244708606135226
-2.8547628719400535
4.02237605841873
-5.784776820793935
-2.2590207494528833
10.694594876574833
5.971998807213707
2.14437760261543
16.017963762242346
12.557333822101118
5.608618220210201
6.448209987704851
2.0397464048500207
4.003658488719971
9.780172204995434
14.000506927793774
-1.757168424656074
15.973655186790154
0.9511081222067403
8.05504858255131
15.329947366016649
1.8927346182628195
6.459485942307349
10.277504700013012
10.941068163366051
9.784065197847031
8.328606546961222
0.5256360683070174
5.654726456301742
1.4434679045490535
6.382229537669367
1.7665971762949955
11.643108658657837
1.7642056397969874
6.371224479483968
10.457365444143539
5.944420263799996
-4.173415761950341
9.19406231976523
9.941281363688525
6.652915667016345
2.1322897741427886
8.091659500219668
12.763581819960695
8.205528167699994
9.378929560691347
10.33265878668686
10.808500843871018
1.2841705669274086
12.506125564202904
4.976261624188891
10.427085114142818
14.849938950214627
8.403784468496807
-1.212287921196019
4.563208974754952
-5.128299496782555
7.6802971861140765
16.437693413113358
2.7010160549081377
0.835668811293
17.508684095986105
6.921750503822417
1.5344270543045573
4.66807051612189
1.2935604252264135
10.31842923319625
-0.31970420982981373
-6.438272147851777
6.29372756133865
-1.0093923665435156
12.35768502296407
6.689621247024456
4.172459632576407
5.632456911569504
7.078707417709915
17.49922061050222
5.028310121731728
1.4082215790366162
4.389515874136728
6.962713865386215
5.049038669114931
6.649618767444474
10.501573334812868
11.673388675579943
10.451258169824406
16.700614823111756
9.371040274240347
6.505924595743029
-0.09903767131167207
1.6428791525963842
6.345773326960371
5.955374172654602
11.050139065003986
9.307660918429507
12.562401630373596
5.6622821954388005
-0.8825435922683909
1.7681777579072273
5.034970009553912
0.6048729687244547
12.789930062914
8.845874415774944
13.115130912933543
3.693866651956691
6.75001124175791
8.272886703176558
3.286332683037458
10.34558641462986
0.10525652713163591
5.451636363306597
4.639650179464459
6.144469388205197
6.045642225049309
-6.062624431249491
6.740529994625044
1.4153478638951684
12.666653676802973
5.669149154864294
0.34484999123066995
15.675745575575217
-2.0188521347284407
5.600344320643599
7.362015179128182
5.703495497881689
2.447751746976126
1.6523940379187074
5.090211983240723
3.071644396141994
1.1241228308084166
2.9888332340873607
9.862808626328055
7.957046754431034
-0.5639189664123201
-2.737530493500735
7.046231036151845
4.98880595867594
6.906992147374453
6.694468290218365
7.688246323559529
8.985858500422468
5.079403800840042
6.957663022577742
3.9866886842536267
7.363624622957556
5.916494474781438
3.344741547416773
12.249734891971585
3.93623405937671
9.67131968402778
13.644510904441654
3.0511438920074934
4.450955451127228
7.278427034142666
7.006883063246715
5.23226405055393
10.75168164027734
0.13978786669655374
10.72282712383316
5.251017018966997
8.828734452358011
3.3756319270166912
8.685433853233533
16.05360238948399
7.780947708856855
1.0053595575268792
6.36297186837538
0.89873105528791
13.015796153813039
0.30907062851867373
3.701797800456661
2.76608087101498
6.320544494191329
-0.2483274610513062
12.366255313176438
5.8100642045175945
8.43181263915102
-3.3288257987391443
9.1598869776397
20.25962758152457
3.989230303105771
-2.7800666940966217
6.043269967282696
-4.1972746153514535
-4.079031993167497
5.8891928108796
-5.87962346006049
2.1239718236149514
6.567865120169941
4.1814770813323765
4.078471406281629
3.6930625060427698
15.398234005103943
5.027412530218424
5.022613410533042
4.389809009794434
4.068139094973046
6.042637758486829
1.2048341669651128
-1.9973271973072073
14.03186385799928
5.491459044697874
7.477136859364765
1.0476670455902388
5.947444215425222
10.574812451508475
11.711693526010087
6.664767835109583
6.077575617808122
0.1377979455037197
-0.35703676624280245
9.696744768381679
0.9969326607045392
7.853327460409443
-1.8432124337056592
-0.3373243252633378
2.8411535298309363
0.010667556754955676
0.71176701798775
-0.7195562568185876
10.415539801586121
3.6175039894671737
-1.7505895442406327
1.3697814353287914
6.151406978104662
3.2419297620126875
1.6964860906827486
14.742806892737384
4.5662198523701125
5.571213346397163
7.8031500253582635
8.406397373055135
-0.17378812650711328
6.715294040996093
8.056054515190493
4.237116505940947
8.571744810744102
5.3556129858112484
1.7282620109772449
3.834858200858501
6.315169886071569
7.663916171123226
13.721914765852699
5.736352593448434
10.134490357374254
10.40638884552023
11.269258245917673
5.653836012869823
3.154077434006987
1.5483431462908754
5.3717771615339025
20.097460300045025
9.626760330279781
2.6607247879770792
6.188655448740705
9.550908823030554
7.9337969228505685
-0.0870712503083757
3.3531832743340226
1.7431381021477321
1.6703215188529468
15.902659122287982
6.182624447164232
-2.916784332741045
-6.4297111627526355
3.055783061600149
-0.5339272706242495
15.056606122364515
3.947650445444108
10.612527567755066
-2.820981800709543
3.7937772898863162
10.138296815225171
-7.119343009392301
17.270509707840326
8.943389053802786
15.721758627162759
3.47202039018052
15.255997804879865
4.674708232190861
6.279588875960696
2.472860500565789
7.39191663455302
8.474558462599871
15.41199972879862
2.2701298044109564
11.666124495996485
1.4350995599036906
8.272384843886748
6.467847231746733
-3.952167721016062
8.192973517881587
2.3609370095572246
7.492371804573981
9.967338981843277
12.73969016089103
7.6168890310952655
1.3877250478961054
14.162726368135864
-6.911928111478311
2.8953675667746155
7.2333757417048785
4.934150820798431
-0.09396395796125212
8.278710965636629
7.167903686711543
2.4940734790314516
0.5379864166411155
13.239865723436205
11.53588775604981
9.058325981206732
8.536694453829778
17.536623045730696
5.164184093697358
8.069615039532792
16.53830859249804
5.498476185936941
5.490627839695496
-0.9599669044614672
7.69355993114339
9.867285129157919
1.49115349651046
-1.0015663042546565
-2.3406892587534287
10.383438840517542
12.24154630569269
12.183416456155282
2.065878903109857
14.322337614856346
5.56802392569671
10.268487552890734
14.210504142602817
8.292975158325014
8.922568527575898
-0.0039378876142750485
5.4660547245064715
11.279454483888497
14.815216105903804
-2.0393520918094943
10.556292688039216
5.506064141546668
5.417623550040974
14.33200618299498
2.584783237140496
7.964209000979665
-8.47247031840921
13.021813522959215
11.421295809033852
-0.10450090334088102
0.10948245672404866
7.349734658760432
11.819966277495904
4.797870156740615
4.5920921958207375
7.959438821581381
-4.03449504604332
-2.088685463239308
9.796170221601894
0.11828910520750213
13.381347445856168
8.620287271439349
7.903257741116019
17.69233513160031
4.799604885376342
-5.270169405456649
9.610902307150758
8.459371389840292
11.259463601641732
10.675397750306905
5.671462958878268
14.154058349261662
4.463727845271809
11.543470482209742
9.681313439667449
-4.786632326104835
-5.951146313668259
10.126233064263527
15.03224056409205
1.5647571541192047
-4.600232904905781
-2.447086932957937
-0.4065297645284449
7.285008188241799
13.10358929808665
7.967318410712876
8.593491046611955
3.8487820576662513
12.991657683822742
-5.079411401192292
5.4028495800847836
18.86022144249165
5.147510173148575
3.950080397987828
5.3563653099334845
-0.1980032895708952
5.5157347308147635
9.533985753553404
6.165047871480276
-1.5147473798346844
-3.4288869162492137
13.649230285054017
5.818022744488209
6.127074022400821
9.166661169371123
2.629718322476613
11.350431865131924
-2.4710886005094004
5.733066013496827
11.22319921807172
6.094102175306901
1.3528553098943714
0.5269897778708943
6.244511376264738
10.487463075390888
6.218137918392163
7.512845521235667
12.48566475680954
12.040877176350698
7.044549890340285
0.7594511950947931
0.4957351489680244
5.518815454129682
10.251807131956369
16.37893624778377
3.5777234678076284
11.104621351173648
6.823836123315097
2.729928792635215
11.382913963802212
10.444106761833813
6.684219563762231
12.758172293518975
7.660467853814158
3.9826151027718093
4.80955011938301
7.921522244450231
3.4874974920933353
12.704838414100568
-4.835502681223749
13.215038058404204
4.383917309418183
5.479246650320889
19.882592859224715
12.983774785301119
8.11196060386189
5.806765641286229
2.0334503105680977
5.4422751686108075
8.969544531850024
9.543988760667258
7.292609054216628
9.609818039560453
1.7853035332106844
8.706395987621434
8.513291836915073
5.5248823929681015
2.6130507229189632
8.861932813046124
10.981061368623049
13.578191229041803
0.013057249963639883
8.587212422666898
2.2828914121336896
3.121534827556787
11.811602318268111
3.055433245348839
8.49392315083349
0.7865966300853522
1.4765525909421982
8.640473833762002
7.197330972115983
4.340943724609
7.7284598555666015
3.964046762350854
6.18288149166581
7.988718049175796
13.887135718118849
6.980401001603479
6.623009295545063
9.101291635203417
6.570731465757693
14.862287200267593
4.59930783124589
8.532658596528334
9.886167559948568
9.78822724364425
3.2024208891886987
2.9154359836706463
12.317569431858548
10.629696833897135
2.5318494808497545
2.382255583373178
7.1562483413504925
-0.2739116456822952
-4.07217204641603
3.0993338021103645
6.079688056354993
4.625187849455927
11.865681657639396
8.326791459759672
9.47174245556932
7.685586720774336
9.135962924267439
4.848258437592973
-3.688277007859117
7.535651964957034
10.849901748282047
7.1416291072231255
9.870380888920659
4.503259835313901
-2.0618126677613873
6.617725348591338
9.136295802211627
7.327063163140623
7.167309546109966
3.793369726125773
2.832541771007607
6.393871613892651
2.4367021035593814
7.781868901034935
11.543381943801903
8.898729467069623
17.434557437138203
7.397200643694362
8.262891603057138
20.034267075281697
2.8636050888651665
-7.361680001364848
11.544700221003774
4.5910637651816355
7.176760574886533
0.828622157148847
2.8198149816915308
6.0620456622486385
4.484026241030146
4.604530731025071
4.247837314482322
6.600780999093988
-2.7587664148418796
-0.02811541689002084
5.339340141297268
6.33419926830809
-2.709410298498094
4.022208095300467
3.982285025758987
8.29954880194524
3.226971693234029
12.4665815558377
8.303778340212686
-1.9446232598389912
6.516268134851638
1.218879971924122
7.836107790845063
8.296097964967135
9.081358776736842
12.258608760293935
5.198099219054834
8.9118748275094
-0.5564805868531435
0.8859652137687322
-6.9310704839532935
9.560511055290503
-2.135125038659595
-3.6189107507925407
9.680832252867674
1.225419200732711
-2.4566916796102873
12.618568413828411
9.5878645539535
8.349669734475995
8.132296423648587
6.419383383256901
0.24981202000592262
7.733698170261578
2.070226160377668
-1.1832265583058463
19.84488707933236
1.7856783808901815
4.234561109542699
8.32230968556477
8.345519834717706
13.12842715875848
14.98849558204854
4.574650032989367
2.1187922273115056
2.025892938902991
2.6508944525336116
11.106353108649628
8.3574707947515
-8.26938363817114
1.1019488982092067
5.882832704445262
9.682912703135221
7.024831418975704
7.821496151109155
3.836737963363281
15.307617621656478
0.26818009124392717
8.30206004999456
12.01032549009835
5.224542430160962
3.95392297385656
6.8269188048724905
16.507056073596715
-1.5357365955480997
9.277998839253542
1.394304947519216
12.573106098245926
1.7650820651449441
6.230345684904322
0.9770719765603193
-2.4120267944014397
8.79681022522232
6.19773176333485
4.4254271176096
14.773234911950013
2.1173963083194964
10.902092751907926
6.60039166127701
7.600385289769352
4.003784798505136
11.09554792547343
-0.5086841716886665
8.160913293825223
-0.2731610794056465
-2.0688954332053235
12.586069233245182
-1.4764648151704627
7.779668405635855
-1.0069356471998638
7.8496375122365025
5.18017731181071
5.262005959085412
7.059902704622353
4.1007173157603845
11.788867190630302
15.826427112618488
9.348284186681882
15.392627380579096
-1.69662520341019
7.042725563142296
5.937645681314131
12.017872520598688
3.5428333688188625
3.2426459895256867
