-9.327732907301733
9.825565073216175
2.56891278833846
4.591606741122682
9.917368587873622
6.605744166777805
1.3800179376697832
3.7677288863586202
7.177096278170733
8.727707385253678
-3.6370417766707988
10.957607745445223
4.625468786856031
5.573368536568829
4.902716236306129
-10.643202730232538
3.78721308508688
1.9738740689896979
7.6505235671026615
14.406571063550258
0.7811161952214007
11.338172518184743
-2.4687990838091505
13.11890205230704
-1.5313819215750435
4.540161836286965
12.654421379372124
10.908027068763026
9.135661031069574
12.331268386385933
4.971046387172526
4.984811788096939
6.380426294824456
4.473046294670107
1.2631367227931047
8.24761153914103
4.412220632990409
9.12806078176412
9.615753730862858
9.57596644717404
7.774022615296916
-2.064290185179175
7.783217557741093
16.280202954150102
6.138503452176659
7.261071656346656
2.0760036723580337
3.219482375265925
9.167817603876385
8.962132382316307
1.2905155186264325
12.573991789758177
-6.944262289242358
17.338037942174918
3.7775303839991117
5.360791016774805
4.893493228153668
-1.9247814288075347
5.326343019228398
4.934481201166832
5.697131865330885
1.9689349317647933
14.04799983257954
2.398842197982074
3.8629888294937036
0.135144558141314
1.9877050194977928
11.569662871849076
14.256057219121093
-3.2783875050109454
1.0774162287556788
5.424969005984859
1.9119404468685515
15.786829236977567
10.623069070878277
10.87241475352686
13.357333433085897
8.668356722498986
2.117398294670795
16.705564262231
13.635575301371329
7.188890891797191
-0.5988843762221387
3.1135809481653314
2.2618916986033017
5.765525948412188
5.237350862582947
0.05582176826233809
10.537980561070011
10.538211135163856
6.766176262381467
5.862326967843421
-4.519827058972998
6.758755244535213
0.7130932209198857
13.21323765835692
3.050070569988702
12.298496695636993
7.34477407723354
5.657218312388483
-3.4696122080260317
7.9598648767015465
13.168812250131548
8.568129462202023
6.98387662175382
5.642374604791415
9.198101982859125
5.169518901509629
3.011711244694335
1.8335068037611606
4.827159728920279
-2.2827191925428885
-1.2978713545161513
-1.5554144180729157
8.758941917519381
9.713192800955829
8.510130377156925
7.927767725322264
4.063857514672155
3.507315705027866
10.330916472614073
6.264438124564139
15.357147120346793
11.668684367616457
8.330041402164944
1.4900825512543143
8.900523147306307
10.169116322911087
7.526662309633875
20.39336364211409
10.799388641685667
-0.12230457407104822
5.720420167132245
2.1500099064661247
-2.7579649019485704
5.360483497648001
13.782866412126905
8.84493328285848
16.934237324824355
9.688093374961554
15.031601446235472
12.921037049955892
6.424185505780573
5.370037906418942
1.5858539079240757
3.7036570951943433
-1.8892232941945828
0.6010338274883873
10.788615827880058
6.493993063420513
14.268558426927285
9.253585330834197
11.711864130340672
6.053847724261695
6.087589504132417
0.47926807189582554
-0.09160867697220354
2.0362225482835163
4.268829456111527
-2.2896476301786883
4.666967251611687
-0.22936706323107536
10.026111650997372
7.51778420286573
5.227209733138836
4.266900394590413
-2.4749202413341234
12.805103557444145
9.554121496200398
3.7434597907591094
1.0253215894100505
4.322197445231124
10.011719660791172
11.791788502635136
7.6924278672695054
9.450326347866161
5.472911742585334
4.58683448202628
-4.046867029168617
2.4081472995514326
1.436092442383834
8.249084641627666
10.516398465736707
-0.24421428163428427
17.651529201298207
0.016652690820442295
13.696866125865796
12.0935813678058
6.632115008383279
3.1381433871919513
2.305930125985028
11.04264504765571
1.9344097732247745
2.7348209388496776
16.577778788810868
9.537962088896887
-2.804269660466307
11.529888665879914
-4.0153378222161855
-1.1613819782549344
7.8704040580528325
5.781373422793121
5.0216611500188755
6.527307806215391
2.8204390009653384
7.340345485705014
10.469475665112537
6.773441013426024
4.222315570694448
-4.270020695065705
10.645092968442551
4.4898826557693425
3.710398696049449
8.498040720822576
1.795819300800093
7.488017514683256
1.4157712801844573
6.005176429617949
10.794136915404827
-4.183347411819643
6.493491252998112
7.162000525901193
-2.5323158461590136
6.426990195898476
5.0881276952816945
10.062521540240114
-4.81001911254625
9.063281224626639
11.354113468866853
10.409595488199592
10.272772180413625
5.951358249774557
3.3478532368541765
10.643133294005523
7.750394874961915
4.520390679565045
12.585012095906704
8.767100115136074
9.220368052207974
6.5827256418441324
6.882421857941274
12.80321257472739
7.807862407960462
7.672808812556505
7.289251770903234
0.8846795012284989
8.382734315778503
-0.11481101681000894
10.72537813129452
8.020907843273303
6.369184979204189
12.5473968410219
1.6609938805883466
13.424120357411972
11.711400010360894
-1.120640245766138
15.186901096578318
-5.855652749466621
11.54001747771341
10.208628038955617
13.47727664408012
9.274976008184984
-1.368846263670778
10.352491210683176
9.392137635152327
7.762961524955566
5.548521997579471
5.163038532797384
0.4250192044696668
4.887582605559214
4.3924734832296
8.139938316398657
1.5455727917464914
3.440085564340973
7.004886770614156
7.065708753724331
5.635593776138518
13.966297697616485
1.293598468687474
14.378248174589594
18.13524247986323
1.924597082055671
9.737786320749816
7.276444960200708
15.64094139599589
11.082931151697471
2.8460564856907227
0.22894468429628567
5.538622800993308
6.042172624103467
8.162954219381609
6.180356452405914
-1.99136120118105
5.1448836049557505
14.087131869208214
4.1305757750134005
7.64819500043501
1.8815837047503763
12.921371398577907
8.944933113298376
14.587696056107117
10.133493145414329
4.233142285432002
3.615987528406484
0.9847919938581793
5.491385147931597
15.26681466855472
-2.865773768893405
-0.30936940649956046
9.007439872650709
3.5065533162611335
-2.555422669582777
11.507019575347122
0.693165841914583
9.795808881974926
10.373599658275037
0.9465192374582676
2.630572750145439
-0.3334259126981811
12.307769777528858
4.431271184609573
9.244150433616035
7.248306054605623
6.920090144955086
-1.4115197589440278
12.216145682086765
7.463923102548779
-1.035757967283888
9.915778177533507
11.066433593125215
16.5798032036977
9.611772991412153
8.10247730239999
2.955300093974304
4.064756187288463
-6.044653215332982
-0.9294582423515978
9.29557333081379
1.5679286398674819
5.048003437646666
7.619958182640863
7.031000517381898
-4.987085795637862
3.864314154848757
-1.718535936960257
-0.20694308556925467
3.236914927619169
9.820612353833276
3.1857596801362615
8.57795814579556
4.369445752868607
6.586496589329475
15.740299288378246
1.7541867663941062
-2.2741906621748385
2.5145637210970255
6.584084161165409
-1.2483703827422223
-1.241811611002415
10.028116323437725
-1.6298411691945196
5.4426250412317625
8.089382603621232
10.464092672030542
6.850347627656564
7.084049353561912
9.419828597751678
0.2230345250408039
10.661608764273197
0.5606941715312281
4.213722514587368
12.42326842647938
13.425403851509422
-1.6059720479061736
7.066635077702077
15.704427194984666
10.128370960358211
4.298401805957744
9.608758220168793
5.745103387529282
4.88129777811219
11.038783834733184
2.2030495428426105
16.770028716913487
3.89423936948746
4.534901439350994
6.44780177653172
1.667170097398599
11.498505693372001
2.842004260817169
7.247185258393842
-1.8572094386509796
19.293519495392623
10.900202348997105
-0.3514255088582541
10.675175462954392
7.390065245242084
9.923864099986623
12.609098947288853
-5.339131436575885
-3.828891625103335
2.629151522039996
7.960810666401338
6.371289771304593
2.1929020580990115
6.356206089582571
8.070712935959758
7.200481846866129
-2.4334976536101554
5.335949080082082
3.021607960695365
-4.103484888431284
6.896907002454073
14.781321662924423
4.087670892153282
2.9974279259193537
4.09618453965561
0.20312013691763298
7.976849536888153
5.723256080485356
1.5985966511407028
2.743361068515535
1.9532360228957577
9.389972330197784
6.738962279212018
9.626975548153666
4.951386906051081
13.183165431207716
4.084769503047175
0.03369588168784876
13.182260224120196
4.573110240040454
10.705674034063438
10.198957749517701
-0.17724235998637994
8.642260298613149
3.7178516136244513
9.300640451959312
10.449221988355195
9.73742470017841
5.757743002041454
7.597350953902287
7.9466188574773495
8.235697937515141
0.004400874256882403
4.027843986780017
1.8850522098915503
-3.2955006029165066
6.26861694167535
-8.457926730275622
8.34867401091859
8.237397243670994
8.172257027689293
3.818944912698456
10.87848872815463
-3.8658186318288976
-3.7046303471097133
12.535170712093468
3.12691187479836
3.5198896609841803
15.991100953006656
8.537333947152732
-5.555284989466971
9.570369738256304
0.09201772365050331
9.34301115661306
1.7929484489479472
4.791587822912924
7.624790764583962
7.641657240937041
11.726578328329722
11.798735354450713
10.87092180685227
11.413204832456367
9.565199399041287
13.267770256903532
4.254340037623554
11.083450309449434
-0.8843549082206268
0.06390452355673748
3.7580475188531905
6.147713361816397
2.3297101981398507
1.544877030193562
2.1284811384150055
-2.3640314395577704
8.815022385032542
12.441097505810816
10.257327037103646
5.950367672305302
7.927519088027633
-2.5773432342526768
8.04772762502531
1.4775990010369018
3.8141637422431813
18.205437221295806
7.826236926266854
5.990461912126373
5.679170962746869
11.037354029383067
18.398399780244922
11.50502034397778
1.3238009068480432
2.8671796307894843
1.5631013047120819
10.588338898945262
10.753885410645752
5.36241423521075
5.165453253232841
15.773238793507304
5.94509892466864
1.4710432112387473
0.42662451791113654
11.18388674790307
7.592455536653583
1.3811837371753075
6.826512703835982
2.1924228078873256
9.991534062261072
0.7549582658101155
11.145870396669125
10.08675656715386
5.8113350256182645
16.609698065248104
2.3351360654963482
10.52317410394977
2.2195522710822204
3.791260771245005
0.9807238315173903
12.22572530131071
7.87344975930756
7.880910923306695
-0.6014383107854817
13.171686308620718
18.910733489231156
10.364333781331126
4.887146333014529
14.911150434964702
12.012543840739795
12.863074637848623
3.418337426098597
7.107535940910501
12.611719675928533
10.017623195697285
-2.0470631288600263
-5.25474736362688
13.08031523093744
8.883212432304626
-7.434610623440623
11.609135728595462
3.5133189146622734
5.074789985370646
6.562656573177756
1.5195653427878755
1.1894609823683986
9.866412034922593
7.996158986717651
5.123488079854558
21.695879001890162
7.979238918761354
8.649589149248872
4.583031879011385
-5.336601867041484
4.57204943450387
2.6024416463568296
2.1405815944332947
9.90889745857174
-0.8644971375142747
7.55156189292777
11.634819280491026
14.680943956397556
3.536158518752957
6.051070475802053
6.824093896697738
2.9849489144936725
4.419301997679768
5.102227646852657
16.227453217778244
21.68684591300958
7.6420178740679265
12.757195210129527
11.266614918026633
6.121286125958772
7.6840955426747914
9.743919589222106
3.537024617489936
6.0274724088688485
8.144923448006987
1.2770408413718917
12.917751314517117
21.662364271765696
3.059697388636843
4.586000312876366
-0.6825260575342114
1.6604653626349188
8.996228721809748
1.3764021631462215
7.130291213131303
14.590612758272554
11.871154695755214
10.897419425756564
3.335837904453594
11.66181240283051
6.456457381026465
4.759833199646865
1.3140231120388046
2.292644154067014
17.12633856714895
7.687003114286973
9.590548030996683
2.2224109291318137
-3.2367539774739864
3.4111399828590687
6.108013640126363
18.672970929285853
3.9974333658015033
15.819158545188673
12.71348444387977
4.290274024413206
6.636822315261685
4.896926974227914
-2.2614412680711986
-1.2472420756208704
16.605064385239324
20.738910483345624
8.636064885289118
7.14429919397841
-1.4701069993069016
1.0222120408788902
15.567706781577938
-4.526348560368447
7.566728832598666
-0.19409230289265
7.569466658575787
7.350065025216179
5.40993329773381
18.238442268401496
6.14681537160879
-1.9747511135744196
1.026811228327455
10.667172497949592
10.924924577392225
12.551863061076311
15.15068000075881
2.2691502578408476
14.665223340543907
14.817732760804883
10.893936337495537
-0.3584322545754315
1.1176634247573949
10.557403975288285
1.1445898981202856
8.614966875761986
10.937969397526505
1.960543772850781
-2.0935257817397126
1.4707352202058726
9.202411893122166
3.139403255359978
7.819128503218817
11.631500942786683
6.868194585478689
11.928761338937392
3.9261639471761156
6.695463598965049
-0.010259615276543954
-2.4117893873317318
7.7227038598293944
-5.463687686173785
10.327666157105655
8.280682047944904
4.033986449775409
2.556725637307944
11.433416505987523
10.802794360835932
5.385512811846529
2.8357422240483774
3.405225687219793
15.926446177047586
4.630389126250318
9.185331265960658
9.205259416440288
3.5439300768142163
8.853575212462086
13.917200928322176
6.454539811434163
2.9581893988162515
5.021321724003304
-0.32224048723193555
-1.1255264573771555
7.304120614577435
12.09217437188737
10.62911920653254
8.151600191653483
4.090052396903909
12.567844572331795
9.959048280027826
7.818650547614906
-4.194929210777721
7.553293935185474
-7.598208733428656
0.8419297516732565
2.1908239702510395
0.0026911406965117735
4.946664063260758
8.90977210707901
7.727551379526991
14.49537523471406
5.256420062923132
7.395532202667393
1.5937324458089908
0.4831927983117712
0.9947057758795959
5.682326186261401
10.57272902438444
11.889403781443143
9.937607230063596
-2.992157456352979
6.338315884849597
4.033865465776929
6.298864033677092
4.828805612664686
8.820494068362006
8.994154055165323
11.811935976127959
4.0229584763430974
-1.0458341343770359
2.0317618773895973
10.085866877721227
-3.0450681249159555
8.729740233663378
3.790319308083637
4.965156286162937
5.231557616792374
10.786697085707251
0.5294761463782889
3.8064694648926034
13.489200239894522
4.284490385729841
10.548304005323214
4.59016864177337
6.904232669926504
-0.8465674886584909
-7.377990177651679
8.978883465980527
13.379420718394062
7.570965733397336
7.0754742940887665
4.9343019661909215
2.922253147864533
-4.629823827406794
-1.9767003895433417
3.417222957648191
5.066134053893484
4.389062636813929
-3.0504070401811365
14.056824474178242
7.118612213280116
3.3666566830573763
3.9867866061442583
6.508081186731075
18.157644896562836
-4.679225837304555
8.718956505160213
7.282952320706652
10.365619761507183
0.8344216700621692
4.882254265068435
16.238690539190614
4.617167779968716
11.088716202650463
6.808982188213769
9.43984116151677
-5.4097336603051485
2.6274010608395697
2.3122493359399354
0.11439042220432505
4.21494385588524
1.6930219220615195
8.86607141409019
6.830152441857038
2.9596363713223397
12.096205218589787
13.39843574397161
4.5252099339454235
3.1830764512912264
11.109056695249471
6.454280249939583
2.993192299617408
12.934653547226322
5.6155171606884355
3.519823465126651
0.888689366582569
1.5295790028870142
9.786331482087938
1.959467503017705
4.3446316220989925
7.592400690049823
5.599973011357677
1.398189672630342
1.5611592070027251
9.626292851199569
-0.7531055433052041
-0.5086822078808595
4.260785955170966
8.564135937617104
1.8338619698952217
8.303820792117095
10.02501805380162
4.448778095018173
11.259567614599238
17.273207410569185
4.976644462934097
8.593908883471254
7.807806738972402
5.597729202938249
9.706167480096331
5.121331374976415
15.538866212498307
9.289760831763262
7.953729058628565
1.1440282239716053
0.5505335751745966
2.7510962704746427
-4.2461691886686594
-2.8358234137805933
9.396778150081072
3.160699497851535
5.055090443622373
1.8067841965523463
15.389638392053893
-2.933036503674707
4.870247754940861
3.0194044563903293
1.9164737741330171
18.415968317724406
11.922343523225079
5.400473887745059
12.537120455970268
21.465732560647076
10.937793621781616
1.4099493391361149
3.5472508250245807
4.639854032618782
6.6613723130991005
7.8235887941887485
6.9365820701591625
2.0586890628816836
14.123734587460703
2.783448385584791
10.395972250649656
13.675448960505658
-1.1651920955497062
3.6223808013181698
8.14235560766328
6.601778315748099
7.089347557270115
3.5479729565470204
9.001263614059326
5.810104147953541
-1.9261089007050778
5.314041632828812
-0.24918057313258046
11.570803625261263
9.53365655611123
0.835456255052498
8.793833038514087
6.060893799508764
6.2272844995933445
10.20425881079209
2.2168826414927567
1.9592344719261598
14.091699115542
4.673081052374171
5.733681869653468
10.659009316502747
13.520866950176128
4.842710821695254
2.6846910643278665
10.3789485249918
14.189588918700508
9.504343710804523
-2.5844404639382326
11.644684635383864
7.447961522441402
6.239634895591373
6.796831261213633
-0.2901415350096448
13.585445472439456
4.855059624854672
-0.535958670188247
9.886096535402768
13.57136563768157
4.3572704765576775
9.624986832008233
15.819286786529535
5.554607808701929
6.626226492594832
10.715829711737797
2.303641625049098
12.69021551765873
4.595192798248146
5.819694646794191
9.28875295118046
9.321830831121213
6.022392001539796
14.561759998443124
8.818771403506744
10.98595163034819
6.721223371187634
9.344944447957523
6.092714336729005
-1.5903938001264377
1.3304498426076066
4.627830826073548
14.782511037500395
12.073539632412617
-1.3881425939570766
11.190151036430422
9.502779866030263
16.406901761308987
4.076999292898287
8.200107623625783
8.586380267280546
5.715298169984196
11.624289642034094
3.064835087888538
4.794908683159922
6.1216090401473595
14.772618528201596
4.107710350764537
0.21644675380667966
11.995684031112889
8.265257181530545
7.8376284045751365
2.618119527222684
6.920695334224184
13.233666228496386
0.8799605872332465
4.245740673387876
14.945703553398578
5.509877006657365
2.9095084115904317
11.38690162114575
14.990667572444227
5.1941110199653755
6.698400875983448
11.869023526631281
10.55951547708544
7.858112267750045
-5.294377166134501
5.998412805420415
15.001999095186449
3.169839594513645
-6.1655887964109155
2.805644318582493
4.2918301512681785
12.565725791751689
0.5690063327250154
1.9925094937118084
10.45303385103708
5.241871625469835
0.3200392725528465
3.9137347067039006
2.014883913672772
2.452991359244006
3.529113482246029
11.886484333012952
10.133858889957185
3.798039636768005
10.845161589759435
0.34376520345609585
5.771869735334414
6.736288639954959
-6.149393894306705
2.685886542844387
11.446599125888977
1.7682950651623504
13.24853267308293
5.738598448935253
8.288700896552887
6.7638386411512705
9.25395573189363
2.858780730572496
2.7254090530524664
9.561428124746026
7.4468936812872935
11.84614997623872
1.3377544044694707
1.5005806091419664
1.206594059968407
13.333322345847652
9.26116879089776
3.599160305970262
3.1239898781273348
9.242194051190552
-0.5534672312811706
4.937941137206534
0.5378172202680789
-2.83373635345807
