-0.705800639680989
8.006159693876787
4.821140587782807
6.4795624946538695
8.682214074524548
4.006389815886028
5.4297752403756885
5.826634447376362
9.98576191878991
-2.6180368902208944
3.839095937110246
10.290276004114375
0.9649413812257768
1.8156794312266489
11.906965640221618
8.627009808298416
8.897180606382197
-3.996423688214426
8.415159159264215
5.672291346777017
0.3930410318002133
-0.5597271558696741
0.13642524404379763
3.9346441090604096
3.7720249994976722
10.532979122096659
1.3726306639108077
11.572662477601959
12.522667176853716
-2.2080128641714207
4.386395138625675
1.293998013272285
7.204458988732654
5.501451444005621
8.221988210708115
3.399943714035551
7.725338591721371
2.229715338817275
9.109523177007357
2.9857532543772196
-0.18754368544530475
6.529741907395802
10.946839608923108
10.125656804544489
11.238744073389531
4.085059977740106
3.5903192291112314
2.424755734011855
-0.0141002015212921
2.119815431589341
4.0135039235304495
1.6328667304964828
10.733369698845003
10.65756133316918
4.929475515588215
7.657460248936221
2.2448716422501183
3.5414015305169593
12.013953882269403
-0.9405121514398394
10.828382739795167
0.5918551553205589
12.69796001232358
-4.314411561514252
3.2136667541803154
7.399032489372775
7.687379501208795
2.3199153980796807
4.754410974138127
4.837647389942806
6.751642984139979
13.115840056574864
10.691636474488096
8.641264687662819
1.391115988242893
6.424718382600655
4.3155582401432095
18.784883436855754
3.892954911417277
8.860130905251488
6.378122320083245
15.28623412111341
11.768175255413906
3.4004026397091085
9.38205489876259
-0.586559213384354
-1.4918938328235338
-0.41484621666059596
7.985666084610117
6.407904423790333
4.973479133817007
5.587440415171166
4.540034588185213
10.99342583386175
1.9912284664694555
-0.6379145219223457
0.4438811996371701
3.7686645698640833
4.1473817509693705
1.136647044923122
0.37643667716609786
1.4835094329562013
7.958824257162837
-3.199398647360069
8.375496943179174
2.807834073378242
7.1421718607064655
3.9534287104078665
11.08222171395563
-0.5672187534259869
6.260495154910483
5.504835005751888
4.96819930409743
-6.037542609962246
10.748389461833575
5.6978751251171715
9.100118767073791
3.7364934709154083
4.690534698621689
10.359051697677902
-1.9369115818533542
3.77140818532874
5.455245571910105
-3.4340886238541124
7.417264909530043
9.91513534933725
7.164915044895413
8.216324390930284
-0.24694212630787504
7.25283690359636
8.786421065723736
10.133454812079908
14.045605518673907
12.470334690256726
9.14920134104404
9.35305190231152
-1.3621210033871751
2.095541716629979
1.2012097427864314
3.141985295534785
8.159338701807025
8.193621606267484
8.63349075159718
6.792873961764657
1.0561631073207653
1.014878543822717
7.936962313642642
12.098212445372061
5.3937706313468095
16.064712196691172
-1.7480251097450132
-2.9180430692482897
9.500872485505997
5.111702430813475
11.464569759840177
3.120931138718951
2.430400041207641
9.605699530766483
0.7322833619058113
5.684601135472688
3.0312825515637023
10.824789868370887
4.9973108393686045
4.905615882075596
-0.6340135653879626
1.5858048558435098
2.652198079317299
5.288151859008067
5.082582476132665
5.743866143818573
7.059763852623043
2.02317020958663
12.22502967342706
7.729448998763048
12.663239584886178
3.806214700000986
6.003375419422856
-1.1546342839854713
5.644303434629364
10.545873993447113
4.71790914935739
6.200432815970984
-3.5276793627110443
3.534468495734278
10.316205527341241
10.347125255268637
13.58663011898089
0.4844308273028526
-0.0069864867840196965
-0.8229424127889837
3.3589441256073203
2.487655627279757
12.30563680175513
-2.514900358306461
-0.28007443257391973
6.148126234590139
4.842748542202463
1.9443561175933493
0.3922357547975279
6.584284331620474
7.072888485357584
0.9082951502805465
5.980657317545402
9.203752806173705
-4.992213794179048
8.302531612536685
2.8759341661613407
17.92211509572177
7.79057167975374
11.886097081742186
-0.8508666113955599
4.997139219685139
2.5566225292815385
9.833990319428693
5.185530989965726
11.244180398482463
1.7316062545470552
-0.20490879453326727
1.1826299876170412
10.597943927997285
7.296933398791229
1.2241445322329496
4.041222976349533
5.400043357910362
1.3114149872565997
6.60528643106959
16.42882790990644
7.950892768250096
11.055837297180178
12.984925866862824
4.332908484662655
6.306190928171722
15.529765873794503
3.5934745037372116
4.351376046517141
5.0201163025486055
13.501340647405362
-3.8131932867496676
13.893699077329925
8.887061107380259
12.961822034492426
7.845259757359837
3.773125630937378
11.12783136886032
4.498650056728975
7.448541383520813
-4.046739262069888
1.9171196531352264
-2.7471886429632937
-0.05751756111734263
-0.14031400399322935
-2.4343662341943375
3.8681541438844014
1.6038473494923293
-1.637947349177029
12.897108946684897
-0.4251202983487863
0.0017108791734647966
-3.2077931916971663
7.936266473411092
-2.1428457782574766
7.981474093144334
4.066928739975011
3.90068562864018
1.9561980263810472
-1.0288209651582472
3.326783922996478
1.79924762244756
10.06202187389088
0.4829982007810196
4.485222488807718
3.1977194576794923
7.941082781371048
13.416838584291256
-0.9699019541974248
8.958109496134806
2.8135349875249838
4.343048754832997
-0.3125985881820492
5.1426037015483335
7.680726149264676
9.52375450138777
5.747592973154315
4.815573877405252
6.864951733954281
10.442137540025165
0.9647837994359447
7.9132336747583585
-4.696821208331357
5.6062739243061275
3.957703193557339
7.135079346602281
4.371664779057916
-5.671033205702818
9.525549427687281
-2.474144372590878
10.64008364921255
1.4876193710823093
5.464572182304265
2.544048436789772
1.4889840581826093
2.7637026096935995
-0.025052542132375955
2.255143700073716
2.6565594708662843
8.73904840472245
10.255349450444328
13.211069848172302
11.251364101749678
1.5874159095119964
0.7224056124086831
15.405431965473682
5.878909223482774
2.219819658577474
-1.0514964996348235
2.7186806564724497
1.7670811597212157
9.200589130181436
2.7961059499098657
11.068054083855206
4.337978372718659
3.0352824705239745
8.229648035511612
11.92161528311204
0.591821597111005
-4.303250805449805
13.770710654061492
-7.18597093145584
6.077363187007098
0.28520196735025305
0.690193137155831
4.26364382823215
2.679289996461234
4.747385247717933
-1.1338143512570493
2.62899420007301
3.868100053872917
-1.6964277428138566
8.371543811830616
4.23096150242165
2.2794757323959653
-7.17776608750107
2.0740591106857833
9.541646198414929
0.42709172703236575
7.994706380443041
3.9794742718506813
6.657544846321709
8.268015048428357
12.705543540716658
4.3273167839529885
0.8849587070417533
2.972833990220608
10.511499887201644
11.138745183841692
4.172893153862276
10.931015851128487
6.135762210803975
9.130344111584868
10.714703807521314
-3.7397555203674955
-5.818044974741216
-9.56954573763484
14.428889967955806
7.0635028893202705
9.01281477178111
11.344727586880586
5.326684825045564
1.414016130148041
7.923712955534815
3.6174297681426504
9.824578277210712
10.884394581164491
7.14840868847711
-4.864930610453063
8.119427809891812
9.848559834475934
7.02573006474575
-2.4327718451034386
5.488795612491238
4.784901621726449
-2.6883259157476838
8.12076622711425
7.889434187461714
5.1826607969168474
1.0764013013020985
9.53370728044571
5.53221627181057
11.169606561809037
-0.6840579589547842
3.3332918235737066
7.555232723594739
5.27869392315375
-2.3000217053517895
8.816351861986632
2.9029153002004766
11.06983803325786
11.244297523892033
9.206046752817162
5.688932630147062
3.7551796255822354
4.1386760599202015
1.3129794974388433
12.091234553676669
1.417233733688521
10.838562347552877
13.25467704707134
8.084121317093187
9.312265174995996
9.579332754208762
10.523570560971343
-0.9978033540775488
5.666982438699463
6.653842497698599
8.762363301610009
6.480136930957576
17.904115591678043
8.131057173952462
5.637768192447975
14.033959739610998
10.015325985665427
6.097518662433913
-2.273098806576254
3.6657386971758292
6.6307120813832805
2.49291349729665
9.111093560986191
3.0490748310117914
0.3047090357916038
2.89958789956324
11.974995985704918
8.436197303208884
-2.055635357399659
12.390282409716745
10.428344144658713
7.69003142917869
-4.799336011880191
11.984100938818845
11.960701605161944
8.769419052324618
2.4471683222544933
12.555617099010032
9.542590828591631
4.973197526231049
9.422925804887814
5.81078345917266
8.648548338235996
3.4295754112839245
7.655899563446439
1.7916744744018342
1.9549905576564268
0.8265959064607644
8.218944813437949
-3.573390171833397
3.6894430856958897
9.954558053908872
-3.820225458923863
5.172405811081051
6.762511439162758
-4.85636782307532
3.340422975945611
0.9390919283879926
2.4241194782917885
0.7126107428423296
1.0484298128963263
3.6351123862291406
12.137263956248075
12.334197878395921
5.181670661848124
5.7886933484565155
12.441432609397879
15.119319833336789
3.2545036044104707
10.634939081753245
9.184144094236151
5.124444288128341
4.382191091122897
7.056411859130279
0.8436885322003702
-1.5846785167731525
3.8129971658908177
1.6577820616855363
4.262318744326951
1.0541163156803264
0.19191542645982684
1.091534564521604
0.2599314865693443
1.1509537731656443
10.289514147664562
7.265059645262088
-6.33341553326958
-2.455689504737677
4.220061616448604
2.1590104424335346
0.6249092823591629
10.335545901575706
3.818930668731437
4.774953852785734
2.1360795195374616
2.361361049772143
9.274003416589025
6.636260726758725
11.564989763431814
6.999648033651009
2.47991908766763
7.450920235117862
7.566946104844892
4.80052939311469
-1.5464893599653653
7.626042668078191
15.707050421119847
4.709189952418015
8.408604054072924
0.7026429951412094
15.220265033697471
11.579046730015698
-5.6580644263496005
9.506308733582784
-0.7885685327441987
-0.3777507341535058
-0.9276023314754367
-1.0600722354768255
3.568448479670848
4.98175570614017
1.0967214393214642
12.759938044813735
4.657551917935753
3.202559265456719
7.233857853976066
4.795802523291822
1.0686647736069133
-0.8184377537207288
1.6525360883394233
13.251546751218083
5.243402153652298
5.827558322307517
2.064783498972031
10.005012377676392
5.452053157493089
8.402247610340417
0.3121898646221055
7.137743443631836
7.200204146918255
8.003817081901808
12.92359735233776
17.01588889705049
1.8677345704458688
3.6582179501134724
12.762575224030511
-6.348706364257399
5.837324105053601
6.09392608654898
9.663718655819471
3.5753247897278935
10.959290085814953
6.755706539092815
1.6118753086600557
8.580379893653141
-3.6993827139464717
0.09025690808293385
5.297981433449581
6.068061043810234
0.9126183513091783
3.7658051278119586
3.78941352336772
2.266238335960862
5.40158333189917
7.784486923969741
17.17893585897247
5.747686336518213
2.804579197984308
6.179033662390681
7.254553593388023
18.79418126056743
1.6999956419145787
14.535860918595091
4.766007615303151
9.000090165233646
4.473599712912183
8.374414371228564
2.804824553204564
10.02618175723141
4.732805312449047
2.8393681194873026
3.793889960452641
4.832520557686211
7.19971195934151
2.8675233918240344
7.452443951397199
-3.316275929445247
-1.7370591695691564
3.682347651023915
10.310442461511037
5.7007353085737975
9.070912590924392
2.9598671227364566
-0.9754591719803152
-0.41460623147163744
-2.6542698792266854
5.301743555863318
8.320012323209456
3.020885207069881
3.872264552662703
1.8366420201150744
5.282456193167444
4.235843449402773
-3.0575195013893257
2.0553978403615876
-0.8988803522588942
7.436583069880914
5.537682771560105
5.845767485269249
5.438686875343923
11.67571338716018
8.349000443585755
1.3290883556586066
1.2940181979956464
4.548271960143684
6.140416299693166
6.8821710795575655
8.1556322701442
7.899778236681677
1.0674812767303723
4.0209772352582265
6.716681534684241
12.732008109191705
9.867678341776095
7.8575122275002744
0.6221975385219043
-3.556720984876665
9.523161471736888
5.230624591211869
11.173241803891312
1.6198389317807926
-0.8020620917401682
-1.0438021763980334
10.30569138705723
3.3589946781276843
8.038798316309533
7.251010347343999
0.385395058982521
0.9901475147726289
1.7475340415895668
17.52694485028416
9.01778043162923
3.560482294362053
0.7803282273788934
4.357584447080681
4.896141839871171
4.73831658113001
3.6494700194101357
8.142253177812165
9.510176727744135
-1.3702715526627331
5.8170711924147565
7.857316718108093
-0.34707473931201527
9.185833968003386
2.816664293088179
4.96246217827318
6.840928174842345
5.3596670754743805
-1.4569583782046571
1.1428646145720247
4.1755222976810895
1.1417927593353872
2.5023309356222305
10.850471369376246
3.0453320493677514
-1.4250403803519145
9.933739613779885
5.930981528006529
0.48081100030420654
3.4005932769740976
11.176799245807057
4.003096437379318
12.57225664159687
5.049401674489185
4.33267995695771
1.1868975805839912
9.604147867695872
6.337400475071168
6.618863571490692
5.027568388801868
-1.9937064044447697
1.5492412816852623
13.296336381842421
0.6095522598894334
-0.06367998649518292
9.267031680482669
13.181866007613142
6.582862196929686
17.310301263266183
4.697143509143207
6.55642296346136
0.4449455208388562
4.962748151437998
4.888805003253564
3.4904584266986234
1.1686074702367701
-3.184932718520434
5.046936096451434
-2.0255755356098373
10.274611350010858
-4.061044085336489
-4.761423102190559
5.4873363440554535
4.254251004959137
8.690968430504082
0.5924025389623067
6.446384699778248
0.39347069880365204
-0.5153807705945965
6.74605141259067
18.84936519260316
9.805901725159284
11.597720785761076
2.944862424175232
7.0266425299415864
7.630145541630323
5.722645435417702
1.301888467723749
6.133135232257781
8.296002012617434
5.991265019001122
7.909942690400502
3.84299261761911
9.552058056312074
9.533751688555636
-0.18485675226734832
7.067114041279141
2.207528052068775
-0.42042703242764645
2.420902164940123
6.962471977401777
1.8754775879639647
2.1452945701300146
7.173691391698029
16.856450108858866
-1.245464776510584
-1.820155922587758
0.8030738575570338
3.8442714240415357
-1.1029214747389755
-3.594716441099095
4.923595797835112
5.6737519592848615
2.1116828825467397
1.2697037744152664
1.7067452865539452
10.19999966340545
1.126736010394656
1.4499950740221395
12.520938977747548
-1.8911676933770245
-1.4816078201940206
2.363356878078828
-3.0893695936905203
5.1307870884715845
4.310120249951488
8.141140288534496
-1.3089917531163815
8.341060156677212
-1.8766601518621409
9.530369835534692
5.879430755407822
1.0475310980098325
4.73111049367041
-0.40066683793530977
6.0194163614634855
-2.1095033201897175
7.879324331909114
6.555455715616668
-1.3673723913840332
6.147573857791902
7.144629153513332
2.3275638285195073
3.964131016761873
-1.7830264711573953
6.031133346962163
4.15178206477036
5.476192027885305
11.421346282654216
3.7688187312688006
2.3457163944049393
10.127862486488745
7.7413406348486244
14.971179747932023
9.166910061199857
2.841061880292815
9.30845054827378
-0.8811080055287466
8.675321173774384
8.281136351303587
-0.0703170845739498
7.466225676807141
5.584833037828584
-8.051602329040712
3.342249241285535
8.011794502161482
1.1633964113693782
6.81221042096902
10.246836602412131
9.098419138494034
11.452575239552047
-3.45015123609873
1.0840162152160322
6.478646883759636
-2.866966219480071
10.118672781453714
11.53569561091896
8.207198433036716
3.0701421961349884
5.411893623279176
3.314057730854689
3.4382633413181845
9.069425408193506
2.0705548079590974
4.666304426390935
3.1789750718959375
3.6133646783112234
7.569111106669692
0.355030925211858
12.547024853196515
3.48115492280703
-2.305929854409036
6.94681656459809
13.203637780047343
1.798428813119735
1.1745820992726999
0.9676831567464879
15.827159747123098
13.122738768892216
5.785073648405763
5.082811415588821
0.05739721270280729
4.039118649644228
4.017113356601623
1.9464133771713135
4.8882793572839605
2.4614501068768826
6.366866334543696
6.17766569686324
3.479857529402232
6.091908398813489
9.547197403289468
8.237576580567277
10.25915604632494
7.491557842494594
-2.6525554044241435
7.039462763807697
0.2640416395817953
9.28180874905426
9.772357020975399
-2.1697471078308226
5.965434619711132
3.7172533420844567
9.068711853328704
4.348561671644314
1.9678146302276889
-2.3225082934405457
5.759358887423927
8.293761902494298
11.54622091636471
0.8499381354335709
3.690000416114752
8.93163238472648
1.2258935387104217
7.816100874084819
4.471369962980818
-0.9933858654774248
1.6474759637598146
-0.4730968375317963
1.3629130198692776
11.477011623458043
8.446052340532443
0.3892474364998453
5.705409736922266
8.254084902659281
3.443028602897372
-0.7178080408332121
-5.641114634469224
-0.7405080254537633
3.6063415868633064
7.834211260748309
5.194821412464854
-2.727458530378578
3.5827187717689934
-2.060230088367283
3.14728861156918
0.4189723500168441
3.7070935036391153
10.18184502418731
3.1676172029867846
4.446011070652945
1.6722133293133825
2.740500188136785
-2.5540050683136286
-3.003845936218285
9.198655413262237
11.579755473066234
1.6650860226622677
2.8913623480007162
4.958601754828567
3.9135634584020753
5.6690989331226245
11.209908460725359
7.258152647646832
8.023989646414389
-2.345891702786804
4.901902929232193
5.0695145723635635
5.85375412246203
11.422751174192538
8.732925794518959
0.8236572883835569
11.514140376139299
7.503841321144712
2.9094006379064865
8.465854800191675
5.833245450534647
-4.832884574259629
7.064434375166438
2.540055891486799
1.3276383592346033
-0.31277771568908186
-0.6075414024470236
0.4767658052649759
11.00479148711313
4.459742939960502
12.013098532141212
-2.0091032493389527
3.0088017610593583
8.879101077207018
4.402701574804026
8.615697157640932
4.365211464059836
-0.30880368801117175
11.469356197995662
11.94805580241334
6.452012778178673
13.741765569419668
9.660291422851168
3.52071566730974
11.496543141612793
9.47026340746697
1.141395192099743
7.5795322269646626
-6.592181760934302
2.4989962263337153
1.074557024025248
6.708629725701117
13.282667979697292
6.090362348813152
-1.7872454418525532
-0.09586330717395786
11.591566295055168
0.2379066865639805
7.6059606050308535
6.894770896606509
14.24134020618413
0.8034658684198428
14.917713119734326
21.47263317700428
9.446738792277484
5.4365212549030275
2.0734257233087208
-1.2729055478535747
5.211352775794483
-2.325912753811213
8.07855973438199
-1.535911949027235
5.07035429137951
10.635100050878934
7.920222293238672
1.8100374433573383
7.488474785215928
7.999614693383611
2.984725893273743
3.4928211326504117
5.491637695356844
4.05034493276136
1.2403687468024236
8.468182660407537
2.02508953027025
1.7855646020114082
-6.0496144353666725
-0.16691222643679726
4.133860344988456
6.93806331723303
2.3769176996839034
-3.6088258555058346
-1.992696349537196
3.699543003355842
-2.3003583439744784
5.849304278266039
5.815661636652909
7.896145259648656
-1.2931124323016512
2.5065760400529755
