6.945917102062901
2.7300158018191296
9.834084557567005
16.234195595750695
4.025754158996804
7.29048870453032
2.7236847714377506
11.056468297366328
1.4816719726586607
10.104569971696037
3.7622761396844107
7.905228078646353
5.460495150243715
4.201445112755431
-3.4780450613951803
3.7324049914123
7.526771453391582
9.726534874986601
6.543063870125842
8.618059072356695
3.7738118106024827
14.21375393533602
1.0516713642792723
8.900985449783013
2.3713628674632483
-5.121409764717129
17.447493592805586
11.624827582993799
5.947187176005165
14.645394782886177
-2.1446739448592567
6.642713669235265
-1.9102612216418873
5.466873375470227
6.720693383621316
-2.8686686675031243
-4.849892615691994
4.885579490844751
7.3092871425045
2.2713125171812005
11.918804755985622
-0.9337049116414695
-0.26913051807053634
-0.5855519996252365
12.322969242614604
16.66392412358452
6.187817308700238
12.473497775858437
-10.854338053948034
4.938440701041829
15.08342464713701
14.074649008778287
7.100311092422308
12.540144511500461
7.730631877806774
1.046069263793302
2.9246176105779753
6.148852485584898
11.62048460348474
1.898027377658364
3.3492320982008077
3.7829348307676844
6.908903266478374
6.07370794648137
5.96607416360088
11.208235991582944
13.05197730598387
8.357706102788274
-3.643150663243187
7.596867280758413
3.1941232992155464
5.1666235901973145
11.137223258738569
4.028658501913493
4.850415375978416
0.8052506339412213
4.99868977287806
7.153477587760113
5.210237491267216
7.88970577399669
-1.4566107046767316
6.288257168358231
5.901994725298771
-4.078513193244257
9.203567008480546
0.6029807611199702
6.715903626327965
7.9097888681305
8.674600543390872
1.805443099795407
14.913366555619012
1.9059008708168061
4.60810956232095
11.565147420274101
0.3727269948039025
12.323483828784699
9.385416637210724
8.29924083203938
0.8661122298989339
15.936838656912046
12.676789447415686
9.235085463287668
4.42971609929443
4.796638459659626
6.454541466784341
8.01636768818626
4.560973687034197
-0.9231320274542796
13.953925140675127
2.3897456300597963
14.893318443238659
4.133453733475316
4.240169161910974
3.688055023638326
6.4375721559145065
8.501483604602939
-2.8852417719688344
-0.03528038702366043
4.719814817054442
4.8602985673729755
9.773166046157314
-1.2544604653839668
10.832221229216062
2.437210972014765
-0.22518561660563385
1.4447315466256807
11.957128455519534
1.7231039789198404
4.31504174754687
23.890772110817434
4.105725819123199
4.551529864518411
-4.062350608773672
-1.8394983975440216
10.472735674362225
12.322191320732777
2.3334443572610524
8.300994191700841
7.992555964665881
1.0894560681650862
9.131034921601348
12.11615224270708
10.103596056472089
9.360069250798382
8.097042621532474
1.2920804505715662
7.869054831538561
7.538207283100057
7.023845358766681
3.047842993513822
5.742201601171436
-1.4826070995138751
1.5438084140259525
5.897522502602727
5.356592432045271
11.638586975084646
2.2572108925833296
7.166257526908979
11.066543973299176
10.262974066876826
3.9912741798348863
0.7829408872755463
9.024412412101048
5.943956529136326
5.061522535232796
9.288370503568576
18.0616341406144
8.069804835985963
8.936270648586373
8.099072213128197
8.060990738846147
-0.9229938518327172
-11.491853816319818
8.46143418354596
4.56608911494748
4.627910630407904
4.964249801662013
7.735360618832887
9.448095063976275
5.051674935102118
0.33081051575737863
8.287668390902056
3.5967365134648364
2.028146274185229
21.53791363310239
3.6952585758865633
-5.090042698152699
13.817045043506013
10.012185831417165
4.427531951940231
11.384248086823813
12.107208426082845
0.8704289666390812
0.6684798178626563
6.232757013125245
11.89027510602038
0.2556664796401007
5.482392141844212
2.3444661068802013
3.3983543811678807
14.94838089968968
12.163876908687751
3.364050462679722
11.017801987852529
7.557327324462627
9.91581139139452
1.5716680138866623
2.0138474917267972
-5.357844929164347
8.562971559008867
11.400940990737919
6.3751083921986185
4.584234848260962
-3.3593938026411223
7.25706546594263
8.56813532025185
11.333979330165974
-4.5062405886618695
-3.519184860625458
5.355178561615096
-5.962873507728251
8.107770260238201
13.39032780269768
10.005956441907738
3.3408666349779654
11.886652019923869
10.598684370444968
2.2575411080996686
7.049355593010418
11.389356507061155
5.179780309695094
6.661324713196725
-2.724041615456086
4.792897236217178
8.996564269212795
4.498192105990828
6.349864049240019
4.968451325577604
7.730046651317256
2.635066151884681
10.905024954689733
18.492463975663938
13.213508176801472
3.500811016172565
6.180417153669244
7.408363225475771
9.176339178639102
7.46113346808999
12.272148302892441
4.413173550927852
8.735846368487891
6.434816788218795
10.149948671563752
4.37744718114773
2.735652752940972
6.235492430625274
12.103858060792675
2.123795869258507
10.19614652415413
11.54497717577712
1.1068565737254143
-0.5790418047273072
-3.51496886948801
6.848958543863866
8.56681423277114
-3.0915611782504637
10.006422956826974
6.860964093167343
3.485134606966899
4.574233314902741
17.03031027590421
4.000450300181594
1.1383721894039374
-3.5922360340268398
0.862396135105989
6.777506167069679
2.449506310873498
10.429724079970251
14.222449928062183
5.603869821419273
4.436636165229359
6.896414519138531
1.141747521464108
-0.6813871863379086
2.963027356989004
1.7434127090045397
7.354351263629124
6.3112382426672
7.404943014959909
15.195611196506682
5.913424303005455
11.729916546836657
24.073862461911748
12.144820886427711
10.107685204881804
0.27269982711506735
6.6799859171719
-1.1568570685174668
9.705417022224713
6.969148908898962
9.31918077061433
4.452520504165776
8.464821158808322
-2.80184959812817
2.6722279598762904
8.51469150279264
1.8825212363646555
0.1149138809042558
10.505659163899022
11.168970940417044
3.7647428280088353
0.11564307383418715
3.508177154349749
7.551155524414544
8.190745281726933
7.7095155942388125
1.468247375033643
15.032479303969534
4.7958927910503215
-0.8546656344521812
5.111261206471619
10.059528086546969
2.534025347434886
0.7187955781477147
5.1723210449468855
10.997257200478947
-1.89949112276204
3.9995078784823686
4.422487209162551
10.653399960821961
-3.5656678607761965
7.03487282854959
9.910057012610366
4.77650970474331
8.864705617947603
9.550752964520992
2.956589210184367
20.006373810218037
6.445885294319321
10.204905827704085
6.798335177794472
7.717967109868425
7.448854749770702
14.654415867404108
4.670377414129466
0.7609931933993712
-1.6920709787884523
8.00106508728864
12.824601479126962
13.533654748184556
2.7294464544974084
11.478466421412215
-2.266588160082671
11.833687475008933
0.296887945225067
8.247892949267518
0.4338328590440046
7.552376447292433
3.0361204233762034
5.482882012996085
1.3376855801340684
-2.0379856097367473
4.391632684609798
15.390937840892768
1.8266061600382821
3.9165635253956816
-0.9663204313414413
0.8731434801685545
-2.837051613411816
4.8534823385312595
11.742350533500275
-5.946756578537276
-8.183959986218449
0.9429064641903082
1.2172805651675072
5.1023472033180255
2.1973584225370644
16.42769372716834
14.41941638819056
0.12576294720181824
6.437304463197008
-3.1795824444857743
9.461162443670407
4.3527768150318416
8.23627013040645
-6.177642404792643
1.4300555910111417
-4.224491438328343
7.018586701599725
1.8999617092813947
14.000279988069721
8.131479291463924
6.5376652671658375
10.745608291088075
4.485436089150155
4.885175989028816
7.717916703362215
11.194870252750064
11.076688861962491
3.2159691009346223
10.008468930606142
9.340518268522384
-1.143755110093279
7.766230667483677
-10.655516841134542
1.4020188223775172
6.917061117037082
-6.7040050686063015
11.266184621572366
5.463832157562884
5.339907693355171
18.003526546927336
13.453926504970958
-1.360181816207497
0.1295872862946661
0.6528327080269207
-2.1441351247914895
-1.5418485725707622
-1.7647709031518142
8.237667727934632
-12.356617493023688
6.8499579440900265
15.9932528705016
13.863786696581354
-2.7719708006787034
-8.587649695531704
5.128451143543921
11.745732553018698
-8.044362404265538
1.410554322341671
10.2085778930949
14.988820457842204
10.053531278612956
8.912524822895003
7.931165885847781
2.070585315718272
8.45289335195093
-0.5804201395637527
4.2350160437199555
-4.355918080613311
-0.040380368019877544
1.8140005337030658
8.72861525687857
8.897943265086134
6.955869714065078
-4.155863378119637
12.128442073449893
1.1262173370939568
7.122068288489494
1.69140434236217
11.041844251286017
2.3327546555848344
2.965584657842127
8.226416083933284
1.5798882837967305
11.541818302737422
1.8057779167204497
9.490299472880181
14.005606997197589
14.086693492880306
6.021044250373061
16.146093095788206
8.677007296942337
5.258413974823732
11.994149723957772
11.23554725304486
-1.125939621691983
8.273260665259889
-0.7959508983126122
21.930818366975657
4.827016079731898
0.4449533863484083
6.890012995698839
0.5963999543370706
10.380793556474737
2.027232623168274
1.8990360296362585
9.92548757242816
3.873399818442932
8.968475128685792
2.539545835364659
19.210429641199433
3.5600955563514822
0.7800284824303318
6.93905180527317
4.826790276352776
10.816483407908517
4.501480652545371
6.0938985205021
3.076734600715218
4.699475985036039
18.39362501886338
6.980592404739326
-3.811926541915538
11.667743639928453
13.535086161106461
10.043971242827107
4.024475155560921
5.7946185299632536
1.5720968825978074
6.394172864534782
8.069076994894493
2.3367489552971903
3.3978073337262114
-2.7341536770702124
6.482482376198015
12.326519027788994
13.30506218118438
3.967778241022398
12.675509026641526
-2.0610567822665242
0.4548772644082746
-0.9836142257185703
5.403553466015252
5.238414890740172
7.964837410840659
12.520568340303235
8.533903438571741
16.296672703845402
6.275460318321076
4.816113330411229
6.76663305146591
-1.5591818374654967
9.054265404029579
-0.657746401629761
-2.2918652709666745
7.206161358049077
-0.8793916790539074
-2.8616666092546517
8.03027880070483
13.551881060759381
10.801343053537867
17.639651176021246
12.775311966091017
10.589659279145316
-0.7170713639956183
5.744154503340692
7.1429213581134965
2.4175294976304396
6.359406136249318
9.011981103666265
12.31860861645394
9.391842825630624
8.800494138823474
1.182322653831088
-3.4027991778939697
1.0510141070538657
4.2576238423217365
6.655001512158834
9.708568985020227
1.5308393950099637
6.218248590577753
2.119628895766542
9.607389592524799
12.035460654113187
11.975947415820455
3.904093245227259
-4.289783476750239
13.853895302812592
1.5504061822145196
17.382844345921914
6.079180457339598
4.817885436125751
1.9488511311303736
9.017398529750304
8.832195451093646
0.5719669864026917
4.637911587895052
3.5298913509754923
-4.180862752012851
7.721267293984963
-0.784336590535939
5.7653705388455085
15.529886886963778
4.711034499851673
7.026183980074324
-2.1808145303918547
10.911708266673834
3.5690169381006664
14.304457380194323
6.505584972685139
12.58843824437253
19.960117599402892
4.853832749453067
-6.44290516737761
1.7039589922990652
0.7377566404186782
11.328498850738054
8.630240960768473
3.174742473309688
11.580603883081498
9.45619708023008
3.689043711332311
3.7718981746496767
4.531914408293888
3.297515626407327
6.777223598068794
7.197735407340334
11.080314066877246
3.926662269231231
7.013871139072669
0.46206756736064936
9.830812794672791
8.202159097671267
4.158610463438501
9.427041131738287
14.169961132675574
8.502214716114112
15.645139316811543
-3.6518698294881897
-4.416411954109172
11.861582889315859
12.282235542498464
-3.525012190750699
3.6593639981013597
14.532720931288297
-1.7256402139355123
4.480571445598523
6.140858082919841
-5.625175385723026
5.85018819029916
-8.850729756300371
12.777258328128742
-0.40251601609171495
2.5689330835025865
-5.280924994737653
8.168851172989672
0.7260817079484365
18.280425335832163
4.552219050624813
-1.2272667050835624
16.450397973916036
-0.7386409619967695
-1.9417969230524266
7.169932907811288
4.366606845274644
5.4693006385417196
6.836556472691167
3.0482117757341407
11.578852039057853
2.417310724728874
2.9812181228709984
9.470445521736249
-9.872833621691612
-2.6105473465236138
9.30700046533607
-2.23673916391847
7.208687296355137
3.459190865010398
12.390912119224193
15.934675404031504
7.28151417341469
8.321613119413591
4.838001529294989
6.393702103085901
5.71437013176198
-1.4812677293027772
17.979146488465318
-1.9670389661759735
1.404715133730834
12.780307065502244
1.4428915282470136
4.6391361132273286
8.990832986810696
-0.5340999191475184
2.078588731164379
1.3318544632675593
8.001487533086376
10.631817238724395
3.8154381964588624
-0.058151764436642495
-1.5263777888595635
14.639017605686647
1.801101779070728
9.580414169875372
0.026716982833727698
10.605687882126135
4.942973650986805
3.7118975762223188
3.5322697027588776
6.518762836130574
4.122166067148613
4.680917198835251
6.825621262945197
15.378557567596479
15.145984172331632
8.695191509922724
5.506487618879079
9.310522684221004
4.650295761704923
12.885520582311335
12.527753407725818
3.2146378365215735
19.938043304130613
13.733983996098662
1.280893208692187
-4.427889039662633
-1.5246937865857904
-2.9374790551602477
13.677307404387427
5.13226840232174
1.0547246140738897
8.3044730864122
-2.252408888641943
-5.9197118986967485
4.339634510012189
10.398624123981588
18.745532746669152
12.179957900834527
14.56408149668595
10.636613275988708
4.795029369919832
19.542736679293398
10.485831781900302
3.3329095426318887
3.6425535340508817
12.057889198299952
10.025207750933184
-1.2047676140938641
7.298055244921802
2.5926451942654603
0.9735686671479487
11.088832988731518
7.8751134903147735
9.578733890491257
1.901840520509471
5.879557423882032
1.0070337533447153
5.225345012815017
-2.492245258294318
12.032234506722599
10.009010000815103
12.033841079521496
10.471564712788354
7.441428287780025
20.90361700727142
6.588338941675647
-0.2723130278986634
8.397442751883244
6.819471698991934
1.2178207492253241
3.218949350481334
-1.4821430138490133
-0.1616481130708438
8.000039522526471
11.383561244455397
3.3257785364838446
11.079468819946468
9.641026125828825
-2.220921435121719
0.6132637277419937
3.343293678255828
-0.5680299998181084
10.02030974569293
0.35783268974099247
12.078523415031048
0.7860274038889985
12.847410274242055
5.750710322963523
6.203157910328381
3.9895794749120386
0.44712178528846636
14.940084458806998
-0.4709458927484347
8.233942265261017
3.221319747548618
7.415760324891432
11.818644982315536
7.469772223667749
2.03347121668076
11.931613621073723
4.928603991984157
10.201357653119487
5.680801638920532
5.090475356706697
7.4535385403467
5.761293960450294
13.605162202113533
7.688751883287271
7.234113948408245
6.9642846304140065
13.84377259090629
11.513057209619989
0.7612938516044245
4.146334684924639
14.631362679083123
-2.511655465393531
2.2951179183257895
12.684114187410831
13.035607438813352
10.416513802964445
19.48294955523634
17.35563015207878
-1.089533195454151
17.072572295470078
7.32992453467555
4.919627522455808
9.25956186275349
-2.732155904843454
11.244885371040505
4.3388937588612535
11.52134354015539
9.32693144762171
6.493561112804532
10.352194686477945
20.715965261047764
10.522345274551014
-3.389964833869408
10.020209250725324
10.866583677662652
-5.703949605693563
7.092981614612336
8.102501011183687
4.555689685425703
7.60639586387124
7.162716345911301
13.419910208104897
18.009685755200305
6.12715231860011
7.937243162429987
-6.093832470920255
5.2752179889760935
17.558516526989237
2.2250240172040425
4.580782973797183
4.099445235403973
5.696834524257997
5.832992824683287
8.649204278983959
5.9013809218574185
1.0447854189460228
10.788078792113502
0.9219739441756518
11.204127484503383
5.9439615783520265
-3.3290850795212883
3.1157210613929105
3.880043791044598
11.680477890192732
5.388525391381796
-0.02482588961123433
9.051821552251372
13.179719408838618
7.54780405728189
1.8373279917156493
14.748289026498107
1.3639013511594618
1.079753827355594
8.42503291230788
8.252850330184565
10.049796943638032
2.9725074369390994
5.984750443713771
2.912142551410397
-2.110454652265391
2.7646715969531384
1.503771104854013
-2.510296001444008
1.1266400502958955
4.365343948958074
-1.5669587044535165
24.23634574621757
11.42340810211538
15.06865704050048
2.544755825104294
20.35528239641591
10.75570517035047
1.926919907476984
6.901312147266164
13.189819096851375
1.2435367974841007
4.044710046006653
0.27455715567246397
-0.649033790116671
5.2643278102555175
12.85897876162698
8.958365691249075
-0.08999615911181014
13.360601677415517
10.489882268130742
4.056650867662083
10.985550323879131
4.188228234007962
2.846427166051448
1.5306769221907954
1.7371405856493478
13.799939995091327
4.485722291812285
2.0540471726953133
20.5957697756878
10.825996010967998
2.533695890913222
14.063658813530239
8.986914280916285
3.9665282289221637
7.272027310073833
17.754148141036104
8.857966172653203
10.231253016585084
18.74860760336186
9.90522316049563
-4.110852358388524
4.089234559543672
0.8670664599060709
17.757198397049564
11.719309327126455
7.976675684551044
10.588302851611578
3.5536532086098602
13.52530573159088
-2.0052585551494087
0.2477373838693433
-0.792706257796552
-2.5299452961225217
11.423498941288603
7.566278083088129
1.0229073776878206
-0.5865225329099131
-0.29850530259880603
3.2134609929783884
-5.891109298025064
6.565995481620988
-4.6690999767851
0.9578686430638417
10.317508447998392
4.202008146432718
17.38109301376538
13.380334370489738
11.548075526168441
10.277352364853016
3.6157969973465036
12.09165160002657
7.888813040191687
0.6453282379994834
-2.38164114052317
3.6647912229870783
2.1584549141738005
16.425773002700144
15.138959775537243
12.884647317725907
-0.432802437735333
0.031128120921172453
-1.5432452667762266
-0.6471117462738016
5.6043460121857285
12.162367941401584
14.646534220124545
1.2483674116581671
1.3011309679924672
16.296309256068632
1.3642300982889592
9.567821874831711
3.374891501522208
-3.828754394213151
9.563061176644526
7.47815007072649
1.6061499626316476
5.293864877708798
13.723472302400822
5.469172367410139
21.360831219426533
8.383383614510558
6.203642996693861
1.8468058508900995
7.289792728108879
12.933047691859425
4.247183570452067
7.418621717681219
7.6845406740886055
0.9987779536379975
6.607893910616461
4.958966411577365
3.0440107369008267
15.03122386395371
12.894843751344242
4.301700638911506
3.530694166336915
-2.5395625839003007
-0.8132601934096577
7.549332350757834
6.298395839708753
-1.0129064622694468
6.498434551913308
2.2553469269316384
3.7404597246838414
11.100420674393705
9.716015160461202
-6.268165649336165
1.6406260452085313
-8.070710808501024
11.642064999328248
5.4629892489156875
4.0994152225288545
-6.282304398055166
10.147279944732595
17.118353580728854
4.54722181692207
1.579635106323658
9.549365742121703
11.372397200788644
