0.727274555074509
-0.2554380870434727
10.737714248474278
7.448902978403943
5.9387043501212275
4.712211398165191
8.010123231992512
6.712266300610952
4.292811335866161
5.380121204443524
3.4530800840140845
5.156118639759634
6.069862139307735
9.258484110711086
6.6182773533553085
3.5181063065295914
3.90780926317267
5.120926450502329
1.370439749642701
9.282848685144199
5.999316925723823
13.649523615308738
12.0781070928067
5.993221834403463
8.657001187692044
4.345603610998376
3.0809904092787286
0.7401002839321063
9.573489026593442
5.559249737942309
-3.4166879772992624
10.872537830836984
2.122756151714987
5.345905703992012
15.30274969689686
12.736735913543855
-3.6775869732876636
2.673179524920108
0.6558118959563153
-0.6539598784895162
9.693331176772734
5.694875157021366
5.819939282360663
2.1163868416468055
4.78684445378731
7.2766248421213255
7.419434373688608
4.32119405072687
-1.0310505817570697
9.939104695521213
-3.3560948174830294
15.49680429449308
10.861623077085364
9.224027711998385
-0.9675117412145058
6.1506008348457
1.4637103497616497
2.160429248098504
4.11148006437573
-0.24117355848798816
-2.28350390615169
3.866911588294161
5.148728342155059
6.720982371877447
-0.9433706676066969
8.101026721969852
1.6129501772899868
3.104869755674817
0.7505141699784481
10.870576470331216
4.443300540735472
9.873987979100825
2.8937469628213863
11.014307710014654
5.7532775142124155
4.124413714890367
4.271645845980237
-3.1311289703576346
4.752148778003669
5.4124563771768015
13.758878989521195
8.983120300105416
13.974511854837711
-2.642564223278165
0.8477242176224444
4.004416302812375
4.206444471874706
6.52983021654998
6.55885972177855
-0.8464130518407531
9.561559241837763
-1.9236707178190615
14.92121470526424
6.440741790353835
3.809387363975393
3.7662330081555693
8.580161773906248
-0.01846173713852206
2.544114471928355
7.001084339192349
-0.3592226887039036
2.6429708522670383
7.460649996468723
2.979066570302588
-0.8255902759158849
2.0216748576901726
-0.8239387954047599
6.360300582760234
6.557973752024338
-3.8151117031508974
4.391299221507389
4.76270681538899
-1.889619406651132
0.7198158185311567
2.5450402228239106
11.53140249510064
12.360778760567483
3.2563229387018024
7.2933090646325685
3.1463527587900413
14.342866203406635
2.610096264283501
3.293385196097588
-7.313162818896126
6.352250813774553
-2.9349539917364638
0.5577346747341041
9.092748983360721
3.19455232375093
4.826179093192052
-0.15731609174777006
1.7950912748731538
1.732797066055543
9.949293699458458
2.9171298554317215
-1.6939653759569033
11.731141135476662
12.518592732630342
9.62144405798909
-0.609109942836195
6.036062270103146
3.6712127884672356
-2.055131276686315
0.4470604012584998
0.004751567570313586
-1.1513811172304784
8.658925553112864
6.531821682928043
12.350643598427954
6.1694224661284505
9.11480518368785
6.923789861104633
-3.8482288854315376
10.703572688316878
-2.502420028763601
2.5352773620745936
12.584655093282613
5.28316072835792
4.1392577154200145
1.0232049223319342
5.28580244331654
10.403735210677532
0.30696734385594393
5.441949292048231
-1.0236432243037372
12.625734382549588
6.471261360802332
11.182410689353997
-0.1667826915026449
2.7950486231192024
7.84706619756188
2.330597140083229
3.7250632632874083
9.793670752559056
4.728963025602965
3.0933010379196357
15.54835841727853
3.310240730293179
5.849072423654027
5.17091692500552
8.969910770281777
5.286548218963783
7.413896105035116
8.794381023975507
17.403041230015557
-5.062901499042413
0.8286114006805834
8.360346704488952
6.315906836946422
-4.552771286913481
7.266659252481142
18.023916939104673
10.105756255990553
8.148746698639627
-1.1054590008210656
7.458010248101482
8.185633018808021
2.1900671334103055
7.066955176495628
11.966224051557784
2.2018548733870684
-2.7892114349896
-2.51097458511859
-5.927162270177273
3.9405890729332516
4.883272005700671
1.9243920117362951
-1.1492764063182408
0.09309719717930998
-1.535517508691445
8.73237806946382
10.544229671476472
3.456240267276611
10.224720956040372
0.7136158198537643
2.1758755186349577
1.118558851232525
-3.3546180493195905
3.846544301572271
8.868842549904286
2.578458475254652
1.1456466349579486
3.1082187349640975
8.466773377128558
-2.2563784205947366
6.377596101442088
3.374483033382302
-3.5633020667781086
8.776911703274251
4.963401132422103
10.576632601069507
12.634475183048048
5.790285310334223
7.0162037842777
15.708714030040051
5.169179596756463
4.766481481583695
8.283326918213666
5.302026506195709
2.4776847918682168
4.891330926525942
3.2817101225275054
2.9584289403408586
2.054530318370212
5.057173820970399
3.925128203015899
0.45745061008323873
10.464908303009667
2.6506912578327224
16.990796175544617
11.802618160277746
4.363100338112492
-1.20210790552541
2.4127321312869547
9.291633895778599
3.2853628220647657
-0.4165008018514804
6.993560587872983
9.798413856262085
-0.6618048252217479
15.14967190083484
3.1283528549842052
8.096691202801427
1.5566412711659467
2.8913671649736457
11.49410018262033
6.315315965022741
5.958058323484885
4.540634693356811
4.612415497734898
15.14061020973959
5.692209734095804
0.7737908887938909
2.1108844451037605
8.923702935862465
0.4840539698121793
11.896638703429073
-4.261172294977117
4.354948903544486
6.162523923101114
8.757300824725444
4.491494595270364
4.530916665589629
1.5821465599718678
5.5751856629586145
-3.7190641395349733
2.563841386347868
17.277750939192824
6.159911246021274
7.101206323458561
6.497276078240768
8.751689447437053
9.554353856908453
-0.2913406929410334
4.394552213979366
6.3145341309558525
6.755482757184867
6.614184522268472
11.205159086788044
-0.9251761209561069
11.539310273048294
1.5182740624938962
4.845310816202326
4.108565294370627
3.801067026592116
4.540461807303094
2.1242532157623693
4.558668678324984
2.215730420551239
-0.12213206971444635
-5.343681328723683
3.601433203468756
0.8004077584161573
6.266465618779632
5.212583157757482
0.5838681770344332
11.06065068886779
15.318737609569139
-0.693988086954159
8.911094185962689
5.195074288323996
3.5378721792768357
-7.170228091563963
7.356519540564246
8.561200198216653
9.523443682372944
-0.14437623291379698
-1.0441047416466223
3.9632329824245325
13.191745403118684
0.08020869519341112
4.20928832914834
11.30609230546588
8.253177659208697
13.592366834641473
6.721362068851131
0.5145893604465068
3.073326616712251
2.644106304053126
5.147660393956285
6.952191641181152
9.290155468642292
9.760474447079549
3.399084481077037
5.212496600939516
3.0313115625758043
9.16108369093389
-5.124462296809019
11.905041214639532
13.190484729019408
-0.23142402332763456
9.120709968230866
5.732145789712363
4.622683572804024
-2.648182890183003
2.307141731260166
9.09908240619952
9.311137543401955
5.241650551975872
9.236831072969007
5.482738693786407
3.46110250762177
0.3438252434771476
-4.914865461582536
8.109063296137224
1.26593841233671
3.725098112115878
-3.643727440779127
6.62175090673904
-0.09214225749654048
3.1671307890600326
9.590659374409471
1.8042742693712448
-2.1322920910837357
-0.4260943658957368
12.765747200880218
0.8174256707723204
3.699275682760694
7.195031218394268
5.017038265737685
-1.8954489920784923
11.405466637208132
4.694442874598474
11.910543632378378
6.092244744317963
9.94321463857396
8.763558517501082
12.414313958061426
3.226187929084492
7.198003695897732
7.673568145805547
12.38346546457486
5.354569251825527
1.4416497112905402
9.220137947144075
12.740764811890712
3.3350872502364606
-6.6754107752208505
3.8622795184328487
4.5615734147358316
1.8326536653404046
15.186251026378354
6.358503326670746
2.114645681792351
9.313151455958188
-1.52913728337648
5.22541202062207
0.9862387982019829
8.21585528375101
9.827753384270427
6.655042673156473
3.5672444350546706
7.353199177804795
9.185173331342796
-0.6047505422672641
11.238697273674525
0.09595332082946317
4.524030469096282
5.166314789431022
12.100092976512027
-1.1327962595064198
-2.190563925030589
5.464688483075949
1.9985045926172686
-1.3236472615992803
6.945646042712729
-1.8559420439091667
1.076836841184074
3.4370464253151427
8.16154594239045
11.067116954743579
6.200850675162412
9.561839955523949
3.59442698627299
2.8380169157933186
13.260897033414484
10.653013376540198
5.9675334712206585
6.385541537405102
-8.666762608364506
9.802416223743188
3.607090084666061
5.712555251749685
8.433046742749193
7.222477304594273
7.568072888261053
3.568743824275472
4.620329453325245
-0.9297295938848871
4.62726185199626
2.8798911927937407
1.6871629745593126
10.393212947055405
10.877940716107858
-1.2532789189641287
5.589039711613075
-0.6450198767091546
3.061105887206188
2.9932801174143298
1.5178109921964626
-0.6976796580893652
8.50003902982212
11.629965052618374
10.716179122190457
-1.2393329246888518
8.367775352014556
3.430457901043667
2.7681736453466
2.5271892724237395
2.002914205909907
0.39027821912963034
6.09108663286484
10.111021942406959
1.1207525892169965
6.738422097136864
2.598240937596937
6.628802004632703
-0.3746174008294081
-0.29511218748160406
7.781910935882108
10.065338003568673
6.632165821616808
6.61361254216148
4.991473790123447
10.401468796883071
-1.0718262616268461
8.405651865730052
9.08609691357606
-1.4421962748439183
9.663799332625343
2.5858738320860972
5.519048629470522
-3.242573909333921
7.9234660679084445
11.200823236571075
5.234275829816802
-1.9851152890452113
0.08967856294139098
6.488350823951533
0.9706407019205026
10.188119293650704
4.410487926936336
5.806290327727382
-5.100212222840444
10.644750299650214
1.3816419023530782
11.45273684583984
3.5652114409378433
10.862512170598016
11.98065339461482
6.382100539362085
4.240656099128941
4.264283389869732
9.976105811699373
2.54204559334347
10.242193306258702
11.099140454825598
2.9116043020406597
4.352871978375073
8.492523839542914
9.013094246382288
4.15399399412151
13.601409724228414
4.41657461576234
5.052943415417509
1.5458735568119368
11.665045845277634
6.7520662074083875
6.118900459334481
-1.511922161481901
-4.099420500827241
2.5291672042347697
-3.104157967771606
10.861522439409054
13.769164528809036
1.146551259436606
9.641279903375807
7.613429417701441
5.769946437761406
2.675809416990245
13.146847451678449
5.5948586297598695
7.655907585634506
-0.7283285765705703
7.041806258681283
-2.6551920180837767
2.238765549523435
-0.8762828754423779
3.9404738466787026
4.6949608864997545
0.6672355035863156
16.544582572839378
-1.0961074654390686
4.581799592946496
6.587826502592952
11.107778128751153
2.1166525157084832
-3.077793947443716
7.349405525622751
14.697980640233963
-0.14177608084129112
3.844764224101546
15.19157916338764
4.793128473709844
1.126296277828203
-1.0180095656671027
-7.122229935911724
9.31840254156532
2.0355773616115354
11.694987503150003
5.833190475117769
10.940593729413717
10.015550489341287
13.800859915001839
4.840521132539351
5.930057024625826
11.985548864620892
4.668377305013737
1.6845191468211096
2.743266958225417
2.5495107676050184
-3.9724586286417534
-1.6982649331017354
5.777457258706721
8.656550403410852
5.22818978505331
-2.795522387686419
2.5565836302746616
-7.067025998794547
15.044801541871573
7.216011368151656
-0.6194935362521283
4.420899402643339
6.418211735019514
11.676626859277757
7.610738272954844
1.9336954832444055
0.48951156314882116
5.367972673267419
2.3782827523024666
2.1230958478223143
6.213880163335609
3.50680074270409
11.184381101443492
-1.5891420151368427
8.365228638216283
5.421547912881701
1.2282884615820553
10.620439949866435
1.972110178995678
7.460967543423477
5.192553735256189
7.075956188201709
9.774757370742932
10.601489818902769
8.045493700812202
9.070707206621627
5.346713623383644
2.8076815263737913
-2.8778425282006497
6.794130252774652
-4.322958216914607
-7.625695683111648
10.463418206588553
-4.016843323980599
3.6833967338885953
6.95750842342226
4.3772147615829775
-0.29735036417098026
5.75240797095563
-1.1806207004538471
7.783775460683909
9.634483831231908
4.0066442610504325
6.367125603559742
4.94522481593533
4.527284996908868
2.5191059527153707
5.886240589128079
9.778456857605565
10.474653426766848
1.8228698311483589
11.691925396316321
-5.3306874670028925
0.9290884453130879
0.5476314486037079
7.9067651039775475
-1.5231639730584199
9.947093537702933
1.961908846479949
7.457967617004836
14.479634301318303
4.5240135636570935
6.363292759275077
7.914449455966709
1.9414562202698988
10.034249712384488
4.137473222616938
-3.7861477034233806
6.3544148624791
12.028924153199394
-4.016527040644067
-2.9379482413796563
7.883257998736102
7.319149584687686
4.044809951894827
15.282401003875679
3.3108516510267467
-0.7486321609467161
11.524155632503849
6.550706551672381
11.825207851234731
0.432315663213803
2.4513942018152854
10.072629390118411
12.686874155069395
1.5207803560440754
3.1682406781822774
6.003074407133562
-2.530768451040627
11.373572134281744
6.934826948383584
8.11038729200058
-2.848933735933784
8.409443931723679
8.513584804175252
3.7403592410914324
3.289046620203064
-0.15246634513122803
15.857694481211103
-3.3786619465567194
-2.121216091416459
3.9139870141819553
2.2727976336623765
3.0681888341673194
10.397390919372743
0.3279711871990605
3.951759780403604
3.9333422904116
5.800891982647458
0.570445636864024
23.49431324725619
5.488959324151896
-0.7038446204226867
7.516061675016442
2.6233756081001776
3.2412641313631654
4.388152195257617
0.1822373635298069
-4.279703299955713
1.0486136739088847
12.595699319459882
11.241176325190205
4.336247884962376
10.746029007368849
14.613193293713394
2.648998338391824
4.331965101515345
2.0218738778696292
12.539727349781622
2.2735559344032192
9.555411594503832
4.263754304871548
-0.3226677066438497
12.089636477645742
2.522283704289568
3.41320847179379
4.935657777548889
3.215887559645699
3.287301767094922
11.44164564877977
7.280061216758335
-0.5458191156618302
12.035284046109705
10.433820367089846
0.2192379308805168
12.955591168797177
2.954979737067329
-0.6670086945110292
6.10606950033856
6.709540482442961
11.43673570822357
7.581963473426086
7.862110705531738
0.6652348161724344
4.87090958660284
4.252869645547104
17.068950465420357
1.6784990601444472
7.1443773195096165
6.584948003485373
-0.9124234961147737
4.871313331234656
2.0880012410612325
18.6067639040036
11.87025725955612
10.45211478025868
7.11792778048261
7.898208140719543
10.903830352281211
3.852895823996418
5.67564273620307
3.9925691830644907
-7.5259457952138415
7.9496292322091815
6.246799829893783
3.5811975645600587
10.672125870257641
9.185429949131594
1.8588283458798327
-0.6036027342454595
3.6053813350936483
2.0519269091884405
-0.2448508689937725
3.022711334206289
0.4949799844088725
2.1937243262178105
10.85358257717299
10.960811656412105
5.562836363045904
12.00952858033132
3.5807471142305185
2.338791881242822
7.8716000414342275
0.30619597085812345
-2.1554108724228183
11.412731298067923
9.918768887231149
-4.324583262711744
1.213055668648861
12.766025549429116
6.664735585842363
15.973990260233457
-1.1705042824491745
7.976390612726316
3.6516892043316465
5.722223121104756
3.334659215430765
-0.47502445631148316
6.727568456828333
6.744711801893177
1.3554069920819565
-0.25185780930489177
2.636410084218255
3.96706605169937
7.37883462143587
2.152124448969651
4.437773672684667
3.191283309302621
2.179194962835731
4.460499272467214
7.05179627394107
-2.463367508125601
2.7361119396840996
4.0983705896010765
8.007430424808305
-0.1358853819033632
9.466187037297638
-1.1786292405008965
9.828769973007164
1.7369987003720135
1.5898847696534197
-6.541409019425242
3.1832553205059453
11.88047078513477
6.707276488362715
9.529164316293205
10.117260326083679
4.436939272494259
5.289189552151956
-0.10419110955751432
6.9519195200626225
-1.1733613922582515
1.40909553334147
-0.7768160723554507
-1.4468925227890663
13.824437241819206
1.1667332170815805
-3.538945342262874
8.612040697241605
6.209026849262474
14.039813408231494
9.251963590465497
10.154701087617962
13.24376338126906
3.3884470140319007
4.825943833550001
4.312385258778687
-5.671187684839888
8.189390478798892
11.830737770004482
0.19257099182445225
5.8624130856353895
11.806041553344754
5.9406710060105326
4.225662390609779
2.471845555909802
8.220587411382091
2.7887160913219
2.9380172219351612
1.9466297405505397
13.32884393571075
2.9555232305717807
3.599224014924455
6.11972892144865
-3.1832940618115497
2.958799890733468
-4.530664443754285
9.446737857367296
6.874796584904115
-1.2153466745244677
3.894695683940879
2.763549562897745
3.8710817156650736
1.2870644043607653
4.5907934841215505
-1.44733282026746
6.499237770845826
13.049225864552099
1.9630213694847545
2.2890405664300064
-0.1173744167402413
11.212220577845834
0.40765446676903316
0.8091103483915587
-0.30760880583578487
9.871166620475275
8.168462602133443
3.4848300338020035
3.738177703754421
13.906035904831672
-0.41753488602236466
0.8085018171840481
4.186996702258794
1.9431054517661446
1.43870441378446
10.552259026479451
9.94139570054481
11.87987344021791
3.623899726424629
0.5521459800575199
-0.3773063884750938
22.027479261934488
-5.932966296096295
8.66773054810809
-0.981727427276855
8.650735105452029
-0.47025437594029285
4.2923926594435065
5.352756568624635
3.34524467065466
9.318967283129815
-4.3824683774651625
7.598187030190578
4.147068189862697
2.7009361436144825
3.236104283710791
0.8052060970150272
5.882074273452249
3.619527303888421
-6.979428448862656
6.230372624777102
0.4431615063504224
8.075540796060483
7.597914228157156
9.128136239592804
9.771932034033602
9.443571984627708
4.207825325372742
1.5485783642463824
5.841820984846722
7.007400155803048
10.2934866709655
6.795305983983168
10.124078786730056
6.893925108881282
12.349512978144586
2.918335543231344
9.54102049384143
9.567654974232113
3.497814235182923
0.7910865448603
-7.037222941112001
13.224362300067153
3.2901433052278404
5.734334611265052
-0.2926443247462953
3.264107352684222
13.465281942620926
6.923306774142455
7.471932828833163
5.2015505363805
4.661207122856066
5.20268475763814
0.37883904994856366
-0.1946547878788838
5.908910299188653
2.1933858235959285
5.881638775317885
0.7210880517530285
-1.8959410188030486
2.2455380979961928
1.6783531821793023
9.126493968465951
14.804923439033884
6.467246974353248
5.882088530578691
5.080665441266708
4.683017203401002
4.010425119455634
0.7218904906184975
2.107743327516629
3.4409344743543953
9.958692948059012
4.801526877790998
9.822025366463372
4.683696059575299
7.696079524934748
2.680095125616431
8.209235969063217
6.6914609629743325
9.556518267524321
10.98896023691952
9.383673424429102
14.64942830001074
-0.36428337057059323
14.995553229292732
4.399204821137716
13.397885535371486
-1.7639138662056917
-6.231426224814166
11.849830607962977
10.079254188921269
5.880873460555714
3.4487148653137303
1.8897264525559256
0.9592852284628037
0.9037830125452784
4.751380974139607
0.9251848113454844
