3.42703653207205
2.522299455031545
8.353546103494512
4.720195395205762
-4.796869469863518
9.824915959921835
-0.5798978269292991
5.414772348548763
4.509529801805516
5.133997746009324
5.8288644135223
5.460393219131799
10.335218451463671
-3.05083190529856
0.7346039857554043
3.827540522887766
5.470153356595004
-3.2071644062516045
-0.6438548502729269
12.393759317420482
-8.509968480803305
3.0616834351619433
8.09805249733386
1.5004892813447164
1.6364678807566087
1.5942514292705292
0.943959888025443
-3.407608510787462
5.414407044367179
-4.807152279047415
3.784121417917094
11.832279920759074
4.511699067096969
9.309208541352884
1.1957196153564311
1.8276017378147182
14.556956132789766
7.751029606513062
8.837255255298881
0.3053237715572159
7.293467739920316
6.046619228606678
7.428747426340457
12.097477115331635
6.67641339418177
11.00489143518007
2.3790419896464234
6.162241657857966
-11.751435951238854
4.420577372819592
12.607323401681594
3.476075617957349
10.08072227089688
-1.0548801317048637
6.484155748832014
6.493421180009001
10.253014140718388
10.34288118248746
6.884934341646104
7.533305839721477
12.98571594247754
8.142332429101234
13.941411247359536
14.911256064334545
2.0116486853711346
0.809787381275549
1.2158644093741353
14.562492978816682
2.0881531148568757
14.14533932749593
11.847422862798577
10.727225170466125
3.14891697082218
10.139175518289532
5.189929523883478
-0.6584137489352848
7.328399502624084
5.2216669819208015
4.113053039210522
11.707276389752092
11.352972524968248
10.18847051643878
4.047162823915629
1.292766401340843
-6.369323903320936
3.0992102298485786
11.625512550294054
3.6698227163396258
3.6739960956522304
3.9101412973111787
1.499626137504635
7.848153710299143
2.1526168159563284
14.81224130008761
5.123440333785909
7.232387395138726
3.534605676064308
5.376947019245349
6.3890698137374855
8.141039394364238
16.056593747211497
-0.5520690858146207
5.3604213756280465
9.71240286426202
3.49375094552431
5.365355829701472
8.54226604145201
3.9227912906700393
5.7102459731347155
7.731936986986483
0.7218588210806587
1.9062736839238381
-1.015181918618075
6.412348488670513
4.456461779925527
7.3710135713448715
9.40649138643306
2.200698729398557
-5.0288708211346265
-5.748690359387725
2.227663722066421
11.11426629972394
0.38624977210922573
-0.34078823498620814
15.661891858647753
-1.6769944441495932
-1.2140313321577167
5.8835569013673785
8.80274188623811
-0.5101007734824092
9.385850802646747
1.9798493168889872
14.798900594837082
4.679764533675293
7.798612172669651
2.4440814076598354
1.350017999798477
7.6757510357680205
5.5339825567654515
5.686075772238727
6.904839235807041
11.008440205781618
12.74268926128814
4.302844158694411
-5.240542754512683
9.80061690713097
6.629943324668293
-3.4349587573395164
-2.765063345640611
6.937767256425143
8.536095095898315
5.710327203251626
0.5110369726457265
8.908070758867789
10.63406566017181
-2.05268361633476
-2.349896933824799
-0.5591140380264266
2.226434840367883
8.691650851363312
12.524743134584782
3.146620233348081
9.58948800135806
7.0269899134091425
8.050750405634005
0.3216609665987127
2.7067617845010075
19.392839377761497
-9.278778533046367
2.9013859186757838
13.825407745541018
3.028647743126206
5.888329595169287
2.332259470573794
3.5367558595523736
8.547546223037378
6.540565303681296
4.091713983348493
4.696978672512063
9.122163930439584
7.041993985694391
-0.15803757857853862
-2.0961057460800614
8.845996363145835
3.352877406795851
-1.5042691650992843
0.7179645387261266
7.4531851076375055
1.2727824104022947
3.844651380873355
14.671905098650948
3.036243631590837
-0.715824947410804
9.570395831366552
10.510336863560859
7.682967261300077
14.497749164220046
5.0945538682567175
7.303760376110432
12.473580325991396
2.9813149371447576
8.164535062710701
2.0882291244957703
6.1302634244171905
-3.1962133451209045
13.961047199877106
4.10419799583242
8.926786801020839
9.473452104215802
9.879157615040345
6.792226193039321
6.398597981863695
2.8454043686933965
0.7543657865575097
-1.8155106913034649
5.43170527167203
9.14775418883424
1.3634291706482935
12.171900449112481
0.5370220160894852
4.480385052961379
-3.6051941638394265
6.096107243133617
12.264350346025974
4.115294648452267
6.194705109008494
-0.5868966524403598
9.446864814621254
2.709036123840649
4.587050305803384
2.9667111758833644
6.634244813002808
10.520328339935618
12.273036173042332
3.613270854201458
10.200501537501701
5.938716921748989
7.03379249553121
-2.3388389233017834
9.265253418804688
7.556644768667891
6.1868549485449265
-1.3480621296630453
-6.0029058424694135
6.9934304987216285
-0.20900766596914
1.472497970537523
3.155823785486244
2.8619121612766882
5.2741929176031705
5.251530472410034
9.182126448705134
1.60981244314521
3.70361498550848
11.915585217786274
4.896619148343654
-3.071978087293349
9.903263384548278
3.6899295296848766
0.4907676166561994
-3.792093576126966
-0.5165285938486432
-2.9052548859600256
8.571855534724504
9.359915022880653
6.09588507862985
7.472091209897896
0.46623414649826533
8.182120893621677
7.683656021634776
6.430677601730187
8.592579491807143
6.113447066568649
3.8188346309619794
2.1607218651815012
3.4942593924106644
1.2933091641429693
9.07401021013747
4.336304725398648
3.320822684513865
3.4290794604540005
9.390513931196015
-0.8238691434142336
13.544803673486834
-4.37587601658821
9.730698797274657
6.209807283436449
9.431680848181928
3.47514497009006
-1.6765130386137113
2.0566848468197207
0.6879762800196079
0.9235119615278973
-4.43307906046914
5.901712905842269
0.9049831222181934
4.362418240114374
1.4980710451940684
-7.656897315584427
5.197102085462712
2.4714120645639657
10.793105504341872
15.039916914865948
3.4253381540676138
2.399677148819003
8.550972772759458
-8.662614216028187
6.322413442422608
1.3559086387767305
9.83702783102766
11.433054456571833
6.796280855283843
0.3617208899102069
17.67547659088884
3.612371516310741
-6.364429295644493
0.11584875934470107
14.253832855100622
-5.352650112865609
-1.7920218746698318
-3.6286040122036916
5.976960431848834
8.709878533975779
5.781574929926243
7.380328826510324
4.830737547744956
5.769056059024282
2.8875670488053315
11.06333386329142
11.024083252726543
10.127646242853162
10.175530747064922
-2.004488270611537
5.553038008020736
4.813611035986989
1.0677927789489128
7.032131186229524
6.445485212007518
6.430216126488144
1.684431432234455
7.767173212441984
2.319191127068353
0.7225338505932424
5.516708277728272
9.040806648523269
5.537573913467137
8.05434861159296
10.056904343906025
-1.896600106922273
14.07365420024625
-6.258203021866143
2.5886032105198
0.6749445494045256
3.2948564553397275
13.406906473508775
2.0235296135796426
5.132148322997433
1.672334775089069
4.338942215465877
2.0635604398480245
2.6347220041245767
-1.8561066965824162
0.8290455240983978
13.137906823401963
8.752162104309365
0.3262002124371777
1.3506958165896128
2.0281029072272796
2.2889973038310742
9.6345291607551
2.870205494959375
6.53837830122921
1.4733086598117007
5.948262087186649
2.82064525786653
-7.515950701626226
2.2892533555717876
7.099402811497134
2.5238604043509794
9.559352327669025
12.909775123428854
3.764185618894082
1.885934363165798
-6.300044186586046
1.7043436752098207
7.893708009050963
10.795091334697462
3.776397040124346
0.5440793372382995
2.725879873773289
3.7419852615332836
5.5538721436930345
1.5456652384844967
14.081803626639429
1.8789514095142672
3.956732888822071
5.664971480796217
5.1197512055413235
8.864577001012034
12.117872898127235
11.965067810140962
2.048406027090828
2.5957892063066934
0.7911545045344628
5.01206330525012
3.1325716512189494
4.473079949035479
5.0170688914027455
13.34951103656639
6.608311855846876
-2.244902234011043
7.2649251824554835
2.128892466813336
6.503779234416829
2.9029747757835476
16.036894468057177
5.472545617358216
5.1582252985817805
12.892919268417707
4.122409763425805
11.270419778617953
7.6594991080654635
3.400523355301043
1.7387339774265471
0.8548517976009589
0.07036644015520821
6.820455458554682
1.3170712843554444
-0.41462717384503733
10.970737989618371
15.726654372841661
6.798603406087887
-5.305533375814852
11.090170326130714
5.811914849978923
7.038208791246781
6.1067843361813985
2.966537342682207
-1.0086172359267263
1.3333532685087472
7.609050105072771
6.718390820408631
12.668937223580848
4.653007319209201
9.323703510607459
-2.365444837055419
9.187808072841989
3.927364434220137
0.7593876144903726
3.618550045379097
-2.4007168540667516
4.373815590955729
7.0299609891544685
0.9259369271403823
1.4401563350380846
-0.25237556775299463
4.559593717464056
3.2703998981564433
4.360645467717618
11.269894095740838
9.448657262715088
3.1673279243502406
4.132112620554528
-2.9257954360968954
1.718685472803009
7.783802762710107
-0.6784679949335022
1.8722017413671024
5.664097638643547
6.0532612469858265
8.730775401020132
-3.0850534754305663
9.13864927962715
9.653903981890313
8.573106160515277
13.656114592016984
4.803927281902087
1.7740145367086728
5.515984152756053
14.090129856550243
5.0837442051480135
2.825137730816787
10.002509491882002
6.311205106133875
1.2826459330618545
5.37220296098471
10.833839498072624
1.106282901527338
7.215387981923327
10.61949990008713
6.637528723252142
-6.3592488008412005
2.863436148733214
3.296084708409251
8.09823436099843
13.733573828814972
0.9918360567717892
0.2754307229443951
4.3446895562769114
1.4282667164596776
3.6633030511899722
-2.0087321667557188
2.3342577794702084
11.642596369406526
5.9582584573751
11.966456451185215
-0.651720816020922
16.420582058664763
-2.7576588291393023
6.836408646148319
4.141326077647952
2.518002740815548
-0.04331464019849207
4.877563246632754
7.601483323849981
11.34384828104971
-2.2336569924358933
14.178538139915089
3.719518118520985
7.61916279745047
11.401815528087484
1.9520956691166234
2.3059229936465986
0.5057279064938354
-2.527056863341082
2.83696221904595
2.5877454804303346
4.478181136027052
10.561676583267161
4.684499385861525
7.070712006707913
-0.8698681756697422
3.3355056698587235
5.720005639989356
6.344194955892833
9.922800484130244
1.8323644257249052
1.8095834981856385
1.4565006952631112
3.944492591833276
-0.11788872056801747
8.298128521806913
-2.464589655264316
5.358261366853107
5.308620380181592
8.23080573654542
7.589754337266626
10.831315824609813
0.9642170282910429
3.1523566918931847
3.084842844558618
1.06800129429979
10.145203849881552
9.155939127051866
7.714805561513776
1.357295486146652
1.8708483471014277
4.384094618641971
8.835198264461505
0.16762039112093108
4.561090105231251
4.3853204509768595
3.368165007496626
3.6211981782116256
6.331880406448793
6.21644475042829
1.1949192665137787
4.9208118129876315
5.189757828452418
0.029570187562110384
-0.5021691220627469
2.382598746539516
12.283804779604756
11.591907697420732
7.80913528041591
10.568428251906829
0.6239085573240737
2.4208761362998903
2.3192649680392563
-4.652689894758922
10.917249783491268
-3.9934557964407986
3.876016424647667
9.807398166902729
9.098238982202549
6.108281658739516
4.737630512904312
1.206424625817502
-8.115629535892667
8.458648905654186
9.226195228982434
5.558018481980342
11.048545099879263
5.259971471749618
10.087976627626762
6.709708952570324
5.536430778747956
9.368092618859517
11.806504861854876
13.090936728498235
11.195792874134376
5.689502391066065
-3.4938543490491982
2.831396997435389
4.729629077303156
1.431461181170925
2.2021247933309414
5.7140434337659585
6.34783788989821
1.119918212078284
8.022017500678128
6.8123576218446305
1.795965922569728
7.367859130632693
4.009133056795181
6.984532632663074
3.953918257486986
1.7329496549101453
6.509636191992844
14.91405020184465
-1.2287787507771348
-4.223412765280159
-3.9406704989567825
-0.17909875751917514
8.959423139355769
5.3761458461741185
12.637580275930787
7.1939948253014085
8.196348551545803
10.673856904678836
4.586212769375211
5.081384499214642
6.185600154858514
12.499664968535898
10.634877213073672
7.880786800702701
10.693688587679988
-4.909013304634169
-4.436595477135705
3.50416357231998
8.577223653330144
7.7325863788988904
5.845919694220714
0.18570841668776072
8.792420779193039
3.8802369331825735
3.270091522476598
2.297816517887816
-0.23318350543398392
10.102078202410326
4.135305013740383
3.4204097929752764
2.7341076395350106
2.3862135435144847
8.137404669363839
-3.4092186521905905
10.613533796758276
-1.422430819899823
-1.4682260255857305
7.89602558640719
9.139882705353294
7.383497804055311
12.346579125158385
14.359389353680278
4.315926037559467
2.0246040940538856
7.291001342476585
-2.4158046188377638
7.1057478417346545
9.095059604718617
-4.604445335722692
4.25096319526277
2.5789004161174836
-4.18547363842884
8.655544177628386
3.6192320947565264
2.196521542996777
0.04021411726180535
7.690434722461321
2.0777449182300316
-4.57715235097111
5.117952394399718
3.988518831002935
-2.929947213262958
-1.1382102370537934
8.229134593145957
4.671479120676264
0.10184377649271603
3.0797582426855707
-2.6975864891435215
3.900447859621194
8.736696398062387
3.8250372568567057
2.5991148363200898
0.8764422927734086
-3.5448969011817173
13.212756404765747
10.868962304857856
5.10309478271951
11.541976916090043
-0.2962093669053303
9.698970761956442
3.508360089874432
6.8041612778724785
6.5770945424840095
13.508435832515506
1.035058012833887
13.133286249757528
8.630583185479088
6.34631259696034
1.2144523837241543
5.212695484078216
6.011324680440926
3.7603857770381013
-1.2294630569682532
4.998273072102903
-0.3241044581636503
6.838955602274388
1.1416606110768157
4.634852047829563
5.395604369234096
10.728904903032978
2.7246858558870812
0.897487245806051
0.11591234333598699
2.917165285865928
2.1269306791252527
12.149750283020456
6.163230460324509
10.353642619821589
5.85711188024706
3.473623033792813
8.073413503025417
6.35429489485517
3.703643636453898
4.692296625543019
5.496879228911843
7.276795353001491
7.146829032680126
3.2745072060058713
5.5504626929458505
7.886172694557486
8.261366787929465
11.422546845946226
2.6293964459906096
3.1330156841062577
13.888351977763495
9.558347499665
2.093067574470176
6.495333700955454
3.3161049926539996
5.3061776517343375
6.273067555119162
2.480431434306201
-1.3351912317180705
5.644219823263865
7.09329095982193
9.859554281910597
5.4452346336764
7.153989678050462
14.912033597772712
3.406495420172935
2.1623037529467988
3.524658630029088
7.503083698713746
-2.5223016251877963
5.79052961556119
10.340680091347545
5.610455754338503
2.2200648241584906
-1.306564645725385
10.249568437153439
2.1545550480577953
-0.8038201509846745
7.469797669241691
6.9265142926839705
8.870926346086074
2.7909993532340245
9.292978127166826
7.048920305760555
6.974990135376515
7.611393903698813
1.6044616648806853
5.28592896760657
-0.4582905093131491
3.5975587603405854
5.035844455892613
5.930279554233316
14.252510335310665
-0.4307448403150227
2.817719815942723
-1.9884488650883654
-2.7420450318745724
9.810899898901562
2.672527772647233
-1.1738114914336606
5.180838908433716
1.2817576630386416
9.517257334064947
7.09763232228955
12.137306525311551
7.4993409460697
3.4227250503592996
10.977900600329278
9.617044425403709
11.444878529607912
4.827163985631547
0.4284835343651565
10.258886051069284
8.324552337468672
4.044414198938705
4.544754213719151
1.410554483609228
8.246628699418757
16.06078606494995
-4.979502080172031
7.27163855910206
3.465976337928157
7.566090107781182
0.012573331386515285
-2.409778303143912
2.4462091473682164
9.755438430928395
3.556120733759693
7.4393176718810174
0.5552437717465653
5.2849000932341434
0.9632838595026714
10.803669474111018
11.391145955968163
1.3029183148183092
4.848375766135437
1.9090623098429647
3.2543593201432186
3.2026530736134697
6.4518898249968855
8.27610049186486
7.542089984058789
8.382580536412469
3.4984142002792082
5.546680166753124
16.062317262806587
1.0012335385845015
8.36267291347033
5.2041275170596455
3.9571300719220885
1.6925243970981678
11.525415491931199
9.677729512555244
4.887477397819722
5.061784137685828
4.464582021384938
1.1603096525787464
6.011514753185174
9.892561998083778
4.728864717371144
1.7895841986098435
1.1053543881644794
3.24694543200256
2.3898024759006304
-5.994368826712616
11.79989750689258
9.488133154620767
8.670945730335921
16.507830955999474
9.546633719905202
7.009634281314003
3.843812314042874
4.1170505389457785
-1.560386090637433
2.7514516029421374
9.477131883014815
4.185400066336509
6.4056630995452135
5.766210361996884
0.6406810169105519
9.46633864328669
5.178970134336502
2.6114408154592894
6.545034441599379
2.9639919403006783
1.8913778756140984
10.637038267596484
8.981130646156878
10.544187261995994
4.563456814797387
7.015829547361035
4.640608459057175
3.209214268102278
8.990111751990542
5.667395959925573
5.41696472760154
20.453097363394797
6.669256718178153
3.501836331701966
-1.1675354565443818
4.761890130829384
11.508405419360678
8.049384531927945
0.5831488836185903
12.744712623602993
4.097047778120223
-1.655296166974475
0.24323129237539476
3.6339243727670114
7.642099121639738
-1.0301684113418528
7.041579070126691
11.15548689518845
7.9272581776181035
13.712758635316709
2.0946630979950047
4.9408675299099105
4.597048661712081
3.5740713898528154
-3.6286145684091995
-4.759040350007796
3.2185112482718483
-0.20011383089286516
5.227790100302997
9.844644011481488
5.504363848917557
-3.0186362817859127
-2.678950813014142
10.007625422464491
6.24399453486191
-10.606277247169709
3.009764495178092
0.5170345090831381
2.247140613382812
11.100136328483803
7.776495281326897
-5.121326203732792
-0.5908279730480253
3.0125663127141
1.9182472520556295
19.89111716918314
4.384691767481046
0.1641948335284722
6.979622754228716
9.618589481356093
0.07515376467509949
1.7350002267529492
7.99099592110132
2.2857383767859156
15.65841069337681
3.9079910118149095
7.445438628406722
1.4643704386306227
-0.21142860990032375
16.393239430631077
0.16296873529212252
1.1767077883880752
0.42212350198626414
6.618962700863978
2.1333498460001676
3.4479533365569472
5.6750797667188335
9.490315036874204
3.9718518704102865
2.423048671582933
10.330635730203369
1.921693781962102
9.2047593052536
1.4776687771523433
9.714257171372948
13.83216719368519
7.974960151682272
0.3722060213232412
1.6989717072552688
5.391608033879948
2.7509058191493354
6.0922204249522816
8.9525126706776
7.579097242997817
7.883285236834713
6.32606546911947
11.514581168476509
-0.23808620057015784
5.93452026832329
0.7086166772072504
8.484414926864076
9.23282740191482
4.062047866691026
-1.313725662978431
-1.2103872040162296
5.474450903273719
5.115148721754411
3.629977730076151
-3.1216148855109056
-5.456665912714875
2.1779207345750753
0.884901194519542
3.240074350738021
6.658270735440493
8.501279403032644
8.645014151756488
3.5523908442830656
-0.13642365541436519
-0.6582600995352905
