-1.3830224221351397
15.34684136349937
8.63537026233659
2.8700168890853743
9.512528386306329
9.410093979229853
10.347576112380569
1.2837113851400854
6.7551639865829864
9.234037510507672
9.788845500718692
13.548772651664933
1.18192710002175
7.521541965399205
6.401584963493871
2.593872780448116
1.4791180420728711
9.603393322284779
4.2213795802797485
8.386842947021716
3.0266423706112815
8.139745452763401
13.005300991948882
10.156928984976208
-2.417072610525441
12.841465968338879
7.46691502646267
-3.0298040025699997
3.803932944476586
-0.8238372933134341
14.00690821851419
3.908278335774237
16.13945806735822
8.881790662224041
2.8029219797879996
6.831750825884825
6.701875255119905
0.005689234938576426
8.06535819747231
24.936718746746553
6.022725041577563
0.46502098242544854
10.015804870125486
10.954571744371844
-0.4213511269435122
-1.6403354127110523
3.902217649256851
1.0616869618314722
10.201688354970193
5.396200664075596
9.968392263294124
12.205533532693714
3.33160130576784
11.816786924253622
9.24453836201231
1.8446491593260808
5.625101973881017
8.165923352478693
3.5318168126449403
5.556902345364264
15.046325865160215
5.859835961322562
6.026210970215456
3.9684473931596678
7.981911366162323
3.639182843991153
10.326514336052032
12.685578442685767
4.1338468314858545
4.613348463421706
7.8197935690926315
4.917540758898786
6.9910796194502876
11.143602226909024
12.384681718334644
3.583512817937482
1.1223095725366257
16.50452771167643
0.8322958501184514
1.5571564955484298
5.256412140527481
-0.24401166513336925
2.634261413532141
13.746830070231102
11.928350072354732
6.935122832012644
8.606350316057288
21.661834166588825
2.6617199815238215
7.272088801774816
-0.4534119713726108
2.284275612315767
1.930713462045345
6.5077889557328685
10.899696616153445
14.13872697059702
0.1401111080056925
6.118587731502426
13.078222591551736
5.1090230446121785
4.613131917351298
3.182336257402475
7.017630128217879
7.383353170276566
8.281719275615163
12.882730499458104
4.695760195034667
-2.2838478577991665
6.310923986307814
0.8433486315651715
7.989686508352547
2.2964865011765823
11.17572955650116
-2.2624944957962576
9.328593958384879
14.173120176674564
-3.4831335653834152
5.628448630382905
9.440318577575914
-3.6863215924475394
4.931071183507402
6.7770589824185175
0.5834321946422598
6.293334599301678
9.912957650222177
5.1865706465485175
-5.840901302903854
10.927174138445086
-1.2250738893644604
6.517697005806974
6.941494973090034
11.680513847508516
8.18203044941006
6.8617456488737
2.018054965994113
2.4174978914069802
6.487437961431072
6.298447046742353
4.571217130575066
-1.8484218695097825
4.664082790930596
8.175296498987796
5.7456214102820775
14.524237559623385
-3.55300925716662
7.02299108644257
1.9591084982587255
13.284325472147398
5.517428563672265
5.069582316404722
0.576769840515392
6.020771298924871
10.603977555463265
-0.9869816405139602
6.849026895079195
6.505699897437043
-0.5783531199674732
6.773292620600918
1.7366062002592573
7.995986183434601
6.399656357368201
2.612057656761066
14.327745702718547
16.058385587506905
3.524367156299247
-0.5069444896939777
14.161391921093449
8.821024684559173
8.469355045930756
8.655928360180507
-0.2097984041798071
7.735382320913445
5.390922700722886
12.715442563374818
10.903866753731808
-0.3793893152966099
11.96313403831272
21.556928499512956
0.2629258704132891
7.078881128244646
10.840152590177501
5.596335070344843
9.259481662423754
4.168990221350913
0.7132128870827685
9.484861512207972
3.7379714552272096
7.441738205841344
11.085010735116402
2.3893906822762205
0.6837080062924006
10.318224970059422
7.568919335155408
4.236155660688765
1.3094820479146954
9.472539472519982
4.1467547695585445
-1.6010583674582577
11.41045451756559
4.393857295877584
6.925597306277066
2.492051321010566
2.337947977914124
10.34252403579007
13.692969614292341
2.9446220417890854
13.691866661108392
15.453452176008147
6.111027693574509
5.326183257641167
-8.63827692033749
7.220247982183105
7.967997544023691
5.231211212832817
-1.7070999090613244
5.373200441310363
15.037198835849168
15.372772907884478
0.29939959177179176
13.893188099854902
7.415763724975992
15.197670098709796
2.5717159844302797
2.9991874759496504
8.256319798865604
15.331784126185344
3.2541131242261505
0.7550518905563539
7.825922679575706
6.517887874813287
10.151093000903119
3.189989615438094
3.486195715358914
9.142090150195923
-0.5047034754963127
7.033090626997552
3.216799104343536
-4.116266389932273
8.78525065620985
3.1546343397963206
11.997963285710007
9.602244306127455
7.701799632575401
1.108912103101896
2.082063070103377
21.476807452870137
-1.111622781701243
-0.41472325823396883
4.908265907681142
8.617588533871356
9.950798334987116
1.288853214251354
-9.624017875326958
4.939833780686457
0.11069489687781608
-0.12528997493325011
1.087359117729025
4.084585242556909
10.023629109129898
9.387860077231068
-0.62506891497305
7.376231568073929
6.309060998494362
6.78044840928775
8.594730588329256
11.21064740733761
7.0721222876622845
0.9764466759628965
15.068971620593047
4.593360842219011
4.4804119127941116
0.5025845987649413
-0.20267554833679302
11.466565395760135
3.966080576349291
1.6300722586788323
12.582550956141343
4.149073508192981
11.072782785442534
7.535331266049268
1.9828439901498838
11.325703933047151
5.723080128302359
0.657129583649307
7.227257249595544
-2.1633013439164497
-0.6535649436963231
7.0489998871929
2.170369793190468
6.317097123544512
5.79594464896613
10.926020324061497
12.687211281666428
12.679000513709337
2.705198896568045
11.090676270359939
7.294330299210943
14.621283415048044
-1.3466995882661115
-1.9160954916458879
5.470974047789821
-1.6919355835897516
6.734126966721593
-0.188157294649276
14.403933819691776
8.89087121067621
6.857720929535818
6.067119711956892
4.856994314174754
8.474679811854227
9.014503017191796
0.5640816760418961
8.05208236231898
9.20696515282172
6.7719957932429065
-1.062304071411745
2.4073340995756407
-0.6242018752563734
2.712752963743672
11.340110541144306
6.141628382877463
5.558621244294328
12.171563635978337
9.181389786627284
5.396411280625804
3.365847964582018
3.4988608316782033
9.18226601826954
5.518186925623863
5.426260308623876
6.624840648469715
11.733281958073963
16.154147071930957
7.541491142315863
8.962927487564112
13.33860776986277
9.620299093059675
9.470310836123303
13.680848199008135
-3.0479844844365918
4.377855671108715
-2.3689628362136315
8.522168359652765
9.033783098225733
9.605865454908974
10.967721148132126
4.05592281895108
13.098776851308669
8.953988598767861
0.06368167547150438
6.953273755606835
8.058976800290758
-6.794597762294295
12.249247461522312
5.629184311853443
5.2369227222577495
16.38549347754286
1.235737073013973
13.854667512571927
14.312727537895201
2.2980072792952493
4.762289953606199
-2.798726343781377
6.7285303580358455
6.719545743968969
7.902179437422406
8.610884163150393
7.402684395464651
7.984043745064853
6.23519765942476
-2.689915847523963
12.34095203057187
7.71330559631949
4.451617485786106
-1.8739748386300157
10.262341681553634
6.388254237577318
4.7208696770299055
-2.6420879873235155
9.105421524429463
4.27308657530453
11.40751811865658
6.080290221868322
3.937450833361344
2.6068522501994518
9.615894779792427
6.555309809016887
4.289844905997529
12.245335919521
11.650849875071735
-0.19942097288686345
1.9990253164744365
-1.7865603831444234
14.76362808341655
4.363079948734342
12.309906708586997
1.6687923718064122
0.9455416561292171
13.175862867377072
3.6459090011655366
9.470658809668063
7.066641900367573
15.529649185373307
8.661635484235658
0.915550499829326
3.577650929259676
6.054632134762789
16.47790188337649
13.868684803733991
10.600155545596234
1.0400159266857072
14.667347904072683
8.273100268144448
6.366118556459413
8.699167104361228
16.088976740584602
7.834346318463021
-0.2534984153410207
14.313929373131456
2.0351593216008057
-3.82488853443175
7.816609774661557
8.98845484697354
0.26757110557562225
0.9909963507074728
2.194436949652758
5.826351195907629
9.575809320632438
11.512829189803295
0.5101826326943026
-0.4900741689831838
9.22519817157462
7.3581122813973225
16.425991504197157
5.370175851263539
9.760006588461701
5.811500483813028
-0.8390433527931727
18.89022122056674
10.940811068860206
2.783832047679724
8.840838676685072
-6.287217658329569
11.292367805069794
7.098530475473995
4.098484783163665
5.209256939774883
2.1023818983964953
6.4232459041695655
-0.1720731117377925
9.812857863740055
10.63950518743005
5.5283168501295
5.267773405439012
8.818131258822088
3.0254738799691134
8.393364012443374
5.261159972412924
-3.383766001769702
17.329965732276435
16.09559486930673
9.040086829833244
5.116025523244766
2.055369259144146
14.56954956078765
3.6408814044947535
5.12718622393321
-0.060032611019217974
4.517212975305452
8.229484901996347
6.9173367409247835
-0.03259715990638146
6.868159534283875
7.123897022804562
6.0306159531134265
-1.5072515161665478
6.379394489555504
14.089267517383373
10.54914547270883
-1.2949547398934111
6.5205556805147475
4.518835197585904
7.8403193686839705
11.038656681286511
11.013896333194765
7.407950299916165
15.31807628955847
10.469036870058542
1.4474287006932238
5.1722918168708745
0.8217712913480666
12.724284093653676
1.8670837880395483
6.163914208278805
6.208960252678243
0.8544646842461328
2.9315072023862685
5.061946289060253
6.069244013548695
0.14527749161757342
-7.475344176905713
-1.77508386996257
4.691806503816036
5.237846314017738
6.999830968194948
-1.2044461466044583
4.137363218940324
14.228254121046161
12.61310455552456
15.050594199446891
10.315962847602737
1.5986664499973768
10.746016230499599
24.269589124392333
8.995074680911703
-2.3279951853429157
0.523632005321776
-1.577665316312217
7.673647984393034
11.183131848133588
-2.494379495586399
4.554377683210722
0.15272812834294136
6.844551175480309
12.02828959170012
-1.0081330832156619
15.286520825882288
-5.693953767619469
4.755989533993433
11.376614080763622
8.223964743776943
-9.116831210613668
3.722435363773361
7.513208555054733
6.358120530591159
2.0622996575056765
1.6093598639478
8.607890452274907
11.428117722059653
2.0459432470990104
4.225886282373508
8.236720986058268
7.128486043300413
10.179436260473397
6.983271873317896
9.658627388147837
3.3734534628451907
6.576423144107421
0.6090799892391754
-1.4791710879605136
4.973003099089845
22.283350234367195
4.982864175083781
7.699638426575743
6.336344404603037
4.007432164214404
16.309489575802594
8.161382503450834
4.630392534739839
3.1014672351033385
20.81758469108003
8.016129639704781
6.52890837792282
9.010138249527687
4.675264961016537
5.367350963717533
4.566091864366559
5.080416100981029
10.037577654540161
13.10646866280714
8.577740769168047
-2.0668406710612715
1.6244450613341002
9.832152499548133
8.703081949838454
6.237477790265453
-0.8024770671107078
3.013476271424308
6.406553809779258
1.075580736380032
11.459400485940417
5.877035631917267
2.757723640889697
1.2128986624588114
-5.754104405046192
10.167800429323218
-0.9038998094891477
3.336590199936643
-1.6897294213689582
5.910184670694751
5.341772129858923
15.126957872118103
0.5032623698008223
1.756540681735844
8.301478017771455
2.4951174263109017
2.5928970067196815
10.892977720994146
-2.5764782987078387
1.4759736445769889
7.647957767605384
9.690403771173779
10.378945003464796
8.160296754662095
14.773854573573379
23.088714858727904
15.499219981141241
9.178659843274028
8.329307662715912
-0.02805828714586145
10.513413665967459
19.050608346669108
6.066765300412601
9.699066023114975
13.292721390987923
9.927600793043984
0.7018835030837627
-7.781442639366633
12.242118334595466
3.34699949302137
9.196292447659019
12.96873823894882
1.6255897975566684
3.0061473803058902
8.332236453563187
6.701302246793989
-2.675256597260372
11.611343653615323
10.959951057131882
0.2682574710232757
1.603599369905
-1.2723971381469887
10.997684701542813
3.250545299732356
0.6163504712333463
-10.84455182127543
1.0508775867042468
-3.0030541880048762
0.6839570709171037
10.299157602103271
13.93423349781612
6.966511705768811
6.521408538226812
-0.2757911399427293
-0.516904965312385
11.52854033290906
-2.4870464939275116
9.826652877389048
2.203498553708377
12.651601175708098
4.801666292519361
5.345168666407707
9.006902963134515
7.239619953390418
4.707075958284669
3.744738516453064
7.46987705806063
-1.3941919800420148
5.713370287053317
6.02359607873375
12.42461007801785
6.862192973351761
-2.3686368284617956
7.6390325654039
-0.06845357843396993
8.362078093025074
-0.93917520029113
12.045915430130282
3.064246950259989
3.707630034949354
7.727433244188017
3.0663999072225523
14.709903619197242
10.90418771944082
11.011012781128448
5.450024591188441
5.318267443595076
6.346178509741737
3.93454023632972
-5.957151663527366
0.19170475096830764
11.858325595331717
11.542633692220473
7.868868288419057
10.26351639396697
-1.045665599721013
9.460580946650497
6.363419391881218
6.579931010385801
8.46552574754356
8.920573671274001
12.677567270079194
10.051001629078002
8.130192946225751
4.532379002143015
3.1211346290755504
5.984926591080898
0.9758161924045501
7.204331300450189
10.762144186766863
5.40121361718562
2.346149476559375
4.458884313031504
7.689398266740961
-8.01039182970575
9.758955690789902
6.153175080547431
3.7117041985168657
13.709663889009585
3.8542493863829095
12.172813873550265
14.969309522886817
19.242487989701484
12.278683644391165
11.002163856103536
5.558274410640377
8.827694180672637
5.564709550960289
7.713003608697782
1.9711977595000576
1.8979398942081698
6.143947130475186
-3.8207327045716237
11.992759177925823
18.94951846245741
9.78889961164757
1.7711688242416495
5.3950283331517115
6.2285583044831885
7.258941171492141
17.62224854848506
10.51517297018975
1.1535933588790375
11.953022622397903
8.321106273312122
7.796231645054318
1.4749059919184306
10.573821973455466
19.32031161327687
9.005738559596024
0.3281328749116854
7.051061892460959
6.582361773167661
2.9279952782973386
2.2826976523648783
5.716722182363316
9.455895480270675
5.818667066923722
0.8690167946943701
5.734815781980433
9.298506412968205
6.802129538726966
2.2350082610371533
13.246716432508215
4.732369956192241
8.884045938916213
4.8190716899033506
9.937513157319302
3.661958903323169
0.33616866206817164
7.129064031126707
5.8998259981335925
7.508499830631273
13.792965233971007
5.888506997271968
3.252230967828983
8.736078653507183
13.866248482474187
1.9806287287813493
5.479227275481389
6.0477869823906945
-4.3148357907400126
14.18877320146354
5.9486981015208285
2.471759217116939
2.9420069465254204
-1.668988739652888
3.703325591527963
4.613836328796609
2.8629988832372066
8.077470213172681
6.908324421735001
8.465787357147388
1.461636762486843
9.936163272445617
14.847480815759079
4.557272428734771
1.1022036275296339
4.653863697216785
-0.7992641761977088
2.975010136791956
13.318417093695288
3.9797472103307183
-0.20264810825038726
14.945260771855066
11.316727686908672
4.383681468222231
13.69748350514149
8.344521104398604
4.228116565549613
-0.036065823046281587
2.892505982117383
4.331989780118849
-0.5624411066112964
-1.7108661447018942
-9.22274344004338
3.6945679135072607
8.430802935994773
9.756183771103222
19.721451772531747
2.7819335955047824
0.061536061756325644
13.362873568483593
8.292464762912257
9.316212750830834
1.2259417827380297
9.893315010097949
10.492219066065607
0.8626696233225086
-2.9067427180141827
0.6922018390985256
11.753085948865426
6.668639018976975
2.7724619011959675
5.8964117152520705
19.852784252915136
1.0033995777456726
15.60339472904744
15.795139239986085
5.743032537208528
10.383922230599762
8.175177061686467
5.428128080403539
0.29710777629161633
12.426165688439482
3.095402606501058
14.800624711971638
5.7145827098808395
12.94452419947741
-2.036071696333206
3.925347741134262
0.31251908113094995
6.578034045753795
11.316427635619949
4.737898578604467
15.661566742041217
12.35595723716656
5.515419988996168
4.855702722086564
8.423150434787154
13.260793020934218
4.843511743080281
4.373759900794205
13.184057344201987
8.750961915218245
15.716381259249538
-3.079707599010332
13.398681493610727
6.995599082732445
14.133568104166837
-0.973418479278064
2.950358629714565
3.8338556827734678
15.287341849535082
13.054360868656513
8.841606883254045
14.416271438505555
3.8168032207507707
5.869474025356036
9.816487482755239
11.104000490687895
6.492056876949319
5.974685602522821
-0.509824917024587
11.254119112728112
2.5312439470137877
6.581012341065067
8.566166030106558
4.725685451363764
0.017083663033665708
10.173371455520337
1.2143567001301978
8.439910720878311
11.765478676253306
10.904021573573116
8.801455166262052
1.4016007925076073
4.963785530618178
7.913974913758885
4.503482209950285
3.284203324341429
7.106007626397943
7.494782260025319
6.231763849667432
11.624555805657488
7.992048507106246
6.2387928875575485
6.808951777279275
8.407955922283623
5.776089123701985
4.993305368895742
8.162978167876453
4.484819172994675
6.081782155695589
-4.310878564400026
17.29992220446075
6.760826920260156
-3.6049268627124
17.427033966616822
4.598137385315536
1.7141279495947899
7.429026865585181
10.604702697547133
-0.864270118280265
11.19804070822567
7.132214795815737
15.093972514324443
2.463988412170062
10.74133959644808
6.579548518200824
-0.6530906571441575
6.913372656869
6.004397716582358
6.274107937362498
5.603117445934512
11.00618792484861
9.225531357626918
-0.6060383493610786
5.609662763643643
1.9234699442183603
5.226247609001508
16.797422908223997
-4.414146525100676
-0.22696289304703043
8.127634786120991
7.880010771791702
6.343584807378489
6.70780007397265
4.693848581453104
-6.312812848481535
-0.9308591051375066
14.64390948311223
8.213451132638044
-0.5765258282929135
6.846323584772033
8.885749659595534
12.992288254678998
-6.1084808976568254
13.212218255075172
9.815358774794433
2.8782051163250584
5.991442742707947
1.56638544091261
1.6260284696645977
4.183304775641855
6.611351421483511
1.7848579168744036
12.899506841940926
1.5135709430890572
-0.09101164937607731
10.928425677807526
10.061796597654496
3.3567091484731137
11.893701493532706
0.004845244363208323
-3.4644882731319004
6.3248472349807825
-2.0464756150291254
-0.25579624681216284
10.150300529586948
9.993405386424213
3.6992926299559836
1.4280241203659996
8.789666594431814
6.324831085821974
3.001693236752874
8.115048830516633
6.038666591472269
6.657482293980987
11.195657167917172
22.73810237628198
5.597075988814684
3.5226057779995372
14.323171823782253
3.8592400398201416
15.794860443057434
7.26840205387358
10.925337687069277
10.279469157186988
13.658084246661247
5.851602875602185
6.603996646834989
6.473313465266721
6.516150574523114
2.519575526649696
4.1675823208662255
5.646936526005246
1.8596343740884338
4.437783011550168
0.9935471446433359
