-3.7274139956563683
7.380863945662542
7.0642699520626
-0.541237285175943
-4.225104495459949
-0.48828234073118626
7.421364220430972
0.917998856072944
3.9538334845310192
3.5074624049336007
5.681346246036027
2.7780251340986033
4.2374965599069085
-3.944347861943376
7.788551108980741
0.863952572531725
14.37444480207532
-7.935514886851864
11.147099485409921
5.811912056472806
-1.175336372484682
-0.1826315985789131
10.364375165234545
5.837573121447608
7.9284615556879
4.079205933555592
5.2142847460579205
10.445369336168579
8.7347594544859
3.4761640875539617
6.338997467873579
0.13394435128206084
-1.1577075908508965
2.6450544232087285
7.390964400261046
2.7893867737846376
-0.6764012601782241
23.064396168924773
7.8682361807255425
-3.190416066326641
2.696277956340119
10.255915805703147
-0.9359682032776684
4.914348775617609
-1.4484355563502644
9.745049666156419
2.7465133698365554
3.3959681350380277
-2.857174046851423
9.558746097722523
3.4558708578177337
9.323097231855456
5.097192078109059
10.239850250217307
6.049006847349174
11.00926189391431
-0.2580896910908681
4.4011683033170215
10.066176114410847
-2.532819096302714
-0.23715819518283432
5.211323480950985
6.065575428509454
7.666336183274952
10.039670690463797
9.72781033721394
-1.9106516535933808
6.976376004002098
3.7847387530024026
5.486753639710449
5.761121965709638
8.915143233221634
0.8968397788599956
9.772497787688815
5.364582616039687
-3.053996742662724
7.332071661731726
11.166713377427397
8.518175259485483
-2.950317564457551
3.9546369701775443
2.1368890496352204
-2.2930346952994585
5.485139705537748
2.4472785082106467
6.1489898683142306
10.432697005301412
5.507378415204195
3.8020726824002824
5.293222140889048
8.1811742016961
5.134989603714463
-0.2913064338429203
3.633660261519737
1.1501163945561217
-0.6201287436656733
4.965248533197084
4.709257664204001
5.4785621430975775
11.244799443147421
3.9432154681916987
9.421546913711133
11.237897864292119
5.826834785174677
6.659151383361326
-2.1968279780635784
7.201403042892671
2.0003281046355443
3.9824814727033373
3.377374490158539
8.519918417469727
1.9780914124787976
10.699926518283409
-0.6597068854174912
3.6761256204421597
6.09549503736114
-8.568819179331276
3.16505243046267
12.341389239292427
2.668727095098766
7.071844618024118
4.691501942935967
4.081837306877387
1.1408447826113344
12.034053671330195
3.8791436524344616
9.781959754658201
2.2487403347240136
-2.0969801354500923
7.026158827210143
-4.192644379208806
0.21289401839680533
3.6283709633144294
1.5810596982832161
5.128745949620098
12.456703845314184
6.320559647625019
10.045945732629232
3.478214671483169
4.212217904640041
13.985721229127
6.324263425766059
1.7982907848297538
9.331757701689037
-2.4189316958892064
10.27125982511817
5.499601566159235
0.6348477550662119
5.106204682560554
6.387155403752223
6.807521488296013
-1.4761681084748428
1.0540888882060417
4.1392166334499425
-1.4302253925229067
0.6945330231909357
9.01600925602268
0.9274935307218763
9.078607212157786
8.173849921812707
11.741401187782007
6.988148936970388
3.033736461000217
1.6148691732405391
12.696035914327089
9.381769446573703
8.50482115650447
-0.35520115814689923
0.09052470205196261
2.3965834627931737
1.117495536157091
6.508053677263169
2.9814668191829505
1.3101398373294768
7.392708404953069
13.18473344471722
2.9328079181664464
5.993728779729935
10.611719133896317
6.43486502249987
-0.8111267354903635
-4.05546474727719
4.8116937429307995
0.4708082320567648
4.844239913937049
-1.0703275134094064
-0.2818054225319293
16.653963858080445
6.6434926653458835
5.025919531761359
-0.290065914764984
-2.3642088585594596
4.315818523898541
7.705328280393072
13.282948552931984
7.965524469191734
2.7293346443888082
-0.303114242867915
5.6857615999170195
-5.027426582664646
12.607024333773792
4.6203346465990265
2.406655055914439
6.262793363785468
1.2025499625893974
-2.52188617621466
3.674197960078292
-0.37960692584346667
7.273213655047889
5.7637871385622965
-12.238533724152838
2.4326170975677277
10.194203521615464
6.971071260849278
8.55482555827377
-1.5263019647057705
3.1019622391067827
-0.40201992096040673
6.788259355801656
13.465959423920173
6.225052031839295
9.176290270523795
2.420795421033244
2.3799920628528963
5.611043726497801
10.991210843025492
2.483722926682855
3.0452015634530953
-7.973324525669474
7.508571843725459
0.9753254082288558
1.4535221051152885
3.6097489428727036
9.158707474217543
3.1017660479241798
2.005127080733817
15.14647529447766
-4.247288219980698
-0.0435689918857749
11.279488514321603
8.849737584542614
-1.7138687215393755
7.813426359232613
-0.1703669647210697
5.058657909876209
-2.6188702667430466
4.847758378012114
7.5133513691205565
6.889905150398077
9.177766571829185
1.7097766307726192
1.1018063037569314
4.571362264287021
-2.163678435644094
9.696464237722974
-4.824880672401925
8.348381261803404
11.906718232628217
-1.7190917219276756
-0.1447236053477603
1.317312794898939
2.8436988412706508
3.6759525156723907
13.496786172501563
6.534946687006283
12.202726946591524
9.481719920012871
9.3565275040179
0.41978154905984066
4.027663201186857
10.578053800562454
-2.6355652778645347
-1.918480808230501
8.138431120807134
0.04881287239998677
3.7326033013178876
3.786399504832439
0.5087222863578704
9.935675834921177
0.1840224503258403
-2.4930906754487054
2.2408087963483925
10.620681953467168
-1.5425638736441147
1.934280333016672
1.2931127248227159
5.992278812211675
-2.3563713638846027
5.329083456575028
3.849807639007899
6.955063702128281
-3.3075700094913927
2.74261161521862
8.016813700302958
-2.878872800114376
0.8704168041018105
11.592656789042252
5.802426427926118
12.812429087049349
4.1486084520369
7.168643604222518
8.175032397986223
11.163887458033589
3.7203239997347897
10.490866086181116
2.620671348705218
-5.587697619852179
10.708333627525919
0.7161530642546721
9.704509600945014
5.121194314868862
-4.957858979086323
14.275254003101569
5.879251658103609
6.501990012294823
-2.16946792303877
7.82525069540771
1.2613033796981221
-9.087491081728963
4.269925983024516
10.94202154644083
7.582460279778431
1.9530604409904515
1.5522925602807502
-1.303684959210587
2.891416670713846
5.111567293059193
9.056119980957359
5.815804861193322
-0.0936530075440114
12.103481805434903
9.819424761519482
1.826692651086876
3.295721469242443
0.059089528459972396
12.1334243014499
1.8268152632042747
4.340108978546275
6.330537762406211
12.93500264847567
12.849183084504737
-0.8253829007765754
4.509922766349091
3.8044347596456403
7.384947498499363
-7.508449056079499
-0.5955543795310749
12.76060367345233
8.833820779840964
5.815230547228284
1.434212633361465
1.4718675192400328
10.451982647034596
-1.5292721511339433
3.9643129352706397
0.461883487136137
4.499459279924091
-10.156614148240225
13.526826526044282
0.7178561186497128
-1.3713042558543416
9.91914391000897
5.358849603237679
9.207627130167719
6.083019317138266
9.348016163178539
1.975100848813773
7.235164955708873
9.21814549331701
5.951899763146386
-0.5527574043478127
7.388330715273515
1.9985558080987742
12.187874514642502
4.9127486126953
1.9362099233297658
0.6565271097180778
-1.5884979870395926
2.1050576217749235
9.821493024505347
6.176872261114237
6.818158881140527
2.938221720860269
1.5777727786194156
9.297684449718387
6.741255958693843
5.382552471403153
1.2485070174010122
2.4290897687780273
10.848072479073462
-2.2869527250592263
2.5323378777543906
16.04072171009461
5.930746401112459
3.2784004114381853
5.903241249575017
5.181836385157808
-0.9922887701363035
11.04271694583247
6.329881014849917
6.943073584439802
2.985960841158729
9.288743130992856
-1.5024360176697016
4.660448846970001
4.83767433812009
2.258616644593471
3.738808683216157
3.6230194256951247
14.85046651442602
0.3761342741056124
1.1377512865944075
6.8281421468108725
2.5419267007157167
-4.347586657711062
10.005264239422228
1.684597500357126
4.510309542407691
4.016805662227952
-1.1175327417337968
7.58706132072314
-3.6456897529682424
8.08161873187274
8.803545505224676
-0.5552275339914869
4.634336441448597
-4.583987583772933
2.7563037106827037
4.517137462820157
8.748332284240457
-4.06536708208754
-0.2758895513956201
2.102684918413007
7.028568951135663
5.214104787238678
4.74638149870638
2.5091347014529095
-1.1554134802953575
4.957007952374228
9.631540099973359
10.294818819772065
0.2732692010176807
7.634351531836101
3.743322941535824
9.087186968108629
-0.9271954817647119
4.758674855254222
10.506402374419741
-1.5663634646930626
5.398359561360124
11.354186916825931
-0.16377999245076102
7.332954651330564
3.7225239730459387
2.5047374904334703
7.443631634370639
7.754252469496542
3.975543906914841
6.779628899560873
8.57450250775439
7.193018624509794
-1.4858909926821458
3.9938226330430284
6.538566041931942
10.32356058821579
13.436664074039207
-3.554867055183678
10.34930679024162
11.32019326328804
7.684134935853844
5.417481636548137
5.659686164543864
4.790277894675853
-3.15875126816917
5.808807834996174
5.944568066457082
9.394691556073681
7.827329928211998
7.542078933994207
8.321104527663715
3.2376268904240444
5.849829379056269
3.373929051353235
2.3198189684181116
5.250598596839181
6.575057576169803
1.9846298711887753
7.131628344284808
3.10433515890415
0.1282588614780611
12.09758273059078
2.4733158509029254
5.588192101733762
6.586192799804218
5.685260989737397
10.111845509335138
-1.9175773864137033
5.003214464512718
3.754176872517822
7.776509406300603
10.122611978293008
1.0543045311972454
9.680608508106044
-1.0315791330150788
14.082746487091779
4.299884116258776
2.742132645056668
-2.363337375408288
4.315095198507818
5.721920182979165
8.080145505291814
3.057425385797119
2.486640315052779
-0.3340859121841353
1.491555376443145
10.561920796874318
11.114368664572899
9.343878217704699
6.47459378525877
3.9191349664595183
0.47527556292191253
2.0425774234610587
7.2872200206979265
4.232053710641463
-0.33736671454144407
9.787843575243393
5.732379848538676
0.42412947903605946
4.441373574922901
10.47095955674888
12.069400148722085
0.6383094551785695
4.273372297639293
11.51773803470402
2.9754761244907106
9.410133891296347
5.11510196621337
1.226772937150833
5.784000103059737
2.2863400348695584
12.909979633286266
3.392973205955905
3.933237261736162
10.57913217839161
-3.3010056901315945
3.3921914885961235
0.9381793368939642
8.427093026241359
5.698214887745645
8.821883227653936
2.646505261142825
2.241520087176071
3.3350701046251183
4.764659125640988
-4.946739096162576
14.706034831585079
7.4818325297331585
2.8742545021981423
12.09805249770055
14.580136305221991
4.061259827649135
-3.7421057998451808
2.347461780393787
9.699021821009064
4.244912003332529
5.947264318240351
4.777396188718842
11.392007035269263
9.578987427866156
5.184128289128619
1.763168509084684
3.752459944807634
-1.9283206693197066
10.24905154242757
2.2623506419306834
6.430843779756911
-7.215325760435748
3.8794163926503598
12.983657710572604
-4.098021930439458
8.9647546599726
4.344784429997594
7.9834977598815
2.7992727994285653
7.578533674043836
9.963133487151921
4.317752041965233
6.891732423333134
10.516533882260457
5.262627423335111
16.126377872173116
-2.821353968884515
0.827558856592252
2.919809978554887
3.693288288226652
8.711258556088321
2.325975912052868
7.01224138287333
2.757705066690714
12.278617544799268
5.11776417995112
13.817670022624982
0.20200926801455754
-5.214122468678653
7.896930244112498
0.5943915063493006
11.341869620954691
2.845508411347802
7.53406765499342
11.306504977128785
1.782196867231681
11.714002589425105
-0.5890132148213216
4.8506431124556375
1.7996569401330813
14.056628599508509
12.701115430982071
1.784638259925238
-2.635733980172608
5.7447838094324855
3.849604116050909
10.807700330912532
-6.17859329080472
-0.0323668247341633
6.486429440198071
10.068097886813987
4.2032782680548655
12.219727354833074
8.34293346985157
7.948779525291118
3.6492361110253095
10.039485308234923
5.242556737189473
6.743469750840318
8.72368461050328
-5.716579479624041
7.792160313733338
-8.568897751237392
20.472841547260806
6.112124634263758
0.9471389027756185
1.3621598994859414
5.873247208714451
4.903451234754156
7.3127973309931615
5.316221678234366
1.6544330365700994
5.780475961855092
5.529743387709284
5.805570817873912
-3.1804793936825977
7.24315017921899
-0.4732112656774454
3.7691706091917063
-1.5208669192712154
10.51225961813996
3.7761138171576656
6.547169475487532
3.5501267487482435
9.928327346245252
7.465290061232949
3.7257175634191273
9.333302056446598
2.6498636376512597
2.068565035343786
-2.5410816548939126
-5.362597790331208
4.027732822786375
3.4419094138052673
7.028239913841917
2.605400964482302
10.409499235061354
15.125518499397979
-4.020119088789828
8.354718129367143
5.56904911884458
0.10970036862841592
-1.6892175291946252
9.817857417773427
0.9594767939666546
7.174625837094722
3.707335959350542
7.262094984053883
7.236817364225912
-3.741510389278047
-1.2743965377986868
5.778536449646296
-6.972655943607139
6.755768306893254
4.772760430988492
3.1872916877658435
3.5657810894696036
7.268281232952361
10.101429195873239
6.943542380699133
1.2002908940337162
3.2782209131366575
3.402910057869808
1.4248028564733497
11.276748047046702
9.99045927068154
5.576545085166527
1.0662260319441184
13.359788524690195
9.137658891189378
8.65047585897076
6.694348727240316
8.217689782753498
5.549397722457268
1.554319962085083
3.6176697229375554
2.213589681386707
-1.9549851473343063
13.287500013087318
0.05629749579029575
-3.0210990352937825
8.710995070021108
-2.4582308729452285
9.460748520159989
0.5396497754529301
6.6278095908457315
0.48836463411557585
5.749428139873646
2.839961196105504
-3.3895896108108214
-0.807664363415395
6.751611617741856
12.298261195116613
4.07651095809217
2.397641871125647
15.75222161738816
0.4339442646780327
2.7315632904610436
2.856520139498484
13.51561167598711
6.432189864484215
9.830883967387386
8.365953916064996
-4.84193822765506
0.034025903444322436
11.280167721339573
3.768469340827324
4.549725128061752
2.9050475026402687
1.8077604070745497
3.7530749264280026
0.8414841150273125
13.774579994586496
3.54887823660035
3.831142960994222
3.3397179756752293
7.372344155000065
-0.5094500572116436
9.542785378975172
8.102623401157537
6.743836331444273
9.095801215097033
2.196955191103107
6.362529088339163
0.6439397111072713
1.4664687044458224
9.46811720661482
10.506476994035323
16.060753281111502
11.593308907093594
7.597405638360407
7.465335583003083
8.402449067785398
4.5874830224959435
0.6508545447231375
1.6824485768349913
-0.27109459268355796
7.794130905293553
12.880906790169997
15.928434218401424
5.156900676970207
-0.7305006426040825
15.191576152540678
2.94784132488335
4.571550642314072
5.341865053601381
2.1631762449967833
0.3289637375811396
7.672719870669281
0.5781974713424383
-3.6221956956908254
2.5708770370444536
3.178579126910636
2.8355783699815853
9.082710867040968
6.650049820988596
-0.3372980982385192
-3.4099257396124916
1.5204399012813559
8.620500490556754
7.617116149941353
9.678583625781467
8.795950137096519
13.811737330096898
1.9168136189822707
-4.601127683506187
5.311346759254753
5.948212022216893
8.261498079234538
5.913413012897918
0.36031773440658377
6.784214402459256
12.457006364514935
7.839144972288112
6.981015524551763
3.274786200303046
3.8356278305944422
6.258459637820052
-0.44918955485350054
7.705016032448589
2.490456127361824
13.47631194373859
-1.532502798400821
9.778980532503807
10.341377165837436
4.686600306499986
3.1087439715233263
7.698968110709059
3.687040970626713
7.772686141114399
4.580734650746
5.391178640132359
-2.2623983540980763
-1.8200863968771284
2.289551022805014
7.838240692624882
6.524764126843246
9.22125104825694
12.879930610422472
1.620177741203284
-6.040727391159161
8.160391554884496
3.351389545692159
5.849408408037189
2.3273104841207264
9.505444276462875
9.476460423819393
5.416241924738038
4.3626237491056346
9.563492693338784
14.320301736416349
10.620055690387781
8.3149674377872
3.6734038469305244
4.520724189116624
4.816958471319988
2.6163221524811706
5.072035032593025
-1.983411034533069
4.770163886354729
6.222588132394048
6.478717213860022
11.581147335285724
9.608257175748983
-1.0920260477671775
11.285842223922304
3.54052427189551
8.706244029714474
0.6580535613781033
3.6411782299201514
4.925995385489456
2.2736105240314077
5.253014252596496
2.2738822398072664
4.425829428955639
10.794064412833839
4.679393560155465
5.9924678511368406
1.986393352930198
10.253942306401653
11.400869347577135
7.85791919969858
13.21389041818945
-0.9517059006295838
-0.8627923823239296
11.380773523020997
4.9387057005498365
3.574881943382419
4.032570997113434
9.073240040855838
10.342973909539273
11.606040008753375
7.150475516260131
0.3027790969939863
0.6034894474521577
6.846392848944637
8.18478353838617
2.6111113316134333
4.016522356857426
4.883467218060071
3.9945446402703677
10.43321217579981
6.623092397220647
7.69621970451087
1.4859822878076852
-4.281869987566983
6.645675722647255
-3.2464327332567775
2.360562797797712
1.7016586431739809
3.60176443961097
8.652727634217849
-2.9099558486908013
4.777868337960786
2.274353200132581
8.72290072209633
7.236275350312505
4.275918621381838
5.533210355096584
2.3032217795836316
8.78251526021799
4.5315075210384
7.987179800038248
11.352987133037562
2.7161705392566735
10.864803270905556
3.932193996838235
-1.3978261336948048
1.4580076939285411
10.78154260770932
8.6788588066167
14.624377041799164
6.451630988899614
5.564495829366363
-4.284774178372482
-3.5395565426532496
6.6932117679754715
-0.07370660504848026
5.6873690965665435
-10.715921836190995
8.893461386193344
6.669827104876816
11.711303640508223
3.4948019172937492
2.9959803471197555
7.452911592145148
-0.7252121506193863
-4.114690365483817
5.12092697077548
6.479406781280476
13.462612933247934
5.017143503321943
10.464851633440363
12.920659615548518
5.304012086160753
1.0209946846446623
5.512319122748682
8.841098555664871
-1.1392978742440771
-2.4037112297283594
4.897104579571676
1.9219839403841072
5.012010992654066
6.992732847166502
0.0988599832842727
3.319749151649768
-0.08951624153564897
-1.233290450641726
16.801951354774925
6.120550116351955
8.252410339167117
4.442690293318889
1.1661339435345255
-0.13468246686159713
6.337924129207703
16.03415298487261
2.841096804222814
3.971483940694919
3.3082440904635355
11.190856363317966
17.32686249310307
4.117518186039091
8.535444587746312
6.373599950001117
-2.6073017233472067
12.816566813743375
-1.8162321103045755
8.70251892903877
4.101207197997187
4.919385451289354
20.564300570234728
12.34048604415421
6.697982186369759
6.210670166055555
-0.6717109363085738
1.213837380354906
-1.1502040419042165
6.5414597341689715
10.667226205659075
10.070175243151345
-1.5745187650611232
9.056972276863231
12.212027544786231
7.882930327148516
-0.15266588628426625
