-1.2534451518035539
8.624461018515898
2.2129422225130946
10.033563997355873
1.8938968916728536
-6.677880408704835
15.34672538796109
10.003816722664098
-5.451160172515147
14.456028599679017
8.839454568863195
11.195577913756878
0.07574079281920909
-4.125228261565244
-6.871077504230479
12.58525436311157
9.633999459889381
-0.6559357555286098
0.08523764072766848
7.692105551947436
4.925534205702625
10.034051144939124
13.375143145223024
-0.9881315458221129
17.921034180944904
12.259728983121114
6.361887455267863
7.989006309558417
10.467039753367597
0.2915561179576267
20.527778623151164
-3.228031530975578
5.119750860419156
5.873086414995161
8.492235198545176
10.043927853148148
5.9495980486398
5.9946588974004325
8.342089747974827
5.771331034396613
9.580595576286813
0.8072884812332743
-1.463777640456783
7.931853629307645
11.2822432930626
1.2906523278297302
7.957969547348558
2.5956681730694093
13.186224828830163
2.559200359323516
11.820177029607159
-6.983544334867185
0.11392479140604905
5.490890392030581
6.319591510680097
9.498352632269642
11.920794618408937
4.677832586457346
3.7804315836012305
13.465070917003871
11.952952901781746
6.008102504679696
14.017708668538747
0.9833676102621567
7.7484091374097215
0.3656004343073649
9.335697947810933
4.920224558915489
-3.4108417254431522
2.131281443786271
1.7224572838083985
3.248646816062393
5.8865902845307625
-0.955194296621535
10.252092423515872
13.676146177869036
12.396377839091137
0.6092036644735153
16.0308914852004
-0.913833653960328
9.134229222045875
3.9439534182896496
3.557910997851593
7.479247205018373
12.12308041618515
13.65348205827257
-3.9921021546564273
7.550804615560167
-0.35289679417901443
-2.8811195733019
13.80642397406438
19.699804377290864
3.514603172152914
7.570295862371323
5.734029791634422
8.642788643704755
16.501082310907286
12.534387751021644
9.838318554432703
1.3218320189316106
8.570170843022225
4.367902563454455
0.0431887388146972
11.671411616048971
1.8165409448326608
7.181311737200035
1.2117031893314536
4.053588567002813
-6.0815227883528085
13.196235822914097
16.84183459383176
10.384602244905363
0.4042586190421007
9.420450249854754
3.5106031052977484
8.653804626975393
2.703406539132912
10.139004295055305
0.7575599231955445
7.460487765923211
3.838873312765642
-9.8564249504927
3.524432914240768
14.352460181239358
5.10507139736042
11.763514053332308
7.724690090404583
-1.6024884850433923
4.142181378670438
12.602055435174258
12.538579907480694
20.0714712790577
-0.3453800788294368
12.162777249936557
-2.895901599479412
6.239727999908461
22.566510728240047
25.2714309440352
8.701351740664391
-7.355536586078582
2.7978142370680543
2.1143115266927164
18.33404427136624
4.709206034250293
3.360878552097446
2.965414941316513
12.270605255428858
10.536807027654985
5.828750267462438
-2.5077288673819886
0.39280671853154914
7.269736998704236
-2.151646324361959
5.99902717657744
5.673976598154706
14.678704397171348
3.2876497639725164
12.289045279766743
6.530433952204042
5.500583437970041
3.1171460070567187
1.063447024158532
4.568092304516778
5.862168135657465
10.100513528211149
10.404980244992982
1.347145622133401
7.174512999107952
7.593544762204026
-5.755127113344031
19.185860915784552
5.666292252961443
14.032834286443958
-6.037645304140048
9.567133185490999
30.273148040196233
9.042246725654183
14.070628852791895
6.382583207918253
-6.979837177939464
7.525773978964658
8.323873533619022
4.899172410492502
0.8894574451098105
-2.2316655427648975
-6.101020952953018
3.101310281325479
5.838724502742687
18.565652989538897
1.6534843026819113
6.106887541387073
-2.199143308839746
0.36358261335581954
-3.0941527148697734
3.2090369848625366
5.403172450943494
5.959399420552985
8.499492260446667
6.870620825718554
4.648705862320246
3.2532752910841167
19.204121571412674
6.049344172565124
5.065037462623722
10.256244698642034
-1.5787231830294175
-5.412104228666868
11.826648137323012
11.097738346821645
13.832143458035622
14.6531997586401
3.69110927897149
17.47913034748428
-2.4160791480681283
4.439202130198183
5.675354930909859
9.39052546166181
3.9123786759510586
-4.708162891153906
18.912321308231448
8.349409410705755
11.261568578329264
0.17474417390287655
1.2206598679718805
-1.256975210484419
-1.769366296508129
10.394866455974551
13.216428812392316
8.114786875076362
5.0053745846152635
1.8700004945438016
8.314085229488626
-10.74334929339248
1.895603277990686
9.69635058469555
-0.8242160204317353
7.786270334313302
10.571641987218598
-8.065131510267118
9.082888886817997
4.841537024318183
3.482788678386355
11.182920629692156
-4.1125870548264025
-0.6184411388617423
-4.1207091034648755
9.679205696905164
4.223901306460535
3.9180594597212965
18.726090465613225
8.48245747295178
10.498124969708847
7.754582840815436
15.017870349754357
6.927996355113926
4.2090823696225215
4.486437282239397
-5.468281071488594
6.015760357680705
9.185924204709211
2.0643070742824556
-3.04757261478702
3.4271199559839203
5.393165024152177
0.08788792642257093
3.3944474522748007
3.5808963133106873
16.256334372635557
15.662256419501192
3.9613537146153077
4.617415068795473
8.583373218511401
12.38613519499356
9.145189633182532
5.257559565072801
11.705268798774119
5.62840824470843
2.1267961706982104
10.784487466115564
11.846972459605855
5.72795565824186
2.4452007366440283
2.988349935018578
3.0123897890036706
8.29381557547543
12.859860316182747
-0.7859639248165413
5.034001427099163
2.559722313609889
7.8995753705329665
-1.0528840103286745
-1.5739530730323024
10.418360248803742
1.2050595883343629
1.1969791374794356
4.3802308517617305
2.0772902815601157
4.821875211851683
6.121122588677675
8.791219283979263
6.005017702271243
-3.2248933713977905
12.037789495693701
2.4523791492268185
-5.0638385124055745
6.088676269586211
6.4594868848106355
9.780731403085504
4.005491956052788
7.481206698717131
10.150490984942667
11.496565775456922
0.8403396693723124
15.914883277067162
-0.9121038637731358
11.442482597650237
2.4350756253556725
9.034277095271337
14.031405849806399
-1.5437837284314115
9.202516832553219
16.95285984919952
7.765971926444001
9.901412540968174
0.9568336153372092
8.414367345150893
4.2423959650768
-1.84418068431202
13.504573882403196
8.838809280626704
3.345007202110608
0.4737858448005525
3.1461184226164463
4.7982360270320035
2.013439335219479
-0.05406885183325372
11.829775858245291
8.17877381257361
9.826982121267049
11.172855112223342
10.756257013623113
5.817817367824353
5.9218296606175596
6.5089267020404025
2.1818860817096675
6.086258607573874
-1.9341130569036835
0.883079414094861
1.9384520413409039
4.453981492425498
0.959337871429149
9.895612770230816
0.461480034585775
3.9737384776449236
-2.8633929971750565
9.59793663155094
-1.5693202090210603
-3.3827252381836406
-4.387254779017784
13.11081404594745
5.296601825651506
0.7105827214362437
-4.933120862401385
12.069545542827438
1.8042109545091272
0.7892255225423828
-2.4076804464815424
1.4763929135272358
14.882255150219406
7.985342877116821
4.979337386808132
14.212933454660007
7.46019614411129
7.863728665181373
6.676863749633935
5.979712495759029
7.956266336367218
3.376280151673816
7.843558373472771
16.0769343490836
9.482824946412647
5.909933138084205
10.615010094853378
-1.7530322140265637
11.873515714090864
6.386035827272895
14.174484412895907
8.616563126751236
11.349685601008465
5.122891403011709
-1.5484704736864838
7.555183922448199
-1.235563507135323
10.130598000876759
10.281591805542334
4.593505902400757
9.776440875997263
11.296162872095948
11.231385395523214
-1.1534796490674992
7.760691405130059
9.981613035106761
10.075994811071123
-2.4952596437443653
22.55830428599994
13.578435585850547
9.125036951629234
9.142151085226331
9.917671221199292
2.5135735450829966
14.081684552466783
11.933043567206921
5.1844358083947695
12.226556072391126
3.410144490119207
7.54563986283541
5.152802967567461
19.04931240763881
9.948314195728415
9.594100394652052
7.956896860639885
9.907601233532137
9.078954744735306
11.55116191074435
8.488705863214491
0.5127998175147068
3.8065243205028296
4.243073637843118
12.792408473427543
5.441012266992746
18.851187594898583
-0.06923727814326863
-3.056661481048465
4.636974444983201
14.41055954277901
14.467901793992915
-1.7090914331609737
-2.3669563437500933
1.9319067529789002
16.49489842998438
13.367826071946698
9.393825635510773
5.311048928035412
2.2010022245425316
17.418775060451498
5.574825592707803
2.1011282937148983
6.431098780671371
6.395619121603164
5.980951956831826
5.516835540313054
6.791749744492733
-3.545636420294624
7.212312281529671
3.428873025409034
5.266484462106365
20.190241487617467
13.494732351327558
-0.07561316439507682
-7.7388730816563704
12.101823239681078
8.753689781520235
10.526049859260201
0.606846920047567
2.3163594143425033
1.0138162392691203
4.420989145342072
5.809228764709472
-2.8840655176524184
15.324434726150203
7.4271319468643915
13.807814196781163
7.429461774308394
-8.058744081629834
-4.120141782386927
3.789006855133083
5.987469169003816
-2.9999819947067916
10.9304498147433
1.7084400959169406
7.719145796755873
14.720030874051217
3.948682247266796
16.636228318000516
7.663254897114068
1.9304515935716093
7.293582987356791
13.29031854834161
6.44379180829732
3.1007042877483437
5.127760796250546
3.211726580398637
10.752885865497175
5.273498301322746
7.646856654957028
-0.7112458095961474
-1.3537178438500614
9.708242553709375
9.761865084207601
9.211713783527298
12.394112468196449
2.0578610619511672
5.063696813906525
18.232371684248783
15.296884200766339
12.631817781547205
6.282731806083211
8.958514313523557
6.414282409194288
8.689513534123028
2.163335209344779
2.7484052427919474
-7.077992602848182
-8.325297997567471
0.4662549558707605
0.5195725695674565
5.1103739207146415
5.121723665391526
-0.2405867951128684
21.109936552240598
3.0069969016416973
12.173886496375786
7.860415400975199
9.84278429033905
1.2760674018194909
11.513088918416337
-2.9943943811351357
-0.6433729414781579
6.321329918981528
1.5072764576005735
3.80313381125903
6.133038318389374
8.628713150459834
3.1088704718532383
11.237994641386145
3.8719825169856694
-2.474949568282211
-1.5837526909525215
12.471860278341719
11.594726335409735
13.71431548165949
11.370017907602676
11.127169075171569
7.2192457926089855
8.838802761916039
14.900542957632094
1.750380697533834
10.852063195002197
2.6544440593408303
1.2665645583120861
10.413874919223762
-5.028866657534433
7.7644062402997776
19.854225181449248
11.733286882090082
-3.284944769544751
-0.8305283642658114
5.718898738440085
-3.0980441421465663
15.411769503737565
-8.45403210452497
12.360159295202436
5.329362850256211
8.993069939422998
16.133506566669503
-7.554409807894475
9.91934752640272
6.135922378578752
12.24261427719815
7.060116381431598
16.298580266045942
4.8746554977052545
6.699546148794968
2.35943949270657
9.016568692592724
-1.9375001862780667
5.818915921652357
8.256165316924047
14.704034723611818
3.1414391763594938
2.117772056795845
9.953040190442989
4.801088266689147
10.422635990680678
7.161322384918324
4.092513819862553
3.221039928013457
1.566573988320103
19.356260920943576
-2.2341054877742987
-0.8669736636654877
10.480014288250809
4.645816897302547
6.044901392819706
8.721991845798582
5.84097611118023
6.147414857401142
1.1137359398044238
1.026230478683937
8.848051125270437
2.5842110932181224
14.688670776905816
4.006074530870963
-2.255700372577188
-9.990002547495452
5.918056241510795
4.039929786499336
18.477342814146574
-0.04463858630633055
1.4431402417338486
7.715753790310292
-2.427740158584962
1.3343446574325064
0.6940069578272157
3.228625891448578
9.527650353020555
7.678923555378487
7.181909345305972
4.326577926178809
-5.702695081989553
11.399611968102885
15.966471446892154
15.223981619494175
-1.9816012503375342
0.984672979004678
9.868003547751348
12.296389646322357
6.375658270123006
9.35470971745213
-11.254337899447705
-3.217803187314571
9.595319046668205
12.258304458477843
10.650099095097431
0.8719210119258598
7.126155094379009
-3.7585029954084277
12.455459240018612
4.477549519666021
8.073905910900091
11.611680045783691
13.192898813803858
22.042400909365064
9.367737587044308
6.5007238001884
8.90995657689817
10.864038153779289
-8.984451131069717
10.212912256798926
3.493874059704718
5.3018332365404985
1.5886877832064306
10.836702051295017
13.166831321179071
5.761049453628876
5.113338921249498
3.1121769192137196
5.6921019678417775
-3.3250964177669946
-6.562178808430483
10.653728327314312
4.13358998565027
2.760795927955545
11.318765743313017
13.027475487631824
-4.413883909212148
13.411008716663375
10.950383226841133
16.179934444836416
-0.1375947833153761
16.470611830881204
-1.0033567146380182
5.249513755011089
2.353906670248792
6.5460544943960315
6.656790299981939
-5.8812272395009035
-0.6944756016407743
4.235216195353418
9.935970333893012
9.977587951885813
2.012485103497129
5.358648684844427
-1.4359004083479565
11.822608702909278
14.803940902499207
-7.084011666939649
10.03180546927418
-9.131457333301789
-0.9597764804329811
7.212839334075455
7.661078909550043
3.437734677459939
3.890288515827316
9.217483646974449
4.5986157809069415
0.1420291092372361
3.399726212284178
2.8104942384025184
1.3121081949216444
5.135367993151965
11.862239442455875
6.259211801207407
5.6453353869632945
6.096024579597525
0.8794545445322024
-2.8358940345367323
13.878704168171755
19.774351856927815
12.182353075772106
13.23787225738485
19.73696427639331
3.7278127449762954
3.6455201867173184
0.8014037355946488
11.491882120131619
-1.785426360823302
4.1599167192838395
14.332683417650458
-0.5336004946364348
9.094805292785999
-0.16915977250632075
7.189930881869493
1.4919312349075238
2.965373217777842
0.6529204043278583
1.644619692861962
7.67115824398067
1.9975710886590594
8.016694203887145
2.9473813799321746
8.34738521686482
13.391808656709145
7.168503769492472
11.530688071126574
6.9026618986708925
10.14034227433918
-1.6864472608914758
-1.0336932268770136
13.259704174842003
3.998285637786495
3.294411558622787
16.476476539935554
-3.1532426022215745
4.60173536600678
2.3225501080383752
5.463149246359138
3.5168440682845157
4.975603000110224
14.887788177404927
4.326464595929966
11.645917139456529
5.938224009866268
7.330308270144915
8.142255737852107
4.722352752269731
7.522689837811628
5.862664721928508
-0.29646935730797086
7.420537931240636
-3.8955001325583183
0.27941496403037114
3.907085145853236
3.3789072733629637
-0.13796491459990534
12.619162842309983
6.717411311005583
-4.213489127067959
2.5739065826170844
2.9931762258163377
11.748142004463029
-3.8123820392272965
11.624404652212906
10.826170629144752
7.583403865213312
5.713373463094742
4.886697216263643
13.103854142289055
4.789870800097217
-3.2741276546085487
6.820620116484838
7.5592614888906775
12.07308637454582
14.357692254403666
0.5739672828791225
-0.7801416953726106
2.605412132560288
10.747332950046621
1.7101792842504029
7.467956286925091
8.717301984752321
12.625196534677555
11.533274770059524
3.2292323399366083
7.019281076912738
-0.5821568745613597
6.670106818035992
7.528900347492985
0.8097561776906241
-1.2645009208931013
12.698808738852083
2.2408135306121486
21.91832473802413
13.937939523841191
-2.452577749716914
10.652458753913496
6.576907870670197
6.427579834382262
0.247192028656551
11.298186302190501
6.560889743343746
9.797928047104378
-1.8300873656630765
6.1347565711873155
5.5709370903119675
9.039356744115405
11.326161909132502
-2.5201294719224983
9.161749167259064
5.081384718251299
11.445206437338172
8.484955564872141
1.4409388726038017
2.3757529422953434
12.23391781282249
9.668469743561973
16.34943400982273
4.904594529974162
8.792063236875183
6.138510860990539
10.593101440556882
5.159464345112088
11.020786464591534
-1.6762758861518723
4.91479891157372
6.118026820288909
2.9948965492635886
-0.8589413678789732
8.248745759547651
1.0223204013844205
-2.3017172469470655
3.609987752907335
6.651691353133956
8.423300380563347
10.413310635427145
6.9351677308779465
6.8328789129832925
0.034192053391914
12.247926569027364
3.8806513530604176
2.932678619972491
8.904210498741921
-1.5176410817702264
10.932603813784208
4.2958007117597745
5.108055638326555
12.020587569602368
8.476429078932114
1.3744653617320672
8.6513107779882
-2.1168960637271006
17.232199088537172
3.92120617735291
11.09626804988116
2.759743248527717
9.128246505889873
3.5296395011792834
3.8189747652539827
-2.9691390364431136
15.177915337068166
14.239150152098654
1.777202832245563
3.4665356895310837
15.026009537125622
10.072182550674658
4.449015135611111
5.951056087586276
12.5058308039055
-6.765031951700481
7.067232113068139
-6.701322282245981
5.7455886970112005
0.20154548821742058
3.6602794992663172
7.772695912306211
10.473948464416608
14.679582904161869
-2.206154572355997
1.320693373182734
7.817424526717433
0.6874285090362546
2.01047796613095
4.937237692171295
-0.1464951995162096
17.242047330002734
13.494723434937708
6.624750651861316
1.5375109443014132
6.094028850422156
13.830082247689258
2.3399719825774126
5.000330784032591
11.060914334400385
13.862098854087138
4.732313263368781
6.697545808896146
6.759577018173341
-0.6813126249897978
5.457664609136547
11.95605304129788
8.894833362698304
1.0015197460951972
0.38269554645609816
10.48026404457161
6.095802463920939
14.586334376918686
3.662498868253389
4.564296451692069
13.349379937821851
18.949187832286295
4.683952182224088
2.8217179311905523
7.696796537673884
1.4431775433153318
0.510944239513905
9.275636351540047
11.480275269584578
-0.12445237671554388
11.231066433316133
9.194093969630643
5.177596919364861
1.8302457869027542
-4.046060409062701
6.1126174510370905
-0.3028756879767851
6.632577997382286
8.50153330748888
14.305227553467354
11.87794195136222
11.379709768639003
5.147351387868485
-2.9862654322049362
-0.4620041282374334
6.523024129760518
1.39899411273029
-2.444587509909603
8.518840364038809
-0.4999965000266062
-1.5126564667738798
-5.12124840588829
8.01382693914772
0.29771109353280156
0.6691684663796575
9.401085548532249
7.307099004083859
12.189160949685109
8.238343858608452
9.702717277053615
2.182735573652249
4.01613310973244
10.532557217735805
-2.436286008204309
10.362488608804801
5.780578883115544
-6.596863693616349
10.59895477334705
1.5137488503494376
6.789476189208287
-0.7943279470058959
10.600117792856222
10.770245249195263
12.889508055451394
5.167885415096971
8.270882313239264
10.009482067941288
3.4812994800950805
8.058697112933014
1.0461970508377565
9.195679713188445
-4.139387240320314
6.69175303278694
0.048851848249620744
2.7721930526764367
2.512193057489966
-4.501996380679758
4.209665590492614
17.362211058080625
0.9541787540844942
21.833001872182344
8.628642968306863
10.93533497421445
4.544195236454649
4.019906857221587
2.4058589132082617
8.337811424579334
1.160183248653758
5.399659545964834
15.239083183950381
5.249837182285047
13.558447398968887
