5.353294713074903
-1.1751295364483605
6.305357654382939
2.1428691818694072
1.6685655282110687
11.928932540359256
3.020938199696637
3.548970644680149
0.16703519992015803
10.599610196637885
8.51547519513573
7.04714257770152
3.549403336540727
5.848080131978543
7.323783031236879
3.423731048708837
3.0005214086451644
10.559606421241028
8.463538216399176
-2.3573788800292395
1.1872819955854972
5.174388674848248
5.686975067700443
6.553119204888881
3.887588281849483
6.2609483316781125
1.2771329041908128
2.9965281343666326
1.5125169987461202
2.6068011507930606
6.786700744558076
-0.6506791746336669
2.060272868357434
6.808858748089095
0.5407016445515671
-6.7591609045743954
1.4562444256187854
6.39142550371637
-5.83847330633197
2.613268433098933
3.977640149899755
1.9124363938334064
10.78337646954387
7.505600711351567
5.2451139195824386
6.730300947566317
13.237929097514328
-2.0345829260287616
2.3706119160277295
-1.0223912627131932
2.9685496181050914
5.372643694180068
2.096138975980861
1.6136235971317143
2.333531184341968
9.81167639771978
14.818201825762499
-1.8861272500280046
4.0053893442773125
7.122162813507994
9.809058598136408
8.922342904873933
-5.6278526546114875
1.443706575948772
-1.4122867106734347
14.608761168210002
2.1653271387964046
3.063404864832778
5.398756964821272
9.072578938696026
5.582769368821457
1.7492657280389343
9.304169325440096
1.81793603152141
19.46416228140909
2.7516171913005696
10.515655831176467
2.568461287097865
12.503741981320559
12.682527916523949
4.944525184639641
-0.7844454625370689
13.198217017176134
-3.271611734345937
10.903630951362448
13.700967450414192
7.450519495577304
5.7888165211596885
7.982581583499479
3.8610504422198373
12.327855171436
8.567682670710465
11.10077085417295
1.7679113276329268
15.173155520621881
11.785151396015872
7.7523258552448056
7.139896497919041
6.802367368768618
12.416467328112883
8.93623903790899
6.284756596006983
3.975249121528054
5.032723724852643
-5.751522894412082
5.63546209007753
10.762811504900519
5.003097382884813
2.8152138952079713
5.870101698135206
10.18270133277596
10.976654679478116
4.767156014005502
2.4218072953387875
12.91329680896184
14.209678558903484
7.075220960025756
-0.04924265815801565
2.607550230385679
-0.660131680865299
1.4442267132710986
6.522625584533673
8.896921717772052
3.3511225349611653
0.5214975374241959
0.9491128340041843
2.726006226806721
5.07385142491761
0.4021802669700234
-0.9880462762438356
11.658128083086565
7.339513725016765
10.821010989296433
9.775184242676529
6.004930468762126
4.552277959977936
13.08285245172942
5.528854742595607
7.875392378818789
8.037352997197786
-0.6392656718070118
7.339353955728551
0.3557213453787478
14.104142797259469
1.3286917739150264
7.77553453918434
7.939928205506301
7.597979076170037
11.06958335713097
11.43640287093038
3.555556076768359
10.613134640524382
14.161802320597436
0.08690983221197257
4.8718396739007135
7.608309818480085
6.280022028252016
9.133312243279695
8.775847552143963
2.7853117253675803
-0.5153539948532204
0.4113602703897845
2.148548279189314
-1.9266317708105047
3.222107684009214
11.001478067985598
11.826409653032528
13.603771657996386
12.031026506892276
-0.29876805271673224
3.635372623557887
12.01018468630804
-3.1522393781146647
12.815682164261283
2.4314834048537435
-2.8106546560646333
10.56746258146569
3.0696465496393373
7.308553110920307
12.242939570504873
0.6919495174260604
1.305255324966132
-4.098332248346129
8.190920017950962
3.807544645793309
3.006679992712098
-2.251102286232454
2.1750878863655774
13.042790222179466
12.224070135529857
4.798567390601828
5.59403378158259
-0.8455504922650281
-2.064233590257704
3.997797560417439
1.8925479554667515
11.917013518097093
4.260131520012455
-7.408805417628638
-1.7608820372171108
12.451954297176808
-1.558420260841877
3.78442726835267
11.497584132600222
5.805040516802612
-5.342819863522843
8.519734785153084
3.841839044710867
13.204477343229854
6.797509790126851
10.649237082351977
8.865752871756778
-2.842272800784338
2.625701102313582
4.916275750729509
6.092802309423518
-3.6835788191386065
10.729831923589536
11.541573088538703
10.569492782525558
5.182774707538224
4.246579668732386
15.010435293574758
2.815609916350581
11.936107476094342
9.15122270741694
-5.079358217611583
12.242963291770092
14.274855158678037
2.688418144951131
10.782445137178986
-4.017890440700178
6.005266631509259
9.925586465673923
8.221915260020221
6.146419137636191
12.449259710885169
0.29687186673816957
13.986500010049545
12.338667251771072
15.031489045155064
10.577108416641845
1.5993967672421245
6.413449130356157
3.3878199065957793
-7.235992483482502
9.14135854702058
4.502331762364344
9.261676669819419
5.459212384873702
11.84770505861836
3.505591284536274
5.074929893693697
10.930168951957619
1.4624645853906504
7.992340757707273
8.779396590318111
-4.8282512118684675
0.5964387413769696
4.73334201353214
16.614658154697253
7.178648581697208
-3.732993766280554
14.216228257976505
0.7847624790813201
5.875092630523436
4.033533962051326
9.891745662873289
11.647353701559142
15.449191273227742
3.0175386801833093
9.821012281700309
8.492785465859342
3.9244209628463045
7.11311835516142
1.8274254197909467
21.839236185738287
4.650795716924961
1.5549278575978303
2.937891563411856
5.316540594815412
4.649504524853894
5.497342524242341
20.73294526213452
10.772775167249232
4.314068488835696
-1.9454952420717788
4.174102200447845
0.6655521457176903
10.513591055948883
-4.9631241690850025
12.795224607928047
-6.9810709158264626
11.229687397735878
8.339383048679093
10.386712176233289
3.8200049184966023
5.2380163629439025
5.146089589517217
-3.685409787705943
7.248448168942953
7.456384460863452
7.931370605912319
9.19802625018221
6.1446907284020345
3.535815229301298
1.6258400313560744
2.437152834250508
-0.7439854778481738
3.7197918686212104
5.757889797989809
13.555916757434982
4.995505163591451
4.162209185842433
9.009414852977162
4.122928097722012
9.750410879531504
3.5960343852891623
8.570804655452232
6.827036914598029
8.279918324774613
11.144091477490761
15.258668455851478
-0.5813137346451471
1.808283857014529
10.55504307219851
0.5812880773936344
6.184299271360297
12.827711252246447
2.842819343857411
2.432855325075876
9.188201377768394
0.6337922824845075
0.5537210109792783
9.48177532784849
12.112260104561852
23.65878352695999
5.857038735595253
5.267711571136047
5.356268314687398
2.2995666180592647
8.797115107339565
0.09582933602579935
13.240746573455981
2.8457012908041497
7.084776941107114
2.091535435236105
4.158049866652424
3.2787203092188157
11.339724158956372
8.786199020611983
12.579803669145514
6.545880767805406
13.164855968882062
9.762669073687308
9.02422020560248
-0.7513418237666913
13.368719151551307
6.053251171571073
10.219707913895103
7.009670242298796
5.9638091670739195
10.800465095034115
7.782762903705914
8.864090804047311
-4.066619728847799
3.2818158103127955
8.927487767436851
0.840262738311158
13.91312868140518
10.212684512285758
4.434957780093593
4.567803577345847
6.819763949150999
4.827443767074602
3.4171471176661816
8.533485382588214
1.6631495528843114
-2.979558289817941
13.38286060398796
6.991683122616055
0.3045163300345042
7.027287998182777
6.881917516150003
-1.664127426347597
6.860292147726074
7.203225348650957
7.282515082136632
2.413389689223175
0.37879999296259115
10.106595238233602
17.35094467304435
4.596603337596146
2.991627849454491
9.553240578139308
0.4026134525305318
2.122494037901069
10.30997398023195
-3.5619551977937167
0.979994418524563
15.922933551317179
-0.7010878479147591
4.012936036448191
3.756103736326988
6.403226560430184
-2.8186505674574374
7.980146866556952
9.528268864206307
3.9753629719335555
4.4658261493795
0.6960836442979117
19.513876902175056
-2.8823542679011087
11.075347953681277
17.23258291396749
4.434324964727052
2.5782680287365674
11.63363557103396
-8.559055776499164
3.005283199820803
15.37965445493882
14.45920983308631
1.0079625052009797
8.277412948321675
5.342335831031609
12.060537985494385
6.043812641712195
11.159056618078601
7.6418138295116025
6.382148205002509
5.264195555873404
11.367187309335577
14.983398956942315
5.059418424305644
0.49266085261064063
7.717568688926552
5.066082894840301
4.698837388571424
-1.4752567090430757
3.21911026773338
9.125915522148556
6.797386635653421
17.90613709782896
13.064712574353564
14.088786391109677
9.929801919878262
-0.027396930359889993
14.224659446801375
1.7869209498524086
-9.722993585760735
2.5567853029934713
3.7811680663203657
4.117863258791088
4.478615016264026
9.910937528804418
8.745674436392989
12.49300996703554
1.4678711029005989
-0.16413490244924667
4.9660135005376675
9.377052605966258
-9.059079551356106
5.231620778461704
6.796361157286174
-0.868962005328207
0.7618604762220311
13.248072692546236
13.765600842998378
1.073425152998416
14.458864109444201
8.77081525472419
6.592038916388654
8.759042050512285
-1.3111917862943727
9.098950739811833
11.586477451320587
2.0294418396929452
3.8041609479760066
10.9069945865762
4.288869949440322
-5.3687983157505705
1.0077648345039236
7.0845551625926575
8.71822840962061
2.077615827913158
1.753833407482614
14.63749870825485
14.533667984546206
5.409867747099496
11.771599878673456
3.2253477191158786
-6.858046264126287
-3.8687946702876506
10.066164668466577
-1.20982760448093
6.389196039899141
15.492887327551546
4.845451285400849
2.177859421715906
5.5911493158692815
6.19484812810957
12.567005973895462
5.169628011014596
-10.732397803038907
17.929123119028816
1.4787090467971202
1.5033186696762861
10.55043668099501
2.7803519337212625
6.263607730213098
6.402364034337707
1.3482484014410163
14.907062138991694
6.481770786685642
7.681279813178046
6.541091632551863
14.204851419538715
9.839356649700534
0.6608443513276034
7.996156126962255
-5.847399874015293
0.7603177728242141
9.418681189668508
13.218297951916663
10.037829795615474
12.262022855127675
3.5402672352598934
4.346642839782149
7.952958714196024
9.66563156076658
10.411475332583436
5.565978933307898
2.864016045776917
1.5325174639731536
4.550189748656303
11.72034120419248
6.351005215722483
-2.852095225304417
1.1180551121737414
6.21490469705107
5.342303581338307
10.457424203088731
7.743406201382315
3.87502205165173
4.983037167248662
16.114201185494252
13.49033869415456
6.311043242660125
6.745409501963418
9.697294995371642
15.272950785157892
2.109082623200705
8.47968178377444
-9.416970015578503
9.272310953419213
4.119720208639509
5.855377685402959
-7.902429474081906
15.994609972574315
-6.7564008190787685
7.238727362100755
10.592241511056919
7.111618807147116
2.780336375243816
-1.4569947784571964
5.0215015855867
15.4092048282117
4.791276038737585
0.1881720956646511
-0.0024296319395009647
12.023663928152512
12.57923472629035
11.486640833834642
6.278060241820214
5.939930013671843
5.637783323588117
-2.6843139779679905
10.99715291702876
13.155670669334015
3.0163820952494933
-5.351873120144642
9.73381545437733
7.986653734567392
3.0012518074246617
8.619912184128257
12.234431375048173
9.289884561353901
12.805118779171082
11.62069725392369
4.223849668393292
17.199366223225226
-2.253974084393665
5.676847568990785
1.5399493089984873
4.669745992990867
-0.4232181169569422
0.6144737430146101
5.96407932905592
8.184047981613158
1.3697868480041073
0.5016308128414693
9.693915167306983
1.6115188691273543
5.5197552952883555
14.909436430699174
12.563220872233018
-0.9914861536030468
11.86627253571611
6.214553849902479
3.15610959413241
15.524939965531136
1.3312259004801126
1.298502556306448
0.14137874452575083
1.238312977709147
0.7532814967340835
4.506103840336648
7.417671955096563
0.030922809537055507
5.7615603811271265
8.796219519028327
3.8472441615572612
4.482687077722832
9.826144880299676
10.256677831269872
8.034718646194449
3.4998918117416964
1.8038778026893825
16.404596569177585
2.9484270827948516
4.962954058061166
9.70697487406317
14.048423905077275
6.715637594453756
12.159183485384101
-0.7151731204634109
4.770610140370833
7.233146241678599
3.8852137111497775
4.3169253025583485
0.9361255213549056
4.742804601534994
12.965731098500314
6.351227740211813
4.301999076857592
3.354314713309219
18.02025548084032
4.933191224110874
4.855425637908635
6.550192633742096
10.561591591767336
9.271493228801083
4.139088155002062
16.437751849885053
3.382500241683205
10.494586084099897
5.160302273787407
-0.9514021769657832
-2.8086578231879553
14.002638984505797
-0.6239936512005864
-0.0754858439612196
10.064629412701485
-1.3037591827475126
0.6504866169085419
7.598124701986061
9.447249007855994
8.775076690676752
7.824004642121032
10.619936311080991
6.089675127689848
13.21904283870802
7.3023369161515825
5.252961407688778
-1.2984060048355959
4.008359708333441
5.6923259473619945
8.213607499225795
11.048705784325719
7.558859599460881
10.489529326904501
5.2369012068621466
10.878640100319041
8.043221768192785
4.596943901916457
9.373857671283204
11.01812556156849
0.3654681833480691
10.999693907844772
3.4229242543281324
1.4110578879962778
2.6820638166632578
4.497146393329006
1.555750818537728
9.605047984752389
0.43959925108872167
5.545644079470646
3.663519558104475
20.495553113479986
10.83536173529981
4.340840152004281
3.180045381786371
2.372071144776254
4.699578441093696
10.161202335927557
7.561364076465446
9.573186897046485
-0.3914934381759654
9.82301074430328
5.709976553099422
8.03048922901977
1.9405719771966687
1.9652309075694987
1.412202490276118
-0.8583357481843992
12.372823673000285
1.9528978666158219
8.116201988459657
5.78970220948945
4.955315727229846
11.518586454389034
-8.250257033752973
0.5518006601314589
8.826531169291854
8.176156598735849
-0.4151529663086171
13.055715808737787
16.77025424844486
8.46902317965348
5.102604299420811
17.14593175218695
-3.680272659999451
12.862303941768907
1.7393045875547113
1.519972400608098
0.7539212183678137
-1.7162635244819784
-0.1651665346788329
8.77266383638858
5.865377193676137
4.162060047888259
8.129901634148595
6.81250983319794
7.865902371422068
12.555495932844487
4.764458267323503
-2.607379659511862
2.6446700252829554
10.981810774398213
-2.1749330333707224
2.2832377341878263
10.197132642656996
5.514986905463725
4.023906994557469
10.745577071182865
2.7795364986188837
-0.858241926331039
3.5170398980628264
2.6871810777460206
17.551392961802833
9.389169355328342
-3.5008855214452126
9.601170933876654
7.199794041550122
7.784744613897179
9.192136566420713
16.01669540684528
-3.2775880122753396
7.045846697468242
1.6231608541346016
8.126097311115055
8.40634339923328
14.224474676439261
-4.521846323629317
5.258417210576694
3.366871749057983
5.190995084135793
12.857932129299549
10.051172243243713
-2.004094121694937
11.15796405599339
-4.243364150885213
7.341062185021586
6.712927548678904
0.14688532898454465
1.3608787069530122
-1.8114904936378418
-0.786985919242654
9.416024409570571
8.514055985028213
14.562651901172265
4.778808168217342
12.109993627039128
19.974244430652625
2.415831662934176
9.508758027198025
6.058950471993597
5.4378600058749464
2.271749007586975
13.234778573973538
8.093416995869099
8.874841401379078
6.700794823680102
-4.806497035711061
2.6156481435553736
2.602388334183111
13.866749789157506
0.38593538983411957
11.016237876637936
4.100304171626811
5.324663833318551
8.687003758545544
6.618601408292023
7.662417706247998
0.78462094999783
6.556002091031394
-2.0220619687262626
0.3142787002597247
5.421654874744567
8.543894312280049
3.847479033372519
9.91352455596964
5.278406379310188
9.377697898067645
7.290183915442734
5.60066559179029
6.4981801737521545
16.78924410250449
3.9932064671770084
-0.8427652823923388
11.693895680578207
3.45040039197118
10.811948356844052
12.626818818875774
5.1945164263769374
8.615122205434979
9.196244726117765
7.808517764780419
-1.3120673762861212
6.7104058479187065
8.112051308331006
0.9328704584975238
0.6397743642477378
14.63610057101221
5.868808396824725
2.3411085543465946
-1.399350653920111
4.403780984697764
-2.618104375648784
12.627158508084324
6.743524518894719
6.652836172457068
4.009570087594255
7.164629906483768
8.295098143124404
3.3118564191988047
13.113659887776404
7.4876835761889495
3.634790362202778
7.769330824339656
8.210937880374328
15.354665566814065
3.384661945443061
10.038256240129467
10.061752058111955
5.826924324568389
17.70976061748572
14.657739737972111
7.225307468790661
11.289297102042852
3.859505007406676
12.25334479110677
7.497998384233525
4.570682138017912
-4.160185740540907
8.94263268683428
0.8005115821048108
1.06896623319086
4.152627293584866
14.701279683955182
4.935858257613557
-9.668538405062248
-3.318908819920871
1.087799465631396
9.515371988860196
0.31640335558201205
4.996517671173326
8.922187191432258
4.024327117421913
12.206416907278037
15.04321817536067
13.833476064783754
13.830053316737558
4.756551220474565
1.6722243842556788
18.181833274453894
13.545508962680643
16.42873458174285
11.107736942779908
9.141382362190942
-0.1820835725132417
10.64887841465412
9.735665529966973
13.422536025389917
1.9993009521849006
9.362654194143124
1.3440758796179093
8.751372893470313
6.63157825324549
7.797478001700895
0.474710782191627
9.446976898332952
3.709188928334896
4.846186680424708
12.603711553138712
4.952389817997077
1.2745851446247753
7.659505713127491
9.466797372042215
5.857182366844961
14.409971522171684
8.426269737912813
3.1882932719241324
4.227853355977716
4.702842465799447
0.6086989788158901
1.8407252093846802
-2.924538986361293
11.432611992781055
2.6955248928162865
7.13461264972907
10.015528909008843
13.391765807498533
7.201675068207694
4.894972396312795
2.647401202953139
5.7988900166528055
11.501943216409849
-1.9719737469328447
2.334113053058538
6.400625778908233
13.951139237940758
0.1565262590590626
8.21257141606214
0.3642971232767094
3.3541125666245
5.575739300765399
4.124702522304096
-0.9467577416731565
-1.0186838204149566
10.93202976669625
1.2335927423294777
5.635519922189034
-1.443938958773618
0.9215121213761384
13.097633792819895
1.0615819478794757
3.8880099736739853
-2.3133103897342746
13.384545560827078
2.326426796292392
5.211093476356837
15.48508807825213
2.05123203580958
11.674516785495449
7.345384074386396
8.77654423118655
7.444349268875129
11.893731284245623
-1.1189471836114446
12.549877022778512
2.940008493436834
9.616464728275604
-0.6414263877382531
6.831648412084526
3.125918075941936
11.20866334325168
18.193605903151266
3.449809077054962
4.075708136048805
1.7600369909058298
0.581141329942346
4.7433369213646275
7.30991109049521
3.3123081864557937
8.535919749115951
-2.973124400702279
10.992816535009378
5.281322649173417
1.7731797241836498
7.825045986107017
9.176399631305173
5.393492938275369
3.0860896682861356
5.759755339007957
4.741722210758858
8.343597022576903
17.430856575513467
1.7475330818986992
0.5025971181871363
