8.819689063557204
8.290844375234258
10.385623943189035
-4.530650353142407
7.82665328665915
6.506218844253494
-4.712113653005634
4.7275505387188534
10.131601352990936
5.2908653868233015
4.34276934806938
13.292328027667992
7.220458691243452
-2.4620004606662347
4.164714973405902
3.7221945254530606
15.05162033446624
6.254934159649677
-3.4838714249559333
7.29264369913272
2.724333581969396
-2.0492588641954708
8.254280385437085
5.133443767705396
9.393399485741956
10.960390318018387
3.995191019646442
7.79176509446772
7.072345448165956
-0.31148390792662806
1.1238923211379754
2.8989674336709976
5.334019638150176
11.805955847028489
1.5114640454813602
3.5299363737072174
15.630431536588148
1.9128923361889605
-1.1777890406176228
4.767141799957839
0.3596432150302107
8.04772972952912
4.563190769165591
3.6724982219230293
-2.2348913008000153
9.095384943004236
3.2339358583211157
-6.069849989150786
7.969803715229547
10.28211172667812
9.946197049663226
-0.36055655812284204
8.809691578913016
-4.008446346748295
11.964116053169274
6.749612867410374
7.137486967355855
6.101613501241522
6.996801706123535
14.150515132533828
5.019916656970031
14.730366125518684
4.250626289872011
10.52075572448026
-1.0419540359536086
8.961441170349955
0.18328391996215232
-3.424171475881158
-1.1844323390309102
0.3644081393969598
3.1573793237479375
16.851442028665645
6.267128448177077
3.6093011357007
-0.3297972702404124
4.160344255939357
5.042186632415673
-3.373387297231556
4.662768148045542
5.5536578696028025
3.8808678286303353
6.2905191913442735
3.587511276293485
2.7725036836368897
3.9266183132818124
1.252337731243646
3.5748496412182327
1.326393637184645
2.159964683280822
10.787593227313582
3.3217573051289557
3.2191018859287803
-1.844641182466039
6.146136227862426
7.145016338714971
10.346265878348442
5.997238699772342
5.9319816873654725
3.7024766359797265
2.0330915477251157
3.5777245753655045
1.1099506850066083
7.493230553843783
-0.060649469799715305
4.087711791636151
6.302185403581072
4.039429190254381
7.232479796200659
2.850702018029292
8.157069252710944
10.717507931603132
14.211633298356622
8.717668854032034
16.159504026118185
1.7464997548528451
2.837641016447829
5.538487171995585
9.032671790672111
5.44383384242192
10.509097873635561
6.176541927201915
14.73938821575464
-0.6980830391562414
9.021729008294095
3.259140247575708
3.9799730974652054
7.101577709162438
2.7220443597458006
1.2506320486416787
-0.383017587125976
7.017159454771602
5.675379686256086
3.8119166893078473
3.7355556687397375
4.418360541901263
8.388351891825588
-0.5193942371221159
2.9504714823449243
10.254442195966789
2.4441817885465826
2.4856246680862846
5.793251062607894
-0.25354012433385886
1.8681336832656448
0.46134393032948395
-4.68748658399837
0.9758077313285911
4.6364455353418075
7.360062781959435
-7.145940430076786
5.187516412868501
-0.006080642998772312
3.5839840132290393
8.963458105098345
-0.53927257232223
-0.34982875136139935
6.39720973963094
1.8513593988057595
3.3734597176858654
8.188369338468814
8.46656719853847
0.28863982577116865
-0.2693737088331236
4.811858546055378
1.4478265948743545
7.325947556885471
1.9928805879109248
-0.5683442300015535
-2.934653819118193
9.384279858085897
9.981391796936741
-0.8611726006828118
10.693039038466235
3.977618406373828
5.558258401940565
4.073867486410111
5.394706347145056
-1.0091229629817615
2.195993964334368
9.413797079316438
12.804397153847104
3.3110792584608415
6.933164168291633
0.4706515915663081
-0.6350782358973444
6.379013233622102
8.081203257609936
-12.170379590869302
1.0044141098194
2.8972119806988825
5.273716841580174
-1.1408470918014029
-1.500662912227746
-0.0514650117157478
9.703303095350158
5.94526520898178
1.4586827753188154
7.0402019774864595
6.925265522614751
-0.09385291406721752
7.565102894203764
-1.5316870390615502
-3.106360555664611
3.222016488128918
2.9693594861544
-4.694293956435884
6.322468861262398
12.077242594484
0.8943521723707093
13.392973296390085
2.368021073219319
4.782779317007333
9.681234492316703
-1.43375245873335
10.186247444792638
1.134096748095792
5.305732854017738
7.471354271292386
9.667670514472753
3.1927798760023305
4.38385659412603
0.7748902385797676
3.9051643303402055
2.810223536539889
1.203527536967565
0.7574977122260584
2.0950615527173064
4.2116713868970015
6.7087950939863745
-0.5818126006368649
12.450634536086087
7.880569817830485
0.5995635904645247
-5.764082168699927
9.303587674424366
5.972535362570762
9.089855738145765
7.101034404963409
14.277206986737136
12.002736552204846
2.470924839951964
-14.09086139996608
6.253150962831143
5.8339406293165945
8.801976988622615
6.932981750463098
2.6780781267620037
-4.459541342271882
-3.7547469380916176
0.8104650322923934
8.382207311240268
7.775418840052728
3.9032246015207948
3.0975454605607657
-1.777044671607205
-2.8842924676857855
-2.144681091283669
4.307089604788688
6.625540093937477
9.915324113142246
2.972271083146306
-0.7398504839739761
8.553390114070607
16.667095082279964
-2.1980624639809907
3.911251783487229
4.736511903145307
2.7703490483216857
-2.169395750164168
-0.3527871079333198
1.3604810092239834
10.829944975588425
2.2652939488920376
3.7562774322009815
4.014294990667867
6.519748550240416
9.852866002139923
13.3468031268989
10.945898247456473
2.203533624118462
3.017280385355388
2.5657184895142446
4.9820227100556655
1.6580858127136757
6.454681500692727
4.934564972039858
6.5891110599477765
9.53423454026657
7.913367945787413
2.772256011423135
2.845686237717032
5.241000841488658
1.3870908933575494
4.712550641471893
4.727752455684849
10.677788185361571
1.2663293139701908
-0.2205641857616394
10.971342359571546
3.2896076386741457
2.871619192743443
6.865363490380528
-3.812261045157676
3.044064634178045
5.490115685372652
6.145944787884567
-0.5646142218496548
10.71621802318608
4.181106616233338
7.816988021211039
7.2398179301893215
14.127086452078807
7.180113217377729
3.8403217544617627
-0.6265417584939392
3.4786909311984147
3.9801096261131645
1.088944872837882
10.05394487193469
4.622562727202052
2.8778742361215577
8.701728206110271
8.37173449824873
7.183676125982085
6.060028390691684
1.0757472919668154
5.702709978824117
4.445995349269773
6.72156511752872
6.494426409453554
2.3336954641505434
6.664717593464003
-5.799789266601705
6.581903075825593
11.452974608115436
2.304111554595276
6.233748228032887
-0.7530064278910675
-4.074630367037908
9.710455832377994
-1.046246262506358
8.093640654643043
-1.5336513005951886
7.507922145315853
8.203072715797578
6.359854984540018
11.155382004420446
8.247258791361793
14.200178806956792
7.321124532884645
5.509317443611033
2.837503907517923
9.51865903036574
2.6482667368528023
2.6763609474573853
6.898179405663801
5.753512086423157
3.4360678505996494
-11.549541135277705
6.937363000990704
1.7164079074982403
2.1208222957670793
3.490934357670161
1.055079892886977
6.601424770508206
1.2543111070734456
-3.545305966875043
7.895337414903038
3.811575358211404
10.269613407558891
0.744248551510188
6.426887436903712
1.3128296695181128
11.202512077178003
1.6942965204597948
3.188066827471812
8.966098060545985
3.688071547101753
5.245914532104846
8.119071698245667
8.661646194852125
8.26639083419016
6.207699109229621
4.709137855525148
13.901745081784545
-1.5147604821054204
5.628545720398552
2.66450509507148
1.979691463313896
0.6387535882504851
3.1928826689644607
12.549654800966099
4.5029521239220465
2.6594218343019227
5.546923719612752
-1.1905697711570307
1.8334899828315199
18.58565272924486
4.954694511987205
-1.390646901336435
9.052389348602537
6.261683428632034
-0.8900225159515376
-10.153761695966406
-0.3069306216863894
4.602863071738467
8.695578460266917
-0.4056538470147766
2.288307081591607
-2.3799838524014234
-1.6529420748006425
9.499255132375074
-3.4104129213302175
6.9785806971102815
5.218417422309144
3.822873174874587
0.9002213645987149
15.235724150119205
3.210280680944159
11.889998435264353
7.3437995944857395
11.094955075337023
2.067356519647304
0.9638510470071635
7.9466996174497915
8.029853415258067
8.19062665464396
18.814840045846882
3.0917883093332414
5.505131321628835
3.703007711589045
7.14137629255552
-4.194030333636723
3.8578235509692194
4.708184786816529
9.678280037208104
-0.2760658151327906
5.016518633348216
2.581514894412504
5.113041668980829
10.916962963267398
3.935149380854882
5.177619333910844
7.527196856430889
4.482977543476059
-1.4782490871219744
4.596956806512388
-1.4905251196515659
0.4570820690342021
17.029395847910493
2.2342900006574715
6.853101906621702
-1.0067796102751743
13.224772742910934
2.37590948278834
8.674308267986282
9.68177307588061
6.637022225892235
-2.151997735448594
7.315732796587306
11.1521626022478
1.5415438123298908
-0.2144023656930747
0.4153347486857353
11.879573701517185
12.917831579694912
6.580421597311264
5.740622969640518
3.125703104792308
7.217177469014779
9.980288983169162
7.975799007321014
-1.7831831228508146
3.7960445668095986
13.68968485275445
5.185663292879836
9.604306452247936
6.053442516819283
7.966756496476348
7.402786656267601
1.7434819425275385
3.1332114993760856
2.9089499124413054
5.462229018961642
1.886669550424307
0.18998201602618847
8.770505224329284
0.07194602803193284
-3.728862348867497
12.362187453312162
11.065142639766302
3.3539377750260453
4.02845990333861
5.9858857445894875
6.33233839075907
4.05148626280211
7.146731172880033
0.7860207111584865
4.153742440734211
8.77021741151329
4.502991929747181
10.869413609172994
8.94305780315141
1.6750589410292358
7.4965481469252895
8.331318903387565
10.791742241509148
5.905437848272639
-2.774674011797644
-0.09048803570561503
6.078369784725254
5.774947761435084
7.098542321034882
13.11415216675587
12.1970752647864
6.802754337421
-2.420893196656161
3.176143850908252
-2.308402698454291
8.952852664233557
7.512232662264227
4.608521794873512
1.1508448876206407
-0.21639328841951677
4.958248630486144
1.8362658176881457
8.414109086183451
9.43382843224266
5.08020286277273
3.0438293840949875
3.2291293114864974
7.611859671066773
2.399743686155652
4.996025031559697
-0.16228715630700385
4.004121324675307
7.649031616064773
7.234286554443912
-0.4493562064083756
11.059837709002691
5.170139485403258
4.819824703753969
2.7433065432719044
1.03770322132603
5.810184849310882
2.099493976014034
7.174751620551014
8.31786867517495
3.3164997562629948
5.279321984425882
5.399612056017974
3.0037273180367414
13.856258554551143
10.906535395426587
3.3981399733792204
10.500578686364573
6.966000481807994
2.190361119128341
-2.888632519725573
11.269510074770828
13.209749163133154
9.313018190428416
6.409680824233557
3.185307927110384
0.8155838243045093
6.662237388747221
3.6000054011828952
3.8494243606764367
1.9049347058592745
-1.1082406062621457
11.888266574164906
-4.521455989185128
11.946448825729588
-1.4770267217186692
10.786183995660025
5.375547148303667
9.517155223377273
5.186679447263927
5.365003305391963
18.0726170196399
3.9408812344251247
-2.085161585637888
0.3658670683712577
-1.23213398996816
2.293158512408553
5.137630773970615
5.937857395288719
2.9549708811299205
4.6154152376984
0.15983844026727478
1.5682113845665646
-0.6140615370024864
1.399043570209736
3.8996572672104977
4.5891432285493865
-0.4842123944694343
10.108645186402903
3.801251989098026
-2.6702766518635297
6.864002927087878
4.957424572511998
5.901046985978468
-0.30249365160352903
1.922230646737832
3.5578204253034715
3.893013452878653
9.34930284704339
2.8401160830227448
3.910897258618123
10.319377055038071
3.831322869732212
-1.8828885634898924
13.073354205288359
-0.7858766446204015
14.973704922479298
3.558682475800064
0.052697208698914366
-8.106804481925012
7.839160945283162
4.838806222579023
10.144541706710573
3.695340528686641
-3.1955651633733453
12.215843954893495
9.717191411272795
7.9702432994048085
16.894823089561093
4.849996742693069
3.5848633300736865
3.373092412280844
5.323051057252728
9.936216833796394
17.133418274141725
-1.6062742129158494
-4.309313111101533
-1.4340299664526626
4.357721225313843
1.4221220026056791
7.058045416230804
2.3160019048719263
0.07135025046312737
1.1641423504120216
-3.500673534590991
-6.011692224289483
11.173626419197632
4.735024888735952
3.852357841823664
3.5256745956197433
4.3325906699014105
7.040177462480207
2.8138862358338437
4.332309125697549
11.215079790214965
8.80931729093143
0.7770530486549703
12.623437372744677
12.680064687473418
0.23725290629955165
7.931034625958299
11.145730744502503
11.682128144882709
10.574675957204946
7.827384788111784
10.28919281496562
5.862893266315795
2.7373933975420583
2.6285962702270718
8.811769476575838
9.620292595045637
-3.544465324799681
10.256377818589488
4.420755538891534
12.033727611790475
4.187961718746189
7.128928075822825
3.5571867960923464
2.08122223672083
3.959150800409591
5.973769046800049
10.770390335591493
3.167234449086374
1.4855117977764314
13.450108005733345
8.118483911217384
6.386272900382149
5.785742214297619
10.90609155462546
11.277124240432174
7.999419403319989
8.160415868069895
5.097819294899219
7.365044813877461
3.5917750736073875
4.162744518937196
6.942602970026089
0.09656753644348548
8.703702034524108
2.250211499737243
2.057073622060647
0.9387233165489168
-0.11958889458847599
0.17203240819231258
6.592441893618104
5.963388091209024
1.998221084481406
8.048050056576534
-4.01183835204532
5.025445959397762
12.02079498085992
7.195155257047809
5.096356085465549
4.928979992963092
7.187960121193569
5.160012877320571
4.140254237662715
4.148305927725302
-4.106981120173303
3.4097831275742294
1.149697699134971
-2.8079184702503124
-0.8345376129651036
3.0179091147272747
3.918405487137602
-5.344596456579483
8.58141955992214
1.2166909622334505
3.131151196611928
5.153126162518419
1.7791397299410185
3.833073948729199
9.104409955527732
-2.5243024586050407
10.843111902241773
5.3977818896098135
10.98490268909228
9.717861132811425
3.9337746352611536
6.167664377310345
3.175537611394504
4.999502407586716
3.9240222873460526
1.933310036572088
4.103280466260109
7.961211234229446
2.2986096772452815
10.656921294958975
8.186564032281156
6.013110264010562
-3.118668234949717
4.280754339335686
7.3982175075255
15.54461098713727
-9.518124953203216
14.462816167477023
11.898171097779464
2.510585729250862
3.898178349633011
13.449454755667329
8.080631226681879
-2.980324418515824
5.1608735006563045
0.4346050985121588
4.596618415969278
9.941125481083144
-2.554377138302722
7.944136528808783
6.282660944976503
12.486937864115044
9.20617575050289
-3.152625781174187
19.106478754922144
3.886593558069702
8.537364892775356
4.079902907402052
-1.9878486977653393
6.22364012343738
8.380624931583133
5.960847546389338
-0.24296115392877393
6.3766917500691065
4.6510573714663455
1.2351467155221503
6.64613110880288
9.374521735380636
4.140071071521348
6.8111607397892335
2.603976605067369
-1.6139518684107985
10.774459854673895
4.006097379255051
0.5951990362469228
18.385292678338658
0.5152110811631596
1.6687607473857158
3.100427720695186
5.270445681988481
13.100763509953303
0.404220408028082
5.588346305356842
5.626038865398407
10.573638661457728
2.7996081487935207
8.452977826167153
7.546695190252697
7.74534612920683
8.905225026350337
2.802871697768825
1.0425606619259646
-4.416579215948417
1.585060100301439
-0.21998609746108944
9.063509931742619
5.063270068860865
4.697366387442232
-0.29447684014392994
8.352979470073919
3.230976059625625
6.072771166397399
14.092256238226188
1.692258462013069
-0.8933469039413122
5.567704823663351
7.903708874939994
10.788437624471111
-2.496355766621912
4.47609398832753
2.8802917931706777
0.8085268047068284
6.846856566917942
10.368371534870066
-0.4878736632941072
-0.4396496916186128
13.452048343836429
9.982509532625315
2.7311693971211732
3.139273109582913
12.260760567558645
0.3818233726911453
5.65029026540304
14.139819796756798
3.409035212746461
4.436530751938753
13.460293176308227
11.902477048795658
1.1965213767999852
7.699433507146317
2.485921649360646
4.330536643438559
-2.100234695691494
4.453315004050644
0.3547184341611995
11.928241704639866
2.589987380706839
5.3035686289290656
-2.0631401905396656
13.912617403689037
3.8382936118036963
4.959716175782604
-0.3507550220668989
9.172513880029605
9.051328963037726
7.675906403272657
4.9334947397363
0.4222281990469057
2.6520092785231277
2.4400829534449944
-6.040872132593803
-4.9506585826900125
10.824513592567257
-1.7014152085984526
7.614385536083702
6.127511468582487
3.698798521766035
5.960989547146092
3.5979278362696725
7.409958248921053
2.6609814800454488
4.304035300894821
4.85096857814108
11.478002267481816
4.454563387586207
8.570452392517986
9.350208378571514
6.573644492164294
7.0556190076242284
7.084719939389017
0.38273734415723926
6.664456851983672
-3.3682101426643634
5.017302170283411
0.2444492812492589
3.543331361429522
12.940182438218049
4.3058489680090215
5.667996914612278
1.528510907130396
6.045907412710523
20.27295036631928
1.834737324039473
14.513323656251684
7.4757966018315
3.8478213588728267
4.429200760631132
5.454267404462081
3.5118984253127596
-5.929293294281768
7.10362291592141
0.23456005845936545
2.410195936023398
8.097819987881259
1.9596163526613803
12.708542285667352
1.5212683513419027
4.500948046443991
6.945144048009774
3.1107568235702074
3.3238284475390096
12.963472384918706
11.638951737518205
10.932005749668905
5.187499301083434
1.708731190616131
5.231721496247787
8.273187325673526
4.21550780881995
7.137523385178846
3.4182138310207986
10.158930910744774
0.12344155676719293
9.085679601065852
-1.694718530440924
3.539037505645808
6.750801732077986
6.507634272030006
6.540423736515086
2.688834747002549
-1.772169040625827
10.62501099658063
4.165795177586405
2.3823925555483667
2.2119840034616143
2.696779725758133
6.301676464288909
5.5317329544742675
0.10338935332237664
1.7334276752251894
0.22896862263135853
3.845432749443873
7.116037345274798
5.968438933336198
6.378112802926758
1.3990483984757067
2.3462962459914616
10.661342219951123
-7.034623709891246
6.37850863980239
3.8675035369345916
12.169484245538406
13.989460551093805
7.057297925618017
5.330013713820761
1.8226626900198566
-7.980396825454056
3.092497941739905
-0.6615743981206794
2.048665532796639
3.1623625258063646
10.77437078787435
11.499707804922878
16.181222567332718
4.59119521208779
6.2844323113612095
2.9326389089858953
0.0709158659865805
2.6824097910798512
9.21779670414471
2.3405950183492346
6.305859748656711
4.836949009995935
6.931379872191268
12.368212057672341
9.808107665535566
1.7200433391205063
14.039218107408209
6.501269054558855
-1.5256373957795564
-1.0425902527856175
10.669518566542191
3.518479558483353
5.307091052509888
4.058499315922303
1.4755154677994415
6.107193937838387
0.5805138078499885
3.6345395685065114
7.201269593748684
12.001509594547839
11.5027952627178
13.211684155866992
3.91629167454732
