5.511323875903046
5.819867030521044
-1.2605275194949206
6.431572483198247
5.434009028305894
17.8003086752054
8.51254265559503
4.229252454798196
11.338197378534975
6.2755625301208005
-2.3183642618084335
12.758044823168945
10.80198614911479
14.185568547266703
12.438346530995087
11.141918652140166
10.297698948114792
7.843809527940357
3.8155206608321346
7.952610551324034
6.282527651375909
9.95139830385552
-1.0405239054345197
8.704549817269985
7.288096088044258
6.743995244454442
11.163253566264977
5.964016993325425
0.6921858923377826
14.566299640672964
15.667633827373564
5.60853147771649
8.042012567134023
3.9751686513141467
-5.025926800301429
15.923402795061282
5.70802569147732
11.447462326823175
-3.2446963396003845
15.708595672345876
4.548455803620023
10.805508505038237
2.8101970421065974
-2.055523872734282
3.8075931236508547
1.3000342079187712
13.479304046800547
3.4277544929192407
14.442607358908475
5.564560002914097
9.685663067891157
-0.8613219703518915
4.838394663432636
10.067321026825022
-4.596747283739079
-6.818562803083772
4.852741081333075
-3.3997356747890546
7.714401265176469
3.3866438719503185
1.1847228722191305
11.882719954944658
7.361337618603747
7.559693516604959
3.7887867175095233
6.802944438232185
0.49628872119536727
4.076767005516201
3.9690523831571607
12.057699367178458
-7.690992593928639
1.646885470740295
12.087071054744786
0.9833810718019178
5.9252261398299595
-6.452819368048109
9.087110167371032
12.176876462790966
7.605131740202883
4.8159684280122566
7.972870358947343
12.714732458728417
5.896091665223248
-0.37752280156532514
7.6220902493480605
1.2321684144171732
-2.241400911918273
11.755179619192454
6.732963199930896
3.510435919545586
4.699086984657677
14.060088692589451
14.927005062405991
4.012295345457414
1.8172474087488233
5.60751647090138
4.1714800015457385
10.406814160605624
3.9967520253747555
13.994688947630932
3.8353402981169262
3.3348411789176367
15.456004493811504
2.504087098985806
5.409336448062585
4.0419171190631085
-1.000419503547855
4.363230060027568
7.977035982156176
13.484273427039508
13.395399750732501
-3.1819316525949013
8.550660528668965
4.295969904117188
4.5439927202716985
4.123342273872019
7.977477508087162
11.916553525742131
-2.963763492728125
9.685198214757978
4.165062742466866
3.69143516856591
3.3866125727714986
9.457821297837745
-2.928517597034862
7.242699842569162
8.493034183129499
7.570406916815998
3.218219233050884
2.549613041407599
6.839251648191089
3.887312032769325
-0.35576738876996483
3.1303033785844483
11.590912565733554
15.897437112297423
5.059191490818106
2.879677505048776
6.305582652855315
6.007496399413771
6.788652514200546
3.9777061383204537
10.111139643120648
5.833587156157299
12.366412068869877
9.800696823441676
4.012009548870822
6.768677744480219
2.79335876467277
7.645687346025725
9.289027595614929
11.101698415889658
6.259301329207842
-2.3152070317894218
11.912174106283544
5.346808279284549
11.28897141635079
10.726768789007412
6.638468750841743
3.4243113779288694
10.318559492245313
2.706142230146222
2.7647071608935647
7.800725564963354
3.7438241621227677
9.955198092885997
9.67087210601624
0.3519630644182552
6.086166394362588
-0.8558810133027102
0.6780418093003941
11.904647080455508
12.361894436149175
3.5662425618703373
5.440880202863117
6.135836172712743
-1.4505976044198476
11.561509472977763
3.434496166149764
13.754626706960655
15.62553126833227
15.837107765566527
5.724185964661226
2.3221353640004114
3.795976143496234
7.274898384019156
2.387223444024606
19.89139922885092
0.9227441334152395
2.5340572475524707
-2.853598400589913
18.446733473738846
7.981697573790223
1.6675021033744288
-3.7651464614554975
0.6456507040253676
20.01952533337472
5.094773666264304
10.7808675241088
10.622182740112912
5.280687668639828
9.350177843829377
7.16943487995211
7.525424939488994
8.408902060997635
9.863214894690898
9.407636504900086
10.903973253231579
4.499837623005283
17.288908224310546
5.005613669039649
3.016243423695848
7.37646176629922
12.225371434130063
14.976120313673508
-5.304818559585565
5.452450131355742
0.4667730597220583
0.28202994509976254
16.346527757322207
4.7664698882748375
8.672266363439263
9.408211042425334
4.882966843802268
9.016666707363928
3.114265406223392
15.484671424235652
11.703640073537855
-6.879862985346827
-1.5521438961419003
8.453272349786726
1.2505870156373105
6.065408391190325
8.309325601354052
9.02177121501166
14.965211534329558
10.902555420663331
2.1810212892391374
9.009531408166875
4.704351218966449
9.449887839734245
8.731974626134445
15.9355402146365
0.8162504515132962
8.241620853142924
7.378555223942923
8.423923662596993
17.098400213084524
7.148296037898099
-3.947579887666519
7.86717171197531
7.410489969482783
0.04766798026587882
4.442337847371768
-4.479281220700841
3.357751048905071
-2.1266771822499067
15.778892000518086
8.430273041856351
-0.9197139994899146
9.672196720921903
16.96425605218024
11.56438681075331
9.016698736982317
9.255317861598623
3.7825955638277873
9.849987825146187
4.802733538964293
6.150325281743457
14.593464214364786
6.685564163587235
-0.14072114000506808
0.5791381551039212
6.133097251917586
4.479099327895611
11.807874177945646
9.550759633034595
8.807434640352593
5.681350779258944
9.74745216237589
4.267780528333629
3.394587513913555
11.080332346734519
-7.0696949254075125
5.603887533560537
3.6337803469777192
1.4703068153191294
-5.6553684380428955
12.838914479666117
10.83452665108502
3.439782859406148
4.157715223457893
4.622296338147359
8.70866434135716
6.965585213775828
9.834598903927393
8.861223635207736
4.53650040470133
9.804516691930004
8.802307206124924
11.292160901755388
8.757559387562942
-1.138877542105373
7.624969679296215
2.7696774744259525
6.6098182124261005
5.493544715156331
-5.65579686003303
1.054174597378899
-0.45584330585564903
6.0403469604450795
8.793803518340946
4.019628296432328
8.469871147644744
13.541441527597051
12.949000473302764
13.447627881195785
7.126812754026798
2.7130746749690053
4.704038490900602
12.23191263261587
7.820727908003077
10.70464873857893
6.992104314587091
3.686519059560806
7.497517366597932
6.583349134995757
4.031127478590573
11.182354318004958
14.386458186710822
19.693320442235954
-4.165216509368841
8.716907587572335
10.111846882663496
7.938569601913819
10.837604998503025
5.849443109671673
-0.22601426796229074
0.9123873375203075
16.198345786636295
10.281609322508306
7.53779385978116
8.638510718808188
8.838956544835625
0.4729970893640383
7.511925966315055
11.385839110231446
2.2322572435023083
20.194059846605732
-4.265049500136227
15.846335096956398
0.4926229676998579
17.06276141198782
2.294805551044352
6.68681867552741
5.964059282043995
6.9496945172138265
12.89410334703182
10.745397538187465
5.892740215588213
-5.1452179562637586
4.904684204512713
0.6355492375083118
10.853625037140567
6.477522269303979
9.900356119748402
1.2889113120865439
20.511397465855488
8.558826602494657
-2.964116452257503
1.758566825518952
8.202136714525583
-2.7057721635005034
1.2696318510684792
4.176279027831992
-2.4560599576885878
16.36265053654533
-0.9789385819223604
5.354346255856893
13.526607420572606
1.5162443159807868
1.0261337904952557
4.248423433843303
0.872625283356105
9.8046992953603
9.08301112811848
-0.1692580879146668
5.81368827813452
2.357239942219743
6.18669056590857
5.480703300704652
17.18381773598623
6.210737408857425
13.17324901237429
-2.374616335033666
8.865397490624243
4.3688068383861065
2.4306870758272248
5.514457170813109
7.25309234264977
-3.8374078511235616
16.76015161624803
10.263062427770013
1.5329192985121
1.566710515403198
6.2715446469457605
7.00280395066943
2.48745857251152
1.8668738613775462
3.32377469216893
-2.907797876363361
9.439215488689252
5.05702165965481
1.2542846743779847
4.7369973330151876
16.959261327941654
-0.4339363025618139
10.304635519572324
4.827188186300073
-0.8934272392446632
-0.6377310306282169
9.274116027497241
-0.9454474513366389
1.1886125842598512
-6.353984172320127
5.169238246696237
5.342631467167687
4.981042097671107
12.96122873178265
6.497748525107191
4.914354874359062
-4.287294984322168
7.575759437841116
12.12291508963046
16.907905041069327
10.027077535853785
-1.330332748804329
10.486676172065243
-1.194608795927084
3.6063167616531917
2.03114568313047
13.323350096875906
10.801211221117594
13.40938499703387
12.269372750140967
-2.520066654218706
9.342323456650682
11.28538063628477
9.648224441000444
12.016748598399783
20.36153032611397
2.855891168594336
3.8918708761456844
-0.29268207966428506
9.279275990145637
3.8869649884092725
11.937082780092755
5.687838615115969
7.325877696909635
7.34176118059618
-0.09447134862633355
5.881430645366944
5.143812239179651
1.0977403550862421
4.752242618515139
13.842863290709058
10.07939809603398
5.804569005580393
9.157163062278158
5.508101265083872
4.628456067394495
16.60292160723761
6.655342112679413
-1.3060553566931272
2.105916847583331
4.225618875712278
5.37350706185765
-0.8318650844136393
6.755291267620207
5.959462755704928
4.224867907262325
10.413695138540835
2.5931710945848416
7.618840774670312
10.056243680217008
10.969543704352896
5.091183103416357
7.849923293442268
0.6277379655589481
12.059403825766159
13.517659387094433
4.825241054970072
1.5981509904906845
8.039495014561776
-3.756453571018282
23.1890673345285
7.022684851744401
-0.6134831893276225
2.2805309568379695
-0.12290649906238826
2.8422434155022893
13.053892224726045
7.7884144455038316
6.502528797412935
13.316871980688582
0.11079989274110158
13.716816034068795
4.405913076478859
19.121584596702814
2.4479598647379524
-2.2291943882131076
4.86095873338643
4.413795863708156
4.970576589517937
1.5902297788100856
-1.9407743335405687
-1.3667348528607786
2.7807998277509056
10.155162566276335
11.286778954747536
5.375945453173825
13.836920279434512
6.140139265426889
-0.8868239162170868
8.424150140842343
0.37359417043226006
5.831197647979213
3.1711551738846158
0.7436142555656655
4.7275595248893
4.192993966110558
16.20804355893857
5.348070439743559
-2.210728612968188
5.601981533875626
3.5447687346826537
10.256216185515932
10.405406113635856
11.18145889014962
12.507829055049369
14.446656686710615
-6.482441388402465
8.228064866009136
3.550377348097241
4.438227739552865
9.614934130820034
8.490277531483398
5.7320549200721285
8.172862209549585
7.383265127212851
5.144009596048394
5.005823857670949
4.386620023798963
8.778802360623356
-1.9533435623888993
5.576684088827102
2.897100461795034
2.498783033572904
10.471211562837338
3.2394104782689697
10.22057708258312
4.089204686093328
3.791795642123839
6.295747130224091
5.621381427982063
5.655062363063693
8.004512397337956
3.9311209621590084
18.451385352322703
12.6925108265211
0.36700058968887195
6.541304354532967
0.2999562851566404
4.703022543434088
2.6533667990622596
13.323254746801698
12.702879251770465
4.975895187717775
3.858650068754918
-2.3345579952401945
1.895228574848736
5.78983728630489
10.255576740635814
14.539893471118862
8.080544597401314
2.0618891853542616
5.9000666600373615
1.4092023386255796
10.534633930315492
16.495743159439108
1.201022410661941
5.841969970082772
12.682753297818582
10.512262403855829
2.1797963126096005
17.6167545197251
14.464322664872581
12.03823796460048
13.652386189837424
3.308584258954445
1.4765964083658316
2.502125465148661
14.197046878558574
1.6194502638720216
5.747525435566165
6.567606017901332
5.775119254790673
13.331728656950222
14.418785217300368
-9.205004522906732
10.173141740724411
9.217304602690678
6.608016466771427
-5.927721632521433
9.336797703540935
9.520731066167759
10.673793338859728
2.7160076091948424
6.786374748898628
-10.018876924454489
0.7844989665306548
5.428131248763388
12.888930798524186
11.870009935337302
-7.254086930089585
9.615800908155379
5.247570347397566
12.269477072771068
2.5313919531700746
7.833936747647324
-8.734197505665792
14.931510283656877
9.698799760203215
8.399308777959554
8.572161208968462
0.8036512570042893
8.191849186412547
4.603816405866879
9.23758351536157
-3.8173205813124884
11.517983603434669
9.079676704172218
-0.364420319601928
-5.0217445861006755
-0.2735881723470124
-1.6659282776582742
3.80811893845834
15.1270471968835
5.968611693736783
10.723875790810009
2.605937035263238
3.067364472495489
3.3261929285933958
11.069706838293255
8.14105669108094
9.485352601013819
9.47125346874845
4.009563604849076
1.3500380879939113
4.005170232356084
0.5738241669977873
23.22390541867613
-4.928339412365096
2.801169347866291
12.415434194266314
8.184080490478063
9.304766290982913
6.913401197787786
3.238560491517256
6.272146635195349
3.5280286455248526
9.858808631769271
0.7881822622758943
5.772582237522458
14.452956735080448
8.435710254827631
6.992851040778088
-5.110118170257069
2.4957074212567734
13.083020318697951
10.43466124297103
14.146406849497074
7.196234524275543
1.467824475795787
3.356620404041149
0.4829040626003369
3.5436417468392825
-3.1536506207520016
8.184794180596107
8.630643333754126
6.239012456151514
16.625905942188474
-4.79587142252017
8.90514656465071
9.429293965169423
7.1448453433684795
13.057245714663196
7.384508330117383
-4.396474652100089
0.7528458271710692
7.323495319730966
10.253831817976465
13.165753980774518
8.895265751202157
5.157553417081695
15.558980512425977
-3.4633926366096652
4.514765162482776
6.52364153114157
6.722094186623335
3.2605518314972293
7.876136787952499
7.01941211769617
0.4943681879991786
9.858083945139045
4.938743435540408
14.137939064203678
4.246884089297172
4.975568837448903
11.957348837045458
-0.3194158277034749
5.965048276790012
4.902031900242543
13.39491503492983
1.355298448406482
0.38324036165171993
-1.703741059110432
12.202705713891177
16.987870649546252
15.381487533080275
10.162071653789203
4.873728643385832
1.7849259683358873
16.547831375570524
16.817228780211863
7.980820580751649
18.63336374824124
11.579206338506234
8.239602485707724
-0.9665064893923105
0.2441745244009752
7.174231751221208
3.973819466744792
4.422061145827541
19.461773174439635
9.749957479797814
5.520109599376429
9.183206630431146
3.922592082770212
11.37956506691756
7.824508344911612
-2.3867359073195864
3.4287836934167704
13.536104462938376
8.203404485016867
7.455967166251337
-1.1299309233520054
-0.47194658000140777
7.8916119327462475
5.62021412594014
2.550437596191973
7.374204255876801
4.389913925169684
0.20405533251747254
12.348344421682562
-5.438204198193077
6.4823325686069735
4.674569498026404
1.9377608741564938
1.9608516662608588
0.2462854235534735
9.233948325610486
6.471812183638277
-2.3210564961929183
7.3243714415489745
5.197943146396476
16.587150664475956
12.850624356047156
14.12641672358585
8.202274235467048
-1.059761382004936
7.089464959926524
7.415345263192975
1.7693383957214035
6.525793623929429
-5.515207372516821
6.542978145735401
4.543497375015248
-1.666249830997768
2.0838047707711027
11.062246893969553
6.8344563985524305
6.612641764827824
-4.528277896721924
12.200265152215188
-0.05018124980881922
11.144962408702868
6.017984782889875
11.324595518402255
3.002691978009894
11.111329819788391
4.012480914339751
0.5322426810747736
5.924721471761772
1.070554927407727
-0.3044940277262551
2.433290606666545
12.87906569742425
-3.846661250339249
6.76467253652672
14.260870938946962
11.080409154785263
5.477084131865943
16.92715668194149
16.73155941755749
10.390339465784756
3.659116528466552
6.187972026688352
1.9101379618369245
2.379195259251621
8.486047771297647
11.254750577459234
1.0937909892360933
4.34689719548478
0.30662852628012516
2.3203595767449317
7.91708872807956
7.102387668167905
6.665418613010889
5.795648355270195
1.076629504797281
3.5775323088059205
4.05168469814476
14.765880078198858
4.242379704324861
6.104844443148749
3.4359461856488593
19.403727445506092
8.400780009026231
14.48628744526444
6.781563142581254
14.85734056027695
11.433609735324683
6.13578250768433
0.8561025264325792
2.2044615716527
8.532008462483825
5.702316184797895
11.157529578121816
20.683002192493134
1.9601147493313835
8.418583722925053
15.73736213237546
7.532449505373005
8.685758726247622
-4.0251331290573145
7.469766230649617
4.796907735988963
4.831716945086475
4.8804387981277255
13.237094587854255
7.345343051555529
7.584353355628863
9.769393102870941
-1.3614831064172765
4.498162386053232
11.670422790654325
-1.5638093990032864
10.564819489298987
4.503833932658299
9.5289349230047
7.1773907685186495
4.789415774463608
5.30249565956114
7.662542487064301
0.7733557265151871
12.116375218801869
4.501525707774874
5.2730276010439
4.468012660945386
11.634233826946918
8.203726116647353
14.196680926301124
1.1496623597453741
12.35237334970875
0.8676668732887824
2.4905419272852964
-6.332914330979046
-0.07081091298151243
3.6211235621753177
17.778110050384647
2.1849080581752083
1.740219286631083
4.881922835950591
6.210632269310424
8.341399167669913
10.282433120076965
0.16419438486531845
1.9799948512438421
-2.218607980367146
5.26192075754889
11.19661186167163
10.264105424718856
0.5751313264567912
6.8766830965095895
4.889662744164049
13.210368984464106
3.7035670533988436
8.03353939411666
10.72078789589696
8.96369635142683
3.3547166380581004
6.4515684375839015
7.949649700535549
-0.3021047549257023
2.5002151786855835
1.2240177492861148
8.966519478730277
5.584302914342509
12.77540912604451
2.964311980421733
8.511247886408583
5.859082783783231
1.5344801689870495
3.136321330265643
5.634445667218641
-4.472234235476936
3.6982345556454166
11.076416231529386
9.772921013882831
0.8809984506538067
1.3015568808118871
3.9301814345577464
-0.577648422223529
9.572266476405138
-6.457477571671255
6.174179167045618
10.960799961669142
8.135583306892148
6.220334062173562
0.2585778587562926
4.205521836566691
4.523966025137663
4.4096279940465255
8.345438865381103
6.295915643053739
3.293604968982006
4.721119083142635
3.467734050677154
0.6576128682643994
6.989441811264148
3.293930874462992
8.738321536014267
-2.6174492225760684
3.8319832602662056
12.603341780652501
14.222572672443174
4.085667274538223
4.4988684447518175
2.781859336623967
15.778588561937221
-0.04231203674770789
1.783189039292739
3.3614147010358013
9.209101057863213
12.788033019203057
7.894598143599813
6.932060428334096
0.09673289002816521
-0.8594199790370425
5.097706628804044
11.113596552545426
6.260738691501827
2.597420464275294
-2.1775275753160326
6.803556180207548
-1.819687226168524
-0.045000578337675456
2.8470897459285056
8.930817205019931
-0.012209926719586761
3.0259718085061644
2.911169401239833
3.8451053957338206
5.6381753734942786
4.799264347986691
-0.21615689816708805
6.632515492233046
7.076515437796129
8.086394036065263
4.037911286291525
1.7656542428355637
10.88102627802019
2.677899071787996
18.03178148093313
-4.032162171843046
8.102028513565624
3.957626748873511
11.315656732520065
3.3361837771185607
