12.495731980091989
12.104228514720512
-0.3916084997415279
3.1421692521766498
11.281789295899376
10.162686595813849
-0.2114014903346053
6.730291170911854
12.17813895415783
4.433747936512219
13.351530950378674
-2.6911151421757697
0.4012013246421544
4.335603688848231
3.703307129086387
4.289812053030569
7.935526355992954
3.8445110029524687
-1.692796668531786
-1.9007469503145957
12.305642390923598
2.3857911099701234
6.560551174258029
7.156740776301104
16.102895984629072
9.16309826534431
12.16678242979897
7.674755156153649
7.518958493638228
6.666309203147467
5.332718063731559
16.534733610858147
11.568268820495497
-8.167217404604314
5.4676071730578775
5.9360990516120316
-4.212000582323343
7.805197106878694
0.45553985925511675
11.07247761774626
-3.427830731230234
6.548012367934239
10.336637027616899
-3.489815798787042
6.304966352114814
15.302108643210943
4.609799126538385
-0.7957468245590551
6.661384787927858
10.369264867452234
8.965046685641742
4.929448134710408
6.896622811953769
0.8670586113720411
-2.8400883099393255
9.36948101564721
7.966770905817988
12.804724176175277
9.229580423830622
8.3375058986668
1.0769669669450286
7.406066489591884
7.607361091059602
2.5380047828067522
6.11296261513118
7.411567832647526
5.201936790924149
2.377872611839102
-3.9541053534257777
14.580076871664891
4.99462731609007
6.365645834127688
21.992193016635497
6.215029096052101
0.7366715399318045
5.157832035142078
4.095062627724682
5.81868740292061
3.0134748160179683
12.620183048492812
11.062334987283439
15.750366914166213
0.8198891741669652
7.033151091138817
7.684951341002752
10.334692353421428
14.44501220506838
3.23527494447155
4.0889763345158325
13.0443223206989
5.1917523350200625
10.605082924456624
6.738506836996804
15.934762838628062
2.9511391857287586
7.762585134283056
14.482274978798923
12.120503607648246
3.923552340364392
1.0275814016764704
6.56509670874363
5.863468019325699
3.1579486999485633
6.720822742857074
2.280820822608468
14.67176982219183
6.840085438816034
8.317584206845044
2.220393462363578
6.319829274677686
8.979452650476347
2.6695056004032214
4.942290298740273
3.495531201570506
7.914385879962286
16.809739384317282
5.927094592820278
0.7833955318956916
-0.5190142464248169
11.581806836352413
12.23797495446361
6.183856321330164
11.258393578064759
-3.6315645746433507
7.370965671239042
0.9041488495939083
5.371484970700264
5.557604707182246
-5.773091260692519
1.4552589942036187
1.6484861332418523
-5.4389886993013405
15.142427525792835
3.648392389538244
5.26964674061888
4.387464143762535
-1.5632664054676582
0.5068877032231711
16.435748148300583
10.526058013061391
3.229464277529689
4.576694986757698
9.717084976773126
13.001433401463768
8.179448506253982
0.2709221316022461
2.4959383838414024
9.75786394419854
4.66097174181327
2.2273123403732082
11.91597928981407
9.419687901282444
12.52627484613784
12.438287470750986
4.127020058236026
10.685203256803549
13.057834685874134
7.867642815503395
9.959851479461634
5.713349390853056
7.1023739634306065
12.061302357834315
-0.33575689032071665
9.455577943285281
-4.194380137054351
8.697978990421742
12.344565108772912
1.7634897276515176
-5.299551678028186
-4.2644630020860905
2.9397319625189633
1.0833054465897405
8.204045431950014
4.813120313671473
10.579669944109648
4.410401333337974
7.359363921597332
4.27839953390046
8.282679657385785
2.509608140591707
-0.5528056667822181
3.7174928678098773
9.433307605473018
-8.236823538073418
10.653182558681635
17.027561711975046
3.4079697900399175
3.2800026326738307
0.7353728421144368
10.533757449123215
-2.2431777852459813
8.858811134278316
2.0593322809233685
14.906337120201787
0.6185994456982193
-2.2255575229451274
11.109168615331676
7.630168866445661
8.077470932860459
4.271486667235675
10.339309929478345
9.374316072713064
5.468449838974711
-2.4492028013401796
2.596837242141289
15.220634850934747
7.398038788896564
6.008709064071113
2.6727152383549155
2.725085805877274
7.577994080135049
9.74740989257515
12.943421819572563
4.599016037024291
3.6462091300018393
0.3386569231555825
14.255702209526767
-1.628767632209331
8.008591118988473
19.56431674318835
7.251138042216292
6.709655782226945
-1.3344839271012
7.930771455565355
11.142564728976915
4.153874246509747
5.624268014659857
-0.16359984656102355
3.7408181658327284
-0.2419049786406431
-4.904136470850201
7.302455052593049
3.317032809260673
1.1827572855246533
0.8455886883508068
0.25589738533349315
10.156458418173706
5.122745112079443
9.863246838921121
2.7391515550357326
2.0064302659722304
8.872768654119763
14.864931331965378
5.358719959851553
-2.1428526149297333
4.0446160325912714
6.773996419529111
11.978674598441167
11.798453296424896
11.35739100491055
0.12568062171869432
11.273334748313026
0.9466130234882479
-2.6208800455866346
1.4491088079092824
16.365028437122074
6.013855068632113
6.108812392850876
15.363355194932312
1.7923686175579157
0.04422018298266739
-2.6615584353263486
7.817882251756329
5.058699318240765
2.3365010937306723
-1.4058951976965481
2.181976551058737
0.7792271650177849
4.54114817036858
5.854152375572006
3.9650124409617176
8.032475730189534
0.7944849824308182
13.11437353817154
3.721824149028524
7.550400492665463
2.791177130493455
-5.1695999979530285
15.90135956765402
10.000274836253372
2.5763282781274763
12.2992128317951
10.418264526286688
-3.4496163073161004
2.870767207909525
3.9654656966781636
4.761645519367556
-0.48938121545201696
0.033786625356347244
6.703961808671906
3.588027061770793
5.938486491465415
13.582310119856338
12.09577137054713
16.162983314673212
3.991559654801138
16.70234437550902
4.10231881897136
2.7547259711001235
-0.9028063192285902
4.555911759733675
2.0390364842179065
5.584710395959302
6.3678880324675635
7.235322565866063
8.222354637393535
10.970683009394111
5.136309957058936
8.002214689383338
-1.399713869019041
9.790296668288923
6.98431329866341
-0.2474122407235777
10.491421346911695
3.1859394165799686
-4.68648659824397
2.5607567346723643
2.205824760197544
-1.0680230037466423
-2.9964532384759206
3.387016975191699
12.720397124081444
4.936697475662325
5.714192972357828
-0.33778696925144125
1.8520524135123981
2.045635781720841
9.034107889442893
11.371312560593353
-7.6905907602331425
10.669094814648549
8.07178678315713
4.949754078350677
13.20366396367367
2.354068073937834
8.053749767630226
3.907943653177651
9.779446380332766
3.901200237805255
7.832220250350672
6.214259486745594
9.076537925399766
5.154712110058567
10.072559990646127
9.53151684113847
3.809057031915401
-0.7497983472371885
12.79258977282496
6.961255747805759
10.843442175476188
1.8977742178602295
5.793444503706371
8.118092930140353
1.0902285239667044
2.3032661745383325
6.429308562358324
9.307003768121959
3.6512226922202684
10.155231224374525
1.4653037183451634
8.73031305615776
4.041334618672298
-4.515545872009186
7.143858110273754
0.12282632457012621
3.9792995577253394
8.871173497717088
6.511640291536066
2.5616491346498784
9.524954252046573
3.2598168989131717
3.2598011199414123
13.463567880021355
12.822284976501923
3.54942634381396
-1.4931516582166617
7.856470652436512
5.921128775673129
2.288272042237982
10.416612106108309
10.84901239828992
10.95462846674052
-0.16618842411983348
6.116352014366121
3.345913361726565
6.979984480009968
5.203968700325824
3.447415923106459
2.633634535644618
-1.6964783102808445
-5.573773436572376
6.765036251520871
4.190031190868748
11.314407330069598
-0.7559936979767743
3.3920720234550745
12.583902800463106
1.079322569218875
3.2640210356197885
3.497542115872356
2.660708335536684
-1.8322332357447237
7.955819347040747
3.2488975150765977
14.588646126335396
7.98330113278066
-2.9242416722771267
4.2629920931030085
6.280625387535788
0.3038749930713065
5.667621624124278
11.414537117228662
2.0970301149643875
8.008760605429291
4.445349418602296
-1.504801658113057
9.245243590030853
4.847230523278141
4.617328307976279
0.5502550785389442
6.733746372530667
12.652899933434117
5.9430899699529
-3.4225056117610198
9.018040568885295
11.979966235856706
10.970675647738307
-0.030989524272651003
-2.048978073217542
3.664766578788681
11.12715858879133
-4.274835920555521
-2.063888282448554
8.868084514860964
-0.5733112238789966
2.9106956425901256
12.675670851020833
0.7236612023478974
3.4492021009044254
12.733023384293567
-0.5371415775924486
-0.6912132294326172
10.335693437832145
-2.988334375327568
6.814924001768967
4.949754908326623
9.616290379225577
3.2364670017548196
-0.12696838089568718
-5.998263923201007
5.308779762005022
4.256749609881981
1.0129496272217384
-0.7054087592006413
10.544621623524593
10.365872391745388
8.5764576994543
16.087890806371306
12.746409823335224
9.84206867594143
5.664000128648807
9.089959555895224
-7.850418920371524
-0.23945874182908788
4.088174292059333
7.047136235703327
9.305997049400666
-2.6670150544145823
7.954482481517862
6.060595923164628
7.030935105739467
4.974173003843097
6.920239988098826
-6.84195754053831
3.619075404231164
0.973203032340817
-0.8655924593941657
-0.9250214968253463
9.481918404796657
8.405894498447193
5.391972551685463
8.987089979005141
15.941381789724526
11.490856057613557
13.817108239879532
11.482646405276856
13.414128291888602
7.936591837370076
7.825185002376352
9.116016531232509
17.93922513413345
0.4945161352357079
-2.266659935057234
17.606203426996352
-0.3734769737954782
11.683419735092727
5.48323993760164
5.0039411363652775
8.963061534036902
7.817041235772802
6.628101447358319
7.618113501457966
2.6445148899867696
9.321777992132413
4.5083550842740685
11.628818241486911
2.5492081018424924
2.574463892598509
-6.873528524210869
7.410522099135223
12.637417375216309
8.961629566563332
21.207563355995788
4.634171553373643
-0.27220727432129976
4.673639210120676
-0.11858095963175153
7.311836157180436
8.509317782917822
3.1802425008103565
0.4744496524562658
15.497643451242192
5.89725481090289
10.383725056727005
11.212926124468995
2.2534067029982237
10.460740273223738
-4.490346574769534
0.564145022074368
3.564224214050732
5.0466519993885495
6.145410242345634
3.095517980094201
5.365583386004223
2.237488380775243
3.1825865387830525
7.203358862784873
-9.147329733696077
10.257149361327778
11.177357718646142
9.335427298915471
11.336792605248641
9.643544018116149
8.716724247819279
0.47514585579583013
17.413073011546317
0.6233719106168119
13.260083569804145
7.404820714437547
5.432866201089899
8.34604034803664
6.383105151365141
7.707396327953706
10.387846964262614
-1.874458065382485
15.058678092913619
13.389624076981622
8.076227196349702
11.541480556794895
11.03946313527964
5.881948732031388
7.739294157250153
3.7661156545899757
6.403451920868203
5.681488537017722
-5.354319398019234
17.31772139507146
5.835573424971523
6.090374567223099
12.371538326139268
10.435817840799979
9.826586734583504
10.860036510210605
9.67840515613562
-2.4840734503799062
4.716112809904152
2.8086941564533814
7.887296001576896
-0.6301711710331777
12.563366884362662
10.962100083377045
-1.445124328312116
12.462466173607757
10.217543586669787
11.90206416734465
5.853744165545697
4.140636202423281
1.6148950673119051
6.617227497248795
1.6278147319045857
7.936515158828447
6.239058701960036
14.787236908515734
10.223160029178867
7.222111475240255
6.197661807965331
15.266430860845967
8.874668769210977
16.860505444967533
0.7886839726957309
7.955121966058529
10.661605986728546
8.392688252703335
3.9912915335340693
2.9005309964549015
8.81044099586708
4.146960554071847
1.7900622780703044
4.415137670566796
-0.39190832525089014
0.25423823791532474
-1.7488530623536693
4.168289402014571
-0.028769530777042363
13.756335366631088
4.652188621181237
8.27321371045634
3.005166712037069
2.6477791746785844
8.197274151230939
15.925363717425345
9.313990852342656
8.407081249805383
9.470156963852698
0.5395974417097573
3.264356936816357
1.0792151024458168
10.975736959511087
9.056163637827376
22.10651714657909
5.19159714469286
-7.44990092255129
4.927163357495308
7.236040838770835
10.567181421259313
3.1048675890183284
5.4807436105056455
5.898135264718122
11.47794127246048
7.669687198513372
-3.3733728669958776
5.73191990847345
14.908191852502991
-0.916957710548937
8.781888319510372
10.111373454934869
1.7555024458639625
3.1288114360631862
1.0409398590494474
8.890478780153941
12.949895349167068
9.855144885602352
4.195874796249503
12.62891486047901
7.342209543529255
8.674870109399755
3.322730880997642
5.94891078019787
-0.3574987746830054
7.375396861983955
-4.697329222908808
3.352309451004148
1.7966753982286559
12.575821234736242
5.635357092553272
-0.23051812970731866
-0.856366826324571
5.437189977353316
6.6965257089025165
1.6774316400289218
13.655779059396902
5.962394907367062
9.915879089194913
11.244658910449733
8.554907011429918
1.0344720726297902
16.18082556002698
2.642276141113474
-6.602918826582256
-2.396470163022954
5.39261131921205
0.22596876058374882
6.850813366188578
8.177614683027146
16.42287522598399
9.103516801103648
-1.58497022598866
9.741241889067814
1.7621678432839438
8.070350400084443
0.7488022453622465
12.407181001960545
8.473347566216223
14.699525544124175
1.4244457284240468
4.071369766452692
6.19174823140214
10.080708917016809
4.616659885440583
20.21479549332158
12.284915176467337
-8.634810233900533
0.7829180172028423
9.837998600967126
18.256768225594502
5.362435624466795
8.001478643794911
8.883989105124032
6.4113539931656165
1.795073817308178
-3.2624177542572426
5.089690884760342
5.110555303259679
3.122669814465029
-3.079270393922652
14.801085302566165
11.167496330698967
-1.187103512874132
2.547934539341448
7.685751445473229
-3.1590704720062632
8.510343093579673
12.281747699145171
-4.833279660592776
8.604539099504809
7.79373706630818
9.161015365641347
3.971758420734212
-1.5358465839057498
9.076452841990813
1.7658658015381183
13.505237388771878
0.19632085689281986
7.3009371378508225
-1.051984570565879
-1.227836141924695
-2.7089838856943533
4.454554238567198
19.0999544936386
5.4021818898226055
9.73440508155101
12.218300834416286
7.571831529333345
0.9593882664530398
3.3410985172099203
0.15173682646673736
6.80830739470469
4.88031203030053
5.651332022673882
5.784100124141367
7.597724017582689
-1.0359437331443226
12.092175331680352
16.1501203215061
7.732567359049703
11.402271271397119
3.6576125217072737
1.807665568949215
18.240309463147007
11.368767760382871
10.389461539411421
8.291912031690739
4.8908536881117834
5.614354357071022
8.852134159101162
8.818540372951347
6.1857879197330465
12.722517788752803
16.989301797641676
12.531606450011445
8.791445184850355
14.716106910373158
10.673016047957265
8.339375768384745
9.306624692652557
4.564644200944309
3.226510246230036
2.917375190202586
3.4550272190040654
-2.289779248910703
9.178756660554177
1.1818390534148229
-4.329894860536559
7.889361230336197
0.696870497165099
8.661778629758622
4.271653991230194
6.397997105995608
3.1172279028898604
8.647951905795372
1.060494373999746
-0.7121375442803624
0.5641037911006421
3.5712046254633263
-1.293855979249991
17.889118426022172
1.7413754796275596
-2.3877593375543693
9.42639694878175
11.740344627191133
-4.401227731496224
11.844836935702391
4.476424733326068
9.20959675384351
10.354605678135385
16.700898172622566
0.7198171243421001
7.8076480772167836
3.896929886914982
10.324261985110562
5.728605572545301
5.75396342531894
3.9792622403750664
10.766326109807288
3.255474030588569
-0.684106368439652
5.997146356235945
7.6415583189960845
5.910545768236852
-3.644242414528698
-5.241657332750268
8.260442910232847
11.64351929446078
2.8787374427458
5.39942572138349
8.174769796216042
1.2078244748058813
12.307443355155579
9.23215880916351
7.6792024637835805
6.821042573483087
6.9842424130950915
11.429867995128607
10.142007409367219
1.3107046606863229
6.460178577622946
9.973025302849678
2.62440681638163
5.336972660243694
10.429080479235964
4.485496899587579
5.395149608875747
7.135853618428791
7.319792745253382
9.34486417887895
9.317048830475299
-4.808651453292846
5.917377639595496
8.92567982411645
-2.357401207595844
3.5399325032922526
6.005939567887995
5.156688481640774
7.391498682101678
8.445082979212705
1.6514824866325037
1.4292442072513252
1.9171838428757253
2.359289939122366
9.387777295069252
2.9124747117824183
6.962271582849803
12.705314293904483
6.253483946878559
-3.1904550476466937
11.275816166326347
9.955532668580227
7.421654821033154
10.597618397564778
13.954566881547576
8.102561401256038
4.917544943567404
13.90122782349678
2.003620254750062
11.197868885391241
10.703579404568405
1.6000174967431882
7.70317646474602
13.215870169352295
12.563972992560515
12.542174330302867
9.140834520870982
11.279297921224162
9.63002949845497
9.951605477191885
17.947826715028263
4.605964125470331
3.081664960771824
12.78715166338878
16.017683956915704
5.7140823078282965
12.102928748950852
8.771351382487719
5.717527534015162
-0.8299049198654869
-1.4259215429684797
7.72696765359559
12.549457840967735
3.639536785878961
9.978601822132417
2.1638489142414286
1.9805386315980522
4.425965543437851
1.5325316276900889
-1.9833445448496034
3.7165567536044746
9.09591105891582
12.922804158888606
11.816518410999912
6.834059659358942
6.02285520456929
10.84283346935435
9.614923885295546
4.730249083903663
16.282992493181414
10.793587920098876
10.221263781729846
9.878365811646287
4.303920966264054
5.37547242537974
3.603796584513773
5.879482363324611
7.3261012566002375
8.515088937632747
0.173791659857919
4.138410089528686
13.208618264946075
2.9355796003428134
10.395297795054478
7.935694973907335
13.938310339263488
2.9163825118661575
-3.671727051774358
6.019371132408855
8.314970431913487
1.4900662769332396
2.1401776464593953
5.415068509581696
5.57565324508893
3.137879449623298
7.480323729257966
7.010613373975824
5.683579398212896
4.983211554329774
5.969960553272224
3.2653293032147648
3.891328179913771
9.838134502377725
13.0113525525217
8.396615181444945
7.83782659714508
4.065293146470632
1.9991034646922037
0.3548057255329109
16.529757198987525
9.864395910898486
8.866482988977749
0.4835075042182604
13.487040728035886
10.47234592293437
6.1222796942432955
5.782147256317789
-2.3109995171891047
4.82230178261921
6.23466824564942
0.0040890990429032215
12.058522346436833
9.5976135207587
5.814799254571948
8.280048945696272
2.369461377265414
4.144667655044742
2.030975670165477
15.204913867144167
-1.0433044951304442
8.611897503568498
12.041484895354362
3.9929800153925803
2.0098340569853845
13.422921812397743
5.477811229660476
1.1909100917426505
-5.235311878322964
-6.088992755480559
2.539164293158351
3.757035967510712
1.399122449079182
-0.2080862519416904
11.937745604689098
6.147503534119624
-2.2071654288437994
12.337151226297003
4.231500005267987
5.228318876525585
4.951073469489538
1.3246035216683483
9.773013594318074
5.562216167654231
4.937402179283003
-2.412439691843927
