8.136414627630705
0.163649861175438
7.216234643733086
-5.473598406310062
14.133755578835004
2.631868390340383
8.761242600859308
18.297357334827165
8.611861495992848
7.991115022195348
7.594537007037559
1.5122647004545868
11.97081523143277
1.4885966288738626
3.1233467019795533
5.338233748212253
5.0958504350825455
4.361686872053697
2.539504091248739
1.86115346777693
-3.7623729510210744
7.613051188208441
11.406439239144127
1.2000153889232275
3.048643823344224
13.631140592510867
8.480379153982724
-0.9322537522178154
1.1802912965916068
3.7326861360820796
11.345191790655463
8.916570241745665
13.436121819394671
3.4554719144842374
0.34994545764884766
5.187513316607554
5.615694911993899
7.640759895748096
3.802031928299169
5.119779385518453
6.715482145424744
9.443981798274878
12.519627529986355
1.1708883733901079
8.307170361856786
6.2787817922996645
3.8139429206950357
1.5905058736291986
8.540181868485636
2.460404674734677
-0.5398311839249459
10.794129793001916
5.209744125445244
5.783891095756715
2.6043359656751663
12.025452606465882
1.6025062427606196
7.381364640019857
-7.36194799720837
4.07468749936714
1.5240708390601343
-2.1054575293523747
6.819016675148162
1.6824532845487639
-3.534264828360101
9.97394703113491
5.279451196517757
6.349503750899378
10.016143971647184
13.63053572527356
5.694161454267989
6.424459151466546
-0.8626113736960992
12.386574420275707
10.970625065164754
2.2956177156402253
12.01305053298341
8.508139662984785
0.9573055138817788
11.534026972411139
9.315917323265609
3.9090277619492353
13.394766441315683
-7.0086807020467194
8.716925356979784
7.073941845475806
10.077659932163868
12.251086711069613
9.24266062844703
0.9504794671874217
13.809469553570635
5.358824340911273
-1.3637353550585347
8.718443289337861
16.23778922002609
9.889171269825047
5.603433221355863
7.363748008911517
-2.952275130069662
5.218962870552035
6.1528524736970205
5.952318514628037
13.481931110470763
-2.751584334181482
5.217455414464267
16.054853497607244
11.530476574948462
6.0927553994884605
-0.850622131114525
14.859145261556144
3.5926534333814555
5.076287883292229
8.785048481767788
3.741187749068521
9.53638539835433
4.085312814403782
11.378517048435752
4.977698873449292
21.927976109966743
3.394532889018538
12.913701747191464
0.02042059221595416
2.7174030475889746
10.625285755507296
12.25377676897572
11.520021367675911
11.465083721959445
9.927673848928883
10.044705246357804
8.444905134298356
8.98261452361637
0.6920782750285293
12.324013535153043
7.458628424329504
3.8153454284114425
5.021033207035263
3.061533190557923
3.019820023063258
5.39364149938843
11.152901871840145
19.009924987539968
-5.083580093114767
0.22110233417703906
-6.633495477671474
5.266245237232082
6.280739931749318
6.144332500070545
8.021145434708163
17.812235101506715
10.694812531857075
10.638316314834817
10.310326061067002
7.1343849014962215
0.18568269443838314
10.281011864810406
5.45510864289496
4.1623732009779015
8.247485675156033
9.727801199253602
4.727087126431159
-1.3326073142957027
18.81934004778568
10.476515159334188
1.6346133685077628
9.167043010307701
0.8882184890849967
4.665518538394785
6.2568483953612
2.1527448163398013
-4.119258094273233
15.592744648571504
3.8392223831189254
10.83878271429769
10.13053176815173
11.186829870463397
16.719460135236694
1.5004936734210368
9.134062293169027
2.5814874248299575
5.858659743325578
0.3039268524695755
-1.7543491949400494
2.171945577848026
-3.8398020566036557
-5.827244365163388
10.126700339758056
1.4624596660327516
18.0484833214118
-0.7800989494963391
11.276030468804883
12.467576841984137
5.226812332136861
8.001935022314747
4.410453501026244
14.035324243107837
9.648914562099101
7.922248448307673
3.0566838004557746
9.1073685978842
14.030989432944832
5.6422566634973315
-2.0268490294573613
10.973730156070307
8.326932904543774
-0.5061506130589999
11.30444126777186
7.037935603748723
12.059582786745214
-4.01088270038529
2.177529933852587
15.101172735158045
10.19082295577728
7.360396949401749
0.8092440139062891
5.038739931164938
10.401193942368838
17.88468129465336
1.2261120421955427
12.825188039697984
1.7305547556417133
3.3566110454668556
15.617203884088893
15.131587117536647
5.339323005756131
7.148142123436633
9.752219367992657
2.926868896192218
12.687700388254683
10.219447030187325
8.939682404548646
0.9155431470222721
-4.3344856031571855
8.383598517345616
6.669144848975072
10.237197253213495
5.263532656282073
17.226577357074255
8.37459160611611
2.4197825472769736
4.924953949911188
1.1769236073856053
8.71532904246421
-2.670242363154708
1.0856939424097858
-11.335394016503429
7.861599266632254
8.739097509786202
20.73274445264748
11.270436503571286
5.930737238561789
-3.0048365161865327
0.26303927407848526
-3.2489936421538594
-7.58996385096782
11.864205847140898
10.99277630460618
0.5667223919180948
3.1019429174357946
9.289647646347664
7.848681984012332
-0.6066047186560146
12.917897277844345
-5.250945027097833
-4.640643549492559
-2.825409600822267
4.509080988775313
8.556368287683297
1.5741043840145625
6.5415817519715125
16.762518015549272
13.107381592815226
3.325725103985002
9.100063384954366
7.5084038069457915
7.605646959489801
2.3330941022075695
9.182087889961082
11.514988404074565
11.404550583660482
-0.3759081975896743
7.841254812854306
8.09545830177856
13.44285547953313
-5.824326096131399
12.663857447715248
10.281008275252411
1.4874938072946602
9.444678285244787
5.784658587077586
8.423805697765232
0.15972524107360542
3.5375362017882788
19.963208593508686
11.655509315047837
6.164566074214249
10.855423095248039
0.4624886117256404
3.8348943680523964
1.127151751889408
11.843158137198273
4.148565075705735
10.288574720583394
-0.07591924783841275
4.90829532760481
6.137814593081834
6.477829800292717
6.139184791523266
15.105743413480436
7.28412347741096
2.698965148210487
9.360976646675837
-7.409360710529725
9.617648694176566
10.41813495813723
4.0270891920912035
9.229584194035708
0.13738757216801556
13.13529049922217
6.260150572963426
9.120861772058667
6.7638851410562495
7.618254430662654
2.228883549018471
-0.2788762744819291
5.035969981598721
12.196552614052571
2.1207174981986534
1.1967805389446893
19.0346626671528
4.481248677685918
9.111302150006757
0.9038228267649142
5.467447847464642
8.598061735577117
5.043731635918556
11.290046462683515
7.802867401205974
6.151647553041524
19.353180121875468
11.742409697992088
-1.0885009172211877
0.535201778328048
11.649841362223437
9.773047214995218
6.223652812369305
11.137176529261815
5.874278000786725
8.36622535309388
5.08636266062444
5.255688778640655
9.94723233642238
-2.4687243703090953
18.76909774254765
10.937393020641029
8.53161493076043
6.713431935750107
6.093015030118481
-1.4101201755960933
4.354334878095469
4.452633174424505
0.41261217591282406
3.223526244073025
7.546208498226007
7.093673841717255
6.316204022598139
7.21014292969582
7.60117120846343
6.867999409852473
5.058110548796328
-7.183409036638217
-0.17868852512748923
5.3785640207923695
18.03680591226042
-9.260399207828742
1.2703872932570377
4.768181776429893
-0.19639026071295618
6.004875184413993
3.896880636034002
-1.5079719740561348
10.715830893428654
3.8601713388497565
-3.9106934627857797
3.570107861320437
5.61474655981197
5.672256693999209
20.196967580474926
7.1846759701013685
11.058931572478748
-3.492112497241557
12.33556624029097
14.379466632318664
6.720858913559896
13.45795814199274
8.696589653336073
9.206896046354887
-5.3835684969757445
17.049206696890266
5.192707005549419
2.0059716671435703
12.048947077168933
4.4567050407114275
3.9395895897834725
-7.449286138044588
3.388673311665733
6.998957626757814
4.414824341160554
15.540531087923178
-3.810087311819691
-6.393081345441052
8.857340166268882
8.87809695090754
12.794648267328672
1.8259457339330512
11.085073863846743
6.760418276349926
15.035959845588332
24.17783581596378
2.0155405964524067
7.0976282651608065
1.2484908232023084
7.205340454300471
11.164646571985386
18.17789329448506
10.632066385523355
11.139372610875522
10.984067580568059
7.149458767172418
8.59587310738378
4.981935364793893
4.420156910041991
6.5767910447794575
13.296748097066303
4.223434795155415
5.922283685226571
5.5591350358750145
17.20452399940448
-1.1550746228183897
3.1799381809148093
16.942283663534255
5.6017970854873935
0.7405769163463098
11.99642865675133
2.060047511489144
-0.04799739379855428
5.562294822277396
1.1171405166067743
12.705195767072343
8.300591004509231
14.298800936107005
7.2295652427402235
11.234834672651367
3.8129999981160667
5.409705320717486
-1.0910643819899324
12.931652043425387
4.406776592995234
7.32663478977327
9.656371737986547
9.510679341399076
12.03289681338172
17.35578934431666
2.2499683150586884
14.565408696324628
4.400193206807868
-0.4273038978056176
13.175057908918141
4.550409569983992
6.892380436240217
3.03859522061024
19.2437724369327
7.950368721852773
4.285119686673996
0.9792742519077162
20.75099091657159
1.4718796442879123
5.591548212382232
8.610600206982898
8.961409092906921
-6.188299529118398
4.498501422122672
3.0301563915208067
4.34400633517992
-0.7571621155933927
-3.572674317710103
3.651124012505845
-1.0451044756030408
9.299316336395274
7.592440207232673
13.580819268082378
3.262582211632352
12.411409420202723
10.889883975475662
4.79556209145043
9.488980412030937
14.670463805041209
10.429024130981166
8.98359504801586
16.519845631996915
12.727168918865464
4.356747653945652
6.5379291698614885
12.429827769754962
-8.021945622060311
14.09631103283769
4.751789351819648
-7.12804058686247
11.054693735560395
1.8727620285178475
-4.497937157894029
9.73580798453056
-2.5664970150167097
2.057256041842081
-0.8469728193464663
4.040787837374136
2.719557180371301
4.271834010490702
13.175443751114816
17.188423936980392
6.250024485596712
5.959893948589777
8.580938842740725
6.816693125382203
-4.260138355570007
6.114338586502988
10.453116651359963
6.368464023303252
7.098495962859701
15.420413490058753
3.1676850151837472
6.509130602444337
14.123906781379798
9.451248053908417
9.574776869720985
2.0341063041854843
11.346567248171548
3.0035856568217922
8.17837989208319
8.51156592735996
-0.13337072352059476
14.26568522572003
5.38970046988077
5.707763317257309
-1.545375726813261
10.716199760789706
-2.377694485888604
11.627060433316224
4.10728833260251
3.1426980945722365
-1.7128769107062398
6.50881958657888
14.066787202754838
-1.570802776239229
-0.6079195903336956
4.8792790400758665
3.2804354758316707
8.440724041076393
4.929314696162205
5.599834168758516
6.369765169516449
9.702159626586107
5.579668485204971
5.84641915246526
13.926009324075508
10.402099146748508
3.2495054596128337
21.710366656185542
-2.0263312265571614
11.641098823239624
4.438570610079399
13.623024091157571
-0.42007566851535394
-1.9753469347973995
12.187720158862374
7.7866533300921414
-0.9832562953741428
13.265059812813753
1.0600005019286138
1.4789491817557412
12.277544172443395
11.640731009245078
-2.5702442010993334
5.851381573600277
2.5382238810186606
5.78750488777961
9.299185251448478
5.5209136801530665
6.360110887184471
-0.20012507046417394
1.9024698329883165
0.4113915155420571
3.7751973157107326
9.604495477317787
12.798235570925335
1.1113013792605368
10.894244100763881
0.9305898538402921
9.734366097516187
11.038128212127223
1.0658464301354842
10.98028834563629
10.104549857931222
4.539232418025355
3.847448408598821
2.7627435603677366
0.9896699421925081
-7.37656089593324
7.633671072346029
2.944533923451433
1.4155536324710702
-0.8039341012414578
2.4033243761011187
2.703379750109423
1.9101351019591215
0.9547427428682385
3.5254935891792574
4.666292346318706
0.38511428455128716
2.2865153463546237
10.02106611057582
8.89001293420655
13.251619914927351
8.946718341129806
10.120319030147805
5.202779399936002
12.942441544888368
11.65005441996651
10.967658338676937
10.567789044943078
3.096883128991866
3.4554690570195845
7.441269284604303
-3.848494962135449
8.52904228413008
1.284254795055177
-2.4669362509742214
6.655527114017521
-0.7333407201153141
19.511443159549536
2.8669945356385984
-4.872613388334498
1.7306914929091786
8.379675088085621
-1.893652913223904
7.421354466803272
12.595539877052296
4.857123694772339
5.486599040462345
6.961374997641552
9.420956380457469
4.872966280772159
1.6527908815670704
9.12158687283342
-0.5043150549209425
-1.481577740637115
-1.2473733665500957
-1.8681027388803981
11.154159510837843
-0.8107868994300391
2.184145143535276
9.827949973486955
0.9860115359009818
-0.3475432900134159
22.12424879887644
11.483292046953608
-1.579736449481599
5.606493380238583
8.71889372648976
13.516341436670633
2.251216974160935
-4.839734768943098
2.282867268483771
11.1993533375573
8.885453717339578
5.554858585140394
10.914389304270802
6.643322463027842
11.622982431290147
3.0386876525888677
4.878828557263183
4.342136003676268
5.671797601153207
-0.8128526463039458
11.570207534735221
0.15058909537270448
17.52218188089987
6.894256914586508
5.1670890955892
1.4983575409918926
5.595304697227842
0.753197576101825
8.668644295618643
9.049305312076953
-2.544943491289052
5.860412239230706
6.4700158751338535
17.629674368399073
8.266758309016621
-1.3493439280555073
8.149063425641383
3.573057466931025
4.88100038133804
7.232676291530391
5.613176721252981
9.443078048746496
-6.018395542332604
9.339125227110056
2.1179343001339035
0.9040621929458386
7.282521687269087
15.296260069282198
6.1714460501381625
6.881906717002547
15.101995366721923
6.446102325875094
1.1624705446202404
12.745640961755917
6.956687145438158
11.001571769411672
-2.5939891972807807
-1.0085077892109977
12.882344672321949
3.492758969680528
18.73013554752952
10.816105111669186
5.851379405729428
12.297644316170008
15.098114213082168
5.289270610816378
3.662526167575623
3.8085673906691815
10.606934695556884
9.931413766648664
8.791554040574725
6.833904710186185
14.789029130142072
9.004107588321155
0.8998672019194407
12.297981775617215
15.467306778140859
6.934212306237453
-1.7607091231010905
7.3375883126078065
6.320479408835768
13.234275226562268
-1.4303739824820836
0.7763220328825025
6.888946582691606
15.119641044368565
-7.936679487966488
4.509270786549534
17.590841528280087
5.368340462255929
10.6979801575235
8.108851951405219
8.118123837822518
9.11071411961995
-1.7632594167333426
13.37954965352726
0.7636443412584644
-6.540549490949962
3.4783449315538237
0.14599517318832866
12.210018254485533
8.104574174968011
14.0927964533468
16.44348527007034
14.536354939471737
3.483703780167189
11.049616286704346
7.1318607273523345
7.737296564469467
2.7886288424817205
10.199044832515847
6.81104344435389
9.554759470783338
1.3917038272016642
1.3767050974031365
5.775429335584089
4.372113627083376
8.094696255666776
11.334075612023149
10.656080096837213
8.120443116793316
5.99504615566361
9.87341633702442
8.884513986002666
4.95337010129578
-4.898568694368139
1.0194178821951434
5.242905120225136
4.921594464973877
7.039042307209497
12.839048859117295
11.982573784035306
13.486686510078101
-6.013495495438212
0.22607176708043575
8.447469924233086
13.042745649429866
5.9965384603717045
12.412682917599762
-6.4977049704266285
2.0945965930190353
8.431064732459857
17.86629082802708
2.0005897573002795
1.0578115127244967
-3.7112801807861615
12.974205107139177
10.387017982471244
6.403106304125479
2.2205907382926595
4.452368263256415
10.438443338046966
11.316982214706897
6.7943893217813
8.126158845009428
15.504354712191345
6.03756204223141
12.90153086612137
7.890688557582491
11.836484315761588
-3.4129847843033048
5.870242478089542
8.078537907129268
6.664801103243939
3.8358843987213866
9.42202166110141
6.681970253673547
7.830831801857303
19.49852775304603
3.7037404577515716
6.7939906749878824
0.01357709557758291
1.4576217930993973
7.32337244975143
11.46002053817511
5.482904547755074
-4.547411547282177
-2.5141691107344037
3.738866514678446
4.879220283067729
9.495561056402153
6.13602558744396
4.3432730974789315
4.412597854141854
9.606626834191356
-0.498986690881714
-4.965369719055673
13.855289287324457
-3.0943970762335677
-0.3286831454995518
1.7963654427677715
6.035967666045497
8.110915417026645
15.876260279485509
5.8079424642927435
0.3071720513492515
9.946850076891964
3.531092459125688
9.621732122586966
4.90256721007451
7.042080638628116
9.532203074594328
7.488998456214516
1.714011108803792
8.689688252444245
16.635592752435194
-3.1411856222693633
8.627066345486119
-1.9614110813053278
-0.12828193694904577
1.291389279157456
0.10202389866323713
3.1733887620271117
5.653467423527798
-0.8075226874682162
1.263617843068273
10.764189031987618
3.7697510866507646
-2.8498124559405937
12.582313752953048
2.427424099007965
15.101429413112989
1.9960726118719219
-3.7163316112908653
-8.281272627129997
17.60078049997331
1.3978125142351425
9.014804391064759
-4.658583452924111
6.599466489198203
7.76068295112674
3.15520812085821
6.032886117913211
5.748580335061113
12.60360961510936
0.8615473236792459
4.697881103923014
4.498324961270732
-4.824267364636045
0.7626628425096413
0.39803509026705797
-0.3878251960424892
15.851738884257069
0.5938795303364595
7.725964860122338
2.9364679989060534
4.407065328732163
2.731627179095478
0.6508247868964343
9.173386153040525
3.718844153559861
10.243662304557915
4.569475411446736
5.690493111741826
4.834601169677459
2.9568552404953015
6.686237877295661
11.234949258925237
6.8478521719572845
-2.7201048218438597
-1.2153135729475002
3.5974732800062594
-2.598550558587501
-0.5131371645047977
12.456537903631078
6.8146426992218005
11.770129496126302
9.158078882785892
8.792428218634452
7.887241140079304
-4.895953891331212
1.3303131001810478
2.2045115518246696
6.240049939410067
4.811998216303348
9.053509151193818
-9.106759870598765
11.98477594794104
3.747499910618251
6.8393767985679865
-2.1882289704427293
-3.4095898938880147
8.203768184835013
4.2950737953493165
7.801204218806797
5.856804165452392
-0.39454779754496183
6.657708520288541
10.606888365952255
14.499462798137774
4.1672918422214735
-6.355772131762539
10.320163092212772
2.4917834195374353
10.27780801711939
18.556713561979215
-1.1320595720905162
8.065312378121298
7.683401380259896
-1.837639909437116
3.162903778810068
-0.41900084530435855
-0.9731362116094875
12.345545317874407
3.8480081876593286
9.554629493556655
5.9045172312222185
-3.2311924219448667
1.3415756906548557
-1.114823055440283
-2.8749442120465076
8.282898599939402
8.882979989798965
-2.8105954494848113
10.121016550139863
3.941318124075154
-3.172667422289889
-0.4411992281475907
18.132695667164548
19.220013319700058
7.684746059689628
-10.348598979562727
6.34771592118407
5.148389086545374
-4.16042470781484
14.746560610998575
7.149265773085653
5.997180607832851
-5.0235977260028335
2.4030633180934498
5.344977903922299
4.1389294946145085
4.530001627202791
11.76206857359573
0.41266727759952015
9.131308178821431
10.881553897657604
