4.129335002557166
5.319378126616238
3.747586556885956
0.3513488593291756
9.783337443102496
-3.34333038578502
10.95812084682373
11.073564058913444
5.61403348639644
7.724994482759662
9.738880314667338
2.813097326168098
-2.168608893274649
4.248974641131103
3.643311486978102
6.689773946502412
-6.31532581488417
2.6313076556382984
2.941640803447143
-2.22757111688629
-1.1884916320561203
3.3536520186205117
7.627039221996636
1.1894734652002308
-2.0624300853271746
-1.9726392779978346
12.156485750273744
6.2902686784154
-8.396750261816385
7.880930831068806
-3.7641852916622547
12.463109396599059
-0.46801814083751303
1.9160551839556481
3.2654169995257583
5.801709540449735
8.959859023679963
5.4924176381061045
13.304653662694866
6.485884098122995
4.993611947584641
9.847230608585868
3.323585098494265
11.500959110157046
8.83104516850658
4.375196913851566
3.792357962680315
-4.226303386245881
0.3916899167105803
9.206157547085112
13.412507407206148
9.213431195020856
6.676263907951498
7.0046986316171855
6.159397076724849
4.642212206005376
4.82606876570649
3.9145084233059575
5.126434668318429
2.5841937421869163
-1.972326248435576
4.750302388658397
-4.411153206911969
3.0506036395538185
3.5845460813828107
-2.921011170369961
3.83174957950252
6.876249383690138
7.706663678812231
10.844234773760817
5.538627309602028
5.850959655145733
-7.444391470055686
4.594014320375872
3.045058792020661
5.405011963638452
12.801465923980032
7.318786096603506
-2.1391534624119304
8.406365848340993
10.334670064018946
10.432859009888652
-1.0815877263680171
3.7237641861462047
17.152811809331517
-1.426386043668658
3.438680388693714
8.686628770139748
10.022479658548695
-2.476584647718518
0.7101649704828805
-1.2891728323364893
-1.5260742620118206
-5.140562800786057
0.8023126028139806
8.784682892964383
11.8229582884445
9.332418003163191
2.940842620600996
1.9537738123719577
-3.0292303866308687
0.10044741566859638
0.44602075257928187
9.569973694126137
4.416007043686459
13.034941782215514
4.404229663141313
0.1784381622250546
0.09440184257676076
4.406249883579076
11.738672285171878
1.8773870824094656
0.27099169025401526
-0.24606521953085592
11.881979046937246
10.038920841448132
10.318971803973389
8.816116516042001
1.7829445301128377
1.4288341072694704
3.119096185767132
19.782462366170144
7.548759197409661
15.592561635147593
11.35641330680281
13.387729047232922
1.2445901085384792
11.312529589252573
6.275162742891764
1.7551679722334006
1.5840394925458479
-3.993877281643332
-0.2615798760353787
1.053728835267901
1.0158580078517314
5.916085497627298
15.2758372204919
-0.2123547781604911
1.6600884639038833
4.414196015731766
7.587934080952387
3.502696598929097
5.580525978853354
8.099458858999464
6.880062353613427
1.7531153921167144
9.355936308303052
15.47733685086031
10.530881018430591
5.9722122127290325
2.455738093104874
5.99501959253533
5.3578535801509375
-4.624806868771606
5.4164902100952075
4.941379810957885
2.0962244999513806
1.910250981356656
13.252606822615416
-2.611697372139253
7.681231550079702
7.387899544580741
5.698113398889273
5.338611970419711
7.46642507872035
2.3327075544365408
12.14329303592423
2.224601091569616
14.8651948300977
2.0925930143721887
3.4058560172889503
7.586489699319587
5.743067876163781
16.406516695027225
-2.8354059793869677
-3.948947400609531
7.0502364613043795
10.686372158403607
-2.5020846429787564
3.1737266123965986
13.170272173043669
1.0157581506442614
-2.7330179367578182
8.305364396786963
7.744724168885368
4.519780660070669
7.349731859281004
1.267083040800883
-3.3503639656312636
9.83812275108184
-6.056049090232298
8.621074703232066
15.374368145021652
-1.9964354133261955
1.9823074415367499
4.764842077449114
3.883581232621931
1.379679597958975
2.1069605709161214
2.223667886828969
12.112231582647091
-5.199515404076017
3.4006702922548544
9.159024354430123
11.396676833233133
3.20940265833243
10.050972307704246
6.9851161764081535
20.354821514241678
8.807862103210152
3.4699241795261897
-0.883771429315166
5.024148754268121
10.60004773152206
11.388050428756708
0.3870866741506238
3.0996230720780176
21.34635278900695
4.491483063002056
8.396614259245693
10.815125900946843
1.0307837593363662
10.79258531528907
11.802754208602611
8.875671042973547
3.259475443564116
12.184159508736073
8.668379765304095
2.4941517878265884
2.350136869517195
11.834750861220282
0.8905528122722544
18.472611855670543
1.7220159947907714
8.959384189961956
7.228541838582568
10.828239091473986
3.524664566266914
5.4303903983212995
13.30765273781719
3.83815616439436
11.685043821551627
-0.17784610853845972
1.5060667609080753
7.844668685451129
1.6269059409698308
-1.4186368820994284
10.59881524154816
4.868356450742896
2.1872460499079978
10.21983358765311
0.08435196744688067
8.719850140434689
-1.8286110475948352
7.6340556177315
-0.784521587792181
9.455817559435442
10.140235030620335
6.644266562769753
0.4249439429287003
7.910214194671561
10.34798861913427
5.725922783264785
-5.5847845924793695
-1.139864411929313
2.2318949919291695
8.224214195977977
5.423716238754514
6.872516780297229
7.034158213060497
17.295335149122252
-7.690380188094606
10.26924846337179
5.0985184188052255
4.874403329283101
4.681120490210298
7.434448065027115
5.000160238236824
6.6553999380262585
4.466375501811888
5.76810197868858
5.584390492156362
7.468826613797001
0.46091213036163925
5.560440476520877
-1.261649795781393
-1.4674941717651562
13.418656547268714
0.47833515670603877
3.23714124767751
10.546261528073515
9.672981819691653
7.804801519778206
-3.5048908846085673
13.700660644554333
5.38922974311136
5.20449346232948
7.343352003895782
-5.745723647125331
12.36626806462293
1.8472199712450221
3.9248412532885872
3.2714981423415384
-2.039001463329945
7.5701626495685135
8.554244440843181
5.918061816057893
4.515414592492004
0.4342808256672228
4.330683372095548
1.3251547560179713
0.5702800167741966
1.1616831963368828
-8.765389556773652
2.082769037461827
3.6705101568283656
2.3892666655797017
8.367290560585765
-4.473556187300437
5.714397919040707
7.278318128212309
7.350134331927766
9.665895698357662
0.16700988165782427
18.57826749553736
18.514285199597907
17.322141304557153
10.458245489282387
-4.344535211362517
3.369462671864335
3.716133139690881
12.534699721681521
0.148259436456605
10.995106908566294
5.462597662175368
-0.3478022495160631
9.288544675113553
6.427142023808508
6.409057452377607
8.222844415814585
-2.4805305382375016
4.735601663655309
-1.4962932606312993
5.69017819084098
5.883150582870035
8.40666908580589
1.1910218737007598
4.017994194390884
6.261718588171705
5.113930537521195
1.1615158988266145
6.698134934858488
-0.55163268423569
-10.057991287068987
4.6109844144491055
9.350479577994328
1.857654142497644
3.8614012096922483
5.280880150617584
0.9955211716560051
6.948212207409854
2.662099978599908
13.160163498588258
0.6603546425703035
4.5479569048149475
-2.8887765630520423
11.828041141076257
2.514187243334009
10.126247656589918
-4.43086102107792
3.1719938032839616
7.757735073766412
-7.30393422661183
5.199425863132353
8.70645353601149
17.247421769546268
-1.4488194146550226
6.429008434007043
5.51321565127332
5.289846468467938
0.7897749739573063
4.012153608998634
11.985104790688293
2.464075035665587
4.251252720939165
5.409124283395155
5.954030687950913
11.599692066587618
-4.27726655694587
1.2179818606939454
0.061144030814269
6.901974726454365
5.534801800088855
-0.4706500396068276
14.4829531943891
-0.511582453505107
-1.4013721301725477
6.706359225927143
10.703020522890231
2.805215667427733
-0.9540730009512943
1.9194212097421393
-7.959572913875407
9.53942423430995
2.955630552752072
-4.9567856466078934
-2.9728262610364524
9.36222280961183
11.976654396237636
4.051444967338808
5.8812238695863925
9.22042537322566
11.09589093250883
10.670519431809929
12.89362216692717
9.473585949932422
6.360469892811621
11.683211723607688
-0.4452693615409373
4.707640297571933
11.343979328300577
6.706832707692081
10.596277011070818
-5.592612706488852
-1.069510462981727
7.8612845522164845
5.832705006892091
9.229824566626267
-1.5357644857619341
9.340406816656063
6.663817498363349
-0.521457252569399
6.784209007291771
15.69663693439681
1.0645478126805195
10.950402347538134
5.991733611937956
-3.3943484430924933
6.9513998464172015
1.9413442679586814
-1.1380596553114746
-2.454252797540436
-7.194772843584957
5.504754612433215
-3.638446033211424
-5.633487232543592
3.606774472478937
1.7795500674740987
7.104759910754195
9.426605719508489
9.571392412731091
6.843343137064493
8.33995673634808
5.906671683194727
0.6397408691314665
8.613194669608955
2.938277233308216
5.530143956487915
3.221106717279159
5.598740963998964
6.388839460734713
1.9777898961317293
-5.6274132592463655
3.548412774427238
3.5953176171677033
6.719201458599591
-2.2809044301252195
9.498065764966352
11.460969026563898
11.40712916069875
9.371132366096923
13.135827133288547
4.132313442617985
3.8335164514518905
4.062424689857968
8.523295720110248
3.13627946346079
-2.440814208032821
-3.357882186400529
6.0187673217710245
0.8157540606834948
-1.0189874330470383
-1.5284915737228264
0.6954377470657063
2.480314428764789
0.43235105751643754
9.039512540361894
5.2873703618983505
3.517863787752933
7.437364960379264
0.541946839351608
2.6381268419126656
1.5851836748037051
1.1915863392759514
7.6846965411394725
-2.1893427421741
6.247829037172059
12.455241014820135
6.321554103417501
4.40392032555681
9.744155905886013
7.127558801232901
6.866570590485149
1.1346993397809693
-2.166152960774557
8.580036415019894
8.248668478724875
6.4050513462752185
5.122655816634916
11.996938205119353
8.795558035049138
0.21631723951281634
2.970642805351549
-0.590514319060321
3.5329781709115116
-5.035770545690024
-7.979339466472487
16.811599643025495
9.262450676703416
19.225097314876244
9.14542245429682
-1.3444032881803052
2.1029628300447083
10.093979792653377
-0.9975356618105149
1.7354167820850899
5.679971684125309
3.398575958123117
18.154136623229256
2.7724992107342485
-0.3063174413595213
9.696461722611092
-1.5017491892549675
3.407126839640658
1.2649830851009316
10.621947579397336
7.564345624564263
1.3996460168892044
-2.2081782047021443
0.7503853993739789
2.781126976096159
-0.6447465213266748
6.586451276852585
7.719187919451064
4.98470086810354
1.244758539988104
14.06340557548681
2.027348467558329
4.3290643399849875
7.363498024760256
3.1018140362316466
-0.9037928378210562
2.273954981614238
9.123023496124354
13.47947165497801
17.61135100912684
13.997328069548779
2.5374565790877166
13.12171940157982
14.6269779175697
13.866127264389625
12.370438201579669
8.117172533269176
16.09051108461275
0.855604368444661
14.302797759509508
3.1121328460477904
4.319463311166192
-10.877270089982654
20.474371347503755
1.7743616581143673
6.689975363176099
-2.585291243488469
10.043687625123738
5.028111817595276
2.7351108337351686
3.2328200567827428
4.232692057738424
4.5788179960335444
1.4467486641822207
-3.462404648184836
2.349020127322411
2.6092297639268605
7.754237998317035
12.32840964403952
-6.36882823080183
0.9784293500279722
10.021166325779
8.783617588165901
2.005304379837875
6.702582010187364
0.09321478850942899
13.711468467086426
9.19799196831701
0.2494328220410975
6.071048590587983
-0.3038969174067674
6.547843572332887
8.252672252526253
-2.7752233844121896
4.902556429014343
12.62831591258288
-2.8222021041762098
7.973213486403793
7.862856533307569
5.360483353917539
8.313510502219982
-3.2665035953407475
2.389150486778587
5.706408337066118
7.920569809118052
5.2731293623721305
14.010239410320127
6.634941762031601
3.38304188429644
7.665053140449791
5.322225463913013
2.756148651508195
0.19450036128587334
2.4026442707843976
3.135184246658625
8.861947224207082
11.79274311376193
6.382620376164809
6.399322083153571
1.0746161368848632
7.310843108492895
8.829273256190241
3.4951115077552695
-2.721578452082401
6.254033745754997
7.289221231399905
5.9572801782330576
13.952123974505025
10.325369528934775
14.513749884892379
0.6525993816532596
3.371318196098604
4.230323634857681
15.691550355108316
5.957091128068745
11.544454831400486
14.225504681548498
0.2029301591004371
0.30288407184520194
12.490288165729257
11.861320995536614
-2.9540004062954823
5.782991305652903
1.6703555514558146
1.50421475074856
1.088981939971061
6.422214118334763
-0.11541711988956216
18.510452575790076
-3.933737544263999
6.819162886557978
-0.7926501388327498
0.5597509124406912
0.08053551274705972
-3.832050463712248
11.694397684750752
8.147791755301784
0.3438172207821131
10.785839595274858
3.168010061100608
9.674396351540029
4.10730535960919
5.219642313746844
9.306568953248297
7.91110151087949
8.910491104390648
6.59811726422019
7.395259660738
-1.5781592899194674
1.8789848724658857
10.681746425498364
3.3475295397223066
8.822799441547353
6.290781841360667
1.8981143335665984
0.6024836229492889
3.735165704518673
-2.7826836065565184
6.9926969097901015
4.376060981695502
12.533554574959078
4.5467610783168775
7.98633995963045
8.500110959475021
5.706423162620055
2.2033777730740525
-1.3404705014718168
8.924891264134288
0.8732317587394203
0.7765463735013225
-6.8318161202266445
9.035835623982567
6.451907224925504
3.7201642875146272
0.9711456228000186
4.38920093907995
-0.6487501096734638
13.822099025723759
4.7609121880724405
5.67866072253492
6.92678438625352
10.838824683953519
7.942927727382026
7.944352582099375
9.367815245817257
-0.13464818591249728
-1.0131512161366647
9.30255313066681
10.383447139325519
7.996509834137491
6.808451563604475
-1.5379396238091614
12.21961801823128
-1.708359425531178
2.1583375447945534
1.7137601437671606
3.053546122308138
12.605001750805195
0.7197739989741812
15.172851579519254
11.020123852054763
8.36649968371127
1.4971872509052648
0.10031460451865293
1.787084169743363
0.11314800066107145
1.510335237997618
2.8902075653735695
4.663415905581748
-0.42659249548891065
4.812031028214706
7.1240719678320685
6.64743982690253
4.2810146751206135
-0.9251174161901101
0.8651122986159976
4.735850137434271
6.623715790610347
9.093614084929783
14.608547117473142
13.152421657659701
1.6240742788713405
16.08239108893458
3.550899816040912
-3.0256058652103075
12.075482260575491
4.21253912030186
9.575919789033339
4.115090391335803
-2.3901755559496642
3.22800369578997
2.4286022958714986
7.976241191860199
1.7351115390710232
8.787189408515838
9.218732639252895
14.102240217691826
12.842823797840666
14.992904619593283
11.22081987408143
13.53934591578118
8.248491954968554
3.8081540060006698
7.59276897169529
1.5808424187820784
3.3224317404279566
4.5580860972938515
11.581318724916903
3.4413306995248476
4.720374967235611
1.520714047553759
1.4713870808953464
7.266854581388132
-10.250652670973835
-1.7631144287737248
4.728344683696031
9.792024276263062
3.8677897092523144
3.277285908512524
8.091809279597602
13.315849190080936
8.00197823713523
19.39922078846084
-1.8313599937273084
14.81876456894068
1.2318991026876565
-2.714599127715754
3.2037440661776646
3.5879491740298652
17.298788900578483
-3.0825267547582538
10.136713522814592
3.3473672338310383
9.650252070731645
6.244815259392466
3.3031878561037864
3.413542860513476
3.1663564158772717
1.631929147325268
5.545898548280898
8.360110907457276
7.4486758537197755
19.244545723753895
14.37277553004925
6.167995146270138
2.4829342872520472
1.9417238362362408
-0.2054552485797485
-2.213659912586108
3.248201070537309
0.18659178775773588
17.453011234252095
6.437115774604286
9.26848112123999
8.858886967300007
0.8360542376432285
-0.49305963773837824
3.5378119713426877
-4.366311830903152
6.885309731104776
5.69584132170867
2.0577920980970754
6.191017043682115
-9.87283437676297
3.383386179803728
6.993410807040304
7.098469671733065
-1.6867810041952698
17.84851064514586
11.530977679907778
4.1304047492414
0.7939177569182236
10.750792767847049
9.529769174857023
5.741524800859076
0.9102164654499836
0.5647098782299675
2.10405689967279
5.608996006328836
12.699552234360468
4.516001897204426
9.91319571356875
-2.1378291469455624
-2.8291897187294524
2.4706530454358155
0.5903713393388008
2.987940313267637
4.5614304718825025
6.510774910057154
-0.40883271476414773
4.043421906555226
5.153623165823199
9.718480158545368
14.002766396783464
8.535457897602999
10.126377226299054
11.070184885670916
9.652842275736361
10.762194591076955
3.712621535453843
7.464317223474438
14.0494913258097
5.66506017050343
-1.0563908396954167
8.311716117182183
2.6444016782692077
2.7732566758542534
6.604601126420575
-2.393975714860524
4.803974790884575
1.124410273478892
9.380736558136542
-5.821378367144174
0.5996669022474208
1.796248152638511
2.734792258041021
-2.437767068807264
-0.13391216443908904
-5.223645542948519
13.546796120026224
9.598635539268823
8.612575108657834
2.303558541932077
8.572404923405582
5.852568037980683
-0.9273594539921777
9.27022569843659
-1.1497464545891711
3.4412422221858336
7.145929025077383
7.752884755752815
4.969691549990578
6.494893804564621
6.964791171831629
-2.0137351105152472
-7.297736141008629
10.988675770951065
9.071931195455969
-7.405187655168595
5.082254346244468
-1.2980266849476667
-1.5157997197698627
13.801939502052814
13.135515194995026
4.6854305928410085
2.22257668196241
-6.8184467870009815
-2.870697796131979
9.126476065459181
-0.21707917815634037
6.743110876640487
-6.033051942754501
-0.3368346518496761
3.7953749391315297
-2.9218048552288347
7.228013926263518
3.650881560600337
2.391824826641866
12.127256180259092
9.302964808012
8.214706956007298
4.455936157653611
11.28526734633465
8.241121537156058
17.3591544482276
5.333739339878538
5.723793937610787
-0.6231833912974061
-14.188595382188087
8.331098340485326
13.40949395336417
5.906340981560806
6.585175631376101
9.45389455941784
0.9269306389458656
1.2896249438808183
-0.2943213988686679
7.241075974952535
15.497347674675524
6.687870389080649
7.57379919181928
-0.0027333100805420063
-4.023116377213144
5.309720705963814
0.019819029132595478
9.129188059908
0.4582285771230614
-5.951323053532892
4.778917302513103
7.052442125341228
4.177758585127741
7.691438812215793
10.031219068595842
0.44967692056720754
4.035703432889959
9.79303435113481
1.1944246131438598
2.3663172021299457
-3.3601249926096095
15.868969885769054
1.3829973071062427
3.947506527148896
14.68865748876268
20.842996115281025
8.35416450696637
-6.470204386756931
-2.189743680811807
9.180415454035872
-5.7398157264546406
-3.7999032371393993
10.26783104293277
5.544938868213273
-3.1726016668752255
6.102523284741405
-4.141963077575159
2.672097641187808
14.325329752318861
8.124595771045882
8.951576634947843
4.516581103112471
0.1140140171565649
10.237403798591343
-2.1960047613278615
8.338644661369408
9.509965055437632
4.108276024588922
7.685907803078636
8.75771987491514
1.6825440102969287
3.7840057507730522
2.0628187982461466
3.0554397906896757
4.515751395689977
-2.5543588343302757
