-4.913929518337458
2.3123788373535117
5.748621603565115
8.360297594684313
12.232924105353629
6.87389210080609
8.219625963345841
-4.981436889251983
6.7285881989939105
1.010120079772875
4.5951808150943965
7.617452698783181
3.1243933031653928
7.819065864923815
-1.6817307272028073
7.048467701538015
-1.8732768612064152
5.6460375960449545
-2.948164441601479
4.59515948085023
-1.816533054768266
10.807749497829567
8.96599406521102
6.362032368642552
12.29765901756237
9.046458259171414
3.129083938139866
8.131728259073729
1.5501568034191644
-6.7739178119296835
-1.3916145748295978
10.659776469155185
-0.9067281561112033
4.484265472477004
3.7596225826914536
3.9486697602204943
5.3192841152635415
1.0473872886789604
3.670927755142199
18.753573223856193
-7.980872192385357
4.945199052854498
-1.1266131791387588
-6.205345438168111
5.147732358235219
-8.607592126942784
-0.2835731401766495
9.813308178740819
11.473321470382505
11.268699232009276
5.280807242633639
18.11916069116006
2.6373833654006837
8.703296265728778
10.420917344039134
5.46475105314625
8.162693950760413
-3.322410953936476
9.823763325343512
6.124459238962906
6.405433044931086
-0.2513084612005434
-1.6993384726886056
0.5579649624992342
7.415709466943715
1.107296980186593
3.0475224926950144
8.34128653194109
0.866418813321828
13.335328945816439
10.888932469018084
3.3151361564381365
-0.22477345754712985
1.1102984245321048
12.6045982287838
5.458760738627161
4.380303823087213
4.825249617226877
18.312520355241382
3.5714071158987366
4.15676424392114
17.992669255162127
6.912239298611669
7.950651261337104
2.451572142906786
7.826710525968489
5.579050369599516
10.014367470970857
12.324775733584346
10.562051310863026
4.799876449996606
8.833209800729886
5.907536879662141
4.487733440138882
2.966875014340621
6.930500155233818
10.23264821680152
13.443230452719
8.530068544563932
5.398670756603185
12.803647741093918
10.892386617075157
3.1979112621989056
7.958625194923344
2.056355028075899
-4.395952765812186
6.572281628399521
7.930318881749321
2.2972883813565894
1.6583687747969567
1.727061036715054
13.934694794731291
5.518098918686984
4.128661219831522
14.98577629613608
3.32829733645019
8.390771775781241
-1.733790126700363
11.306101815915834
2.0621975444494747
7.110572849493448
0.37947759786811197
13.196269882453585
10.22678344108716
-1.0545642907651995
8.152602545522116
3.908442502238511
5.135570356987312
2.8502791572463297
4.382110413600165
10.707245370348435
8.893278362104962
12.808634430330455
6.225912617596819
10.015090324483438
2.2018392657713126
7.33310603541265
3.550327509437964
1.9999687644581288
10.84801192368014
0.16984395977644695
6.68017825072229
0.22452398771676485
-4.133485632676107
12.631063131310889
11.543898496027907
6.176403471163376
-2.2759696136639764
-0.5122945689317246
7.163443682365762
5.244948039842929
1.8873975972163821
4.512089754256879
-2.2891260195762992
-10.292130496423724
3.758756072284513
14.888367506604554
3.3053223610158664
15.663387649203344
7.400271220342907
0.4952596562509335
8.984735173406362
6.803236043387749
6.29925490554602
5.1022354431435355
3.720282307000826
9.147422080333538
2.584930488994878
6.857791427120466
8.722829987385962
8.868288834743673
5.8413924053896995
4.218909906830675
10.107380420351806
18.544491820007707
2.646174035140071
17.81386971204907
5.112509822371205
2.1841935100010463
9.172553054266027
6.788624374156715
8.388604562706687
4.690078934665506
11.843428122074165
2.471617328249933
13.606279674354926
8.21630874578467
14.638695529796216
-4.066404173916153
6.655003972774142
3.7321776240366247
8.441391893526937
-10.861369641406384
1.5790520035963889
9.408816938733475
0.8077973097425861
0.08603924898576576
12.885349933742717
-0.8331201141801632
5.395733454273577
10.822966788955942
17.43705549161105
15.71249334664684
1.9246100322919304
7.258384521706644
4.877922375068618
16.358879011434837
1.940865675830369
2.7919905748064915
12.255485981901488
-2.2061896838758948
14.883193989910527
14.94372254019242
18.452757152611724
-1.7551095708093989
14.676871853096909
16.402935351540833
1.9896722448433461
-2.970329652527166
4.2681531403439035
10.55623808453919
-0.7750309593396665
9.09980516010483
4.885047292274753
-0.8367385086437427
6.8366803301826415
-2.591103823719079
8.82874156389575
9.728546818108498
5.272991557523062
-7.119266789346069
11.148474889214153
3.9468876153002155
-2.2164457109340585
4.767875539306928
3.895407784602821
-5.053811799261176
2.951071683432212
4.414196618107958
-1.0430691065957989
4.213320326386048
3.6599487683545573
9.01688966914358
11.912295143979321
4.991581346848766
-0.6009991852945591
18.860123686069773
7.869784491907129
0.6091432324994797
2.5123964527929155
-0.9012525559908893
-0.05910465132285658
-0.18204718685373145
8.829657468396505
17.221774099602385
-0.961383855794403
-2.705622682733779
-3.2176459242500677
3.6473504858081074
6.975136759083142
7.0636231131947955
6.339787352879345
-4.363932259415021
0.7129997163720674
1.466726760968883
6.97964793527301
6.477167441225375
2.134843232106314
7.566608820769627
-1.094345996766652
2.801452904353098
-1.4393891986013374
-3.5093966528838827
-0.30613020414010084
9.585953348397322
14.341833110725853
19.53657309424686
10.834135063151482
-0.10186838071648019
6.630975560707827
3.117695030830184
5.593038696868401
6.445529075950239
0.4484638789873179
-2.412518355706146
3.0297532700337575
8.184343709352337
9.980814993510972
15.154315738971704
-5.696210243228858
8.907669904769662
3.4868988024998333
1.1388709298203343
0.0589459735579112
-0.9228580878319086
-2.101436286677531
11.646643767475421
-1.7623368209742836
4.638466587570072
10.444545709903705
10.793942575531204
0.6897097309043287
2.66500526923674
1.1032877909015566
5.414308131124387
11.53273131711266
8.894793649571067
5.196627843806512
21.62257112756285
13.015703421128485
10.595384478466801
3.6622929130569393
8.720657933637138
3.1948062631367082
-3.7347870176149005
-1.3463507284980611
1.074604932551856
-1.4570535844736572
2.7695771791700614
5.927270145291993
8.452226477641005
-1.0413560834285738
10.778337719106455
1.287169634053548
6.453707780553827
9.78475456332313
-1.8881553579526624
2.224769653106388
2.855680516883231
-2.2271662703377135
13.607343044734579
13.744956657548043
1.5070520093104731
11.703298661483005
-2.858484944913041
-3.8426305544773633
11.557019949355073
7.7350801544826036
-2.351545833035093
6.688796169759337
14.549662918135596
15.943781997413398
15.205926678556507
4.766701165300722
7.040983846194191
8.396030503222676
14.618411046989733
2.9357801658000775
-0.038044581435182856
5.419374684754661
2.4340416780986227
3.4021946549748736
5.589472936953802
6.742734084575426
5.320756573957985
11.027322411966338
12.876058312086096
9.967089248923903
6.517737208152878
3.6501812491609718
5.966688383975571
2.146662293940455
9.019226298506716
-3.9109562628820207
10.4931011478114
11.850054186737022
-2.3661841011210747
0.8693219055373769
2.6521423282226806
-3.7358539793237284
12.455416900010192
-0.48236977890639565
1.920243366733171
4.284389200157532
10.426848013386875
16.263896242660348
9.771577177729394
15.961951767545537
-2.1846822652134747
11.70850718950226
3.974246291476201
8.680099774415208
9.963285635217597
-1.575071820170593
-0.4800813190744142
4.80835359174591
1.1166543262416742
5.992697025623175
1.0332224077261536
15.017671152225418
15.875274919485289
6.151383061179538
13.142157553697928
10.410977424648719
1.8032294317722775
5.3044556878156435
-2.3246777787120703
2.0598126842554265
14.008618090692265
13.342502565650577
10.47206940743623
1.1557807505171986
7.38838986568752
6.848227236611698
3.5494117369931604
1.4200256611471893
-0.3657855432556305
6.183760321835259
12.4713268964459
4.0266096420265916
12.68570494845165
9.833558137644909
2.549564275884917
-5.039462856934158
5.000183207071992
10.162755780292331
15.714726816394757
15.099609227113234
9.439890321120604
12.403014269406167
9.331103509788253
7.67030344177045
14.128613926021174
9.806793261458097
5.755613231589576
0.1849818203250546
9.551967293958123
7.0437117667814695
14.191867554854223
11.435858914411314
-2.1297523984734887
6.751424456338168
8.198520118843195
14.574340537319893
3.5936079008871773
19.934231952233255
-6.128588249197211
6.653560105472593
4.716135278208698
4.480859982885127
8.123175974810007
11.691051992655222
1.8666447984911052
1.0437107635049347
4.562922707616789
0.8613717819909512
-1.3108025759098387
0.8488559332981511
2.870642488792752
5.663868068884408
-1.3474309165067488
11.45839455670621
8.425530415600567
2.285523600399305
3.7261715885915074
1.5202390726395185
4.344988528561573
5.84499544151749
3.243180342715284
3.1562856708208114
-2.403322248924452
5.319045182110426
13.683710318947627
14.078892624702505
-3.560119769998959
3.539822726152453
6.583105587725873
3.2635498234231872
-0.9609070354903029
-3.747564375205604
-5.631058385956553
-4.084208720924401
13.569322927061727
-0.40492413554722084
0.6716736057094179
4.647912586113443
7.684024508924231
8.269978961940765
-8.90884656471819
9.46581020753357
4.533881668024557
4.061835669053175
9.990333426695432
11.885559446454213
7.942729169781911
0.5096383326815239
10.00592447134434
4.286909006814732
12.300998273884176
-6.805621937692868
12.584126117369445
0.10503046418827733
13.825685538046734
7.409364561137187
10.514946496817172
10.958336067048746
8.43447192142542
17.945157062858822
13.59118187110656
-2.4590879659272336
7.886047029741032
0.5509798055406288
2.9062250098232827
6.749298512831098
-2.2664160942128166
8.900586693636525
-8.100303246964039
2.7809022211569188
-2.508561881403242
6.601174236490439
-1.7214328341996605
7.71271908944618
3.156789000932677
15.26918219703648
5.6117081491774785
8.081704399502643
8.345222729516102
10.468391654960783
12.383498068402767
4.879865972661067
4.964395534497916
2.2478836794270545
0.6077166867795976
13.61449284296722
8.540544308913418
6.396762755023983
6.807989881403391
11.97639501886241
8.286418045948384
14.864708403161234
-4.262705902188417
16.058933667875927
-0.1563325780944984
7.957307505281918
13.324626557716943
-1.210689458254298
17.009145930172725
7.987279553457258
-5.422988312260468
10.611246547890868
12.332966504929416
-2.383805965577155
-1.9009421508848607
1.0457801328753797
-2.4565966842033813
1.0454553613213253
10.334648390048287
15.778313734637067
6.512932877669477
8.52984491902268
3.631675918753323
-4.099245227052046
2.5763759264217088
6.88671875329195
10.621792449853924
4.354586641785499
7.681900494372058
5.088253584084655
3.0665093531131284
0.6886365612555103
-1.2697722540877106
2.798108045333778
0.914667788978492
5.757078058630483
4.748865276968781
3.560548034155386
14.430007633651714
-3.221981472320893
4.669063544291862
6.845449462099528
13.649560511859898
10.035249595686949
-3.888488086506584
7.28456459434726
3.9684711073604872
7.823974516101073
14.143199827806026
8.373140188215054
10.221332574744611
5.860878377469714
6.039286585995967
3.3507137661827264
0.07183655146593004
6.667498107273272
4.28836078858368
3.498752544234377
4.390071478838798
5.645960637480407
8.51716156473245
8.971151239032052
2.6077928864219957
5.582792852274547
7.614815648618777
11.012783752579555
-4.1154816922871795
21.327363248148348
7.901766468322228
8.826246347012248
3.5969503500695468
13.079208431045284
3.583854561281166
7.799752106659886
14.726976066318286
8.004450383687566
2.961710764834643
13.17833886702584
5.402025316366412
15.208502774944572
3.345170205004601
8.489965726531322
5.924626537341674
3.616284094565514
8.449649398148113
6.261645439080399
9.153848972221638
11.557325631279188
4.020833447262608
6.773769467551834
10.08954945186425
0.4855489436432636
6.108161560542849
15.37406024150019
10.187040762822857
11.360118137106525
3.510729108883213
10.793536502941087
12.390050978625917
13.419152933646197
-0.25360310983096035
6.93855165442062
11.182963181099453
-2.435299158135015
8.894243727763616
8.26972449508525
8.118376930925582
13.405357920169752
13.02429868943273
3.240906554601267
14.1592496914544
9.708518614134292
15.248134987466415
4.028237922572344
15.506747154695981
8.655396090740823
5.137639094307343
4.852287468414329
-0.7208565784383776
7.173691820008041
6.867331662568545
8.335002786929346
4.808638449988943
6.088616383132176
9.516150454053394
1.9970625527503962
15.548019456865775
1.7952554583141822
7.5391102788478115
-2.2841748699520608
11.100620084251378
2.8156142692460824
-0.7899904302893912
12.421275060281078
5.440527760780563
3.629928691502523
14.088977232918005
16.10102674314281
12.519623076433422
4.632432457114444
13.93470829245085
6.5702132392084
1.1453629813103108
3.7539846628706557
6.80514476697082
2.2439962475697577
10.907633801600623
-4.135386967043075
-1.8704273881559912
10.446068407586171
-3.7053672607692167
12.999350266102798
9.693792305944147
8.52522717217807
11.734540851540622
-0.06275591156046012
11.68303948222838
6.962459928141404
22.257599154781133
5.641555145710264
5.4228303689226145
4.606487953058742
-0.18201131590290043
2.9775939024096627
9.18970839045636
-1.8789541246120933
-0.5228901632314074
6.010742794375858
9.461295323389324
9.614854275591107
12.526206905401533
2.637829792742033
-0.4752433211435916
5.58096431445471
7.151777879760651
6.613174775957414
18.6911490111495
5.54411631791918
-3.249850538995519
1.563997097666764
8.46441202004157
14.607809670353074
6.753412384324923
1.3506903648707969
11.078420178447654
8.79909065957802
5.751261528807857
-1.2225116944267773
10.476367229453405
5.79605081298981
-4.006065625191429
15.763133722561024
9.664533349928412
7.332511815720995
15.43160292584476
13.575916204014248
4.185176126296607
11.978808922282637
9.6250637130439
9.263075633080042
4.253736319016216
2.1357782335468305
0.7531134896915717
2.3748832961363653
9.332791193597759
14.40200269471596
7.828218036084849
0.4903314159021148
-1.0300637677387732
12.219813938588207
8.331751255456012
9.59423339990051
-4.005958775008887
14.906311853534273
3.6412642982153405
6.217095853838058
-0.6119790200175137
0.898601759290969
4.617373767781694
6.989303268720889
8.044866386669549
-9.505539338472866
2.4081173439905923
2.5380141022354437
-7.495999202133916
-2.7937895984339836
10.901381331821206
3.2438504456362955
5.7303218659807325
6.825736239356412
17.53531990525039
14.661620392866503
7.590751753412798
4.718782024538528
2.489926611883399
-7.944029141944652
-0.9013963499963209
8.431775891442474
13.227039362901172
-0.02103496802659066
9.680003376664217
4.8913658392906525
8.728799159492638
9.847375647394509
1.5328311843609619
11.929757519969193
13.056334372713362
5.668741569753325
12.233292503966837
6.462008710394284
15.126416286559877
-4.724502848635009
1.5585472659576611
8.466537959364452
-7.5018939182672355
7.995378902802242
5.32065231228762
5.438434515415022
5.382551041787321
3.207820312470422
5.1047759139108715
11.64569219830489
8.434609688023212
4.323532315951989
5.385876800603759
3.8157597933380436
10.427996384694001
0.19154214619819765
-3.369097107031294
2.9524419838337717
4.021371229402804
13.313068110994504
7.740674375383241
8.00223376483509
7.335948741478831
10.840224040730279
3.9945484135154588
3.7482175070938926
16.984100655294256
6.9518181895121565
5.55496941362646
11.999962525332515
11.115786426381984
16.364095536782216
9.881078928658768
17.451604828299516
15.84613391095006
4.221339375645443
16.40965075091171
-1.2833946277966826
-2.1822031043851915
6.966178900997676
17.009750061966635
3.3730693566008454
10.368428130855207
6.960242882738282
5.627158071109049
0.8020519300219107
4.190372636556643
10.221962583618698
8.329000818013752
3.27892953839139
6.305752484111402
4.5168894311816326
12.716148781583826
1.4243580274121266
7.1439758899029835
10.52044653430444
14.67633900674397
10.748394384669457
12.009315233181885
1.2514700973326978
-1.6076967725205522
1.1768727984771008
2.6817875224908874
-0.3790425984978034
4.798509597756072
2.9671243692395795
6.009450514748318
7.532216400551941
7.562152641810869
1.616487008669635
-3.236168546811479
5.7706277013458225
11.275427496193027
4.230362530481553
-5.129699809077467
6.556626652037585
4.60942110099209
1.3616546465034656
3.824954109038209
0.09730425285477118
8.861465729565616
9.235958498883697
-0.5933448441545686
-15.041832693547477
22.377603141243032
9.3636343830448
10.253662512225425
5.673893267119955
8.576749233497132
11.774193098302513
12.217409940610136
0.6889594283030318
0.3167736490007771
3.6073593860038007
5.140984461065138
1.8737894058376838
1.9465377769904917
11.085425094111638
16.435318154650467
5.545499768319158
2.0573423884717013
6.6194284737545335
3.6665842672437834
19.051533512813688
-0.2659556380909427
15.552214970328432
1.271374198489382
1.7034840150577262
9.506355886475118
4.966704150629661
10.699101156423556
1.618653199630078
18.465314825497067
12.141712772502409
10.62587398040343
-2.4302348451166864
16.6838980158446
9.135865550052808
0.0854215920419037
9.543481012850314
-0.9894477100303725
7.759362304509049
10.18464072245592
1.4853634593982719
-1.6221996845440314
8.697314360292307
5.216122474072341
8.944518186009168
8.905131192592787
-2.536958498350268
6.72694885241102
-2.287990190497391
3.2165116742391198
-0.046131244924000114
5.810992094018287
7.153079206815709
4.7089057454786545
-0.7735540088637958
5.421536400282217
3.159109471415794
8.793562055554698
-2.6059293472938556
13.472472689554326
10.773292214783329
6.053804447002897
-1.8234628668693214
1.806826326632324
7.317677116725824
2.3348597723577265
-3.6788286136633896
-1.7333152536645056
11.15356219315851
15.18328735086664
0.8615102933339465
10.6742285009433
-7.005600134627558
10.443937522371826
11.493024714282026
3.3778190624676583
4.610114141283814
-4.588214091367281
1.912813820984165
9.109127781803203
9.783923805365628
6.616715152842766
4.896261791176876
-3.5241293019623114
9.992232931512065
4.93651425818808
3.986532481169496
5.908886165331524
4.617581408717828
10.616477133066935
6.421632292413965
6.832852201944259
5.394047652427594
1.6432184457201995
0.32485729662412144
10.697780138495595
1.4298039901585806
11.511880175170045
8.103306657262824
9.756625577737278
11.638059904504155
12.079963652635685
-1.2576639505622875
9.054454692706344
4.557971219160715
8.458982699908272
-0.8455612293770489
0.09176068801635395
19.267356416612895
11.707917267931617
16.51890169905065
7.3751972521714215
-2.8405147288687207
5.15043580267086
1.6928381644882338
10.554704717915836
5.5921301117602065
10.936500028143733
2.355278439536397
11.019406080003435
9.04004705408027
12.247750154146456
-2.8563440542097407
8.53673809505302
0.386681152839774
6.978149150351166
7.68312785886315
14.48909683889438
3.1817794572470692
11.908350395376338
-3.3426281452239017
4.890652209970451
6.761582252849466
10.212138712763778
1.1303818666203105
5.580934480323594
11.093350090441417
