12.682260019231192
2.9062029121562594
2.988828061702026
9.078832977880383
4.605918023892301
5.42587964015261
0.9490868191099047
4.587397354168315
4.658081824366337
5.018316297667842
4.290681005480073
6.053711570075581
10.122582173350661
-1.169752567861706
15.556957950376205
5.615977987768591
8.882139684959899
10.101759875005442
12.409997446574309
1.2952824092283501
9.893651843586895
9.923228909164706
-4.768421205655283
6.976293641893585
13.094914872132843
-8.100502747436476
2.73791423041803
-5.092769887552121
6.278285918056518
3.41814926340265
6.551733692794618
7.6516150959859495
15.776299652763564
1.6060967470940886
1.233778033155092
-4.472385393058974
5.682069977025349
-2.2113979459313846
3.193402729475398
0.34914020116551203
12.207755367034663
3.3969911003672992
-2.3352268489694135
9.496923200229975
7.3861485432359695
6.731128143979543
10.320872958768389
1.1187138349044634
15.006997066433376
3.8501169883026805
8.155895710005762
-0.30747950186708817
4.441786748439854
-0.7973639891872901
2.3190845994271228
-3.572367594343115
-2.647176855272569
3.6003389330922664
0.05057499667592191
4.089106200369063
7.457423344014934
10.491408934458798
1.4769063180389823
7.648175117805707
10.289714598473246
-1.4447018794240059
1.3512009542166417
-0.7407827621354426
3.0947706167370574
3.063161901146697
3.2700561272737945
3.2596481228586365
1.7220059275451787
4.104094701346723
-0.35237755744278454
17.40679174088936
-0.3023322053498001
5.698574280546585
10.309284605811765
1.7332866248373793
3.1580570791949003
7.056443883315625
-8.49181448066402
8.397771971114976
5.812605046949156
4.272163648400793
6.564079675960625
-1.7981603025046091
1.0562314554550598
8.830088836680833
6.508849231114214
12.990975552125409
-2.3708666730852936
5.606582896101545
8.817676984886447
6.103416702687232
0.1649826704082864
9.399543663102067
5.062645906785596
-5.338150009562627
6.795214796089168
-2.448738241660404
-0.8644655909246834
4.395598687865071
4.037418745929923
-1.1270895834654437
-2.1574678960317843
1.455526740524066
16.728756184678076
-1.4149793323719422
2.2416352119335077
8.861018009933236
4.58684428888379
1.9522564083826954
7.048910606213987
1.5710640214924956
8.017604293575774
6.932353654800212
8.443939002774652
-5.750158232701583
9.887298918255027
6.586370585824951
3.220420978735331
14.739311928899065
0.1348296115011416
2.837395262977089
3.1918826046331614
13.878272647618044
5.952453458037139
0.5948490784907636
9.824729055654014
8.539263327982752
6.954003387347878
7.269411173566156
5.180916515629116
9.631483822428113
-2.367238110766322
-0.9552593452455231
-0.9154934889656792
12.829844047536037
-3.9902069691014397
2.259011339800815
12.835565803619033
11.818548413052117
-0.20199878394131243
2.8316874892139463
8.37348425291147
5.428346088904586
8.179926029031016
7.569622509449036
8.326476926618476
-7.3795501384855555
16.12757014278532
11.81102578740796
1.6626151386840438
4.371141353887806
12.058667235784228
-7.160067449096845
4.950630221719754
3.1621023671160273
9.286379683608848
5.040853375260688
5.910987284063308
15.341667527700684
8.127444819647064
2.9343254566838373
10.749307051510918
4.320373052818885
10.915842679042655
11.621951942531927
0.39337339032249075
-1.3158141320831858
4.731892957488933
11.036996957003122
2.774199025411461
0.414119444562532
-0.025677247866680908
1.766393267404295
6.550956177255921
6.689683613540727
2.9564556811427787
7.2582068789253364
-2.3220055598966827
3.3398650367933542
19.56881244170113
3.348386301810136
5.111989592403235
7.588555925679358
6.29023742733686
3.6712554896154255
-3.1195137991364783
2.3335391426191454
4.193025641215645
6.697643431963388
8.41744130006802
0.14576071085421116
2.901187774640417
7.028121476168564
8.364921312125675
6.553803411147413
-4.358600550802567
0.9762057463869223
-2.2669317055228895
-3.5021547890876654
3.596872923539834
4.874035314551691
5.25241558189782
1.8122182115570444
4.802147347708305
18.22741964353826
13.129905221579776
5.005205486775767
2.133166438527873
4.989528677263832
0.16687086254408712
2.445576306766848
-2.925698609881369
0.7407045385696129
4.631915834914935
6.7508748469738
7.3118635528860425
15.204380469355947
-1.392136333039045
1.9229244184290326
14.19596834522291
1.0667139391877365
10.965145308567216
-5.3790612473879165
11.064374787792602
-1.3715947952686474
7.478842930995103
4.37768781300845
1.0443390922956715
6.903269355144172
-8.804979096049191
5.2956192474086885
1.3222567231967797
1.6943403562654782
3.8096100318274955
6.370315157645675
0.9741427793278086
10.240721534613076
12.90002189517677
7.454103787329941
6.422085090050956
1.327694753912108
10.201798940747391
7.067065803128482
7.589425503200702
2.028480271484502
0.9543523942944083
11.236084957195281
2.093891283607332
1.6991238211446236
-1.3799752086502082
18.75836077540718
2.6483824976096706
3.825571509913421
4.303719267620648
-2.1293783510747843
5.24100470961497
4.281535389700701
1.5593984770775204
6.274499810443912
6.924040718342794
0.1743277236005194
6.911301929384184
13.724636821632178
5.69946587926235
9.98251325711901
-0.974926446558718
9.720225312299593
3.2602493725801582
-0.9999886334941843
-0.44407700816567797
-0.0812887145692347
3.596716348486639
11.844694448972753
5.654685160367106
-1.4261455999894581
3.7297264862015442
6.410261678769725
1.3617620944333142
13.391694786173092
0.9261878153147602
12.252050059934305
2.437011893226292
5.487146705129544
3.255520485926465
0.8135848626040074
7.359476136747794
7.093413932440329
2.781603021509299
-3.1345997314675653
9.75724096017882
2.6338479529554433
5.6108086336734955
-3.374821487487842
7.222687464653434
12.212764573518182
0.6377002524505015
5.276997109404193
-5.246930129567563
9.874923046814766
1.819948389428551
4.327844949592847
4.14570367269476
3.575140139201759
4.700053642843222
10.631344153379615
10.814153604828856
3.6675990895383723
7.402926985125327
5.0201167834872855
4.648219337443619
6.366592324285005
-2.789518268515776
4.521569028718677
0.12709773103145583
5.4031213429038765
3.0009039134303004
6.5934646397880865
1.513436394538723
12.712692940287456
5.228700089673312
14.655189952068707
10.380638280178657
5.296422142072895
12.52375476239845
-0.9715849467096538
4.576202688812286
-5.509184583479019
10.06776082412421
2.9065787101294656
4.355718905946386
4.125216424719076
5.852859652880192
3.2148887022008195
0.1525306689874375
0.2713884225152592
11.66256912005198
7.0737371130526245
9.012527094607563
9.499108239026398
2.9541262433741693
-9.356149405398162
6.731701706562157
0.36557628675201004
9.493374827548134
5.753633269307527
4.762066777401273
2.569927447146509
6.966095849738756
13.382835367021624
-0.2365644133074074
9.269023581691119
5.30759102401886
2.463163016205884
5.8967594107158945
-5.422944451409949
4.817775860846632
0.5904240464896917
8.110418333815852
10.98647419356681
13.078614888878944
7.737661448314481
4.538720143963489
3.1360395319759578
20.93619225498481
3.300536075330511
6.661894464144124
8.311973887588172
10.418920100406236
0.4482545698310625
8.536337501305002
3.969472336479647
3.3027383714945096
5.968328748583585
9.380605194539324
5.171759070430236
6.834704329738483
10.194122581295463
7.660016278945812
-1.1517838412939128
7.310938091134595
5.477431544177046
8.568022586481968
6.3862093775630475
6.031229007002775
4.197008346003776
-5.680485191313267
2.0022366530997036
1.1767398731816818
9.109370842884008
1.4553890041591675
8.435788754268112
1.6283952221956346
-0.15319925707706084
7.549046290051595
4.7926228249726925
9.948725319775239
8.573662609396134
-3.695330691865734
0.05516684268724603
1.397036074508582
-1.7372211011786618
0.7089772191668704
-5.849741507189194
-4.819382571896604
-3.4731245437451683
2.981210564960291
1.0628964329058497
2.860932741873301
7.636125318058914
11.3406630299568
9.78201498789341
4.02695412445448
6.245447027038382
-1.3333017062923584
12.865807600313097
9.750536035681964
-8.210667253308975
10.276176549200281
-1.529477930838656
5.291911831088597
11.330728161747507
11.614152742808098
-1.1745024891568452
-3.489163157905578
8.877444761253159
3.83812869952824
4.888902507976491
6.760342597947727
9.68331583368587
-1.1598859951306464
2.44814870110484
0.9469414041608433
1.4546440783661705
2.3825167246902037
7.085533161763845
6.970109127214443
-4.231209969765594
2.720515821581974
10.150550876343917
3.0397476611682954
2.224275408337542
1.3797290864626746
0.9657658628492625
7.307121684841552
2.797948343847016
-0.9977903514828901
7.780257188127495
8.596448477208572
8.522450146543406
6.524939226638902
1.7005344733112149
6.7104688127625645
0.3603647779747359
4.995889664455504
0.5643989904828963
4.859224682569421
-0.6071745785283094
9.418094611169732
2.5529430374751945
7.776297997239018
-2.8434018776651158
11.904219550833309
6.560950842923264
12.879129041841841
-1.298544682506404
-5.024328351420266
10.799353811934147
6.728496758147898
7.99668436863202
-4.317365417393358
3.1705582611128977
10.052666755333458
8.831915748828706
-0.759329217519749
16.029760588980523
5.999617035681548
8.574399391543999
5.014539406728037
9.873437078702214
12.750043881554822
-5.042451156602242
-1.764650890399765
9.2942652698705
-2.810660144000199
3.217533355879938
2.0335012251569804
6.697544150197468
-5.2200260963414316
5.032457940258743
-2.2449630596050536
1.8584209193233892
12.39404707811466
-3.1258743648230727
-1.816988861332847
7.850114925647873
2.4459015624849423
12.940430619030568
-0.6985400331411933
10.294031889661596
3.8289606585982923
8.450775834738726
-5.747890336418223
5.423953901128984
-1.4872214046359398
11.975580984409566
9.122419576145717
0.3271581906992278
7.687594224045001
5.283035334918941
-3.03481167935617
3.9561599484544865
1.1014914695778741
-0.9203413071992532
7.807649546963672
-2.6202310359160004
3.1562980071869156
5.862590163783667
4.025563189983985
8.556753303061459
5.939819448173662
-0.26707858757361347
-3.781373758416798
9.128941393480229
-0.2678998946665585
-6.292282409906411
3.6985095713063845
1.5924092936325844
4.295326092993499
13.926819954417702
7.46163335972808
4.481104452900279
13.74879158087499
-0.9510219224676053
6.657635492912636
3.079372401798394
3.6836264944270702
12.027523350731371
-1.8834328440270518
-3.7469240860340083
6.333220244779235
0.4671263358647173
-1.355177465150514
6.595778770374471
9.027546106978171
5.8013561119828445
3.8472735768370385
1.1413422453276914
-6.681689827833161
2.1779691312519116
0.36536607282067735
-3.1576993617110656
1.4546345346791063
5.516626639934312
1.4979753039301174
3.5232652740966204
-5.149845793042064
0.38947205363691095
5.043850266574278
0.6848943847339486
3.2511111520356346
13.863376186584928
8.923295323077372
6.239844220089699
4.029046725951352
-0.030603179376978318
9.091641057887898
13.0163233205195
5.958558099145661
13.55494029489821
-1.5558798748964628
3.9538098138870024
3.302330169381432
9.556253601474697
4.629338953164506
7.934370285288356
6.253760619772081
3.411009950970937
17.253232748706353
3.7705885105530474
10.082579784132804
8.786499263372537
6.850360363675924
-0.45353958848671105
4.8769496753323605
12.61179892277519
2.556235577035239
-2.442604487587185
3.5751990632498853
6.960509579606219
7.227450651296701
-0.16153031082491776
9.340178122320099
6.949838862204594
2.7255630306010143
3.9951723824222345
7.240360301202644
2.637777325951089
7.4775578223166805
-2.2490226033283998
-1.3024751011660118
11.057245294447611
1.8366284139880653
3.938544034448959
6.086443883462081
7.357656481793297
7.354606572050222
-0.9461593586420647
7.9355355246578085
10.268562106781552
5.261057474197909
3.5549019227366863
12.548261742725447
7.113871090699418
10.047256571537172
8.42144553539414
3.2259795828015596
8.69594250976588
-0.08252432481774497
5.711868342982039
11.17026667074435
2.3045924715467256
1.6979310155485083
12.502880877177281
7.637221065396936
8.12564509486344
0.5141627176730461
4.0448560846110055
2.2376611120736984
-0.8081958995763321
8.545584178287221
1.306003513915897
0.7410281700307264
5.166398810990001
5.023894370494968
-1.2471909461100754
12.05824763604639
3.3434973582319216
-10.554368544126948
5.751857239232692
4.356567259212543
12.333050318283693
9.174161998287316
9.93544227995553
6.2198728718737435
0.6586052104639091
10.679152555575934
5.913718702336594
5.605033591285182
3.5096257562095703
0.7312576320670114
5.652106222660071
10.172590820998415
3.4894291507360133
1.2877729040110406
4.933309532260722
12.753575281768919
-3.2672200626072527
10.46710347216381
7.679118755570374
8.305975492771367
3.8721554669922833
11.914486618332809
1.6244185362823118
1.2849254908452483
10.280785970092609
6.987760603613088
5.701848512369227
-3.803841159687293
15.307385457404116
-0.3340330563614975
2.944265099436029
-0.002748676783611792
10.702463250411691
9.321100451470524
-0.3854589832760489
-3.95961477012486
12.213229298834333
6.395320966625877
6.831815225716735
5.827473355487648
10.569785898229341
-7.004795981001015
11.761045328256152
0.590696827202704
1.715384030941249
4.928562509408391
4.818739920238942
2.7844156394512503
21.9786138234966
0.8837507205873258
7.101498673960343
3.8234669601833673
2.1987764549086455
3.3321828235620665
9.890246047448485
11.969542827821792
15.281016538428636
-0.9550901870501507
6.016304687991686
-6.828201393018391
1.739688290062579
1.5917499997263975
1.221689498673502
2.7078440432752027
11.630276874892338
-3.2194462594106863
0.11675791348981113
3.5807289620431453
9.870054242692829
-1.2474673039208772
5.1982746094737795
5.2771713616474845
5.167996202654929
7.996849843653875
-4.762992278381718
2.366201787081528
6.477290487127658
-1.2016204288290684
2.8053685960637877
10.093612676084433
-0.033483130942177475
10.599397458108268
4.744928121564791
2.2444325228812776
0.38751196849853464
3.4086638382432364
11.078283142795698
-3.041366941710547
1.1974871894900803
2.724971552376187
5.794573389942502
1.7329397816890282
8.800939662452386
-2.992811212038638
0.3267834804846279
1.463875517605916
1.358594261591497
10.733488454312067
4.3407149825135845
2.9192002236063583
4.850481273398231
6.56900613634637
7.371419745065463
4.758401657777143
1.4502472259615935
12.06947136764907
4.801466237441661
2.766009942301068
9.303213027928772
1.5765326104191857
2.4803535399294354
9.100776501740533
-1.7102188767088533
0.5046978660616723
-0.13463473748133303
6.454044891862209
6.995042236280268
5.861655295452435
-1.4066360305531926
10.65442641750828
3.9633343644663808
4.882305950207369
10.494182705869342
12.084495132678697
0.47023588572188046
9.500536305837407
13.482367006235133
10.70234546927896
2.288826090020443
6.716949320033639
-0.24678914350209347
9.798934950980279
-5.041683040887998
5.161732280238978
-2.8691479864053937
9.946475086684922
-1.2793450264204207
5.296324914770711
5.702523839282719
4.7623690379403065
4.0910520887220025
12.961598993683236
7.966393647281256
4.527029624028572
6.255775123018153
6.558435516286039
8.833514323272539
7.8039969625535655
9.202978492460332
0.4963568287892599
5.653428490715802
3.2080903964472385
7.536127051938966
-6.637954644155208
5.334301879866116
-6.531866649931517
-0.9595936244950876
-0.9608808083078131
4.17478367191892
9.182877023634287
-1.764382551840991
3.9325170053831275
5.922701605746921
-3.015222690686981
4.095953353546568
0.4477659781204313
1.8461117686701725
1.8958627807410013
0.23249513625634055
8.633309698507006
2.974016221326081
2.3390248439452535
8.334483434752975
5.886341328438548
4.51072065816209
12.693877235625305
11.763766139172654
-2.227481574720753
-0.5017001902392364
0.7150134081866049
1.498240918582074
3.713904944133069
5.025743715726377
8.171685881982889
1.6075884899731054
7.505631557474328
5.090294509557915
1.9454648446269083
5.324133444077058
5.036472952078787
0.9667970699913497
5.351824960639525
6.305606329983865
8.766097585901395
5.48645736267786
9.394226588137
0.9235709675572945
10.420186470045813
-0.8070759201457331
-1.282997424681363
3.447729975463476
4.952277828664094
4.828382601142691
5.856427237030711
7.109975831406574
-3.338464099333823
2.9249049457674348
2.8070954968076443
5.927932398966323
-1.1273984260399974
2.1221060900423745
2.8973296049208654
14.944294107408528
3.5716773398849617
1.8247161436424815
-1.0292208532126015
-4.042984745464473
-1.5727614978438371
-6.941127758779913
14.758106113613135
3.904032216120797
5.47320958200236
8.874820756747896
7.939355029920209
9.094421284237603
5.116434618810414
4.951356695581804
1.306186347717504
2.719351638268034
-1.0484350005133312
10.60810144767543
13.08679016941094
0.8554314805526593
0.07567350573477105
13.858521454482677
5.392640036199432
8.056163731942485
3.4414804813250743
2.013533057532632
5.157614884742401
5.2916484354272075
-0.7565205544223783
7.4733166666493975
3.312703056017476
9.029014450991328
12.602923823923046
5.117147110545031
12.402565480777362
-3.0315952304994216
4.029489587130073
2.8943696954411475
-5.99018505683248
8.342941173063801
11.405343689153172
-3.2552637649840337
8.006743501333313
10.728383238592189
5.0525790721062425
1.0473805234476212
11.745638461724319
1.88956858301279
9.455685233765774
-0.6016096910973365
7.495829261033735
9.112124705273828
14.602346382206653
6.043517494993242
-0.49314911981238607
7.666237230904919
8.398475511506167
-1.0738383860028353
-2.2370272388494445
7.98496505006171
-4.954517685346776
11.456196957020186
5.816570048592776
13.873622327196276
1.7013750873831017
2.696289283708948
3.516319273358601
4.706115659751735
16.586107547903005
14.465879747343646
3.824225929073144
11.566330026399395
12.247197546029646
6.548036493553701
-0.029548856688076608
4.886881410315612
0.025505846616279193
-3.9621791527065238
1.3781762899461798
7.853164245300507
3.0476146719498876
5.071736929716805
5.604749447374356
6.940661023092162
-2.503222921867623
-0.11319554633940854
9.93808963277678
12.585057534484887
9.947692875756411
5.404079372043115
1.2290085886862245
8.10794372913593
-1.6229271057642825
1.8858616377428041
7.941657474314313
4.861330762893187
2.322903087583752
-6.214794115396751
5.7357337928205325
7.167622480597567
8.55204107640883
9.771820339415275
12.426211578609008
18.416101582434877
9.763563655878439
-0.6013568645303984
10.9537353949348
4.747497081445598
6.368310757037582
1.081723783691939
5.721475350625008
-0.9841320712199844
4.573487524647197
6.63122940051371
8.312824735314603
-1.5078952001015669
11.069155963882363
2.4579758407939987
2.4527981748057277
15.424638142907263
3.4989053058575275
2.2251613293508203
-2.0810503216986014
5.897100097368581
8.104899758379613
-1.710705101856104
2.653869114672689
-1.8349930873607825
-1.8447626857396155
3.5101496212533876
-1.0681105065100756
9.735789870377182
3.0288030394456618
2.7714366806973505
4.997983615929913
2.2802966176650585
9.350829272866441
3.4288293071989413
7.232228300519231
3.7680112478663896
5.248422388828895
10.487313613962275
