0.9156602904528286
0.8665330369142357
0.99102131237499
0.7583355768958964
0.7735162928936563
0.07584653349009218
0.7482637094567044
0.23203052983990524
0.05439865338209149
0.07418858730040068
0.4821067997616657
0.6289604549209755
0.14350809193470915
0.00579689990276111
0.9892106965650731
0.23441351447561942
0.11232445370517996
0.3642145554056211
0.8726524406852647
0.04185894338269103
0.7365993480448814
0.215504538884024
0.23543530498058107
0.0625088192546126
0.6292154785836648
0.3968732022443351
0.7852158342496269
0.3234119430453728
0.020275755033353438
0.37505992851527425
0.2954981492949358
0.006096824129896428
0.5655454221507008
0.447168264976872
0.09505969559826766
0.15431352886746552
0.4731997894348534
0.1762728016649926
0.3343871377047285
0.6211432334019322
0.08361278230625091
0.39634666233616533
0.7692429817279556
0.9760860171189183
0.4013434327769776
0.5371725844974526
0.22270237910437896
0.4170369809552579
0.4659607699383137
0.016840980373741044
0.1903125185451775
0.43063549878762597
0.2383348252836095
0.02494576829281181
0.37658888683319236
0.1655132753060422
0.004441310914027108
0.11348101561316981
0.0324322545306841
0.42075886573098087
0.6980806173618361
0.17843289406970375
0.2878810853732445
0.8286444594178621
0.4882013785462247
0.6795509471963974
0.11054608136875621
0.7374459393985162
0.15648954682483374
0.731490169416035
0.8170981661717518
0.8877083560695027
0.9969442171933787
0.28574903937489093
0.04833544760204167
0.07010684529062816
0.9930820839235606
0.7114539186129072
0.913304655335212
0.7953866773480478
0.6665597976483233
0.017711267950578646
0.13270689268590297
0.27589521388155225
0.06343518564876449
0.45806552539754186
0.13132895942179967
0.09873709161144961
0.4637704832180547
0.11404123495476903
0.57422245025556
0.15454568753612707
0.9275397504337721
0.040976278109504216
0.2349192386156429
0.8811823460003243
0.5454289246334401
0.010528988145996898
0.4975863374171001
0.2587056498999867
0.18467289090629713
0.30661119565122963
0.6633346633519894
0.2731454739788741
0.74881133679896
0.29956555814624797
0.6087492070091043
0.19398531020113774
0.12320600567919704
0.2718449766550184
0.09870747498999344
0.2047281172929991
0.015132551434238861
0.019754533996053203
0.1422801148862094
0.057808571207204285
0.6446694720297872
0.030908916390840258
0.48020971832363313
0.0029964115530058955
0.6255810977802418
0.2331704087808979
0.29795080635728954
0.014510765143542104
0.1875902040607904
0.8415486795953995
0.020882478854920894
0.5811750610056501
0.2569027105387012
0.11018357579452287
0.06732586100830473
0.9438445528167079
0.5512003111908328
0.12210962070719655
0.9572322313029098
0.08926024193791449
0.05692121987399168
0.19070542396867984
0.7671514969516124
0.6171605574318957
0.619447698795915
0.01315775662325347
0.5346304968992284
0.577385403602733
0.26353413642539447
0.48294249416270274
0.0592875085632929
0.014689438424386525
0.013415199432428082
0.00025708935039459035
0.9018080344988073
0.02347165989402078
0.7613211540587896
0.3624278501675009
0.5834792863152638
0.7072850715735481
0.3202885140329439
0.1583966754314865
0.07065731309925805
0.5328744300527641
0.6243921919822504
0.6666593880058234
0.2127430797985852
0.12671797734649926
0.009014539989804726
0.6412370202749564
0.9100129182449666
0.13889288023977242
0.013410712962024451
0.31500957387364803
0.9992317541027531
0.15223025840234095
0.6896228784439833
0.12855706007245815
0.5108055734487911
0.01690314715673713
2.5065082093655988e-05
7.083295024368219e-05
0.5198672262515682
0.5320316758014942
0.5926141509604128
0.2523565776126824
0.4816480809085295
0.41350305436291146
0.0006266856508121421
0.33668185306487985
0.6978079240797133
0.18022796011239817
0.4282567828395658
0.13463854435339595
0.35324729528682974
0.25763481933425614
0.5127953028824621
0.14107456069928115
0.05444929784644836
0.22537268625260376
0.00018631171336824792
0.18845270179468798
0.09083555569364932
0.426232821022809
0.5650249366016087
0.3041878402584932
0.00015670673773282573
0.527214226403564
0.3884822437966098
0.4511092601014943
0.06595801640234922
0.3357644389498535
0.8604811875486389
0.4248341679205825
0.0010424361001513116
0.08704152135647214
0.5026450994998779
0.3944230169659346
0.5196404267307537
0.182128215683643
0.8695838911050122
0.019231282834297092
0.05940812459756595
0.11162668568272416
0.4461824417677007
0.7242189709812714
0.04704166306138147
0.00533123351819853
0.02180371227078637
0.7122050832200155
0.8061612073775382
0.00024341980325948143
0.3287019443377295
0.02826609346857789
0.03477881381327763
0.09482314315028528
0.31160703379633814
0.7913762203958279
0.7113207076055599
0.06689110994923864
0.032883175922778785
0.30532220812766075
0.29964356054681573
0.33836188443519966
0.8646866767580748
0.4727718302017916
0.34316775988990544
0.3024504716657943
0.5986890877815703
0.25381716839082147
0.3578091077117327
0.24857505918387846
0.1166447698812334
0.24134368623682745
0.023369203088608792
0.174678637889516
0.02147277770196876
0.22927112262363103
0.00370428576499493
0.8586749005566539
0.08856062660547348
0.33303761421836353
0.9939090522189502
0.7323348723899576
0.9262038102574661
0.8943693370664252
0.7537391283471908
0.6733447615765054
0.6496696261842458
0.01305321517105229
0.28687908652270844
0.7478564108235468
0.9842266970635829
0.9774339536148016
0.15222101502529406
0.750066590769829
0.7342803485574327
0.15933915357319028
0.0771325751037839
0.693192670873706
0.05971385869143497
0.0332404818581471
0.029346343457591795
0.0018543197337475004
0.008430604712753365
0.11547762073316048
0.14800967783948793
0.9242161921110308
0.03288469068933586
0.7694668043978199
0.7297407214590639
0.0003753870613347754
0.17056115973628727
0.19961152159913365
0.7232328126812879
0.7371461893412712
0.8120672621809524
0.32490303312881696
0.4929261575020678
0.1946772497412228
0.5323096526230087
2.26637958835596e-05
0.010955699286580245
0.08440654280861604
0.42716978559421226
0.04672617853587724
0.7741789296778476
0.35240127730136783
0.48235234345786093
0.23474900082861616
0.6536894139004359
0.1561165093924919
0.050217146100031584
0.19778505892449316
0.17962981062371997
0.555973392533383
0.6886427566208149
0.6722653378625549
0.7892296292948453
0.7076127325814987
0.8645529210285163
0.2524642024573376
0.043074713288823396
0.7826388564164892
0.19721055703212653
0.7823983241459789
0.7124448699682457
0.8436249341151265
0.16582885291199423
0.6279539495714286
0.27378237467677136
0.5460900101257351
0.8318806708570927
0.35660237939416617
0.8960125000288044
0.1548312425243925
0.08027885408309543
0.9346655493507119
0.19029302102384982
0.08575720085015326
0.0025954662152276597
0.04583642210306471
0.92825560633917
0.07211551739555677
0.9774540162605734
0.35412372946737714
0.9894919028270044
0.8106106776292099
1.3944050017533627e-05
0.611591240820025
0.26029647106049536
0.3483870811513272
0.44513640134274235
0.7812779573827204
0.045893511392371966
0.8164481656783362
0.8838368898864213
0.06954181269824011
0.9891451360746446
0.25737956891055314
0.8411318881268559
0.6426310679321297
0.6668611425137478
0.19752306329969693
0.45751457728469935
0.19558508783393913
0.36481830778338686
0.9158123399712015
0.7990118938834538
0.5850668947486728
0.5303582652404968
0.13945477901586667
0.01392296308728147
0.22434880431792292
0.044902404451208744
0.8805015232232487
0.2735935841058317
0.006436916538024029
0.18217758276496676
0.7120342355680593
0.6291873606788296
0.36605799216820145
0.3233199796807633
0.6231605511092404
0.9904178485275354
0.28740326979099806
0.18960185573962685
0.08057936188768977
0.8396687201245023
0.014120065065034826
0.1159267259906529
0.8488701834249326
0.848487459370272
0.8412837588784035
0.12208985170443865
0.19760885999737932
0.19075059276366613
0.052026887266648725
0.30209170599756163
0.48629212932738497
0.2988742641865856
0.04830795189423953
0.5452226004331655
0.3000318415545695
0.06686329052764894
0.38840379164791816
0.8918835936999396
0.7923968453659598
0.031079033164275627
0.4938198330900989
0.7724410880547425
0.18677377968089504
0.018894324991076905
0.810461510247001
0.0009159253268928857
0.5270570085410373
0.8470965940278219
0.07750599448330853
0.38886426512933436
0.0835297615663595
0.3867476975855677
0.5642862835801683
0.10386787040292744
0.01128799869913899
0.8191240966959601
0.07665574879105685
0.7707141073258292
0.18707676522542882
0.13989611625021725
0.01967823266308466
0.020220704872061734
0.2721967857662606
0.10427660976117337
0.9572110493835178
0.06549194648077172
0.7237940636389659
0.13247827694036585
0.845843408447587
0.4117594733913348
0.8790404911173326
0.15456839915298404
0.1999890843537102
0.12125472163971507
0.38120372507719624
0.2646957396021574
0.181074246976912
0.011368567848531574
0.09008384137279757
0.45273182566281145
0.7125505433479069
0.0007963574248510685
0.13406068049799136
0.025329058057570242
0.3772393779318306
0.44570097868438974
0.20976282177815997
0.9925454299591405
0.06692445924958079
0.2284244587619173
0.015300241042337293
0.12617157214978691
0.397434842186132
0.6806847750349951
0.5795049523870854
0.10026789248184498
0.17758638740348376
0.9596964455776513
0.01797534293734171
0.04900786058655027
0.7533412192075208
0.47371180354602616
0.012064822620452942
0.32012508843357335
0.12343927856924419
0.9582865434858228
0.21904287242364617
0.830237181723033
0.6620341646081807
0.0980024582317145
0.16350237301170578
0.2239648729017909
0.9383905338999092
0.18926100348504793
0.24759891350701002
0.016565002171025967
0.5554186084566284
0.09354136934850388
0.05032327442605844
0.5133148121778126
0.7017340511021668
0.8123979042630951
0.9654848638532645
0.3571864088536687
0.06691175885058054
0.07738477401213961
0.47833416966475584
0.6886428961653888
0.052952056446704976
0.13476981343723327
0.13048146397992855
0.06157236787556686
0.17200914577112014
0.9070144045730124
0.01181304204360889
0.8972596722410944
0.36550370067716087
0.7266269996374524
0.006097352635717979
0.5105705979123973
0.5695142379765332
0.33162054843227096
0.6180796406885611
0.09265115347124153
0.018374287419057556
0.21518942061085866
0.060084765050104405
0.2420080426932536
0.22734706752220424
0.1136680769540166
0.2940495800116034
0.46478919884211356
0.7923853324566947
0.3659669193276427
0.7387156360281553
0.5342545561681538
0.10204349550837621
0.4348725756368752
0.1268030135132152
0.5497318718501916
0.20462428815930767
0.08231024627612005
0.027657871501302278
0.6653645726576027
0.0017908320316604165
0.6810114175673021
0.008877480275218064
0.4202181587754663
0.677096801039144
0.7215207843660321
0.08715601420989705
0.30969131979092945
0.7589783049219312
0.6994957282174779
0.29246705635182835
0.0246197360275342
0.7951215025544545
0.7056959403064604
0.1997076940968805
0.1288376127280153
0.7476706272233307
0.011568038809155468
0.06753121548615004
0.07254407951200048
0.16405611395072284
0.40079588449542913
0.5942537108271335
0.5234296402103709
0.01461770277639407
0.18894200397321725
0.023816665435879347
0.5614092873302821
0.12113270728137104
0.3446417211562167
0.8427693768832991
0.3327835153306822
0.13748401691809553
0.6790838334927161
0.23845868745964038
0.3314529529162349
0.5964875170757167
0.29609118017891367
0.6734326200766481
0.16134904790789606
0.35626155814931515
0.4502135725408587
0.4030820057845119
0.18464509235699555
0.304980266799056
0.027440189140923055
0.015621907494216103
0.958079011106707
0.6748579437264353
0.16523247400246088
0.5858591074764445
0.12828915108668748
0.006207719684937718
0.001037345133598322
0.3421609796121299
0.01692868960157412
0.3916694992505261
0.33776845260684096
0.04014215844093827
0.016040334468059525
0.369804668879953
0.38582770385606535
0.011179259353482518
0.6922149442002081
0.06655269952612897
0.8824947685245406
0.6116364952660311
0.35319751213329686
0.6957525467500356
0.1504473603912817
0.29533138144529647
0.07452380464944319
0.16788908151947268
0.0022408314504580584
0.2934452684099007
0.0368629408403498
0.08821212758733243
0.0012854480002788549
0.03717672615184253
0.026478547551719744
0.009812784957447862
0.2252129512880814
0.004059269293142265
0.23118786003477476
0.04840041930711969
0.11736423065093748
0.34722836129051404
0.9522673023371606
0.7423923182928114
0.0054405522634253245
0.15456260652549458
0.1691656370342971
0.014955812367528187
8.313442083363043e-05
0.8289373254866428
0.07991848967489501
0.5073917294853616
0.03936931238594665
0.036837923766451786
0.016041193302734236
0.09836801418285157
0.004717949403113764
0.07435316511859313
0.012740126971749755
0.5901638201095103
0.06930080712883813
0.5619580704875831
0.0012611577017687114
0.11643235750811387
0.07859022679681726
0.3108023243309097
0.10605077386303674
0.03254898946607332
0.0032245438299949303
0.0005794248255783785
0.3049214490167116
0.019485393244238702
0.18587572648265493
0.2554472443542495
0.047010612237148086
0.07967955907522195
0.91526174725522
0.3026997496293511
0.6822852104177834
0.6552754740833766
0.04640884963002545
0.47143211679440133
0.07059576780406651
0.15981340159835145
0.14695132581213466
0.18688149770928986
0.0093899576087344
0.01969749622227135
0.12403560931255586
0.33699108510202036
0.06142552327152728
0.20113555370953362
0.017736430449272866
0.005276218911537622
0.12502178679976383
0.2610783149516187
0.010712750374776814
0.008318986207924484
0.053865161165999265
0.05113887419919094
0.45470472782016613
0.0013125147808732418
0.0017642819367091889
0.0002160195350493499
0.4000670436336864
0.7140851404351318
0.07942318159308792
0.14471550587805915
0.10070953848774411
0.989822371178039
0.004345515580680637
0.30189825700310213
0.5693911189019192
0.11231963228468556
0.0007254741121895947
0.010773817597863777
0.006294099022683186
0.0051055943189792785
0.19598030167575864
0.06428342260487452
0.92005506933193
0.09743447643738468
0.012843442680642747
0.010614148022268122
0.162209587121815
0.19538316832218783
