0.5641454109030499
0.2776190102731442
0.08867903703280255
0.5399766768587637
0.9238513385408984
0.9887439020997777
0.22517596510267168
0.9340243332932201
0.3296784210651693
0.48782275191555957
0.575714859978224
0.9050078846300134
0.47476998334876086
0.9039838740524337
0.09261246460394235
0.6316807326652403
0.2817731685324767
0.1867273608674267
0.09967862348932166
0.7615415095390783
0.03518924824708658
0.032464523133517664
0.23142181732352807
0.02583437661662491
0.03577375366274649
0.5942776520399313
0.029192374037747104
0.6414748219121869
0.855823464319005
0.5794024694207875
0.7683812595164929
0.041808745795766766
0.4355158796174541
0.8035765958102967
0.0070291334839900355
0.013908772028438987
0.369121963449359
0.537221052241976
0.3655877530011935
0.39372704424536464
0.9852231479306619
0.4863039677350063
0.029316698595685642
0.25292507380129536
0.22347355512621325
0.47657607428670623
0.09882055037029325
0.9477024182880198
0.9696680903160739
0.8985944008424911
0.8400907965096485
0.6378603762645081
0.6835283139767279
0.6775763772213046
0.9067758717496794
0.34197067309361895
0.9081387845917441
0.7521892912285919
0.5965347265706977
0.1630910383644517
0.17320058679697725
0.870636381132077
0.2942150765116378
0.9140052856947465
0.6845218532049158
0.13220346734280186
0.10996080817234377
0.6911343103853622
0.7140931598054396
0.9210737215244718
0.07617577388924657
0.3869895764197189
0.2750563955463212
0.7510625676071794
0.15223731275507735
0.5717106195068149
0.1412313513864527
0.35886148148174635
0.5213549694655486
0.05290963852747499
0.561946322148192
0.37643659544118147
0.3967823888995785
0.6676635471362626
0.05239817719133
0.015730900336035747
0.9759081257266005
0.1629424025498909
0.03796716395770372
0.3281413639273205
0.12956016659112368
0.2648527292393641
0.08263340417736265
0.10307475174454561
0.8257271649824498
0.5714402675596821
0.1385914775673056
0.06573531050582915
0.7288618235803417
0.7741188948077382
0.345686285078159
0.2459772772821318
0.4787778479476621
0.8181795380548469
0.2925929441714732
0.02628656709536692
0.049143509327713275
0.38885051646072166
0.3408337153582448
0.6813891167943082
0.24171322645008786
0.7113007372619375
0.3720631239362038
0.00027680500713378464
0.8825203596327813
0.06373170521049287
0.6759041851625609
0.442044374767554
0.16695503283562996
0.43888054410478006
0.8530285218939908
0.12218780461353584
0.8226532202675578
0.362200017718314
0.5360558288101527
0.6043564124163088
0.6650597867333168
0.37635922474087424
0.1874764749784219
0.053156692713105524
0.06438202338224497
0.2943881077851618
0.4866040974985495
0.6779741126088277
0.4517048568226958
0.4752035545371047
0.7908692374571642
0.40160041627596765
0.8031276167362653
0.7904997467134827
0.5625811638583424
0.6499916855386818
0.3348382309285234
0.13064297629731625
0.11427962896321664
0.5348870532059053
0.6231475429189666
0.017451884135754714
0.17400445723224034
0.8557641022183824
0.18723302326550995
0.6400734538949073
0.33755780144623593
0.6726545694461703
0.4013633486149426
0.10983692278808777
0.29594794330938856
0.7941742782198844
0.391830038513159
0.7913734088720692
0.8918212809966626
0.5759390640810433
0.5147344580480835
0.4445086395235933
0.32759892202566543
0.25722208252605805
0.5174465061173696
0.26679694581045177
0.010790763207139342
0.905866376615416
0.3241023444701736
0.14960802324136413
0.8264845550220081
0.7931435000458196
0.9979588451340917
0.3603125751286702
0.6204195852214396
0.5860209666212808
0.1619637134542551
0.3940176274096032
0.15323820535714994
0.16025060087010434
0.4023990236033832
0.029349704514235242
0.6994949732162319
0.6915199425030552
0.28141934428668414
0.5861386860091655
0.8860021613050462
0.9308832022868869
0.4449726009983863
0.24258578611542836
0.5533814039152927
0.2799700192437169
0.8896216674576196
0.6025729232661914
0.6041386760528324
0.7713224241344783
0.8251618525191211
0.842406101181046
0.27338672743720194
0.5009279590419169
0.13220651700241826
0.4977532212538809
0.9552916647757099
0.5375875203249931
0.04870119641512782
0.19499725140465918
0.3968097099764962
0.5349789604065158
0.6613717947110538
0.6530050133634893
0.24962478945220012
0.3281894726163834
0.333069225236422
0.3368457809601879
0.2156759232027341
0.3936074553936335
0.020963918563790873
0.18089158631653968
0.38102030925496644
0.8189483889700038
0.32247805080768144
0.6888103913180816
0.5207036182019584
0.1891762448568337
0.9969366156719872
0.0706605268731233
0.6592916111699223
0.3579505137778358
0.9223188629243559
0.8639691605859852
0.4915548731685617
0.35061411327405656
0.5131558905053726
0.16561284435901458
0.8206372706197314
0.24488090322281986
0.52482643055853
0.8484247124665236
0.09371516908491584
0.2394872249544533
0.6483672851875433
0.48879421090225206
0.01536000328959597
0.4432623942116509
0.8296779204177025
0.00950384499783996
0.6477323819046235
0.6205751177125103
0.4607894707422231
0.5367738184887381
0.7606269345981851
0.286914935502923
0.7189496839062217
0.4970632497443628
0.34329713215904234
0.45505778600676416
0.6562621707681413
0.07066542403774267
0.7429145024854857
0.995582633960532
0.7726520821602649
0.22971359346788667
0.7999172601448983
0.1490374725195407
0.9975259545865083
0.36090923513239215
0.6723873693069595
0.25988968885458696
0.9432729634726249
0.185534528223817
0.57633585860719
0.1842040142380137
0.5923917030694645
0.6963350930567676
0.9382590610947759
0.3159516049997566
0.6451094011358485
0.7219966724380307
0.1989495674851609
0.9017417066559066
0.1512885468871048
0.03560807880210559
0.7350798095355724
0.24400619666600232
0.46090333270826056
0.0030625321468236155
0.803495992581809
0.7424065445215893
0.30727074399223175
0.5687404931137925
0.35513951071739314
0.72152556406257
0.5777975200134577
0.758925962261197
0.5984725160483118
0.02162593384847078
0.2546425906040053
0.19221010945113903
0.09415164308547896
0.007634140280148305
0.14407939463992547
0.7525989968573552
0.013299951766959639
0.11512734583001949
0.11128067462487312
0.010244429931822285
0.09401319599000035
0.0036529638636122463
0.5265600709427363
0.04505920243074968
0.08916668416930018
0.011579123738657104
0.22950678528668167
0.4120688568782469
0.033587088028460776
0.017149075816184745
0.02270277934611009
0.05150311869461399
0.9112864467509219
0.08087311377303452
0.08878191084360676
0.033622852835108796
0.021505896675065195
0.007189902916511226
0.051925739122896886
0.006389417631022853
0.20918785739345092
0.20115542885227233
0.16131019149692327
0.38634033059872297
0.01673156934994613
0.42201957405243995
0.29063099304664464
0.19815539555303507
0.8440869094177497
0.39824863937944444
0.6958572047105047
0.04540795404595355
0.5913247980846377
0.7788278439839948
0.15949410237528694
0.07327866613636158
0.005924629975411211
9.819646507036595e-06
0.10813548794596461
0.006590663049456547
0.21376126308920962
0.8595248359214183
0.32250859992987957
0.0834224472577767
0.1074553773003879
0.8736925848264376
0.9015362002465976
0.005435016935880332
0.7723758134439667
0.0677083675890191
0.6372138758041443
0.130881048838003
0.027760319030389002
0.2570896451020883
0.07177962838660412
0.018647507788444262
9.788673693833516e-07
0.5889689820973993
0.7323648699445835
0.2648496007663039
0.4534584238995363
0.022507136500943714
0.18334277995865644
0.02472048869971788
0.23239802860090708
0.034232966514691876
0.6476162989176246
0.13413066920710004
0.03493849957660955
0.09181065075470918
0.09877604427934994
0.5955725254252251
0.7300079800842982
0.023422776799661982
4.774737069257462e-05
0.016163304122308375
0.06443567318217802
0.12231492245799513
0.8035392016586129
0.2549347702106708
0.013598332136803837
0.5990708855258864
0.36559805458746997
0.09585283151773005
0.133106701847574
0.01641682640312281
0.04568928524059079
0.7411680406876573
0.02485933341946933
0.020983048954849703
0.3300326237246507
0.005994713093008475
0.0801754774682284
0.12846162641004222
0.03029098196257829
0.5799680912402942
0.9609768247060486
0.22689905418500178
0.018212865150121216
0.6874900432281255
0.8010673517367122
0.9251208118022989
0.9677548127700193
0.2110243733565258
0.7387077460221636
0.4607960747449358
0.9587516695839908
0.25501008699761707
0.12726131569281418
0.3499833114544828
0.2925154910075882
0.7878394762591276
0.3807270434428873
0.1480433172441722
0.36372224987943325
0.8230176311307824
0.9163423799134547
0.07915111111238016
0.3610360423341863
0.0037485055091308617
0.13419175149088836
0.3733356079882668
0.6662020998933353
0.6711554922974181
0.5234264464872613
0.006198999096073798
0.27710460485822064
0.9893768634129847
0.8420736540013865
0.18446449158272582
0.9316940670714982
0.5437502966932968
0.7759040968829374
0.11362685697293662
0.8258132393917335
0.3553329171267938
0.6708128045494106
0.10327510091747172
0.9417796798288733
0.5081975483740235
0.663931850777693
0.5122004613344469
0.3834018290765222
0.8453914695287104
0.9519517113240648
0.07437436237087325
0.8250619841716738
0.7894823114379874
0.3824873212990667
0.059998423031531134
0.6199233188716466
0.03935858398826486
0.4957244774517846
0.31349181696730133
0.05842813676930314
0.4962630127215131
0.8985990561803598
0.08500392922660005
0.7565796922330481
0.18961574252925795
0.07416349127755328
0.6485576422729733
0.20182295247402093
0.604186320105847
0.7706043217678566
0.04870058244272224
0.9475187965763421
0.1664198038205198
0.9137645075382868
0.7950290495685517
0.12536234031801885
0.06474618224607087
0.11337092820358974
0.38366173325079433
0.540496278451672
0.3706289497791668
0.5288686645917853
0.8798354896232254
0.49305856961810735
0.499469592466661
0.008133662502408656
0.9626047676034446
0.5552034609045746
0.03725516329584222
0.18141765089840178
0.6193893751534447
0.9584614398006153
0.020771682370400057
0.12273086866890215
0.8887337731307878
0.10020826120761583
0.4740069662620163
0.34660038103929525
0.45740631067310433
0.14769074653703562
0.13920470029032983
0.11318902519054941
0.14052137996610514
0.36407397597210855
0.6423064188985794
0.29336073667163376
0.22305636384423488
0.38273608892939404
0.9397068974528757
0.021197920446353047
0.9318810581373582
0.24796543109938485
0.013049414006069515
0.0025108823993766904
0.45560475404413436
0.18078989340349771
0.7479690381139739
0.9069279546008111
0.1741588674108574
0.3460460813220916
0.9171189821088321
0.43871985724928075
0.8159107102210694
0.5817698109365876
0.1951598547728417
0.46042330438139145
0.9887145633730772
0.9850542260002335
0.3193688577104472
0.14992944806954833
0.8271086218337604
0.3022134798740064
0.54617242155597
0.8087059823757832
0.08971911812451716
0.4631486487635086
0.6529355728514445
0.8323055988808363
0.5735419740390051
0.9837290332116362
0.6829596627840699
0.7870373684430385
0.34572435312876193
0.8208018052022585
0.5886466361718179
0.04036112419907911
0.1607677736815043
0.46069584456416557
0.34324122430723003
0.9800679991206576
0.5371416334030514
0.48485174085923344
0.5230613435253453
0.2049992241692089
0.5786798994036726
0.16647463295410958
0.6219084923448865
0.6157188683181081
0.7533556304950522
0.5812761826631185
0.723560706888962
0.6194049898756777
0.4735598381976276
0.9628652069482659
0.4506937537610447
0.5166281140345448
0.9597277453916884
0.46678103470393184
0.5519030122503035
0.7297002317209831
0.5813378972662262
0.9275834618348144
0.05247452009678577
0.7408491842827636
0.9602708860286489
0.13896227591598542
0.12625497216548132
0.5992318320221965
0.10629877469184956
0.8250417936874301
0.8500339070809175
0.7530173388134092
0.020755535751531884
0.5201892165285285
0.4053706337420464
0.9519616622046971
0.7864415900841062
0.7307325670940872
0.3979181207771707
0.39665639441763734
0.7366855569492379
0.5808155877486083
0.35012683034521963
0.03175268915268403
0.12082868596768837
0.03438805600499051
0.07349323739512759
0.03030448839468325
0.060039329911875994
0.9563231722322474
0.6812265811614269
0.17742078891458757
0.2550766710248864
0.019412662642790623
0.2686434525141601
0.3579330244315204
0.7412015175594091
0.019812732257204146
0.372302462636817
0.0065747745858968365
0.9928499016432641
0.7656041886160851
0.009277067087295032
0.9892863633823554
0.09009075963609936
0.48998717063680264
0.39733049591482317
0.1479537303693792
0.2788376270296129
0.3874351850208788
0.5218863300323855
0.9753092689555705
0.7629403309824534
0.5192205045884197
0.006756794365734287
0.7165914252156484
0.08990569050305752
0.5400747003368973
0.04001146913646347
0.014186726683680595
0.3075697763537024
0.8983100389407017
0.2900158260207404
0.807578309486487
0.28062473005000954
0.4744716235529931
0.42557528376530396
0.4008983807494024
0.2715969128004281
0.4353367494653435
0.44221264807657734
0.6059932877827572
0.0599381142816775
0.5262119393923532
0.005887689466053114
0.4447382380759375
0.013850004145369521
0.017964381926798723
0.716154514758093
0.9011570894490861
0.1994677745179183
0.21423160652226692
0.41016718641016503
0.8723453338776672
0.9390086169721259
0.8980452270115749
0.0694631872508722
0.7870661101666094
0.1289540618671523
0.7049652162074094
0.05337278402105827
0.22288698332712942
0.7885573597141939
0.6574702332726772
0.2230792597398059
0.22931262353230153
0.6508315515455871
0.41770923283065686
0.8023198877006832
0.159742244574266
0.7408494035703397
0.6821479496559175
0.1964445594924067
0.4227401941349922
0.0761038358928825
0.4272159517914529
0.27053084315605935
0.7422744054315522
0.07588726850723271
0.23730255733816286
0.08053840881197338
0.6326468832252676
0.363394143315412
0.5178558357450269
0.5599309112795954
0.709131892782882
0.5625439906572893
0.12213633491478415
0.03972930223693738
0.06161279717613777
0.2089837951541409
0.29694908967886
0.048981587769620694
0.8149061179089483
0.5634104961199222
0.34215104983416333
0.3002211498943026
0.6486764330526378
0.059763391152370726
0.19130015037055736
0.5911611626051414
0.31417570904931047
0.4549257383893208
0.22161801213051202
0.12158421506861061
0.11906732769625594
0.42000074384866304
0.019509445279280557
0.44201255515600746
0.11855558867624216
0.8347609386932635
0.18491797314141367
0.7162233134875526
0.47487991477936164
0.0820583636066663
0.11009859315905901
0.523505543716376
0.6832538096382823
0.8800807438339517
0.3165664407044151
0.011548838272493533
0.24257579965492204
0.6017516455047118
0.7340582720480482
0.07629560467567731
0.7889327565452962
0.026530493704590707
0.5206879388351253
0.034149710371266684
0.7939364056440203
0.01311820718038259
8.068354283796708e-06
0.4169359011360285
0.03795877458305741
0.015212489887075131
0.007319234501773186
0.45312944114355447
0.5417994214917097
0.0469504543336583
0.07790833798074037
0.0819759829310236
0.3246223810795925
0.13468969810454667
0.6906962106088244
0.036699245397632696
0.6230665144351519
0.004546291211153353
0.6301311671934553
0.18816289750127613
0.4216665875698631
0.9790295050286009
0.8387357960656003
0.03354946813630377
0.7145810142109774
0.7634401274066929
0.03309973581883008
0.5690927618327342
0.3970296284939563
0.7902229969705441
0.567024218671323
0.03797712600048708
0.14125810946296657
0.7894250703454515
0.4297057996682032
0.1688862123618482
0.7395906445464311
0.3095821324217287
0.4327181672706959
0.5837715501250997
0.670513538799238
0.047428614984771134
0.08011810521072449
0.7053206886354455
0.4692519113607987
0.036599434107464024
0.02239270696065354
0.5385372324335398
0.2699531829995623
0.08165394702403761
0.36345289001359893
0.006712953264622179
0.5310426130742663
0.6729513811095975
0.5865624816711379
0.004834647899060629
0.3714406450151273
0.575885400780008
0.29072766965026875
0.3836186748019603
0.03463561511331448
0.9911736964040838
0.5409549349861886
0.32090924801237986
0.06688921530746161
0.011667862455853495
0.0712483818585421
0.5581204396401824
0.3530990734620685
0.11492599884057597
0.052961020212883625
0.11212245194640524
0.02698942014875927
0.02407107886893245
0.15084248250982912
0.256363319231387
0.03373353385221556
0.2429417442911399
0.21554348923795885
0.7788710389847253
0.138654687894729
0.25505552641272056
0.5330882239359052
0.9004963652702263
0.6181965353017276
0.16271916416456622
0.6844082915550318
0.3800058567091069
0.7202845428529885
0.9743210157119475
0.8313198527342724
0.7024917973855445
0.5935540108175079
0.9450185152770114
0.130920575653799
0.5762764527154398
0.08471999724063028
0.028650793051686607
0.01762529798082957
0.5721105882334265
0.17602496289313319
0.8935368918730047
0.18698081250509313
0.06296683721822705
0.05224307587412902
0.5915297819236325
0.34579919720890473
0.6732957983039078
0.003959710028624386
0.6986615001258181
0.04825626075785072
0.38884987873888255
0.033233453171454874
0.21048699549248728
0.2903217310343402
0.010151254936574983
0.1529113380468652
0.009009306653255944
0.11062449322439072
0.20716253867811885
0.7939608046157907
0.4820404310121391
0.12194029903241566
0.2531988850963456
0.8293033486234556
0.04063543948957804
0.39264923496066073
0.6481042699398905
0.9668674571366234
0.006177396832079518
0.24043742712463256
0.6632099630455737
0.656969221475108
0.1252068002630944
0.005467055264927412
0.007544863543024638
0.953878523014416
0.4829100191482585
0.0063137503554244745
0.911676588964083
0.23617128105153418
0.20319477179422152
0.49112470852387724
0.6203586764257658
0.9681739515965824
0.2537309087910291
0.10736470596618797
0.35903300309911934
0.04888428019897484
0.8866468287173557
0.8929714136545066
0.9038578525861696
0.6794062557306648
0.04777689177496547
0.6124305860181278
0.09944516027207317
0.047457055886498845
0.4633310509144346
0.38119231916423546
0.06938451577169347
0.31145158345021606
0.11561377702931419
0.5230039667110313
0.8601550648273579
0.6660615347841552
0.9668292730065378
0.1470025581012968
0.038023443633266485
0.3436072820415046
0.6433110387075409
0.2870797321818568
0.9672817832246343
0.4656436062381768
0.0906718968310416
0.40308173358119204
0.6526555089672095
0.6003751852432233
0.007720398604582623
0.3875713330303512
0.6634748797086885
0.25779673965253513
0.9970999481273508
0.9766390287865689
0.25928891699697787
0.4166459240973941
0.8669989783226073
0.30948084306460455
0.7099326810268238
0.10884391240961233
0.04550198437045316
0.905885123593289
0.4841644459039305
0.7375633134091699
0.59032487245591
0.251283482358716
0.08592356323517159
0.6009790119144127
0.3910671776627246
0.5287738122749572
0.010214794732747556
0.6088576949384721
0.020833741766718372
0.1424551616472216
0.7060097561268004
0.07008427152555008
0.4460349309503604
0.21804336162275817
0.9426417662318665
0.0755963760134486
0.2620483489019301
0.8920506741371088
0.8329407010021947
0.6315794814351761
0.8146311535750106
0.6856257351409016
0.09280120309769213
0.015796606836517846
0.2033217502751845
0.1945334778818748
0.037909703944245754
0.4200458881888476
0.42659671952022205
0.4922306648202388
0.00702173320596744
0.9722247339946635
0.4098939005015658
0.9058552638587003
0.30136455140923424
0.8575289958060894
0.709490094541092
0.24588182866351627
0.3501248628170206
0.36416124514255666
0.8128984031125535
0.03105315240165285
0.4431567169364503
0.016128345023070034
0.09761051198019177
0.16535968262858147
0.05362400871604445
0.002273347759558453
0.9007692764965967
0.2650370647669056
0.16162084219048722
0.9305683292713505
0.773672953324176
0.6992736137864437
0.16686400681461055
0.8275002731759438
0.4794169474931258
0.0879353526122495
0.5013748127835429
0.8794445980772512
0.28652762121874775
0.37868833960534976
0.15805639114043757
0.20568575276987167
0.0047875549317968336
0.7262199607008739
0.253023778632127
0.6146726205050217
0.7276694215741921
0.4063587817291121
0.4016645457389394
0.31348059926391914
0.4105477712084151
0.9212199931198339
0.136517469537214
0.13244558791281147
0.028067382468944135
0.9843764205502588
0.045925535571359255
0.2601120956814551
0.26129510815230694
0.09379711486189968
0.5937934609263396
0.9415423552730957
0.4264353414261026
0.7203088294650821
0.004314837626290258
0.514042123915694
0.02722919058416573
0.21192993860033082
0.22656100531445578
0.3752765881163196
0.705009762745227
0.07899653825683339
0.0002109261289031661
0.0001451137834873606
0.3655312955772243
0.1003796101821599
0.9125102638867038
0.007436381517670787
0.038991356102470176
0.18633922342851172
0.3564297043148339
0.27454886090023156
0.20191747399310866
0.003276149044178167
0.6788149218636914
0.05766673603326078
0.14957199718135983
0.12186399674954718
1.46367671645109e-05
0.19273770127502843
0.005244200545425848
0.050108084895998495
0.3773822000970197
0.19010009448018894
0.31990161834757913
0.8934499865035694
0.546338243405661
0.0556009289938042
0.7321954484502231
0.5767832652468048
0.2736557598856546
0.0001236770586281466
0.24577753846107098
0.4178420251567698
0.9392108059297182
0.0002521952966592078
0.12624526718237572
0.674556777911254
0.029860693313238595
0.03335694744377604
0.749075919542002
0.8557324910332145
0.4092565988203307
0.004447818590240349
0.010213520171648893
0.14282777867369645
0.02264040283392399
0.01433219667746588
0.9251140843390016
0.5737315021906262
0.3261343160380674
0.3209490422592898
0.5908793510187147
0.10179842609143241
0.1250851447338006
0.38292552099649213
0.21715634158344255
0.14843750035706305
0.7345283877624216
0.10057017975127902
0.033161730726886995
0.5850879316972739
0.16816161556626952
0.29883334393985317
0.04743562156355585
0.07374062392728176
0.9003566124339242
0.48153961539234835
0.7477799108234662
0.0010751168580154236
0.4054422113608127
0.6948727202312697
0.11717045085973798
0.8488898061901213
0.049504320907692634
0.09958098387911885
0.7716151271703737
0.0020277969145698904
0.3220553534814852
0.8271594512675438
0.022571005068815264
0.4669541285926626
0.1040113480183611
0.025521522873418467
0.05419605663172966
0.36236152878912953
0.053766184081738944
0.12318925718183982
0.019503801802010834
0.18204179627993966
0.00787066053992258
0.4421744278805537
0.3138659008069129
0.005518823211730917
0.0532210443321115
0.05669615182586063
0.008221311660264519
0.006874117582613026
0.14790549806349018
0.20146251548944316
0.056883480220921934
0.07829257523054545
1.7816069749043706e-05
0.20427658518674052
0.015775397173220185
0.01069561987271439
0.11357007423681131
0.18214541811710694
0.4484261405792358
0.09534912129637374
0.007971594358936906
0.02611983268403928
0.0017615550609968444
0.3951971512603829
0.8050703985942333
0.0682803960239835
0.00843883738268647
0.05921609121277438
0.8976016806240543
0.10046412308499475
0.10934102387001143
0.0012974034161989945
0.6051422939641178
0.5982962501291005
0.04711798833482539
0.821373297179177
0.0841250710760375
0.01221425832133427
0.4205835994872793
0.032595006941247284
0.0005929204098715779
0.15745585340185464
0.017895282105603982
0.011924831044564987
0.4576405990483883
0.9069353206850659
0.0768473024568066
0.17331982152595327
0.11761334358377296
0.00022370298379326137
0.7475269268852027
0.001718719451121009
0.05770787501560948
1.5169678734050507e-05
0.026104377528753497
0.09742880706030155
0.00043176394803579043
0.16993850799658006
0.23895910799187492
0.397847724860253
0.7698164308894044
0.5025717749976581
0.03415460578791474
0.17961118681543664
0.3400669872181954
0.05095855493503776
0.07335875207173159
0.10726494248090224
0.2894729475918387
0.012561919094889573
0.002023020207377435
0.021029064588671265
0.05101037898409899
0.0033765915581609462
0.015329853052667985
1.1697090402718047e-05
0.017210549732640912
0.00010744813202223646
0.17128282667875383
0.06451628557160238
0.4340132392563456
0.018004907861745245
0.0154924477730074
0.38513550253812845
0.7372770335736725
0.35134894991236454
0.4389190978263824
0.010583400632392381
0.29834169075087136
0.3594922621648886
0.006240390458786882
0.6133192259254758
0.6370574780665721
0.23915673926280911
0.08544056302697234
0.010293716525438423
0.1340124073501907
4.8723481379964184e-05
0.05918886551724567
0.1546626080397433
0.03322185755126661
0.9498389779311625
0.08459048940231284
0.1369298075165517
0.21029064294100075
0.34892209800216856
0.009663655434875018
0.0036749147378518643
0.0005090721731677572
0.2785297182485007
0.004834311805035574
0.17318727019703894
0.012784980651580291
0.039270334768129134
0.011962284335629736
0.016713025906961887
0.004332748603755654
0.0018140924750826848
0.744615759946365
0.3372575718936659
0.9619332860478653
0.019518365122462633
9.088057107864422e-05
0.09904317028672471
0.0005366851292143426
0.8400123947625762
0.003753072810146474
0.01093762218733585
0.07475762097713745
0.04654701385770044
0.5811741339892189
0.11214159061951934
0.13975320213762
0.00330023255260925
0.2575091942977523
0.40430136548169093
0.6412621035681627
0.01573042754848264
0.19560415196874237
0.1676766159091856
5.344051178912679e-06
0.0029163115887158586
2.9868426978385543e-06
0.01931617286456566
0.08073052005989778
0.3368647545914465
0.15880094516587762
0.48011429708257714
0.24087601777866174
1.2847034247531752e-06
0.8216084195001059
0.03359071179243478
0.10742967507907308
0.04215083784353291
0.03315730728149635
0.23901308126770737
1.319610503758284e-06
0.047732779043866636
0.7068709690776487
0.5018295769469303
0.00017790934382411194
0.017795986048208645
0.073541499399568
0.22994221075519738
0.03381881522485042
0.0019795479751494316
0.2719032920343851
0.1453567883200464
0.009067099093325925
0.9382870519636748
0.37240954062197185
0.0643174274326157
0.17865496288109073
0.002914503131295376
0.1167221765210924
0.0023688168058004777
0.2585611442776614
0.05890355875366948
0.05551343206678139
0.06861115010324004
0.0020511462940804304
0.029196233063137678
0.0022252426206199605
0.5275299379322105
0.00012879528523801476
0.13904597460345425
0.03748496646238131
0.0010496975010401144
0.0004526856055970807
0.009034924847487469
0.5905431945441246
6.455016896422805e-05
0.06982790460654664
0.016839760435444884
0.012296105192177498
0.4332967713466951
0.9442813650933459
0.011631687301524085
0.0018298202793454177
0.9397515481831786
0.7704776483382252
0.0036121148596539587
0.020886186057403
0.13036232344442444
0.008064363004489428
0.028258791514107928
0.38827649453956004
0.7649011188318224
0.0028871899564326675
0.1445738342425984
0.26600754011822936
0.5408217363921413
0.004102871291012278
0.5188156615259001
0.0025051806997447024
0.09429662975340114
0.12308696110534645
0.01966831061892438
0.0006618102137994075
0.04006947893414359
0.04656006581842731
0.12984100106634822
0.008075551364596478
0.003709860885014793
0.22657193309752044
0.5876120393127042
0.0015046329731875918
0.19363140111720978
0.013824240440828195
0.289436679067413
0.007563090504671521
0.009594695388702279
0.04341635248979392
0.44903747780322645
0.07668038425084012
0.006124688447358917
0.40126010094654596
0.01194429454486956
0.0003886115166618076
0.022287337436851518
0.007493987530958535
0.020904728816370177
0.0017468915597071977
0.06119696344891934
0.445569410211883
0.055038218632550207
0.049139138882323685
0.0034993833620700077
0.001816154160087624
0.010841905312530153
0.7446852899101388
0.14462859626173863
0.10876760858442291
0.0036012735778034877
0.3818250692517251
0.011308641319395685
0.6556858196923767
0.0029004825349896457
0.17508874291505427
0.004446816071036697
0.436919641855543
7.596633074458126e-05
0.7176502748726956
1.6222901833673475e-05
0.021926159263585987
0.2279020927754032
0.0007345294480818332
0.006416404234054651
0.004234512826743364
0.017582588629964757
0.023536384702555146
0.06603333556419155
0.33180092563761354
0.13475225234717847
0.00048159917506240824
0.01355409675321173
0.5983570132094176
0.123025363507
0.20931568761057706
0.011974733045986508
0.8347852008378855
0.0035513575088905736
0.005242944652192438
0.00967263233576876
0.01807569977395107
6.828730566676988e-05
0.3750370253771549
0.21911766282860068
0.2568152911568937
0.2924274966494096
0.022119324120912554
0.28400357609081084
0.03431380269970097
0.1447946872521637
0.2835086205661206
0.5957717111184717
0.0014682866325970156
0.01407877905465349
0.008999647235298891
0.5590180078136266
0.01852331380339356
0.3313528499180931
0.09577545737934168
0.18975574423010877
0.011943000877121968
0.104169938339987
0.014459651414551189
0.016102792982106484
0.06758303757616702
0.14715362997514836
0.008285894580350561
0.02847068641142081
0.030556206280128784
0.04486422335931528
0.15039178747458926
0.2977479993453114
0.0008612792264213187
0.31351781392495726
0.03875452068596763
0.24633359605944527
0.22397475904217634
0.08776697810469813
0.17615818762851854
0.002998992105140097
0.009174290619920145
0.49186213457254335
0.00015454254325830696
0.012325535455109504
0.16015085011788344
0.05448944311112136
0.0771371641799119
0.012917061146293873
0.08971840001858444
0.2405406979124478
0.06894996280639343
0.1559455825490308
0.9442173154991145
0.040791358981182135
0.08520868416674587
0.23092858444011233
0.013849078497691458
0.02506024723518485
0.08469618901590015
0.009796149630551199
0.06681405951384889
0.6023893241595886
0.0018544991138620404
0.0556957650968708
0.2587547044455234
0.017551716373316983
0.05729924323592117
0.00013316663433116105
0.16684641611701911
0.021500310821855884
0.100502264568185
0.09538215120888416
0.48428460502070236
0.41254642785915685
0.009935013582684116
0.4952764915522332
0.06769629339491878
0.012450985193302122
0.0031761687552187556
0.2687308417904528
0.02647378971872638
0.026868882551190465
0.0036051310560254457
0.03731409256803575
0.012334233260250294
0.0009794890874827988
0.14882340664477955
0.0003949551639506055
0.002088176139061204
0.04607486499274294
0.0010205103217344469
0.029436784496009505
0.06644994490303158
0.013076677346137933
0.0001597173387182238
0.0019182550393388453
0.08911954993673876
0.056091683582689233
0.4149813492264487
0.2658482000533575
0.28358179740712375
0.1947276131659419
0.21301090177509785
0.08324502989763771
0.0494769745210728
0.4330667293780317
0.0008438352695288032
0.0055196995199051635
0.24812385682804527
0.39124956624781904
0.06934607678430926
0.07443427680568293
0.016659444406698976
0.4445084601221665
0.017379378492913045
0.07302722542342499
0.05989901123406716
0.9492358670304062
0.03317199639051971
0.07162549090090375
0.6536655005988015
0.1918690947367958
0.21874230372707704
0.7549212496407915
0.16743670157606516
0.0006515006526179867
0.12029372741007904
0.9969333166281453
0.0025435734788417097
0.7431530705904441
0.2202893229083538
0.008176171489338246
0.02037588408350932
0.2421143477749612
0.00033048531553170335
0.992951213957022
0.0025857804097144665
0.11876127170555595
0.5410461302568665
0.006771107259317288
0.14507088664849777
0.08810457128952409
0.007895811541200004
0.048050365065132716
0.1856066014265252
0.1412633880287737
0.03504759819201908
0.09152690222944426
0.10811390087537975
0.02423862772516805
0.06333317167439878
0.0003023828687782615
0.9531394625734577
0.03506244744919629
0.283070499381072
0.0718346309803728
0.00021046972236327122
0.44236187127543314
0.00040103775757316384
0.05414151744277773
3.736567904422117e-05
0.5858017053317388
0.0027368603473998387
0.15439286796956053
0.020328306888454994
0.4132946880249013
2.128031120651741e-06
0.8749806623828122
0.013988893795592316
0.13175769014944816
0.18223452997135192
0.2328404995124025
0.07509636469234948
0.005630465965096754
0.0013299335726648653
0.1045949314714607
0.007759152993543461
0.30434250804315854
0.31947272082698897
0.04477765364919195
0.0002432156192750945
0.17115455562990523
0.22195398452396597
0.5051773586570869
0.11734336938015288
0.11159726388836466
0.007086207213838458
0.12958649865716576
0.07935097300801974
0.06895674853091549
0.25902037490901453
0.9486392094515743
0.054943386480294176
0.04355560206859166
0.00014199505336986995
0.35410321171878234
0.8405192687483654
0.7298495383542394
0.008314840364469056
0.002500302015892464
0.6789409854834789
0.04983605555561166
0.8128600847540361
0.026460763149171784
0.01209095344784994
0.02097352489923665
0.15602317774424468
0.10764792125872469
0.0011953582067034674
0.25661432235745885
0.07609537654029053
0.0014701285818501386
0.3896884546136725
0.057881228107220295
0.010138837888207464
0.634898939634295
0.10878812793774584
0.24053877721950423
0.8885151963733242
0.5744634264206241
0.01478149395080175
0.4388061453042167
0.0068638741950417526
0.6222136579444089
0.9361727871335446
0.09192573181045738
0.8524129914654757
0.001833412798283529
0.5994927129721601
0.04691948390829914
0.8845482073016484
0.007627445978175995
0.06403875715123686
0.04792433340916702
0.5492153455701874
0.6791231289788218
0.0001774762206385727
0.1669524019263
0.15721733371508662
0.8489357225987244
0.33708455210189614
0.9255160653078367
0.0006290003117315202
0.015301406572959975
0.31832555428701115
0.03307123502059928
0.007788227902456368
0.23989172112352541
0.5467444207619132
0.45469685745193655
0.06632497907786616
0.9878621426900245
0.9950700963658827
0.47578891742625307
0.20931234803961973
0.5856073023130639
0.6208196813265978
0.48896389474062074
0.24081350262978152
0.16625579137402902
0.7119080380990424
0.050069027497250396
0.45587196531451135
0.37952795903650327
0.21163795606839786
0.7135383250321752
0.4595978677514647
0.01024868978210347
0.004392914045916463
0.6781747577038018
0.13598489367958022
0.6881566283264633
0.1400405681902952
0.0002364788115893912
0.05564652375932644
0.795218823014143
0.059406244642519646
0.30120319066794243
0.5235683513080793
0.00047442888870530275
0.16329678605989106
0.04750571177716667
0.29245735697699593
0.008211481915711749
0.002470874519095112
0.054339243362902634
0.04226642206266762
0.13724938944359422
0.013698216924991513
0.030541492923650493
0.15951495317811437
0.24205538454409048
0.6967642293677734
0.030335454773271486
0.42192324486173716
0.06439959288226249
0.7383508957472249
0.24536746928499475
0.0008597539122665587
0.18942798554419737
0.3106078128931329
0.16723482308688897
0.16707057670207348
0.027403910422294064
0.9482168918453362
0.671784552231449
0.8723900621523175
0.8141270346375378
0.12568034309688914
0.08132395593106678
0.014151387553506423
0.016604594044531185
0.2465702235043461
0.4560000001785611
0.02019411701744045
0.16041467556208455
0.10853770316335498
0.06385286061521467
0.07769421494309348
0.5691485646457219
0.0017881601454374785
0.0036425376780764296
0.004963191022031799
0.5856116214868274
0.3574358650460572
0.02284002270096397
0.17857627133896425
0.05339265557508299
0.40100966188479026
0.0026305372881310074
0.8776902103630173
0.008303361521437846
0.7242999407017878
0.3097862048322846
0.9591060814620744
0.006906347932849499
0.014080959804571247
0.07605333866153852
0.6705056156115758
0.6878077112863508
0.03731432099385823
0.031256008452195116
0.010314426728954773
0.019948792156564865
0.31771584595335733
0.004300085352161309
0.7896047823939563
8.071250869856605e-05
0.9421348479213862
0.07534149315712968
0.09523929346597382
0.05917350336766969
0.6903105603093549
0.3188481507196723
0.05281339653587791
0.491688318081686
0.9318570147840328
0.006938277147180427
0.016171436680058715
0.4320863275301712
0.7992897555622192
0.03518637578497663
0.199278454617573
0.027624438881099334
0.6284925624969195
0.004948814609204044
0.005374638457297465
0.03329365472593748
0.0985273294592921
0.02718429301848868
0.2742531385234557
0.6951109427381559
0.0256661466987953
0.13562233414259106
0.34732974122510263
0.33122409586007806
0.024371370074251386
0.994626130103256
0.17562291905360006
0.5096784690967224
0.04144533965594199
0.0014066014519893422
0.013074015693567143
0.1507756511229159
0.045221285104238396
0.11693392399402769
0.5182403086976608
0.3930051257951406
0.010252263194735267
0.05790028538060188
0.006150780966709846
0.098284625617715
0.6596828244518744
0.02481138189715626
0.38737735083247626
0.004102506820030882
0.9834926797562709
0.48415542404371337
0.33864430918300226
0.8457051595338241
0.0006951735002167503
0.023126923200994742
0.33084942837020215
0.002861125640369888
0.9909289728689759
0.47369507937719435
0.0032350060584280804
0.2547167094689131
0.009249885832807614
0.33003950594599685
0.058130630518618887
0.004575609233824496
0.041692510306074126
0.020239209487104448
0.0028621825385999333
0.5415577672507421
0.013932165671966423
0.40931707083495805
0.06961639443022283
0.3245255153711524
0.030563647739627164
0.3076990733973446
0.0926161173423159
0.2300785760366788
0.8058580012421035
0.10849846064040491
0.18067441925748984
0.36297269146481526
0.2988370556566984
0.05800808655938616
0.3452687780105044
0.055952817447368464
0.30165001017951965
0.04316017018706875
0.01198326531315641
0.15456905654073028
0.28783946146791917
0.06833353106957651
0.4299259501260715
0.3761389927170107
0.21966320438973108
0.041412101369132204
0.32402387962002965
0.3013433271303334
0.010770576768037277
0.45347150672026393
0.29645352986304396
0.12047254564849275
0.003378123034914582
0.002688379335832769
0.42802214947629613
0.01945676566786858
0.6181845514301874
0.0006397191814551118
0.016666834955149534
0.4614865316912755
0.4611817404715344
0.05255702966686404
0.07960145103391669
0.6534140055871607
0.3017361636256697
0.006963839310904385
0.048686158571117355
0.00474850268490834
0.9886659210583679
0.4053304864325493
0.18697799564212003
0.30103010963478827
0.6966798081077792
0.0017499900016098024
0.07394315124140927
0.012395845111455639
0.13087561546124116
0.068050255291223
0.009086144966554688
0.3946025965006892
0.0033310642696420256
0.5789660998449353
0.3245868949061128
0.09296029649935145
0.06959754567971421
0.530962234547502
0.061295519420565325
0.4501764925925351
0.2017362384034116
0.962362700428937
0.038451605725057236
0.8232895988256106
0.29882834257638446
0.0807686715722351
0.2715226062434377
0.271693032566539
0.004680634525418226
0.4878719265116951
0.16752099082074157
0.648035249087062
0.39566730911217896
0.20264786811102065
0.14915519675408562
0.05375232649764339
0.07701336816605919
0.12773581168607429
0.09181475934579852
0.055225378683258386
0.3099577782703511
0.3435896020787106
0.3774774752305945
0.3758924906928116
0.36914781368639416
0.4024034292728793
0.03320123117181217
0.29389284704548535
0.03612035738532593
0.5344302785943797
0.3088926703320276
0.07226249856405165
0.01624438029729336
0.5444563241834492
0.06021935668589462
0.022841852986563493
0.3036076660836149
0.4125414673112271
0.03685109604862391
0.5314307341276208
0.009027215027987756
0.6921832094370313
0.4022633336647292
0.014428990535961361
0.006562649646035812
0.09884927067366811
0.0022671312695887735
0.2602167015535133
0.008526658029992529
0.15422027428936347
0.0567904857765571
0.13739165114273844
0.8280326386975849
0.009531890569581591
0.864932611995646
0.1948183846519458
0.682616213294938
0.2534729125093127
0.01642230196493233
0.10699999578566666
0.24758466374130728
0.29539477656588664
0.5994492193314989
0.12234390511851734
0.019984999283575666
0.9790113347486542
0.09946438672682745
0.005219674942017027
0.006222350682874023
0.00037391958677268633
0.03504654366573878
0.06173126308026067
0.1162994243708868
0.7962754736628517
3.176557791317869e-05
0.057875880375773514
0.009443023165140785
0.10752194384388325
0.5851317801316469
0.20124013104241523
0.006521347029788238
0.062250543532269775
0.1255625747367517
0.06819555487891371
0.011979258916204882
8.784711274789636e-05
0.4523056486183519
0.5570360619733767
0.002550180947678893
0.117403693746295
0.047660631092285355
0.02644058238514324
0.5367417716674421
0.005444479846592687
0.5940252904219485
0.003193643576213656
0.07301363644431835
0.04768309523789238
0.05479774331050358
0.22177917891829102
0.1823547411332147
0.1336289259810608
0.021755605700510383
0.34069713106481014
0.14713469931370549
0.06277170919028174
0.013025348449518415
0.06766931577458046
0.19006343267822157
0.18792425761669573
0.05087616114147697
0.0031008587336351923
0.9819854849089469
0.1284004858137
0.09145675672766673
0.006719451374857188
0.06648010546817029
0.06954579190940358
0.029338240903411528
0.0019518326564775812
0.5269001500101824
0.1682632215055393
0.2689060090488433
0.2327259979133467
0.058236714957178526
0.6744333937703941
0.001995370139539876
0.06146711963857343
0.001269963737964952
0.008421625673677324
0.09312984210114594
0.7380413354328719
0.0057286182690965415
0.673612138350586
0.05196568111665867
0.015008396088544984
0.054344580168569134
0.047851364982768096
0.07219135654033648
0.6074897315463124
0.001332737518187077
0.06765825000756487
0.00046642329595014687
0.11564292989646341
0.16706680423286424
0.6357145939044955
0.03643954645243985
0.08574559386796987
0.2321636179384281
0.2483702795081073
0.005088909011586651
0.03302708743341576
0.5635587707110674
0.916874371146134
0.3563768357936685
0.3851577961013355
0.0006769241996988917
0.14626329595361565
0.012373206366272482
0.21086398910861615
0.006303982329199265
0.5138773169863979
0.007388515067623835
0.49071786312383403
0.025265392391105923
0.11669845468696982
0.18488625432802497
0.007554956445524841
0.13769034507432076
0.3159150825955881
0.0003045381183326423
0.09808640798964063
0.008331523271696506
0.7365930742258775
0.05771457600498908
0.2734839076600899
0.18363611646242628
0.09659025142287336
0.01483234976696135
0.03953255769422115
0.0004293039541030108
0.1957699073510748
0.47049944774335617
0.023758780614519415
0.34134901344073443
0.0023815799463737797
0.18723563034177904
0.060459943586080644
0.10492748098506532
0.005361648231334115
0.10713136124863931
0.19923487120155325
0.3520602357064828
0.0010094645695519766
0.003528939089528782
0.3569928845930401
0.026974918257615776
0.10022124134647648
0.964208246539632
0.026688938840000676
0.2296018848598691
0.21982433716931293
0.0003322564004399897
0.29704232590886903
0.29569052221345205
0.009072338838396865
0.47184850756775853
0.011073187822430386
0.7455005142349305
0.2145065445044667
0.1337695771420011
0.0005977196999387147
0.06626891290825987
0.1861335622996192
0.37613664800401847
0.04623256157546041
0.007543523223185522
0.0029143586501507723
0.7211668124283404
0.18099416063309537
0.054544746968787416
0.0590109466974873
0.9152892885511137
0.22144667649336225
0.11943161246816647
0.05770752008881419
0.2812446754196438
0.9944399031771287
0.007008900561064513
0.029640141246491725
0.0015936946678891672
0.06343676922367258
0.1557388589145583
0.237695238427313
0.001425388592169785
0.0848015175319039
0.026834054437760324
0.029386498056806598
0.03518734407280233
0.04444482141087458
0.276009504301451
0.3685824665863435
0.5731379846539353
0.1588709584224115
0.027130919561219047
0.1721245928929518
0.7296775676993335
0.39373837916759413
0.30304946975527525
0.8440526371659125
0.001771922443541074
0.11993842918801345
0.17987332452048155
0.2768627771016108
0.2581328821868718
0.00036710543489526515
0.4216995587431063
0.4114426301710683
0.06946874557617333
0.6062953129893847
0.0281786656446692
0.03994756219708617
0.35332505409125714
0.0001417652777844225
0.6652196325142163
0.4192300839000662
0.21215104339127455
0.036314777391411646
0.09846950340018035
0.08262508790947654
0.17279711800286424
0.18495010017062063
0.37785634873081797
0.016631646051896043
0.3941570010405213
0.10214438930509928
0.04730295961273945
0.016259256343839734
0.011921322771563547
0.33693355827012095
0.34931538838553533
0.03970966624614514
0.1480321256078152
0.0006069674793756086
0.013368701332676869
0.0416316467400808
0.7745711486901554
7.210852368544352e-07
0.05487181898100468
0.25975037520234556
0.0030387119217749614
0.8263208010776344
0.4281252308793926
0.2458811379432415
0.05633267117142848
0.3834715711710712
0.00020214455589373514
0.026304873195452494
0.29353914218686183
0.13884353754446432
0.47133340712566474
0.31858572734173074
0.3306463672361244
0.8326881139238496
0.8605015020035827
0.008641866177522495
0.0038367822039153676
0.9367724752315716
0.03931507448961313
0.4109365958182025
0.004525342145270894
0.27495183810097545
0.8256663754126086
0.4306490955937956
0.22686011512462567
0.9868319673355403
0.026976255575315022
0.1916721789628486
0.0009462419079899753
0.0016971364264040112
0.006042895836828821
0.10432165995986487
0.02185427936095441
0.24508027459559534
0.8335504452264124
0.005269402232820353
0.3578774855470783
0.08314013586114055
0.016810611871991732
0.25808958557835693
0.7158504048615568
0.053560159830913
0.14895778986476693
0.929818353289473
0.004040617718059636
0.042322248151928754
0.2605845184113109
0.23879117700201902
0.01642213069303322
0.007153030537331739
0.042280356222877735
0.3075084840937592
0.019437796101620775
0.05806615154086536
0.470061774129213
0.026393263446004456
0.13678072327194535
0.24875703448014486
0.03310115395432134
0.011904476941978936
0.06907688078213425
0.07741143479819179
0.00010233052801367215
0.017994238870614243
0.0059865080897540945
0.12213993400477707
0.31076186258469995
0.3958760884825818
0.03614217096981953
0.26018162019483015
0.606910081039193
0.09064492670894642
0.2841086095827765
0.2360687883286412
0.4742912455418482
0.06476372773351513
0.22579704310228843
0.0378553563720776
0.11159544338998062
0.2481169416308897
0.2123514004660194
0.8627039630785795
0.12414683980476893
0.06255730132073678
0.07410105469001826
0.23066905331626497
0.03071696202732177
0.11219943278681588
0.08933297257508332
0.0897542088593637
0.03354991580050415
0.023443357107958196
0.596002167479023
0.00890593227066483
0.011863842531546043
0.2424674843008603
0.10157515019567409
0.04342696661767964
0.014247371580443868
0.9711291313482007
0.0548800886479055
0.9893629030674371
0.35705588140662003
0.007069775457115179
0.2858315578902382
0.04850131643672473
3.424211850000525e-05
0.2654123106289725
0.5884510298097527
2.5598269540960672e-05
0.014013777658032245
0.5733852431383484
0.12545332857679403
0.2228877917928962
0.03864446699738622
0.07076277815334864
0.11643722827577974
0.015356848581296711
0.20421548213598806
0.36953224368993176
0.9784483536181556
0.046122389875447256
0.26776834364489943
0.01568060077322575
0.007442397149056257
0.0019474155375587276
0.044769039180011294
0.0953690068055264
0.7749810109090705
0.0030285031785322047
0.005375966284266731
0.6618610650899459
0.9560215997903894
0.10711844435929563
0.06365096299756434
0.002524069250336769
0.026957932414655383
0.14692493155901065
0.09987210952036563
0.2848847729620685
0.3343979572361526
0.2560410266687527
0.05837459489300145
0.19715626490777582
0.055374084703239346
0.11552601147742836
0.0014899489964173007
0.09486698413080807
0.12845818214679627
0.2864482894975662
0.007128398217259635
0.02017310944842765
0.42005959889407496
0.011038572977643879
0.9648956572874048
0.10316453206575615
0.6475740921794628
0.050395036309340835
0.07504911167359629
0.00676250076108853
0.0909171634398871
0.7446022755996506
0.08188661655451068
0.033246948089347805
0.006448948493267936
0.8310969201674612
0.0001902221983054453
0.00669673728881337
0.03551554518963829
0.7575021051992512
0.22560314652286806
0.05557749062531636
0.003490445841145995
0.07222486906153591
0.0018869735507198726
0.01594328309582682
0.07777105265428519
0.22750552632704002
0.4233256303651125
0.43808452816332144
0.3223197853762536
0.003375059674236791
0.0003296304621747126
0.7225587148524402
0.3118300623070982
0.7231776273363963
0.004554559972739902
0.21774047724263657
0.023524574993144975
0.3612018146946592
0.06805292863099943
0.019071635999616365
0.0070568726579423036
0.048321940012957976
0.0016591043325997479
5.8172779462628554e-05
0.23236272202087527
0.04064277292533669
0.4986780915526916
0.0890786814858302
0.07811879400431243
0.13631240652368604
0.00039774762777766703
0.01660275220685814
0.24295313163491272
0.17044362382278955
0.06319560024939586
0.4921710134122903
0.5090062409722385
0.15440061814405026
0.7215194186226803
0.3761826236593344
0.8103178300824236
0.5404026150513268
0.7988970725047058
0.4512925153083789
0.4664749832273074
0.05918291140410625
0.03999243175887002
0.06191050281916821
0.007230466550605108
0.002326251069139529
0.0009045253383144214
0.027276265760139085
0.03006097727032664
0.0021903020869551426
0.008228869106220671
0.08671808501043166
0.019828323905793033
0.7199135113388819
0.34883629525926163
0.0009960496514260786
0.3923479975461557
0.3619760308507525
0.20923216800953304
0.00030222015787906287
0.42552728138154805
0.0009713372999422543
0.39048974186422103
0.09606721678103058
0.3516213369003043
0.017816014681440562
0.09192728480545664
0.021220849313768886
0.032450790867024626
0.04646483813550484
0.0027171325360622056
0.002840759654809233
0.0008276577412091868
0.3185423955195983
0.013453166306775177
0.29843266614517594
0.034428402534767866
0.00027699284606597097
0.05387474974302098
0.03944010767020023
0.9298087402839981
0.878056198969295
0.008678002109349103
8.326528003754774e-06
0.3062146278159681
0.0020170239876520224
0.04636892917919777
0.37680534531155985
0.5878107456105846
0.21276927045491645
0.06657671362480988
0.3952696003574083
0.4043580956954336
0.1723718521101354
0.7838822455787176
0.88701941734266
0.025998455343942073
2.1899930339408513e-05
0.11186409798700958
0.0710866323831787
0.0073966210337901295
0.0011061834482766209
0.007207479237829162
0.009611307490330123
0.003444088138916168
0.2405289698805566
0.1860000554224408
0.3743489196343832
0.12726142733674384
0.29794945082540747
0.02280150873886977
0.006201237686154881
0.0016240554058246648
0.04465011379769179
0.5038030849145163
0.002372653251891288
0.14818842697169776
0.36620236225911706
0.008209626685700355
0.008254643001296413
0.9788759325584566
0.032776776347945846
0.7750541955342392
0.0639884433040927
0.07974732643983184
0.791423190848231
0.1808554209765605
0.0029360204779520505
0.0032782844738470374
0.8083989378377865
0.1484184285485941
0.008648926227923237
0.02700551657515038
0.09535433237926583
0.06446162655261434
0.9081568241896436
0.25643612894164436
0.12394731272495552
0.4029789723445143
0.23693786490016588
0.16172701143279156
0.009603911829361156
0.008417705881161863
0.15369640791361472
0.6698720977445081
0.010735213218211026
0.0004837557889352251
0.6096930378742678
0.3778863048331562
0.002628904774650609
0.25048276982636897
0.268974394442838
0.048382583002380075
0.3952802693073725
0.9008158258812191
0.1006102650424281
0.009267202667454733
0.058726086661112564
0.004973117909258251
