0.5641454109030499
0.2776190102731442
0.08867903703280255
0.5399766768587637
0.9238513385408984
0.9887439020997777
0.22517596510267168
0.9340243332932201
0.3296784210651693
0.48782275191555957
0.575714859978224
0.9050078846300134
0.47476998334876086
0.9039838740524337
0.09261246460394235
0.6316807326652403
0.2817731685324767
0.1867273608674267
0.09967862348932166
0.7615415095390783
0.03518924824708658
0.032464523133517664
0.23142181732352807
0.02583437661662491
0.03577375366274649
0.5942776520399313
0.029192374037747104
0.6414748219121869
0.855823464319005
0.5794024694207875
0.7683812595164929
0.041808745795766766
0.4355158796174541
0.8035765958102967
0.0070291334839900355
0.013908772028438987
0.369121963449359
0.537221052241976
0.3655877530011935
0.39372704424536464
0.9852231479306619
0.4863039677350063
0.029316698595685642
0.25292507380129536
0.22347355512621325
0.47657607428670623
0.09882055037029325
0.9477024182880198
0.9696680903160739
0.8985944008424911
0.8400907965096485
0.6378603762645081
0.6835283139767279
0.6775763772213046
0.9067758717496794
0.34197067309361895
0.9081387845917441
0.7521892912285919
0.5965347265706977
0.1630910383644517
0.17320058679697725
0.870636381132077
0.2942150765116378
0.9140052856947465
0.6845218532049158
0.13220346734280186
0.10996080817234377
0.6911343103853622
0.7140931598054396
0.9210737215244718
0.07617577388924657
0.3869895764197189
0.2750563955463212
0.7510625676071794
0.15223731275507735
0.5717106195068149
0.1412313513864527
0.35886148148174635
0.5213549694655486
0.05290963852747499
0.561946322148192
0.37643659544118147
0.3967823888995785
0.6676635471362626
0.05239817719133
0.015730900336035747
0.9759081257266005
0.1629424025498909
0.03796716395770372
0.3281413639273205
0.12956016659112368
0.2648527292393641
0.08263340417736265
0.10307475174454561
0.8257271649824498
0.5714402675596821
0.1385914775673056
0.06573531050582915
0.7288618235803417
0.7741188948077382
0.345686285078159
0.2459772772821318
0.4787778479476621
0.8181795380548469
0.2925929441714732
0.02628656709536692
0.049143509327713275
0.38885051646072166
0.3408337153582448
0.6813891167943082
0.24171322645008786
0.7113007372619375
0.3720631239362038
0.00027680500713378464
0.8825203596327813
0.06373170521049287
0.6759041851625609
0.442044374767554
0.16695503283562996
0.43888054410478006
0.8530285218939908
0.12218780461353584
0.8226532202675578
0.362200017718314
0.5360558288101527
0.6043564124163088
0.6650597867333168
0.37635922474087424
0.1874764749784219
0.053156692713105524
0.06438202338224497
0.2943881077851618
0.4866040974985495
0.6779741126088277
0.4517048568226958
0.4752035545371047
0.7908692374571642
0.40160041627596765
0.8031276167362653
0.7904997467134827
0.5625811638583424
0.6499916855386818
0.3348382309285234
0.13064297629731625
0.11427962896321664
0.5348870532059053
0.6231475429189666
0.017451884135754714
0.17400445723224034
0.8557641022183824
0.18723302326550995
0.6400734538949073
0.33755780144623593
0.6726545694461703
0.4013633486149426
0.10983692278808777
0.29594794330938856
0.7941742782198844
0.391830038513159
0.7913734088720692
0.8918212809966626
0.5759390640810433
0.5147344580480835
0.4445086395235933
0.32759892202566543
0.25722208252605805
0.5174465061173696
0.26679694581045177
0.010790763207139342
0.905866376615416
0.3241023444701736
0.14960802324136413
0.8264845550220081
0.7931435000458196
0.9979588451340917
0.3603125751286702
0.6204195852214396
0.5860209666212808
0.1619637134542551
0.3940176274096032
0.15323820535714994
0.16025060087010434
0.4023990236033832
0.029349704514235242
0.6994949732162319
0.6915199425030552
0.28141934428668414
0.5861386860091655
0.8860021613050462
0.9308832022868869
0.4449726009983863
0.24258578611542836
0.5533814039152927
0.2799700192437169
0.8896216674576196
0.6025729232661914
0.6041386760528324
0.7713224241344783
0.8251618525191211
0.842406101181046
