0.2102784332938783
0.4452694566760125
0.9063661928840694
0.09109485663531447
0.9091894015043829
0.25664399274202454
0.5277887819818985
0.14015611516002058
0.2636088030186512
0.8664133858233023
0.3565579156465306
0.5064684805272064
0.09236159288985935
0.1890852545524897
0.019759325426034202
0.29718028121920215
0.8475001592652753
0.5354364329858654
0.18072095042088465
0.7640148329026772
0.9838310321466275
0.39896772503635924
0.015096132944946827
0.2973958534729304
0.6954440160392885
0.05726090270563988
0.7882314543442455
0.11029188534703471
0.7474092169295492
0.701703472660812
0.5210768894057558
0.4171229074748646
0.12198435414297237
0.06578233097072528
0.42400396750961455
0.7213733278545127
0.5323868838901962
0.002123244682549874
0.5208717278435286
0.20357882757280965
0.00010251969506791525
0.3291772534569044
0.3597947752847186
0.1570131020439729
0.9413893183738111
0.7482060990074597
0.36351732607503795
0.20947529612968419
0.6538587541823468
0.2155115167110917
0.35976977374946273
0.23724511479280874
0.6017716955731691
0.028081889302950636
0.6867823457797539
0.45398307270506333
0.006599249509855243
0.050875618151942525
0.873671457579215
0.6497998865095815
0.11342937584954949
0.987606481593122
0.7289985868600903
0.7120120168759021
0.4195772335435093
0.012152989704871997
0.41406743793692
0.21201175505974845
0.012380522588202103
0.17046443654954446
0.5199982523412425
0.001679972061744861
0.9725816649529684
0.6547906083685233
0.041131544987510704
0.6044862310997323
0.07635030636382423
0.17615505228913975
0.0030458306339595786
0.8076061163801189
0.14289618126089643
0.7303035481151481
0.3428407772269908
0.20010072418844982
0.9681565798476914
0.6666869617556799
0.016661142747814717
0.42303231257020446
0.23533900113518746
0.6506775925755748
0.12359205914898097
0.8984933628510787
0.8046819521148212
0.3356298214756417
0.3853117047529908
0.02795654751230825
0.7366147486491701
0.9331064110655336
0.32143747314972426
0.502086770926885
0.3096218031878464
0.8326348229635581
0.03783728171028966
0.14136684416243006
0.4341487848960668
0.06608351955558933
0.5623849768008327
0.054737348070250214
0.050910960687622575
0.131519776509601
0.098487047002078
0.3697193966185801
0.1527171783946959
0.8230800489448056
0.06565913920197941
0.5648001415828101
0.8062033197573633
0.8188184128730633
0.16111606514767152
0.4483956426633986
0.40478076125063955
0.8752364475357071
0.3932549556470408
0.6742872986922896
0.06457272951570925
0.042166414694531085
0.9512879569923576
0.16131072640651212
0.33308761580535684
0.076298522837984
0.12369257079897533
0.24359581457634238
0.31087146726403914
0.01945689699161579
0.33318967696046187
0.2906144536013695
0.2966356528848173
0.594088359183998
0.4611777698462687
0.4129278321405956
0.7211979435239302
0.7284031750896567
0.02837914162263422
0.08234116913351852
0.14626621552868468
0.14423497653857842
0.5831425588515553
0.404609355585519
0.48951470974067846
0.6023279477246204
0.11855293381158516
0.5320134703185955
0.20837569378935106
0.8932445068755077
0.45932083828595105
0.46847210028744213
0.32385857297139564
0.028690413639786305
0.2521585669111701
0.1318072753601125
0.016787563480146206
0.25577701594638014
0.028358646210579597
0.474247595172846
0.017792484437420875
0.01668311679383372
0.38184580210080554
0.8099819954165348
0.9257081997757348
0.9450794450506206
0.005768090693538008
0.3343970904742599
0.2632890885307644
0.48975900966311325
0.48366502446565374
0.6868377120074143
0.6241484306620482
0.5526343469784549
0.5708087063415102
0.21919885947057627
0.5703190976546537
0.0301499914113732
0.07656172455259802
0.6542450596920004
0.06708997810313733
0.536415059559197
0.5076462484889726
0.5531222905303836
0.5741808785330029
0.03834348579436453
0.2788941772168312
0.012219936528081954
0.6257001357619549
0.6098777519235075
0.9679441693206883
0.731411475256929
0.5195494959156757
0.13652322020829222
0.1807301765596434
0.6032219837904815
0.15265356186067458
0.433011698119786
0.6875462630448603
0.12361445526504777
0.12700292076418251
0.3219516222700709
0.32799988229720634
0.7340748408525282
0.47330067791678543
0.0010736152980950209
0.0182768536356106
0.6385148309465329
0.499631813691801
0.05067269001683039
0.46807117412860033
0.05500853237622794
0.48266099513912675
0.5372642320576453
0.025782650103703064
0.07423246285294605
0.8334894310955747
0.09710932594194044
0.027076415845025847
0.1434569847972884
0.9943293179373724
0.9361418681208351
0.019345189790879846
0.43825289253835864
0.2468606467639063
0.14117187193422187
0.015224481294131342
0.8010757147989898
0.6218233618757021
0.008725483047182125
0.002689241110149565
0.0925127831876893
0.06059190420184879
0.03945828790720407
0.14405531720667075
0.1559474653975852
0.00042056490383024503
0.0737527091218384
0.054955128016737076
0.14531875554970552
0.1548830064428668
0.29884184615849696
0.01645157210484638
0.4704004568755238
0.3214888376379219
0.6542715542743407
0.916004803072874
0.7008284745752373
0.09124841537071604
0.741025267721535
0.4818748979292815
0.0002949090259944942
0.12996294073186432
0.13486556332936406
0.8119528164517287
0.09854018982734636
0.3859143896775792
0.3641481127938002
0.2281209239764097
0.9905783019364569
0.3512461209997251
0.5673989959235388
0.039313414033454785
0.6705242699026002
0.0062234586480443
0.3419708031381894
0.11470636653108435
0.1042939914511849
0.041390612312647956
0.0035972804087942567
0.4411877178840966
0.45672936030255507
0.8612650786057636
1.378316691891257e-07
0.4735313505688792
0.22541572918816
0.7508502741760483
0.04261231161548351
0.32746539610300385
0.05359360571119054
0.026820736377359378
0.0048914571795177775
0.344206512327242
0.3510120950969555
0.03445180870835518
0.15327313701402234
0.14473525613805016
0.9921698040782909
0.10925753175099007
0.1801841984958541
0.2659997345962619
0.5078096899778703
2.5979087899585807e-05
0.18484114086154468
0.15520144420010307
0.31740650075017607
0.2631045559720775
0.7412181712560633
0.01030207922941262
0.7759462704090123
0.49034147507305237
0.3284724437583786
0.5998053012162128
0.4394801940438875
0.4533114169038588
0.1641907764772168
0.4904719382127116
0.22571122147060496
0.5853282752729201
0.9146625101216612
0.046183023500752096
0.8476759261081579
0.6246491602932065
0.05117072255419708
0.0030861030231505993
0.011537792732184693
0.7928680725637962
0.13346364756563345
0.00122974914531504
0.015701540282016202
0.7200512717201311
0.5297721032963276
0.7858326771666106
0.022123728975659507
0.53987298289859
0.1235765785105376
0.10313458652476548
0.9915210294874603
0.9020679888914411
0.6483053476821219
0.05606019642939786
0.33882161294925517
0.5372162089021646
0.22364778231862736
0.030016650232148168
0.2390363488287428
0.6050075741015746
0.4114266954377799
0.8202480015185554
0.09137704901230825
0.879224237731729
0.03074781891116518
0.8458431216255398
0.08875518984258823
0.020897118925816027
0.0613974879266439
0.11406992617601297
0.002686979750398333
0.5627373395736432
0.17209226220169782
0.0389177614428613
0.9061435029744058
0.4645405818781372
0.7560873366283953
0.2589666127088144
0.1308544545330177
0.23368684013410035
0.20628898157343878
0.15195670718464638
0.039528907907998345
0.8154057202071197
0.4872503249402025
0.055691142375492886
0.6932347355632547
0.32235731946968404
0.39617132078644834
0.2742397910892369
0.25347461748090994
0.030919242945176784
0.002642207672929553
0.35060705903081013
0.17723344617401726
0.2472667165147866
0.08872451075103571
0.02555305395130736
0.03455739104383393
0.08254759643289766
0.7845432043301832
0.5695766602037828
0.5879025785179994
0.26071369204551154
0.41833038940931444
0.06535954769263896
0.4855407769212312
0.20655815004561195
0.8764897558363685
0.6426608186255665
0.7482225356000911
0.07423420942869408
0.1332089133364538
0.016373089064297686
0.38279014887530805
0.35689507581605584
0.23540981909479042
0.1835616190127194
0.8868844878882252
0.007916827169147433
0.037927352639486545
0.11013053251317073
0.6802339644802811
0.632241014758189
0.5332440649856578
0.09531013766366891
0.9971427706851308
0.08140767836589413
0.003377603246852434
0.026928250415332533
0.6541527967827689
0.12134676563926572
0.11734269182121948
0.648830119741449
0.016012115997672938
0.37114153429730834
0.07978824273355878
0.6199089582652915
0.05219595445575864
0.7385004276122518
0.11925685088105165
0.4209755952123164
0.0006943382618007643
0.4085195207393362
0.6494651160945886
0.21684060715095654
0.25057474206475705
0.02800327131599878
0.036827931685213366
0.18275451102063478
0.7878018303933316
0.4126334298726946
0.07646401881885412
0.0008941800538331268
0.33231062882816653
0.05797506828400878
0.011249314898743146
0.4032109007787512
0.09174303538146567
0.011443067985743571
0.15006106764718452
0.7329797744503015
0.0791627865370419
0.5100879754789662
0.02059383786544311
0.3062929727226913
0.5652262038646967
0.06694099705269219
0.00011718496070067808
0.3478425647550445
0.2064560408168461
0.42332865665844044
0.04034221085495804
0.22798506147767794
0.06519465482642128
0.588119068380228
0.29366839730479644
0.09700771528851004
0.29395782897619727
0.03186624239547786
0.13695949550757658
0.9162197204037226
0.49641122106574764
0.09486073591611444
0.5344462087423618
0.08027900659275278
0.7620298536884258
0.392168129399294
0.3420610562150159
0.18828879787023856
0.5106195189267864
0.07360619130410817
0.015233983303055698
0.19481599332048471
0.09017114496774625
0.08981207631220256
0.24143404888295827
0.0002814870671630221
0.365068579784694
0.0035210544922241738
0.04428909113897306
0.09461651031154239
0.5525745124506258
0.30237859271546164
0.05514067883044094
0.7425067985495653
0.07340083450952384
0.709641396289872
0.1043053714734119
0.37211973050697367
0.016783815596821405
0.2228835738768482
0.26323555780259866
0.26156877127574507
0.094954738081241
0.37886649719218335
0.9130351916137303
0.027379686574952045
0.32260051751475416
0.22624901711155854
0.007175636420484688
0.032750319554462504
0.6548233099942571
0.2583886469708898
0.10200036169000071
0.44134754793113595
0.046522457237177184
0.9187153252030869
0.25138610328669797
0.042099198200153065
0.3980592245818444
3.1338918675016814e-05
0.34740204121937257
0.20516151383009107
0.6014267058983724
0.32269499585143335
0.7963664521100773
0.8097737002740155
0.01188260903627758
0.09370910156674461
0.012092788459515669
0.28133802392060936
0.07101012317055
0.19582138094017276
0.730757691523243
0.05869296403723134
1.1409634076642305e-05
0.9023248596230993
0.20691251224514629
0.15443661184375435
0.05845270956200577
0.39383763167967345
0.0034007028925890914
0.04219730368546171
0.037997500804825446
0.11122902320210626
0.03353222092042385
0.11091691091753253
0.22132033347760371
0.022344716427033173
0.06478618092340449
0.03520779427971643
0.3709106679739822
0.32800214983256226
0.4550193230112547
0.033420274518653814
0.0025614905570148228
0.458355277261113
0.012549220625778457
0.6825394852867652
0.8263226335891998
0.3652524328782616
0.8135539035218111
0.28399570857080914
0.2213354068104083
0.28511339778603384
0.7434603055574833
0.07097861693626051
0.6124569505031634
0.00289306018901625
0.12883702314320766
0.3844029700332705
0.16442965892146066
0.09106501805938394
0.47336400131809553
0.6355576694359104
0.018415771806826742
0.042622112988852656
0.3725602226214819
0.11200704480415591
0.5359595233507086
0.521845414795834
0.22292528000963086
0.011005717995197895
0.2084194223710898
0.9670092788831623
0.9680994145556681
0.8382314228476315
0.5006868250668393
0.4125518496380236
0.7637741528018083
0.03170321889492067
0.36878133674719926
0.04695764786485146
0.030906290837873662
0.006382402366289952
0.6369382756205666
0.7566282270737241
0.11486376649328878
0.12194145389482469
0.21809255523878224
0.46627211431571713
0.006085697527260736
0.14796887307872164
0.13600742901148188
0.004115420940566494
0.13174809730536974
0.479100692004792
0.18075761465481066
0.15341209768663822
0.9100842955084223
0.11543182493579973
0.23230955585072532
0.05860951295980432
0.7907154820227469
0.03860645759711656
0.8194578527567691
0.37729494490648374
0.6137738479662611
0.08063828823709396
0.836963809945896
0.2536461430422441
0.014989456872668727
0.15763020001779848
0.004561822425038775
0.10202196881082304
0.8589164187395082
0.10952491227601935
0.0916767699441392
0.3447091086286198
0.708448031270628
0.8397984709946811
0.029459881427185808
0.5376628276020592
0.5969028865034962
0.029239777194348227
0.5824165537242605
0.12201610723353928
0.76705570056814
0.044404638818436704
0.08639291085013845
0.01042924654873345
0.2375443818859555
0.20631168587072235
0.005693336135101035
0.6476409836907664
0.31593338047744934
0.12173794718519759
0.10069004698493811
0.9798575727082177
0.09586829505986172
0.28690983645590284
0.24589035080651822
0.18764562156407205
0.5827400155092679
0.320541905415769
0.21133974631850938
0.08339989918754731
0.017681641217148103
0.2797824629608463
0.46189797486243345
0.3267994120274422
0.14617330457437094
0.8606890310904076
0.14391343528298428
0.8372613106013309
0.14008735197382483
0.2108935889746557
0.4146344561146251
0.15383994848402072
0.9721193715389325
0.7378445002116332
0.10934719206796784
0.24458779405135145
0.5246194490916418
0.7170187789949771
0.10570085733839596
0.00027680920042216783
0.29414137427771214
0.03631950383760696
0.40443372226751073
0.2085482194695667
0.017144789759002466
0.06875077312538047
0.20297767498392094
0.1902553392441515
0.47306018492369617
0.6510800455869594
0.35180440067369223
0.3560843520501846
0.7916323677335564
0.7352603320270701
0.9422925826727817
0.805994996275176
0.5970428565639097
0.08591578535006317
0.05243907240144097
0.08655058767024237
0.09483017984315523
0.0865676328867302
0.5748867116473932
0.3764720112767148
0.48955786099205945
0.6542220405375307
0.12299455902907863
0.2928119413486152
0.9192006515073217
0.6276272147151631
0.5413120597999956
0.390238819094197
0.19698191029653067
0.521964240484136
0.8150148874274388
0.37980847744462176
0.3479626394949362
0.7812465475547723
0.008555551113021309
0.433489209275703
0.051078638384790764
0.6203533589922701
0.14671123048803292
0.1595572970297079
0.7330226776459061
0.614811191521289
0.13601205683328033
0.7127344935184303
0.14502910858818874
0.37905810165454823
0.17643087542869673
0.9772442378345294
0.8850182177431614
0.5511215440988271
0.26353851595506694
0.8384916091831387
0.19519350822836667
0.739082237834956
0.009665111632650047
0.4198736200500379
0.006957456882926927
0.664259435755667
0.02069142852260253
0.21838070173400048
0.3783568562721018
0.03810157292076455
0.004152131355299016
0.39669379207256994
0.8782217516745945
0.3561086576630723
0.07414642570603469
0.46456317743534536
0.5189605600180753
0.030665628497368758
0.3035385055520996
0.062249340910864426
0.2816645318065458
0.869822423361104
0.3911021587812775
0.05785995230463503
0.797536418796797
0.7661228920604177
0.08618276307893291
0.3778481096152768
0.04439356839619313
0.05868909370532527
0.3012613216083153
0.16235781526644866
0.002529589372353591
0.5093536518878843
0.5492231997910071
0.3642185359806829
0.2854580416138055
0.16760922374016607
0.4020278066772869
0.5300337277257412
0.014168018135182425
0.40915859477074923
0.5185784343190643
0.8322066467843876
0.9982725469023415
0.6867295542569938
0.9497980397610835
0.1405854761916141
0.6231369694856661
0.7343539222724915
0.5934490121303202
0.24118217876792092
0.33260645971159786
0.48865402314800943
0.6890390532153843
0.10230342868780684
0.5358812483306172
0.13183631227809767
0.00013868481956147427
0.6692635036102264
0.22318528060641096
0.12889974106799706
0.49350482650705274
0.7180382382876118
0.24751340131479038
0.6768620740970499
0.3833921142117127
0.40270771681611683
0.5515706218598968
0.6481413277018253
0.11692328282372255
0.64474634979481
0.9953232892825803
0.4813982891457145
0.4285367855228497
0.6097179156473764
0.012015998394645067
0.2574304145874775
0.983438372692939
0.040500530594373085
0.8865394990914293
0.08400631312166174
0.06968547504378697
0.011708146107343831
0.9666676443807709
0.5124342557613484
0.6548555567338952
0.15634936286861434
0.07189177384765832
0.42195977688577235
0.10359452375185785
0.38093137433503665
0.25610245865248116
0.5677758469162315
0.6454319227556486
0.1589798702946872
0.38777218146388037
0.8411747569862653
0.053211307719526646
0.7516577193149796
0.04197550213593004
0.720105202167298
0.04664427991083131
0.6494220296705149
0.027068717319230773
0.42858839110056146
0.2916714397150155
0.2935103506554333
0.5301746258783906
0.9619836244180275
0.8050579621763863
0.1751481035631648
0.196427540479434
0.31199988413924284
0.8380472529272405
0.09316791523357382
0.03886464123252087
0.1128444624241991
0.009766773936100703
0.9391932784482147
0.11244348466917975
0.06428575127490777
0.003104306298208348
0.9783702730925623
0.026770299900259475
0.009994838949648033
0.12391132363562662
0.09162645397948421
0.023708746622141286
0.11468698835707714
0.4366272718582058
0.1429632918771373
0.4431211409903977
0.06519525989053077
0.845377003153635
0.04909090273093941
0.8544931317986963
0.5498866990651432
0.525724060537903
0.37558530276595503
0.21024155834879288
0.034837468061172716
0.013058983714612893
0.30531182021868775
0.04592288781881093
0.003955771322592616
0.04534140913961515
0.46621269345693395
0.31877692285062054
0.005481081916365316
0.04988592831085059
0.01700889729371946
0.3668624965078018
0.9095779280331131
0.8246866138494857
0.7037996681067713
0.2099536947283991
0.7027801436400067
0.0011582637647542526
0.09715744898587286
0.972271993466101
0.7970395012791283
0.32438940071518196
0.32582924347576814
0.015030038671969725
0.1493696681522838
0.3409459091725191
0.47742570775024085
0.027802144304567733
0.01869230911286568
0.5206088480022566
0.06319747776243223
0.08714591083400425
0.17700777821068314
0.0880256922230942
0.43717777940621705
0.7044862458465697
0.008771021835357606
0.9049822727889112
0.16862918403500515
0.35155050537093513
0.4862277882755186
0.25455485032962577
0.12163581124628475
0.009641838304988326
0.7338065262013893
0.47049400302939226
0.08829160903774702
0.28213711405738495
0.09787715842568101
0.8295227108916672
0.36799422944340643
0.552946409653738
0.8027989015456538
0.2803220827041608
0.1809441436128263
0.6853405627774989
0.35917975247903855
0.7057169062383586
0.8026340515746364
0.7365350484584772
0.07325294348667377
0.9362323631771547
0.1091984540244626
0.0254723679433686
0.06424258830089702
0.631407394854923
0.5653639251619704
0.1078741015216933
0.7291582530837228
0.06774363169918574
0.1781704366765453
0.24697703792620063
0.24738298819613647
0.7857852392633196
0.7584631931907484
0.3131237913760525
0.3706528357512848
0.3837621470814949
0.4525820376162941
0.64662559544269
0.08239592941734464
0.009492707794417132
0.072430957873447
0.020346293060530707
0.106627306450219
0.027545931836390425
0.28827132406231826
0.17870007609765914
0.6928580777807323
0.010022820168040347
0.25733194405940885
0.0949223897428273
0.743912684849785
0.5533937868716186
0.06345739614874413
0.17433171169695294
0.39893429500382727
0.17174707201855943
0.6189899013755271
0.08108499166105276
0.956460950614257
0.9978248247218997
0.7935244738101404
0.16125805439829
0.036203661172132806
0.24063633625783698
0.009067142480903456
0.436742688903462
0.36664636229376946
0.19931117369324625
0.3470296308470311
0.5406922298366885
0.1495933923497066
0.46039917008835873
0.9086976946763443
0.3252900890472905
0.012028811496306302
0.5388043866593808
0.2509994627214671
0.5204809102265442
0.5814959372583548
0.5571027207592205
0.7552574946045816
0.6428267794665596
0.545587276127879
0.0717586604339362
0.2630577157703904
0.4595471022344866
0.006689560613487355
0.1987744565436076
0.9251362499129185
0.13127985418283172
0.5697926581643995
0.19680144212692996
0.0534292470374067
0.39551093739272103
0.11942613693401238
0.299319389155966
0.004547144489707167
0.7776256882369921
0.13537315502914282
0.004453436422109824
0.04330626915799818
0.5992919062294491
0.013677305704282272
0.2357980789327807
0.7145699599426805
0.009709067218194756
0.5813545256757429
0.8796873107017189
0.9377912527448464
0.015450874036235573
0.6642901424608931
0.05839394221502214
0.0430301409721805
0.003449810258451924
0.020856739039800676
0.6202120824384902
0.7954271766866288
0.04641601291527486
0.3698911032625003
0.14203609445306564
0.5994790706904494
0.6532231732283151
0.08464389332656386
0.2464035523623238
0.32810903978966977
0.8624794065876107
0.5145412796656328
0.5780260513653446
0.01287794107772089
0.04059877837618209
0.38680398630137836
0.9310008425136775
0.22604002939369638
0.3054082140427212
0.5994530055670513
0.9898116477541632
0.162714075140459
0.0003082044202411538
0.1500382653636998
0.5628155720595001
0.08708511703929389
0.5162156308788175
0.10462942258121122
0.211896780471728
0.31268802901563575
0.9983308805090862
0.7212043751481994
0.33229746961996076
0.5215740026810545
0.025809488600162522
0.6962526418934518
0.7133605237566496
0.009641431139470802
0.6968733201707356
0.34221991400040874
0.017570590876092362
0.5886271860023617
0.9505412164943432
0.13208119290544174
0.05338514624820867
0.7472231834684526
0.0637167895858477
0.09685537422402213
0.08520963532890669
0.3717674199108627
0.49572166241467785
0.04751278290502481
0.24620018015390976
0.002442055060672743
0.6893042458760681
0.8031975881250917
0.13445735568862882
0.28131212462034405
0.5215315385239065
0.03205696982855177
0.6311292128266626
0.12454649528984896
0.060290678627827665
0.9818024236147536
0.6916377931577222
0.6789938034421374
0.02732492805382969
0.4557333452427206
0.0927257782650388
0.04330195249922153
0.6642572380318117
0.11375061009762533
0.7708923495745958
0.6118134111051212
0.4542986773336084
0.28152398760253305
0.48734764545767884
0.4206415226078628
0.24474819795349645
0.08181027613260272
0.4254631389924093
0.03814254610333756
0.7034436577269114
0.03262611257284309
0.7478612892999152
0.7107002224329966
0.5871598535626958
0.9977823457141197
0.32855787926565316
0.1089947094406627
0.6219003520268025
0.285500048352906
0.47522470948726125
0.02769904732562356
0.7192820466609724
0.5239814709686157
0.036849406395463635
0.18671856177456214
0.12577886024901286
0.20331731207073567
0.8349025606573921
0.004484172342726911
0.963848764516184
0.002571413824749458
0.1847619039281947
0.21922352455451222
0.33043735006998887
0.6748595892992957
0.1843051257967787
0.9727750349982531
0.7900084359372708
0.9150607782431164
0.8588725045457402
0.6136577573136845
0.7513884922770708
0.9101481494438255
0.08624088359219084
0.7356530382337896
0.15392587651582423
0.6058149551609677
0.008036965402433704
0.4694510078494858
0.6550401673988266
0.1297983820838826
0.13286982533434388
0.24145026111941803
0.8119686298741333
0.12579044146129736
0.0160687636595247
0.7814181329947263
0.40491857404691967
0.004213948454415473
0.18482938329545062
0.10018642090423624
0.09693136471651309
0.3837186047265533
0.46111781920421224
0.7741255931127684
0.5540567665725373
0.6800838338252935
0.44011696941982237
0.938073667774844
0.46537141029761564
0.4457562261546322
0.14570116370508113
0.44760589975947873
0.966680866922953
0.05059306711826328
0.02567914813839378
0.5922828118703118
0.1606502048556231
0.5540946916054914
0.01740282224006262
0.0917490360362645
0.34767396158219865
0.14975399745991846
0.18122410456045523
0.42930750270160756
0.13330275404779734
0.18415684916167363
0.1016702563603713
0.8005466656005149
0.9896670071646343
0.20837054788310327
0.17693879410476
0.5865733231697376
0.1340075052497216
0.7929820241550589
0.17565626826792924
0.08314901930207852
0.570324166159575
0.6227415462437642
0.84725241801982
0.2388359698497582
0.756566498682272
0.08977787416017247
0.9996530810905377
0.8107905224477483
0.00022385979066985584
0.07817580664513724
0.995591566047026
0.002841572711507867
0.005671162527932205
0.007280596084548785
0.003670089568970747
0.0035291587126484725
0.5329732664041176
0.04051718366594792
0.07450039747849946
0.00011382729940700997
0.008387959203063122
0.2948176595505003
0.009315907656920697
0.00013412796115708225
0.015984576284842733
0.011925155507806595
0.06675574365096004
0.00019957604544162955
0.3104206805996139
0.28674199948035595
0.7349300895152204
0.0017833987890343295
0.026401497043312405
0.16668860077400316
0.02526762275102823
0.0008908415924977486
0.9572673286067579
0.04041978726195539
0.39033969565414894
0.0008249065246404008
2.922338792288315e-06
0.7037103246225447
0.019316213223978806
0.06654831357769586
0.212699936179638
0.646097170978186
0.013425842723177928
0.08704158234950166
0.25599196226218446
0.03987282463972308
0.02673224762784132
0.025061859504686312
0.25251135067200314
0.07169257403086893
0.9283403765321951
0.15372321089913443
0.00033905109371556996
0.05987983069444991
0.20849396247934227
0.008557889780303807
0.005703978211633265
0.12180623391176137
0.09717186790880095
0.00040892718390916905
0.0036878834176832243
0.5655509676705888
0.07849575155494648
0.3408108770811986
0.03851171317898627
0.3760341897117785
0.0029863550275850415
0.9444803276944447
0.0020573906199723435
0.20095012924263655
0.10497800680133418
0.00447651696430551
0.03448514471096131
0.24507993610222334
0.3742108785887073
0.03300043153809695
0.06380116020014803
0.04452493129697688
0.17046646509926822
0.04995669650608758
0.010266384410668294
0.2588372232127998
0.26287780820424067
0.8698983397507856
0.01418623427580501
0.20147570374011892
0.05309654262068042
0.03867656239378081
0.7591531663837439
0.8099743255261929
0.035775068326924675
0.007706896245061934
0.014480585967864723
0.003260530443107923
0.3146830527982125
0.05918701547664518
0.033904953921719105
0.12484389189811207
0.41238184663656785
0.19225567320017123
0.008317445670015022
0.23399949277420484
0.10441087255751347
0.03346633451626313
0.0011663002918380627
0.42363528881035917
0.12170127895245608
0.0323315887803064
0.08117920723435468
0.11559100868025451
0.06838867547588512
0.13337086411994137
0.02507542007532404
0.16060437332057442
0.05728845315785991
0.08167262363844907
0.05605663312449316
0.0002779469839855331
0.01079811336560299
0.09103496612101458
0.8810946437086429
0.15161908166515659
0.13208905380438773
0.09045481607014771
0.0004788410880443017
0.6789963070322571
0.028442706328314804
0.0024950306999560468
0.08457331442462057
0.4799663817251294
0.045180392304363215
0.03594442313589452
0.9230232854520382
0.025684808505693546
0.023400971860655595
0.0003781030427707499
0.928124622517621
0.39985367420925355
0.271093712684805
0.031098448408405366
0.007047962997867252
0.04431181809129314
0.0009111444891209963
0.11545254430388963
0.012751204324615184
0.8800610864526408
0.0321476714382023
0.9672372814231165
0.007868382061293477
0.00876860043496741
0.00040299199216131676
0.06670393943185249
0.08535221372726376
0.8527039261446363
0.01790136971444567
0.027273273840965118
0.008335491813603602
0.05863070236950363
0.0017238224455742301
0.47001288252968276
0.052580124635200454
0.7127239323638441
0.030186754567370855
0.7109247101208904
0.12197364659788845
0.11052206512533158
0.08705686663073364
0.1791237403347994
0.10823112485904085
0.359983772464499
0.16243969002594683
0.1456560395992308
0.13522139963528979
0.4600959722843425
0.5698174500717168
0.31978440782585427
0.0052940832128631765
0.028422094003758724
0.04069884904603294
0.3788593140262737
0.05287210634449013
0.006842762840482797
0.04537288802229522
0.005259610616988208
0.04564726149689524
0.38623264084126285
1.3274098487059405e-06
0.012968227705147273
0.3602155285121742
0.5550851414059621
0.013325956134249584
0.6455171321465047
0.11119690458051679
0.0867082611003398
0.6762343351919835
0.05616431695345869
0.0631958186533752
0.5770430865028486
0.07805944395747155
0.1038725534210212
0.328569568075888
0.832402379266441
0.6272069820907111
0.29410136541454746
0.040843564215937045
0.12941856205455893
0.061094593470589764
0.13082904961869257
0.00566060418417913
0.003288454730097534
0.005674807286651706
0.009434341843793659
0.012839196500009198
0.06101197992583085
0.08314589596073274
0.019599536900498205
0.0017435783154826634
0.22003480969964162
0.03547130971862811
2.0575406841860655e-05
0.07487236152909582
0.012267646134889176
0.019528066853648607
0.27063014442278543
1.2631130561713277e-05
0.004065006077341282
0.13729079949202205
0.00012434856642218328
0.03645249532681194
0.033173038691476364
0.3210637962554228
0.0015933846981448507
0.028023584526094325
0.1167464908540965
0.000814174729354189
0.009296837855405915
0.0006884169312417754
0.0016819573142630162
0.07847421414073108
0.18543929034751327
0.01869463509346425
5.447973510874782e-05
0.17648875899183758
0.4046150056716544
0.00700093115183309
0.011014024724022464
0.08583194706386355
0.09150720797797929
0.07860329819508727
0.0017108945999166902
0.002596467873446251
0.4932435231543506
0.001407071722932196
0.3267234848528422
0.06060285744870608
0.14450034628035935
0.5779664804991365
0.021373377934258864
0.12524443063214785
0.1821617282600061
0.007098307421907979
0.009712584534913304
0.6562385936302699
0.07044876747722961
4.4236610308168167e-07
0.0038728844589301925
0.012242093748252358
0.2264865578574966
0.1313104708716455
0.8542722712451907
0.0007473992975552957
0.0024534715337136692
0.31653020195274495
0.7166477835369807
0.11959835360041704
0.00049313205007806
0.0006684664230856008
9.498399320628792e-05
0.18019079291870677
0.08283816527053589
0.016595860302616394
0.2577303558254993
0.5482418750311724
0.8276795602511025
0.8437591028962925
0.5285527813312643
0.42741644870540374
0.656539732171159
0.018373091312845036
0.009886542507408613
0.44649157131237605
0.0012659532292880193
0.18409362265132412
0.014961532527462351
9.082404230964514e-05
0.001587333671745128
0.17516470621769242
0.002897328946437794
0.08684087680372343
0.042062494435827436
0.0350825849046521
0.0830484893599368
0.015205453995679408
0.0031989467631543533
0.15682377248338453
0.6349435965975081
0.13461521535166887
0.0027242572211620963
0.07765281706116567
0.01921064055260957
0.6084537199662343
0.25834898659976613
0.006446058803677435
0.012301204146511813
0.02284105141026549
3.09582044444312e-08
0.14694252837469657
0.08690619163810354
0.00016010027800583693
0.7236494029512541
0.38963030752410077
0.3742102332959045
0.32717941752378055
0.011580331940744593
0.2823106187309745
0.0009763488891456618
0.1422324878809147
0.041334876602214354
0.041721235064857254
0.02531084314642329
0.10882682463244975
0.1437245377237648
0.006929279223180762
0.1921047145431487
0.0016479667493429773
0.0003341445418814093
0.006214264100410372
0.00035992683893559807
0.00029374446995400483
9.366108485986402e-05
0.011974976580196417
0.03519111197087965
0.27068792195475977
0.03021187754629784
0.01701424528555706
0.0005845031374913656
0.188166928398259
0.049280783292867225
0.04471859099748632
0.18587782757160065
0.04368907833310498
0.02280455841281026
0.018727758334859956
0.8746094344432969
0.006273633613072427
0.2514560072830254
0.020432725669426333
0.023250824754230015
0.033019815271766007
0.00778645082931928
0.06784188039793149
0.1439675575681778
0.006011396292708415
0.07897805660398971
0.00287561702811856
0.13586960030375295
0.020293648500823824
0.31441633292954796
0.004145346573141362
0.0018020100757312196
0.002742028648729411
0.04952863891818282
0.005933111589861095
0.001911860646619079
0.024239783899832945
0.05074345839023753
0.0010417192965952449
0.006105479691282278
0.007511229180506396
0.0001789782457672917
0.10588396084920326
0.017780830865262054
0.035270661531071834
0.03747871550045323
0.0020502990841981816
0.011174413335854227
0.0011725763096313013
0.01134515235804856
0.07987954204359737
0.017220845500444115
0.0325282338939874
0.01046256411347768
0.0003507712230024218
7.540273756045934e-06
0.23536724788926167
0.03538446889032576
0.002385426121833678
0.0043721201329181
0.0024953523757056395
0.026824062465930387
0.000413235550053459
0.0018387283438447977
0.23198342787498039
0.5296514918659381
0.6890332477732974
0.03234874671175114
0.011525669043514153
0.11611593625958072
0.5464476301100893
0.8026454507685346
0.5192512745457938
0.002980797981420924
0.025561188928532097
0.10709088977497361
0.013836400086190359
1.5739516756596572e-05
0.10635565737520447
0.545481154292863
0.5360406716084463
0.024111916507887354
0.11360643413167737
0.0064382973111503095
0.004893087559385112
0.12906441107874533
0.05517123387880751
0.3465582688479485
0.0032769758356234746
0.006839737521667777
0.06404764162913934
0.312003175259596
0.23185103268477292
0.8515222122630455
0.0025267537532176476
0.01417508454824512
0.00031204729713985024
0.05467454254674098
0.02360561667108607
0.45228218888562877
0.0006907272574530054
0.029819325707699074
0.10611210463573273
0.08967549639441619
0.9400380649400328
0.024416822564084173
0.00011789504003179019
0.33701753618806407
0.13736177752370748
0.008521416189962272
0.009854796667171817
0.165449075956968
0.0062675420595803555
0.017674449634375033
0.021518667448593876
0.1393968992122181
0.014245510053737753
0.8901325759605887
0.6819524369502372
0.10306324121310961
0.691887369959399
0.6572997091339334
0.012758784750542373
0.18104063875707221
0.125298961337156
0.021164776013788078
0.12269165997105391
0.6083547599702799
0.0015493076568031672
0.752678614386868
0.04530360378742837
0.0065590354462932154
0.011955006616057862
0.1791535015824106
0.014388207170397349
0.04127344276174916
0.6859981021199659
0.15868641711659914
0.2695925288663248
0.296094947069236
0.12509050983878556
0.012234557673977298
0.45739899575367926
0.43819040702740386
0.542322612763201
0.01327383973316243
0.004706740458693126
0.8469620525917501
0.0505203042404172
0.24209250133420412
0.009703732781557228
0.23078981961100942
0.0124989227656922
0.1670166758022784
0.0012644919167057456
0.00368861301534662
9.931898595882949e-05
0.023174495595352562
0.06676495319792553
0.009304783008327489
0.09767226520125005
0.13110561560915768
0.21476365769493477
0.1820466874533717
0.06454652707139164
0.006363639406651744
0.2625211912374419
0.16397230799169282
0.0155421939910656
0.3678017350903251
0.10314130452260506
0.0542903415486613
1.1655200025106893e-06
0.7558300262406898
0.00010743437539484368
0.03599457860401167
0.4609772571888455
0.42312563226656996
0.03918981617496997
0.0002113647511692296
0.41970010775368904
0.27324338874153664
0.13492520671152874
0.0036140921793637037
0.32556416448997605
0.020681655339093608
0.48256217780647326
0.5525184712989353
0.1857056676131692
0.9207194292836305
0.3859248524327028
0.5582432385794016
0.015271775356845652
0.11197749071307839
0.1329013431692374
0.018751144212349358
0.007117934508815482
0.7031879091423421
0.04452427163835537
0.10839194351135384
0.0025930940718366102
0.42864092429865197
0.34305961117600603
0.0046681571278279765
0.04714997404519461
0.022460728176364242
0.051368704230377205
0.873004162409567
0.5089862639623495
0.05555688516431312
0.008587739188280263
0.1368025970990816
0.6579527238546636
0.02711715692313943
0.004634852048356786
0.15027145263036967
0.020705547038440297
0.011091716317242373
0.5140019572520171
0.0005338333862814348
0.11732414165111615
0.17496238502251416
0.21534989106093283
0.9756927655269729
0.008064391521388714
0.0017448186050472714
0.47532996222146395
0.1381848026844923
0.5951122701078511
0.0039021788574280514
0.2699972347934103
0.5152118982444571
0.30366550962904215
0.0010291086617346679
0.10555952554103953
0.0453056397643985
0.41147950360766616
0.14269603564091038
0.005812951514008402
0.7208059750825306
0.998422237443535
0.10194357590541236
0.2233337104341402
0.28445885948992067
0.002594154738257304
4.694354130219125e-05
0.009455388060315872
0.21737050699785843
0.04672635271988579
0.004744494138041233
0.02094591975989135
0.0007737357188224436
0.1290406020495798
0.002089628237326835
0.36667739966286383
0.0011185391489678675
0.319394426605359
0.3046399621171827
0.08245304431421951
0.0030475915836194467
0.1290989779874825
0.005807766963190408
0.18500611822309887
0.44911048435587153
0.030677200001573146
0.6053908465536377
0.08330838034556476
0.07842297880128335
0.6162002994056266
0.0216182329999548
0.06665071325073701
0.06614043421657034
0.15841209202613737
0.6576684096427377
0.9278645011363575
0.3822072834434418
0.0521965753148399
0.00960399813630941
0.36823679384287233
0.051700546440947015
0.007879677022010867
0.6089144618965476
0.647238224797752
0.05806476194230381
0.6858567085852298
0.053707358262978344
0.9970728199093977
0.26665055364285317
0.3973954546683527
0.18780222746247865
9.638663309008422e-05
0.0006424821958075366
0.015831878226802765
0.8390844465910166
0.759617623165177
0.07123547039873146
0.47075248441025463
0.9667890822677181
0.018946030861914487
0.2864432402882944
0.12098081093151847
0.04163476196240423
0.11440871606211234
0.1438126052199835
4.5784293388750896e-05
0.055615379833364065
0.03846382884571797
0.055437173314442756
0.22056429120345955
0.006744289379354562
0.02244492329173431
0.1489310301689657
0.512677067626262
0.45717951361841225
0.02488363910630853
0.005276669941348455
0.24259450915211156
0.0921279669620303
0.6057141190264541
0.6653425023295816
0.35866240488061685
0.03139660354590723
0.18172921755129945
0.013121194013068438
0.053434835999875974
0.7518647515763948
0.11171660012517548
0.8772632266954963
0.25253995297275234
0.1448683166361604
0.13126926554212504
0.016143873775045225
0.1455671042294977
0.30935461025072075
0.029550027359575903
2.570845622185125e-05
0.00015172173224620167
0.002781861180078282
0.41898077264934486
0.031979746523026265
0.030209664250999024
0.8971544984524862
0.43295186266014074
0.0006937527598711579
0.9361406119978899
0.03413240138911888
0.10311822374592472
0.7647375355772101
0.03842786155656741
0.06713768318340785
0.6817034036161271
1.346467989904454e-05
0.17022112916234255
0.1921631018860417
0.026505495338345453
0.0008386630998848954
0.008648702861221436
0.032950472791184904
0.17466793871960773
0.14657321286807923
0.4062477116592069
0.05779568349587727
0.4920350185584894
0.0821805182603772
0.01961391650529065
3.3984085066052216e-05
0.032309817881091885
0.2708721035971029
0.2486844206711476
0.0029244491741906575
0.2563404292531879
0.6528201180175095
0.03468196401050316
0.0010417620838580888
0.06414319649897138
0.00043833274663818145
0.004701827452892715
0.2349424234064763
0.03356628507535464
0.04780784065756527
0.0007709802301243407
0.007340872009321098
0.2900837057444601
0.16899185924547488
0.26613187605770783
0.3599186995146466
0.002281860752165077
0.07412891960273815
0.29855463818019956
0.02996870954864317
0.00978619256228952
0.2603909283995065
0.2327776928604426
0.003746050605276441
0.8278778216897682
0.06877045903572898
0.7430641268273552
0.023637677411950442
0.19161800725863198
0.11153863539194386
0.2408365325992965
0.4294490380124587
0.06178522755321847
0.002476591526642258
0.08591364611142938
0.030141966209753512
0.003315651374387274
0.004098716364083321
0.01530287659312135
0.30715011427014227
0.30261588717083376
0.6795461699351817
0.0013633276278239848
0.019730738613535026
0.14642030409232798
0.040562928595157866
0.06751132148723005
0.0018040698763277518
0.003722307013334536
0.0729465497780406
0.41051992614904664
0.07448311716692224
0.05680904759074035
0.017537255878580238
0.047476105812289005
0.061675639640167645
0.26257689187624367
0.048365003497847336
0.1821821684397804
0.14159028389264727
0.02893538930983941
0.47771501882697476
0.017159394514164594
0.017166001015884058
0.06272800226273167
0.0011102488652385833
0.014368766839071956
0.5124482548002356
0.0664610312068954
0.27516087220834295
0.07250624961336438
0.3945470184366031
0.0011105852115687043
0.05322800131553174
0.7774872754906028
0.596720237375516
0.8374651006554483
0.00021960243052010497
0.03755379711730367
0.00024067941600924847
0.006543893564336711
0.0001911650329120551
0.14442153355581144
0.025260634034316443
9.639289048890554e-05
0.026317717315312406
0.3015645240430871
0.07751223634670934
0.05758266130052547
0.04521434952476877
0.08794704100293371
0.22023497076349985
0.0009587821223293602
0.0944897172718906
0.1579037394935272
0.6279324292838229
0.08719043286267736
0.011164812419484527
0.18098027638563163
0.1600180943288816
0.21298932836277595
0.08536298569453371
0.44935766700385593
0.07568843531149438
0.004772068213599656
0.0006225717203214298
0.009654958790986434
0.03713845612097
0.0011883246141963788
0.3622373603721314
0.0005333400313054515
0.0006088925276821477
0.04171261522903347
0.2051721024144979
0.7869670041818366
0.7550287856304632
0.04795502652365613
0.1552494623111622
0.08976963938835092
0.416354386148152
0.3683604509329186
0.4036999925048339
0.008969887898481188
0.05133688474108955
0.941532875677908
0.4336820835175277
0.00016215876461722623
0.004002752553691202
0.06253434319239415
0.26439090015476263
0.18118677757932256
0.6489375398853054
0.5813451663228992
0.2557409359559091
0.21867008240302832
0.05477976838626808
0.49063192797261923
0.0026392181591103903
0.23065855934511204
0.776462631145062
0.09761456701759941
0.042745096832105034
0.004066060332753141
0.40003425734609577
0.8792215215474437
0.3882592445651709
0.6087022398588349
0.0884915072242547
0.4843784654910859
0.7556726830830915
0.09488693277693039
0.23723117023061002
0.18165281915381204
0.7096121399279185
0.11751482161414795
0.21351903263729355
0.3718004069881158
0.38620538134336435
0.20327966836054157
0.7869259888230362
0.1029303502433827
0.0024855121376659017
0.6031977692720085
0.010062874036141034
0.06012552819494066
0.9257053874638146
0.001860613756423879
0.002186980015319806
0.3828800613547203
0.003223635904505473
0.6081555314235638
0.05822923448110995
0.24942564596404226
0.31058456839380133
0.26450857327649757
0.12921985543291603
0.002562884677947741
0.22572300154009017
0.0028411767293887724
0.002145054877499275
0.16912494306504833
0.8687380304490566
0.13296501356380142
0.6757757604848267
0.023816617557405717
0.20129215792909605
0.31382734339164475
0.0001224796308403331
0.013373748236932936
0.6672601436186767
0.0764654646573284
0.056923261595112074
0.9560529276977501
0.08653618430797216
0.1430563015777726
0.685311546106663
0.15893184837651542
0.09525258526990465
0.06573923961347417
0.12346924092829004
0.0010357074909479458
0.3893828737566707
0.014996673504046765
0.1030184245523269
0.2695759574228074
0.33589500135835637
0.5308723539300353
0.012799786368947519
0.12262987508591161
0.035009086013819246
0.1144637176162957
0.5377229097538598
0.20668999579351555
0.8491980306178233
0.37686525871250254
0.5997046407126858
0.007642407514997229
0.4461333222220458
0.17048752168642434
0.9037169774561586
0.017167239542876578
0.5154409265285249
0.34783540559095716
0.6800807735698549
0.12470718197262598
0.19085761206568508
0.056097877228932
0.0021703461421767045
0.5637664784223311
0.4128744511055511
0.8768271847272107
0.0032238155076766972
0.1950482255857835
0.7936755509747393
0.8212359030045806
0.39985226931843965
0.22184622346683325
0.030114130690725993
0.1760094066781217
0.4852820326216287
0.48936165465595494
0.32727105564917736
0.18457572153832613
0.022416170816732972
0.5236595032745381
0.5499994192862121
0.41291830742909563
0.3350192767858622
0.11484569068675121
0.33289513907225077
0.5920762203152774
0.018383694137794615
0.0034260808466655135
0.8781980259433606
0.1618907611352418
0.044324007469491056
0.7325262896028715
0.2789709360601642
0.5060788144706811
0.42723803561166784
0.08640185627220509
0.19871389016465102
0.01349971580894338
0.098536339121025
0.13824605315883876
0.1848814895697437
0.00013289102721447676
0.39989222310197325
0.3753587934537914
0.19800464682648578
0.5312367139144212
0.04270487812941104
0.1251897568311815
0.023738899995373375
0.46471181852115895
0.019951060710110102
0.19811090021020994
0.8164742410777555
0.26531679061948177
0.3156835684452548
0.6115816074254963
0.0002802437554245696
0.06125420916679869
0.036957821956536074
0.009937236401089233
0.5378189204952204
0.0006704479921106898
0.023064908478353408
0.27879459944430884
0.9454143975895279
0.5052633860228053
0.7415267655918816
0.030451002698756557
0.9139997766723009
0.09589978041618674
0.40322764822845025
0.07617577851159862
0.029846678452960962
0.8444909899833748
0.019071931898312133
0.01455288708879543
0.03813114903962256
0.09174622264229004
0.013509362909736478
0.7675188786883946
0.05201402049383197
0.037399914042094196
0.5941167579570528
0.6497219347402998
0.027630089861081286
0.020844788999351715
0.012236715672381271
0.956929736741746
0.0018130439262746822
0.9024743970520768
0.1566463501334443
0.1100907052380502
0.04247728712582011
0.40094569256527146
0.0013843665864652355
0.006861271825280069
0.008318214728990636
0.39708263207229066
0.12508429588271963
0.18370731351506953
0.003961609279544032
0.07505282795540325
0.09894203950830271
0.955036964414399
0.30317591659619625
0.39593767910989297
0.0371840054168846
0.9019908584091878
0.4901109364381482
0.0009246696086266937
0.11470445901634618
0.6345307623520213
0.03474052052816168
0.1885106163719925
0.13600128495366226
0.00018840843137657437
0.674568510961056
0.35625349521869554
0.21811532553834034
0.43089400304210757
0.0010672283501416135
0.19583116538714274
0.039892011655625614
0.1709651448047369
0.11312287187895897
0.029910166085041157
0.19564247051803285
0.04062417952309327
0.531655099611545
0.3566790448302537
0.0798880312241792
0.7780325207126684
0.1973702987816508
0.005409077516932648
0.8269025077512657
0.0002876925232300209
0.058509203852338265
4.124261844928867e-06
0.12097119303461712
0.12136734653628922
0.0017732643380092838
0.1827094614499134
0.8832929022714919
0.08387013746855265
0.001049672942047053
0.14215282382396843
0.0419937013228473
0.6663159260626177
0.10417617304975413
0.25894472687406345
0.001051273328043445
0.003239353378801546
0.313702059628451
0.4290427422626968
0.8599768429671895
0.010876683237297513
0.9941777588586846
0.012613992388547102
0.013300403141641493
0.0645087678468299
0.17446987910901646
0.2396871598544008
0.009942482361731564
0.22596917414809514
0.008097623779088403
0.0016792919700594489
0.030167355051339273
0.724469243963697
0.014693605635461848
0.62865297768228
0.2919532021109088
0.07314506060592141
0.1238924237369059
0.14668233402461528
0.020818919526364388
0.00434251895111859
0.041593949157660015
0.49388492552414354
0.025038676696135465
0.3376375423480875
0.5350331830992348
0.009542827043991009
0.0016086889899133983
0.04885763515991148
0.9844882526155674
0.0014098826764672445
0.04048453019989018
0.5587067662709435
0.1055704997726612
0.2417604826116002
0.6474476431571854
0.2096779991673281
0.004283191484502291
0.017965082285601452
0.11028157997643606
0.1809805909573836
0.024891355308466645
0.08680407169656545
0.09413649716107497
0.01290899404719803
0.32423830745452475
0.06883873447867028
0.015585925985202254
0.09382825720991428
0.12396456778112785
0.5929475091669301
0.039179201287937504
0.08426090671276731
0.08816195892786305
0.035861496947202864
0.03463990567957942
0.022988671002177385
0.21645357562780587
0.0761079734998189
0.06926293772645886
0.040377633595164664
0.056800098501583074
0.0862410517025014
0.592494131851532
0.9826660054056864
0.029120473037200334
0.2215159123842363
0.04237252579869333
0.0007796620939573007
0.0794854567564589
0.6994744854994481
0.15361787130987503
0.01674767495429763
0.0024735129997297545
0.6368762224429441
0.000467919357012736
0.031125855836057648
0.7763834299489314
0.5948575722354834
0.1252137273357028
0.15337981036772996
0.2884917130248428
0.35172171275316133
0.036675195217701795
0.04652249157913202
0.04915363163919384
0.11926481530154165
0.025894513965704524
0.001843189829674463
0.12630692418390166
0.08518946211581602
0.2178577179896215
0.28830131257043434
0.00038901716878969594
0.15518363560872483
0.0033996739782711227
0.181129407730223
0.1069298856483889
0.5677931582135121
0.8522487416049189
0.20946565877533252
0.005668659169693502
0.6735927096405565
0.8339666474135745
0.5150905977142537
0.0034045285443313755
0.2251867620906891
0.017440785057738717
0.21776316796362316
0.028406022181503898
0.4260897226186029
0.03187770362041098
0.0025921332277465403
0.668903216480532
0.009029001170298034
0.034589443750541404
0.2871599422908475
0.2667712841668535
0.25259657162221716
0.3667287624864981
0.033038800623550024
0.0002743041785222555
0.12379027421718458
0.5355751691440944
0.05179846391571585
0.016600088747840136
0.011671118858010976
0.4130796331765758
0.8679737798694598
0.6436989718758463
0.1315578957844643
0.0004225104266251112
0.23728360218686362
0.0044157673045841506
0.07991992196828268
0.004363973044616332
0.7357682362933189
0.23289482513834425
0.08121501063978687
0.13178865125524664
0.00460260582401939
0.013073718306089388
0.7322507733982635
0.14617842519150148
0.0073150561813075665
0.743656389748119
0.26581898305762097
0.0018539671900075216
0.17277009090868045
0.018805234336358945
0.13103171400952762
0.5405307121791196
0.034585699783314716
0.07081576184775162
0.004737841397255194
0.042450774273575353
0.19380159399130492
0.006896252179414475
0.0970990729998018
0.6371307854190604
0.2841430921108219
0.07740999205882271
0.4738841235283777
0.7354432220575513
0.048255707435915784
0.8969933355916211
0.15621853298597932
0.15705649248465736
0.015874966284898706
0.5228324472518153
0.3029769044360162
0.017641410493395737
0.005515050473674288
0.007100674066743862
0.005080262198409624
0.0119421210226891
0.00048675865127800755
0.6326729416580275
0.10220717141223834
0.0013797358907663426
0.06089388871765977
0.05145722494280447
0.1434491476450861
0.5420729968170168
0.032171460023124876
0.6308548241208904
0.49993897477634874
0.04600050245845977
0.4716622026625503
0.1888288629938133
0.018075873975904155
0.019148274189659364
0.10569593645074371
0.7590494288270155
0.10192013437070124
0.1400031289672652
0.16376675073904923
0.0307395492481084
0.33622699055464356
0.0011763060463916286
0.7116662907797062
0.07138074823020935
0.150120336479999
0.031438371101410345
0.020174379152035682
0.0030298121623706376
0.008940980408486121
0.5503004766509436
0.28380481657619483
0.9895896816644358
0.07438349903608876
0.02722901391750243
0.08951948485163341
0.07621660728824509
0.4548490368358973
0.41738205259334715
0.07423379560890098
0.1906899121109129
0.019251726714001993
0.38257816284045587
0.1005447586979844
0.32363478374782595
0.008136341604338071
0.08275123473313917
0.1449966057090173
0.3172921334747887
0.7278996943063023
0.040767484503584805
0.135212952613752
0.10864294435313737
3.133516358255761e-05
0.19543220032410424
1.0525674481121072e-05
0.010569685111047944
0.676565963095549
0.2871515618916822
1.1375146783842993e-05
0.11391482902139849
0.12842818797476352
0.21358779248329718
0.060993046991330235
0.1064473309716083
0.005417504758722158
0.014114974456534535
0.0851920614107411
0.5578416339400649
0.001397545683005319
0.6644047908602371
0.15610480262804094
0.030451758767142234
0.491045118900423
0.9958706434749725
0.2571181710952346
0.006728672623320442
0.11249790376698487
0.025862299412475087
0.912586687434332
0.09213372367057837
0.2463220186891215
0.6032741086814415
0.7476613743856102
0.01888815249132092
0.670516581016054
0.015556539323260177
0.0172901156838563
0.7801039487639758
0.28544950873384956
0.0400532584332669
0.10696022978409347
0.38484505179507944
0.0004505528187297436
0.001050573633498697
0.06348916524691806
0.3497183682438887
0.011000759599971044
0.07877780736774276
0.050197933764292824
0.5229229994571922
0.5159695678219283
0.039743814412465994
0.2926195174505537
0.26724939275867454
0.3106639073522932
0.24631929826689425
0.2818891076520271
0.09022851333781534
0.017405216956594805
0.7723060016872063
0.2941708951166748
0.017708937609432596
0.02174481549417684
2.22107117486825e-05
0.017357490589926527
0.19532128560721995
0.2470003665972429
0.08257333412856771
0.11405862233563258
0.09609210282809899
0.35011183976060756
0.18767569671842388
0.021813175280820163
0.22574887483513995
0.06377629477693403
0.005757991646061056
0.049019137970969684
0.1014517298720552
0.13523070634304202
0.8993214009532391
0.05425919079035513
0.028221217682082633
0.9662682888409029
0.9834874755227991
0.1000929717390644
0.008392843004406014
0.1336859640214232
0.7263896754609738
0.6544410189407612
0.9389608460187109
0.0766140623830478
0.8458938864005487
0.9576335414875996
0.1790089676490938
0.1593097458592465
0.39659274518714804
0.6927702068749788
0.05014432907593802
0.10928825822102084
0.2699513544824643
0.09545017195778516
0.00023579646010429833
0.14549150879614148
0.1673740985300658
0.3793276075250014
0.30471987482509544
0.12047558720995832
0.010439794852631135
0.24840487364454367
0.5151565548999257
0.12619849878008482
0.0067409956335346966
0.018893296812635407
0.11902316903060717
0.019307437890716095
0.012120273378085855
0.0552018681464832
0.0022243927922147577
0.018327602221394068
0.06751705492052151
0.6462588422866073
0.07367037334610527
0.07214000330514647
0.01834938940762254
0.490043705687347
0.009543384974253888
0.01341320693222059
0.3813129325900706
0.2531683248094392
0.18032666877631343
0.11406688199287274
0.08548167079380042
0.13093244639456203
0.055609410719897445
0.12389218261023371
0.12088595935108093
0.4796977318710123
0.11851873486809028
0.030127043581336777
0.0344366573118442
0.1237727677575089
0.00810703786188216
0.8407808914202635
0.599749448402912
0.4516570777890365
0.0011623134415057468
0.019188969914277987
0.23980409073045195
0.006275257667153866
0.7263966250796283
0.2353629621483595
0.3163433447390922
0.07197055761715232
0.6104817575032753
0.5818037912485858
0.1490049553485875
0.703964517832862
0.09417679077426744
0.008091459237114185
0.5385004437334151
0.2120152402001534
0.0044934565282743755
0.005509506669960418
0.2034027877605502
0.01641502032998865
0.09777448765453522
0.12526860146226637
0.6425712253356626
0.8728733345631896
0.02889040607278659
0.03570204889131001
0.003046416914262551
0.37713093646621854
0.0002614780988015042
0.052193959948724
0.06656633243000054
0.5723245547710609
0.07266869116271568
0.19210002330983267
0.3231934622760595
0.18080567756925214
0.18444035743274823
0.2697897897574517
0.04607772448775593
0.006812504802500952
0.0008829201912834428
0.21686598137779756
0.1887996978351678
0.8323645727670341
0.006995075880838364
0.316569400186236
0.1603102227583575
0.002004396172809342
0.2484398189066419
0.4330696288847875
0.07332170710324792
0.00010840282356050501
0.04010860977146091
0.9265746995486905
0.07722746281407789
0.07041573750283558
0.6194400755262355
0.10598921649728932
0.23578395517657702
0.228443079444006
0.6145476577383802
0.7139438334401191
0.9686144678916153
0.8832531981544502
0.5254564118844416
0.008003729703801366
0.5178673912275142
0.38782699290150013
0.4225706233332267
0.8315538384493228
0.4550602918685587
0.32921555243832734
0.6943637689997684
0.34898173458251813
0.002405039149212085
0.677496680574011
0.5098088328829999
0.6786224338196312
0.005086781405428287
0.16906333559322428
0.07354810944543755
0.05929987792705882
0.2123962274450386
0.00015637344255337027
0.6012120395528975
0.18757229690073696
0.31653052034493423
0.011167623070585497
0.07263706263590541
0.07315357798498257
0.034693897400772666
0.006303481566686031
3.672857459013912e-05
0.10457611215423035
0.2834264798209052
0.46424059119456906
0.6020858958758017
0.03634208359526436
0.583405889840096
0.09811716759601508
0.322531453204014
0.2532406320877034
0.0840112544578806
0.9208480534576855
0.0258437306610535
0.5108391568473283
0.3357339918305424
0.03943116328980367
0.010953369319090855
0.008829273786012726
0.03105421302545963
0.021317374065664918
0.009651962304577877
0.8353689002173954
0.9766356054559524
0.32937949366338426
0.5888015278238994
0.01285050807848731
0.061617977937334256
0.2688813867626607
0.04458463125107426
0.03230691794413598
0.15113764680563335
4.353652387112383e-05
0.0015128682989484776
0.3215668955945765
0.0009384909656147133
0.250317001504313
0.010184793982393803
0.42538772123141344
0.08415139229159485
0.11909446812091873
0.022136084545230528
0.6757368923965634
0.06881737138555377
0.26051799425196265
0.8000603685184213
0.028375850273135272
0.08445155200489296
0.3241827728102997
0.08873462525445541
0.0010271893154916167
0.6618831343564191
0.027482837945581817
0.047699586418057605
0.0014454433337376393
0.8262874638078346
0.19301670546926708
0.648354042158644
0.060221136437413
0.9142122989838914
0.013981976836493493
0.4613081441882825
0.08756670387325816
0.038915354509540645
0.35642553734257465
0.032084394526011195
0.05069137046628347
0.8608960606717626
0.028924765745832026
0.15549537773823063
0.0012991955856807014
0.033831906833443615
0.016302359216534112
0.2961281631328161
0.005468751041080022
0.049331502645684866
0.1860443722981
0.10883363894990783
0.08181072630794395
0.017224029441203603
0.2955601739135374
0.0037832485805027183
0.6597709374077314
0.006880756679552347
0.21180522396718127
0.043751688481496354
0.07811930979816473
0.07608621361104251
0.018828921397398002
0.013729562514674498
0.00833871936968289
0.14166492956394228
0.5568543126740297
0.5103537328707712
0.06107422144302466
0.0024969964011600787
0.027651654332049747
0.1130028571718269
0.2591837670391588
0.12947091503807506
0.11089602411347821
0.07178515739231317
0.19773111546652578
0.09874936238234566
0.4239645277516957
0.8398933847489474
0.36866683137261047
0.35096268579345624
0.10583175734484551
0.00023581428130281523
0.05574514209333126
0.0031230983879508845
0.17532674557999695
0.14257600637220302
0.013792027670851859
0.34772624636497573
0.3229355810422656
0.5802009384817297
0.018388789338090072
0.051668775256778376
0.11226742904615494
0.33504043007564377
0.26896721195699924
0.0560474232913406
0.024660403959138932
0.015488913827563566
0.0007431938904036706
0.2623157794718842
0.024617220234383064
0.5172337926133237
0.4106142761369167
0.7848710569968218
0.22181662632903087
0.10972677360847016
0.35960537901965717
0.04300483734918914
0.17675556678312931
0.3883438942722335
0.5076925969458304
0.18205519487271316
0.0004003386613342652
0.017871476966464517
0.11893197278944201
0.00913247672628481
0.47755139499827637
0.06189763031718498
0.008201705705814133
0.10548924832858697
0.4536903547674118
0.09090996353875869
0.16311301818632096
0.09778341680078095
0.06221908432662304
7.281348272547561e-06
0.11420464332061986
0.5679741564422705
0.010314605693061196
0.34567635815988673
0.030663093249362117
0.31878839175224183
0.2080482248485147
0.03789718670755593
0.40618389862907556
0.0005220955137705818
0.01702545500946817
0.2779225349378742
0.6625413168876051
0.7504237948134123
0.015084779350174271
0.519840436579365
0.056848537840900715
0.015431176193992924
0.002343979668615992
0.940356624057965
0.313294279532053
0.0019189138043256282
0.11035091589747825
0.7885541955901343
0.0985658151095079
0.010257825611277527
0.002690603419516213
0.02854284539589802
0.002268740926742785
0.04779417294323163
0.08855374871197275
0.04252780787627475
0.30212512557525883
0.058316993486944746
0.03250632300815215
0.38469246902041476
0.0986279431137762
0.35449712910212705
0.5790472126894985
0.0033266645265253025
0.005623734346620113
0.1950033448699804
0.584107034089629
0.006226317762006328
0.009111913798174553
0.02335807391792688
0.08279225779070032
0.005970715232884727
0.2493566782318597
0.4362055332593582
0.003944606660230443
0.11685198675257835
0.19916817804439235
0.6393026589769679
0.0006201516598094425
0.036729432166242804
0.9018001669062121
0.033037321903517824
0.2961307001155349
0.4040276265469984
0.0033568798554566293
0.008225188727182253
0.036596610024673515
0.02809469144500376
0.004443314063959258
0.014735755824562435
0.9051297588851377
0.19491032034368683
0.028844312211334655
0.0014566507507507431
0.3691039343286948
0.2094391258191639
0.9286560423341765
0.7283749542821139
0.038578277510221026
0.15672934373726566
0.07671751012749928
0.011408759743762209
0.02494214033549036
0.030663733527458215
0.09091766113036015
0.014602678408189629
0.0653826589114459
0.10017198492746138
0.13647993565614436
0.05955434902510803
0.5350001347249316
0.9883665091198384
0.6788109942567773
0.008979188580814146
0.022539645902289296
0.6458206758578346
0.3140929070222569
0.005885488322341592
0.005631316459761004
0.009724768755240865
0.35208073498602954
0.6943809726729206
0.004047276180648041
0.03944769181003105
0.009310570140242724
0.0314933346522317
0.02566518481872415
0.009784675850340818
0.059999665461579754
0.1173413691705596
0.5394091555461566
0.007200313605664865
0.31509891400382184
0.012237084559772127
0.02733744980031494
0.07628880912004243
0.11161578517793025
0.17211060039965176
0.13673864577416572
0.08649165989737129
0.01367850058914133
0.015011343150296508
0.021498812144697732
0.0006634319107732267
0.015654292479312826
0.00026183098939225324
0.11463522147925631
0.06342130682048919
0.08955941947366841
0.021901809852383547
0.1397650903535319
0.006170738138399745
0.0042105545681649925
0.1234631400076438
0.00042691712046383223
0.33032368125804323
0.13175451619115996
0.29344955215895707
0.013136614492867515
0.5335444322065916
0.018171015347077768
0.0067205670729821865
0.0010501326649683396
0.0035845200432182978
0.5647141408589293
0.02513870065385171
0.1137813833004182
0.05942443202905445
0.05324633897618081
0.0035484270932222284
0.31130994680233504
0.24483855144885402
0.2530525021713994
0.0015361865804737196
0.130245275182733
0.06622186156684862
0.006828223731338401
0.004617921566928862
0.7272200781950899
0.07169252342552013
0.00012300444347079775
0.174669012947116
0.023912360143707678
0.25370096634241923
0.15086089268437108
0.62421443114498
0.02774513074342022
0.3715861174396342
0.5496089916487439
0.03293376065850051
0.2440474834546391
0.04561613679605081
0.002540506262192155
0.06354349750910804
0.0007993040239142601
0.004080933024980249
0.008976458485354444
0.02469830928926231
0.14677253097978715
0.006745347574397043
0.9540025866133071
0.3917754109926004
0.1624262475880085
0.032639006197704656
0.0022092340540200706
0.1706787939729022
0.9603599497903377
0.038146231344364345
0.05605644570262225
0.0849831411289228
0.6859640108420535
0.001886325522785448
0.0008488067836678326
0.1533200810093509
0.4357207561517522
0.0001134782050047356
0.044261970862746525
0.00024989862510405025
0.6727276164407343
0.5269724288122521
0.5190572847649935
0.7052982852431071
0.0050805205447443935
0.0192808188656024
0.00031797557601853654
0.1900989097496315
0.031233882505096622
0.0160629112460271
0.16518437154715127
0.37488012818328476
0.4530003328860859
0.05537593324220169
0.0001721081040559902
0.0002278956347774308
0.0008756482867422477
0.13879222293906457
0.7414649349254898
0.0010243600268138309
0.0023923959238474346
0.019487677625696254
0.030062281295056836
0.08345871326964693
0.10295935946575918
0.5046445581462282
0.5651780360391847
0.5230837874501506
0.22793511007159517
0.7214713924563254
0.10416016728727318
0.03356131842117738
0.3001754738257656
0.06494902409553682
0.03310764218266282
0.9028554055826474
0.3758589362201883
0.14053395355916454
0.5737075774611655
0.008299018882404363
0.12554393472420444
0.040489007031829116
0.9277067917809585
0.06582923003961927
0.005023726588906374
0.00042546266297383006
0.16970798700892908
0.12143877817083992
0.027318448422933628
0.15662070315162824
0.02409878860591519
0.06961301806924713
0.025474260658240988
0.07376307753513589
0.005981023325914547
0.15129283100537583
0.39473642729278335
0.2235408780945154
0.05156597815078956
0.31213654882917985
0.2804745278233829
0.3599887498389145
0.0007062103545261156
0.26929979397026305
0.49356319730781006
0.5972463770819583
0.038115318418474375
0.8527912212319553
0.650678646744669
0.015339646153437414
0.15498600372802218
0.09916401390850882
0.006480512970264085
0.07800992776994065
0.4531466077714854
0.016972323472330686
0.014134431403122427
0.1345374411193998
0.0660547177175772
0.07255585099384687
0.19919788495584445
0.7103431717425401
0.05232798046711884
0.39968149482031956
0.03580650291196674
0.037038980049123094
0.02218227603591849
0.3977407562218329
0.2582226618505934
0.000485454059988788
0.009617060523171794
0.038023268019701684
0.0032509401353375544
0.016262474569471053
0.07076736869734934
0.0007743391694221557
0.0002876414195491783
0.003980906358669101
0.0041911102335201456
0.03869184458383601
0.005539755937194801
0.008227285740707968
0.1255013311867672
0.0842855113443568
0.14864262120522564
0.2249779131236298
4.588433932539715e-05
0.36573370816775586
0.003673151605459557
0.0015970016571551504
0.008497373691857657
0.3606521157239144
0.0014941486371315982
0.00036315130377451155
0.04713518596615818
0.0062201142995215175
0.016096486318105452
0.006300107037425562
0.10361476862626584
0.01691024664385221
1.853749835634133e-06
0.22376928085954617
0.06374822171160588
0.0006480145380325375
0.0010842806174347075
6.147308502391091e-05
0.10435825721476366
0.005313897078064178
0.13375342321643524
0.11594668877798231
0.01302974272786539
0.5415933752439734
0.0005725232425177751
0.044046234003424
0.9911176372467225
0.0006082089626859855
0.3446304881239022
0.00152024473089174
0.0003536732705240464
0.15086612762512042
0.015474676538514087
5.10316359836338e-07
0.38198635762095945
0.6387975435763893
0.015617318874919794
0.8977504537375696
0.07653498080840282
0.8851275740760847
6.464443775855422e-05
0.010066904596279569
0.02584141540609819
0.28702672767122506
0.05294044240197837
0.3337193629125048
8.468522305626891e-08
0.12853200867259296
0.00922936080457748
0.04666689392341716
0.24418158140612123
0.199571896366046
0.29660016033456316
0.2445867079464139
0.20399036463456133
0.0019467900516381142
0.012284390454234018
0.0322358158667122
0.0004594940825630722
0.025147532643995163
0.0070372554676108034
0.07103430868744609
0.13049558353706026
1.681247684381937e-05
0.2217355396949463
0.002542969847959542
0.5017899661357998
0.000269921302971321
0.026580015867635476
0.01410132577395995
9.82760289525153e-06
0.37910064998065907
0.2406297616841564
0.1852489573854501
0.00014415283549418234
0.315012645251874
0.029503445141620288
0.14001281031983726
2.9736473052821566e-05
0.0027007155424765283
0.004339819986764137
0.00274926897955563
0.34417010133059867
0.016011616170126475
0.0020161576158326255
0.0019113125637311157
0.0003838923287486917
0.011008952901143454
0.12805591202830402
0.0013205576433270583
0.0003305227235954611
0.028792983000163863
0.002025718497513429
0.023007707658444287
0.008898344066260444
0.004125074362135495
0.22086520374019258
0.44236693054870235
0.06769398295672557
0.01621975492283889
0.051692535208428314
0.041453099158294204
0.7087941963532485
0.005016662197143695
0.01132392500808499
0.004771286214417136
0.9349622722477944
0.11290325718055993
0.20577811377090405
0.008981006540439651
0.0001042891691984682
0.37014251725182956
0.0003589736740405858
0.017000026926524914
0.03252075733586279
0.003886744556928834
9.828676008050152e-05
0.197975060960073
0.4812450885370583
0.012120099967583897
0.03004396438617407
0.04508474240386051
0.2686198509872879
0.00212520843666808
0.11068354644844547
0.8125685360444386
0.14256075877532326
0.04762684594420974
0.1075168095227148
0.006392498056674301
0.0627095009991605
0.023600420836987546
0.0400930329447895
5.53125502267271e-06
0.12103159628523574
0.05845049101862898
0.011347448590743658
0.05035172364991536
0.3212786235718035
0.009016495774520683
0.0029935297857572873
0.022938043546153253
0.03655157287121935
0.055210012080445514
0.18394811493558683
0.19244339189396342
0.2092938460142757
0.00022221039269165743
0.029441110099481138
0.0013412950385929268
0.22064052356789698
0.0013688203434145674
0.018127626355041615
0.02377131854682224
0.03150588157415135
0.008084649614790163
0.04210862997431164
0.0957436562978995
0.029607513046177925
0.0011158041689824927
0.010265368630012706
0.6356266035359426
0.01576695860891686
0.1976009683475266
0.00785211953503362
0.0674352007716863
0.00870522390509465
0.013163294240840173
0.0017820866653781575
0.0024818690845860303
0.00030892218794198456
0.08130438545126628
0.05069360529727729
0.2514858459829843
0.0012745725619716097
0.5437179590122285
0.004322028331804839
0.09882526903863154
0.06839174494541411
0.00019913663983728291
0.15544559004623704
0.1519110851765748
0.7760794528351114
0.06159759308951296
0.08594963394740018
0.021360825537951156
0.00015316874016479964
0.13278629829615118
0.047476020470264224
0.1498168632734438
0.09295001335629172
0.9967734083821345
0.09257970759708001
0.8131392348838016
0.2979359675959299
0.1130011113876348
0.22851265667083265
0.8854025849418723
0.043977201087987305
0.9878632942691368
0.013686965552801356
0.46045618582887693
0.09536901981353152
0.007120789675879369
0.0017008868066661353
0.0052884572220215365
0.051119926190690945
0.5843288360000309
0.7826184239772753
0.20546170344512182
0.24400649399410956
0.2647424150258777
0.04298818605918209
0.005947639605522248
0.4253619454995867
0.7220461274601324
0.3723836953790527
0.4434728375882546
0.09239169988046658
0.5272395455506778
0.004584771037878355
0.0017458253800157753
0.43994512485634507
0.40984320722644885
0.006819748140205251
0.051892851993502465
0.8455875782848032
0.4666364054547061
0.28735802883465356
0.014156498610631063
0.4409343769144636
0.15223521261361417
0.4653882787362562
0.8394667773164453
0.27917257035427623
0.6023103748323992
0.010965053357893106
0.0009550613877826741
0.08161783834472436
0.007376212114750924
0.10113474439491354
0.8888582010564128
0.9487439499537145
0.0905677683342847
0.001840731098142978
0.07553572427670363
0.6397345885607906
0.006601450375852025
0.013775100769460868
0.07764021783906072
0.5645079858148068
0.0060624229199706114
0.0732496105753393
8.481801518467336e-05
0.1687176167248241
0.14743506982551668
0.028297968743757007
1.131337670634558e-05
0.1176470672477723
0.15420320764648765
0.6101058115933742
0.02307812436867218
0.0028199244517697064
0.7607988001919908
0.31296680697258594
0.057987634902746166
0.9988497763939748
0.8651429701646236
0.3558471635375271
0.4727391101499876
0.005904728875495646
0.38440974241246506
0.9259894176673062
0.1943628247255751
0.4226091875081921
0.5717821842065678
0.035477721363146975
0.009665285956909742
0.6119987144991235
0.19189599795137902
0.5152274280333518
0.19140622735163015
0.5662261234661436
0.055269165009774524
0.005990571096090136
0.2658903049100343
0.0015195356839932117
0.07829923731798849
0.02600111470306765
0.12091737674900749
0.4863703221668936
0.6596235918301194
0.0794353557576033
0.24398540498506716
0.6067842767742757
0.05337792223760385
0.4487291545348491
0.016966719070498737
0.12147436876273088
0.1377008109980007
0.6537679147438988
0.05766537605195521
0.007965164124763557
0.14709418944046115
0.002012848684068702
0.9850678101008297
0.00014110017854629398
0.009570093413816538
0.09941609332864876
0.20315948008047613
0.2703420059289785
0.09963213875565824
0.169676853460349
0.3089424175209241
0.24109229195228954
0.049672887038316293
0.025477779378571208
0.008896856878858772
0.001143952134545989
0.057965022363932084
0.004106361989625551
0.013283958232856108
0.48153882148956484
0.1507707584754736
0.5566386801767225
2.1405516543726577e-05
0.1411500403833077
0.07156834067204154
0.08198514613388275
0.15409273499189902
0.4672483559269023
0.879593596548496
0.3373702952415143
0.4509561148206642
0.0004635610140095725
0.07359993624354932
0.0027299816914529984
0.8260984455290235
0.9157828476490981
0.4655087100682618
0.46205200231442634
0.2201811875057449
1.0360126793118596e-05
0.013431135915900283
0.026316326321800698
0.0013052411976564038
0.07591155772507885
0.8061169988022534
0.05075312748023686
0.032393115908733394
1.0665335895110317e-05
0.6325479134489467
0.8390491102761211
0.32350738033873494
0.10698345134129772
0.15576866627615216
0.006263494078862619
0.14482689960595785
0.4916171225329484
0.6844109976570361
0.6949070333769414
0.20957663921396819
0.25274304068155606
0.13745127150560643
0.2097682583438112
0.20920256438303042
0.7959475899064672
0.09900664599786735
0.01277827086854777
0.03760954005984041
0.020220223481883126
0.6771359734303697
0.00895528451280847
0.004316038402797373
0.026197592934022795
0.05430309939153943
0.2832506284393339
0.01789479965241525
0.07402788127867188
0.4806610068521806
0.06308509409635654
0.0024087144448423636
0.27279236514473304
0.19629908412466524
0.0011800398988000005
4.74110636510261e-05
0.03714492532031799
0.26571042955710267
0.4026896927751715
0.03494699350152364
0.004533651661069893
0.0010606152637735455
0.35046880708471173
0.4578794956543426
0.80281907141013
0.6390183983959599
0.2523132978514271
0.007437496236027519
0.002718539265949449
0.17271196044069903
0.15089089840256298
0.750538458014478
5.427482573372444e-06
0.8357040225563752
0.4441398074598697
0.2517320689972413
0.004320048839423718
0.13614687163236217
0.005440973737525612
0.10051424479771831
0.03459684592360146
0.5868073510716934
0.01370540300758627
0.17658794527200472
0.0816930661338493
0.22946854339677225
0.31908391386597534
0.17534707279326422
0.0038494543927254377
0.00047249716132058417
0.09812715182139464
0.009040266067294578
0.15669493834099546
0.2186855554686753
0.6134290167322647
1.4005915420112203e-05
0.05302344696626249
0.004547629373755857
0.02028026465823274
0.6675681809783831
0.014681239666260337
0.016179567220556912
0.06444288738016879
0.049269057533891436
0.0007630555932436334
0.04582840287983414
0.003719043596745575
0.00025029762814221534
0.08133180462904321
0.0001941481472760298
0.26836699376235695
0.13199285135984895
0.12941127619045534
0.10154565280468852
0.018406689067472337
0.00010788313023191165
0.01236865692413125
0.3386991442576168
3.893511152530671e-05
0.341089781717149
0.00174734737420712
0.36683404744621395
0.5278866265015465
0.020378637370538577
0.008821447285801254
0.0038825773295261268
0.23026389046651508
0.03473278160627502
0.32972733023912326
0.26081462374593656
0.3762864629352878
0.27777180226022935
0.019892737552161588
0.0003131339458928295
0.09646916824064466
0.13574645663129248
0.014228105754776621
0.07314411389701903
0.04349606341379464
0.17802777784938595
0.5247963932548254
0.7765289799663935
0.00018667124478377595
0.03785012634425966
0.01919391247822233
0.9556084492371582
0.017244372898961968
0.0025728361148926737
0.11505134140179174
0.661163363022577
3.244374962729779e-05
0.004118676947884259
0.04322090341229656
0.1305085066871552
0.5009156680797973
0.0012714577878105704
0.8900683568774976
0.05165482061112825
0.0036183751204086345
0.48173406072177594
0.17567094730833865
0.08186685133023053
0.2437775378982776
0.4699234029340613
0.04186834728932842
0.18157027140998894
0.009274184473512248
0.9759050641055478
0.007897019514914616
0.00012805770371526748
0.0375782167245895
6.494665675260691e-06
0.0018077045999169705
0.009708450122978052
0.06898471506004089
0.010133589438663826
0.5317216182934403
0.027077138773867748
0.14399414029829205
0.9436028463078157
0.04872849786381184
0.011208182212498974
0.01422805117764625
0.20888345075091408
0.029174358786393073
0.012121854802655596
0.02227693318739954
0.0019162211322467648
0.1813309093811557
0.039930235667389846
0.035332399219044186
0.16584645428053868
0.01843889652686248
0.27164706327122
0.02809190894707303
0.022888624386910417
0.03696551284662286
0.009360942870537459
0.5174143131284477
0.5348383620481816
0.015500185249379017
0.17680236557235318
0.009614543801763409
0.14203443868184973
0.09640540215528293
0.25071471265761436
0.003898126132354074
0.03402879218774424
0.022934981257981546
0.004074847299754714
0.014908848167158872
0.2656094475845856
0.06585318813272556
0.010572252382925251
0.7985995793677971
0.0011600636862552083
0.42460326649595004
0.0037555426965016903
0.048492988669509796
0.9497583961383054
0.003711938151621963
0.4574271181004188
0.002687037320480812
0.008904392121618532
0.03681026815635513
0.029989358922606124
0.663224318505947
0.020408308527425145
0.8609662412063461
0.014166933848544394
0.24397783912875748
0.0506999027521049
0.0002630842414059753
0.18837671779664555
0.08447567263285682
0.12649437284466925
0.2490526961176367
0.05632642599584847
5.3952766916776085e-05
0.36364594573047637
0.2870506522943348
0.033168715337351884
0.12211610585901034
0.11112734181096551
0.007763132285524943
0.8048017489793668
0.03609901295816953
0.4798977237801072
0.18440032340415025
0.04158382415407402
0.4484385196508667
0.02159818919957668
0.6969458633037664
0.03904922760653862
0.3560893103018996
0.00012229463696655785
0.11625491413368927
0.966296574613212
0.025364190894611616
0.6436020854085578
0.09033806268420119
0.022740536016625068
0.07601784567704661
0.001681773784278473
1.774160132339553e-05
0.1396384856814188
0.019779010155080545
0.003942405133694704
0.17213002979423897
0.0034470179099541642
0.03315045903153546
0.0023319021302499188
0.5405396278586991
0.031703423257948726
0.007480592051159585
0.16178687150003102
0.016422494463024684
0.11689340418079674
0.08081873463316103
0.23619753768406992
0.00010453750261252281
0.17771016980992838
0.03298311888199512
0.20788815360743151
0.16821456028629855
0.00071833540067745
0.035308044305641495
0.05391254874824125
0.15179742624360282
0.08464090086095322
0.00821722704366823
0.10792506249104061
0.019392393075025716
0.9054823978357518
0.049205262038414466
0.010666755251063531
0.038096226481919127
0.12278356463643036
0.007052580602062264
0.036443738460758546
0.058460006628461514
0.014461397709395252
0.2294376340065143
0.0316138551692553
0.2168979031040248
0.0001895885891696203
0.32119531616346686
0.18372774795756142
0.47223217664307837
0.05150271548644714
0.0015693045953055762
0.398261114477219
0.07150602436244036
0.029811353962478693
0.00033575935791096967
0.1944029733049184
0.49603167428439354
0.34141805784499546
0.09987670000110604
0.04934086529731885
0.0010062269596977647
0.2217851986649806
0.32274444051546425
0.12506029351093395
0.020705562469998107
0.01251950534116375
0.7437562831091094
0.34566280972403973
0.1262410634723572
0.011902396625577794
0.4103494658809379
0.007306941672552192
0.04848056622141095
0.6682297488559281
0.015287753450079045
0.8695319845065395
0.22709218510934903
0.04775236421487583
0.2931080676920601
0.0045851707775739214
0.0015364563094824035
0.00031386456007664876
0.07631648340231267
0.0036447735675508852
0.057554007661887674
0.004068009760974434
0.046292800492380604
0.0766059186652619
0.6188348321367152
0.059147602153897694
0.07659585214570463
0.0020696152607930784
0.005220044964512116
0.6080934642815397
0.1645568557869248
0.05086590159791293
0.01277160679421252
0.011049504607474336
0.0021566734764317808
0.010665863629270467
0.004575388516293577
0.005253601635698768
0.733233226496592
0.3900517936095098
0.9441368030846053
0.9974679780896227
0.005983236522139057
0.013656775154526457
0.9000986898986347
0.051241613910935735
0.0988281284428083
0.5877932307891698
0.48442078701322844
0.22776227871139065
0.16036751761171342
0.01917911563075303
0.009809638262754161
0.27505789577404993
0.9793442375084174
0.039289489120792
0.06837175755896618
0.4617970514804879
0.3153400587088493
0.007735379544338672
0.0017786663763101895
0.6651115107032342
0.0718789015932717
0.21121297061161814
0.28915259792122683
0.20325934169857773
0.25292781687701815
0.5183546404025399
0.0036220617113624787
0.15505698219619113
0.004540064068234928
0.436764778954835
0.0027916728433488025
0.8697659236740087
0.1939897338994201
0.2501779668694457
0.09497412639954916
0.0026302618277143086
0.19739108836238062
0.6249611867546028
0.015010102422505556
0.4464808339263775
0.32702459133731177
0.007980733676403506
0.43352288508640857
0.34247809660768325
0.9289350339948124
0.1998885973926363
0.1406140800663067
0.6511656334664975
0.0017837582064283986
0.02605473305952155
0.005303135070453324
0.20810176271922054
0.013696970118955765
0.14715018679445158
0.008702067058941498
0.0025107261872172604
0.06156629770326427
0.15558697123494958
0.021871707400379137
0.1286179468865003
0.010359412921165712
0.03562178425012763
0.018939558223621145
0.10745549182542558
0.12465435224009314
0.022918309327445652
0.0008572647899864894
0.0662218437337323
0.08285090834750597
0.00484646513828757
0.0025539558117460004
0.060869351556140705
0.141755139686363
0.28032887386642336
0.05025609274985521
0.4095484206027806
0.00024088308299319294
0.049567544131095875
0.05016235488210419
0.5122101014845499
0.1856698551697984
0.0021905194440492437
0.009951159016071465
0.3912667893624784
0.32008256612570607
0.08888990486234438
0.13795912493119133
0.01499092996947482
0.21695613764379873
0.013886940335195108
0.06522507476383121
0.0010473625030023026
0.03745921002956254
0.22498639595185654
0.03644909590538581
0.08631226105287126
0.2937025382449452
0.1112497938055268
0.02212213728831669
