0.4009263454886858
0.007574608294674157
0.03951721938992092
0.6260076967843751
0.004814928455607381
0.78611806115703
0.6842202047215524
0.007679531859432487
0.6291031356239036
0.04073199944591721
0.25682915135615514
0.7772972752725433
0.6599082448045204
0.8188226748456955
0.05287993801844326
0.15808919158393575
0.47268549260096915
0.6462497656435149
0.9522155424309924
0.043476056555703524
0.5690614907883402
0.7848120982388274
0.32241183217334557
0.09061381665433776
0.0034816159262525126
0.5318635282310966
0.03493078946415529
0.8428358594704564
0.0843287616251871
0.7185042975546787
0.828123820780432
0.2837196419744392
0.5147731662806228
0.4268650418318627
0.7641623258967261
0.16160020744366532
0.9711166451813358
0.6915851110527176
0.23173254153683276
0.2746795567514284
0.7324228496913634
0.7114023393178526
0.5310263496622416
0.8892332353608756
0.7445040758768853
0.4163041453106038
0.038361329357371465
0.7425883751911009
0.9925142036210093
0.4411624674843533
0.5720290712310061
0.35198231725416074
0.802095668869572
0.13828107009812207
0.3953936030741301
0.9702377469159278
0.9047063783441502
0.021128159223214427
0.8013258645997254
0.5003860136604035
0.7112209631298536
0.7033772970581966
0.4547095095480169
0.6600076669056674
0.15174690350630327
0.8440950340823106
0.6133812607193596
0.007380420093828777
0.5311591592631402
0.4465629043031649
0.7221364990063841
0.1318011034172779
0.8835466411295527
0.5045826042973336
0.26917849390453696
0.5691292802487558
0.007858486111440133
0.9528649237980285
0.35201379748293427
0.9894676646286873
0.2588139895032189
0.6666049240183087
0.21455923768416119
0.10575054030145847
0.614092668525233
0.900278726262927
0.3117429009596142
0.15409462931627882
0.29904622716002516
0.6427521087908676
0.045171045962918654
0.0484130379372496
0.8401642765721316
0.0405949754126671
0.117458602302285
0.8003031364606596
0.13316536015559222
0.2408983456212166
0.5729632474295585
0.24964373206874058
0.6658518786526835
0.40577068785076564
0.8829395369929782
0.5880254878048352
0.42632235778205363
0.08024166929066334
0.1589518926280178
0.9072146485982509
0.3275301150630967
0.5566923083983961
0.15885329316662022
0.24742875100507344
0.9334222385544331
0.03367930678725517
0.7890498504276524
0.5063411633425767
0.677348591026945
0.006223820960568505
0.4757614281029343
0.35983869542561764
0.5164146044846316
0.5591527772763243
0.6913438070272118
0.5184541083467811
0.6541779588304448
0.27516309656855853
0.07733900521548231
0.7065140183187162
0.6862477963063824
0.308488605446928
0.31583564060800073
0.33666383042657344
0.95073710061364
0.0008686327603519839
0.11921068500177157
0.11157135431557186
0.6599668494517412
0.061231581426130166
0.2723916252505205
0.8051794627810256
0.6362021481463052
4.9274670441690205e-06
0.37719283611890053
0.47473412163521544
0.0001587677050671754
0.838093381494232
0.42569975562968754
0.8725678263931957
0.6407007540852256
0.008745974468994167
0.7255783302053909
0.4649586684575884
0.4335610850521223
0.4566486616070653
0.5835666150946048
0.7133077408725432
0.5716885124744004
0.8714431341082749
0.09207896755272293
0.0004961491434563037
0.5525853927115034
0.8177874314090161
0.5100884689416278
0.4382236955206207
0.8931719032365046
0.25513128702797916
0.4829595409758365
0.4832019485747472
0.5057332271750683
0.2898300407994676
0.8656360066507114
0.11933544759763537
0.5772689608476398
0.7731292147406361
0.3459190956085534
0.13736084030689355
0.37035178205597363
0.26194733468179465
0.7134454474323206
0.6267660799667585
0.667697421351046
0.7987550253902607
0.26456063360368187
0.29571467951715436
0.6004755943270625
0.9800037071375807
0.6924971886143112
0.36307375686341903
0.2875116382404417
0.7513030449785263
0.9308307492292431
0.0014315749293067892
0.4759144061754228
0.2107673171282971
0.2064689168584697
0.3646419799694576
0.206229714492701
0.8184702927494167
0.029763929106999543
0.6505784738003091
0.137152602743295
0.6431195743636657
0.9195413533284895
0.23814519462226702
0.05979182413049111
0.766591362946135
0.029052002072315064
0.2402654345143016
0.9097954872842868
0.19143767615883078
0.7303112037805299
0.5898323933678837
0.16274231750312085
0.510889089952264
0.5692642992956696
0.856585905251553
0.42005158423765776
0.9770688483745951
1.4471026784868002e-05
0.5276863520997095
0.8557817608793676
0.13135618408560323
0.3755846704196375
0.025531922601052415
0.39315046510154206
0.013465279539502273
0.4077328693540352
0.12042071437364354
0.5342898048805262
0.029707922244557983
0.3832085694334375
0.5529670084351312
0.0008476356658420059
0.4077321357672683
0.6342818691716907
0.799939359271171
0.8439897459703112
0.949871069792215
0.37323905986797534
0.5669309205610253
0.7007053444362314
0.9598869838066364
0.6977637759346824
0.015634263767811296
0.5157433124625721
0.5328120232456552
0.680729310369564
0.5764965845595638
0.44339340489052237
0.7191357839693524
0.0645888982183469
0.4171719147005519
0.2050195622089488
0.9265022059935695
0.3978822092675389
0.8917755582439331
0.8903431901416519
0.4649356176438282
0.44384849771180224
0.9293343792485473
0.07091185994535643
0.009190306727949293
0.08199372706440178
0.33535592886759336
0.12298300761700309
0.27429937253074765
0.9648248705562543
0.9934655192329229
0.5874270888461071
0.1141235808796941
0.1843919425647762
0.6072644630893984
0.852995158306912
0.7257660971151969
0.8651323268010591
0.04805369889750666
0.6285384546385702
0.7509563126698073
0.3987857434409676
0.20665429668262725
0.6724217809801565
0.29303842803564506
0.6378382507673097
0.5031172696464057
0.9553879335207023
0.2434058432426558
0.25094578890498376
0.5147573334593192
0.7003771376119994
0.7735827855741488
0.12671358023850887
0.8050688287008405
0.051908731332767966
0.2937025249446976
0.7081592074226322
0.5274006583069755
0.3486402655918881
0.12202847716785237
0.13690328950681696
0.8468620078407585
0.307804322881013
0.5297857321511668
0.0037881007475673023
0.34830762837698126
0.1453649942304085
0.9102238905466471
0.6523999114861454
0.6980483216390867
0.2313259557670042
0.5301199750397831
0.9987764347093311
0.9733363718551413
0.1965735525209502
0.7827477326495125
0.04307186326913959
0.015039461817808686
0.6487907131146249
0.022067532325702466
0.3397058672475124
0.3780128703897798
0.7093184468859748
0.2656726676323924
0.06753929766882583
0.913596679656373
0.200632976536675
0.7469982475517152
0.8963830095638958
0.07907009354648942
0.2696631563138929
0.4006516924590653
0.7139236379739375
0.9186909576097402
0.06586611836319278
0.26013656677031083
0.9285439791991179
0.2615849525645071
0.45546208399974075
0.2887876698299916
0.07613585924965616
0.7168683359701618
0.23539629475490997
0.33303234571823803
0.9120756636357574
0.2273130706012334
0.4727140718057148
0.9507346213943266
0.9828084795419147
0.04201921864551039
0.11393835025124632
0.32553486149256905
0.5211355748760005
0.19088888832478856
0.6187855149166959
0.0359371712533858
0.9152098797564612
0.5607843160317529
0.9297414272254232
0.41045300755010583
0.1807271567086317
0.08743352225546319
0.006751328715819627
0.3260345136464595
0.0225222395534308
0.8428610682230633
0.384868575152697
0.5371544749526076
0.12282169099966267
0.5524850309133771
0.03692435534251515
0.45695002984758637
0.0550217702722029
0.9971985813389512
0.017828829635209598
0.3239397230875327
0.5912797873468767
0.12944251893127667
0.31278671051501794
0.15549604147737983
0.509937572109251
0.5729984389074947
0.04505087405975394
0.9229229564159351
0.1067812431075148
0.9966639029191624
0.46531488784548625
0.15040383065670548
0.5367151444713887
0.21962033664990832
2.4616187493275987e-05
0.01684199165677258
0.11374873621292458
0.11843485856177005
0.16704176135387883
0.31634801937453627
0.016522876287429877
0.058692738379543696
0.09435350269637999
0.1577991351304684
0.6378682088215633
0.7378170179966408
0.16316709164581233
0.8744510080910248
0.07159366121167099
0.5522232598441126
0.7973772176744178
0.9683754572290177
0.03231244987829118
0.156752449673079
0.6633140350578581
0.7934611471964006
0.6637298412657877
0.060931420773947975
0.39170712616595527
0.7067150783948721
0.23262863465322536
0.01327550717690218
0.8085797457390951
0.016016643963306265
0.7319547947241576
0.9812625808790951
0.6318244790138596
0.9851779831481025
0.01466914544845821
0.2532064490564083
0.06285042562003551
0.16181787338928455
0.5990249887910699
0.13899023902276086
0.10488706141018267
0.7368458940309497
0.9244801773627369
0.7138281483623694
0.12116967996675321
0.8419322529923157
0.9921694839666082
0.07422564196017167
0.0016512759198374916
0.1635524309773313
0.7690821041477249
0.11470699923925509
0.6713028837564301
0.5374496941965654
0.23146996430658362
0.5458630079461835
0.7433522261778953
0.0018343385175052518
0.9745102530324337
0.4678523606256506
0.4129073031997015
0.18503790161877887
0.5747059290676251
0.43427056610933423
0.02080176218107166
0.08051345132184262
0.41655032110786383
0.013974358423969102
0.5769503389689477
0.1815949859983974
0.17003770067097213
0.9038123104280851
0.8578609075755508
0.85825045532129
0.6824126131057773
0.11460913309696408
0.4464270512879014
0.4654275081988184
0.3150436467834834
0.19897110180808464
0.7566014713463873
0.8943519038094865
0.08409571302277175
0.2281331125242856
0.3379307453663256
0.7236806578115336
0.4998409180150232
0.23677599764416257
0.2175218199945408
0.34003851207000535
0.22183632635783646
0.02185762769148436
0.7097814514212881
0.8706565537668127
0.43439065623831197
0.6223743736473819
0.7128347448731802
0.20487124961718406
0.8833237349134646
0.527309216249106
0.0030384674648009646
0.5206307938709993
0.6990669159752061
0.14659925134741725
0.7695296784696071
0.4576652259705276
0.7180162998532718
0.6912036280740386
0.9832517215790733
0.9316322370068719
0.26147456988264706
0.32218845744693336
0.9609009633261598
0.4924438181466204
0.7681988285788437
0.4866521143034894
1.074856751448472e-05
0.007511233847250276
0.2560189345131718
0.8511201802489567
0.7152565914644013
0.790176340154852
0.07108171461439117
0.09444908447162637
0.7650075769980285
0.1258520284496374
0.08312334666350196
0.13247439580374243
0.2613082529302313
0.014855340284317675
0.3781814926493974
0.49788632683648415
0.5638670373982837
0.9322168274888645
0.3660952718709094
0.4067343204116498
0.3735660098073452
0.0013190241536600311
0.1305927733226322
0.8231749208989165
0.504795649382797
0.06093327687582328
0.6435750348765557
0.28221542471060035
0.026597637306334798
0.40457408245562676
0.752667683356105
0.3218318501047259
0.8417900328759802
0.8671283789187532
0.48050719419576104
0.24811545541799918
0.2360446950803623
0.7590999355717318
0.3034982799619059
0.1679830878963562
0.2957602736563669
0.11154562769720888
0.4198848619595985
0.9145490615578808
0.553353485995818
0.07343732625663346
0.4007280265865669
0.8747163012496522
0.4026678193471378
0.7375565127875388
0.11633419888307506
0.8518080035195856
0.4374670196652757
0.29458509170469593
0.211860540250163
0.7195621146572753
0.3654896081949852
0.5740626150496921
0.7110381226422828
0.7555229425693122
0.1266291723925259
0.6139022119924071
0.30628106268246524
0.29653766960956407
0.5253811318182937
0.5321357385024463
0.21142557634571357
0.4739515813336719
0.017111177756857776
0.9960636695956764
0.26294379442208005
0.4898934345956081
0.20121988604304897
0.6610573731740996
0.03192645375220726
0.00901951044350735
0.10644285623901073
0.7816975589376132
0.9700663569479087
0.5052379987710207
0.23122884750356465
0.4829787155241647
0.08695098400772427
0.3008667774204459
0.06635862162864892
0.9068136918525409
0.03331752179614522
0.5755752360154704
0.5112439836900742
0.014299827935480458
0.7317087228324084
0.41968839137772074
0.1054775533923531
0.38976977418729986
0.6501946194580155
0.5726935283335939
