0.4009263454886858
0.007574608294674157
0.03951721938992092
0.6260076967843751
0.004814928455607381
0.78611806115703
0.6842202047215524
0.007679531859432487
0.6291031356239036
0.04073199944591721
0.25682915135615514
0.7772972752725433
0.6599082448045204
0.8188226748456955
0.05287993801844326
0.15808919158393575
0.47268549260096915
0.6462497656435149
0.9522155424309924
0.043476056555703524
0.5690614907883402
0.7848120982388274
0.32241183217334557
0.09061381665433776
0.0034816159262525126
0.5318635282310966
0.03493078946415529
0.8428358594704564
0.0843287616251871
0.7185042975546787
0.828123820780432
0.2837196419744392
0.5147731662806228
0.4268650418318627
0.7641623258967261
0.16160020744366532
0.9711166451813358
0.6915851110527176
0.23173254153683276
0.2746795567514284
0.7324228496913634
0.7114023393178526
0.5310263496622416
0.8892332353608756
0.7445040758768853
0.4163041453106038
0.038361329357371465
0.7425883751911009
0.9925142036210093
0.4411624674843533
0.5720290712310061
0.35198231725416074
0.802095668869572
0.13828107009812207
0.3953936030741301
0.9702377469159278
0.9047063783441502
0.021128159223214427
0.8013258645997254
0.5003860136604035
0.7112209631298536
0.7033772970581966
0.4547095095480169
0.6600076669056674
0.15174690350630327
0.8440950340823106
0.6133812607193596
0.007380420093828777
0.5311591592631402
0.4465629043031649
0.7221364990063841
0.1318011034172779
0.8835466411295527
0.5045826042973336
0.26917849390453696
0.5691292802487558
0.007858486111440133
0.9528649237980285
0.35201379748293427
0.9894676646286873
0.2588139895032189
0.6666049240183087
0.21455923768416119
0.10575054030145847
0.614092668525233
0.900278726262927
0.3117429009596142
0.15409462931627882
0.29904622716002516
0.6427521087908676
0.045171045962918654
0.0484130379372496
0.8401642765721316
0.0405949754126671
0.117458602302285
0.8003031364606596
0.13316536015559222
0.2408983456212166
0.5729632474295585
0.24964373206874058
0.6658518786526835
0.40577068785076564
0.8829395369929782
0.5880254878048352
0.42632235778205363
0.08024166929066334
0.1589518926280178
0.9072146485982509
0.3275301150630967
0.5566923083983961
0.15885329316662022
0.24742875100507344
0.9334222385544331
0.03367930678725517
0.7890498504276524
0.5063411633425767
0.677348591026945
0.006223820960568505
0.4757614281029343
0.35983869542561764
0.5164146044846316
0.5591527772763243
0.6913438070272118
0.5184541083467811
0.6541779588304448
0.27516309656855853
0.07733900521548231
0.7065140183187162
0.6862477963063824
0.308488605446928
0.31583564060800073
0.33666383042657344
0.95073710061364
0.0008686327603519839
0.11921068500177157
0.11157135431557186
0.6599668494517412
0.061231581426130166
0.2723916252505205
0.8051794627810256
0.6362021481463052
4.9274670441690205e-06
0.37719283611890053
0.47473412163521544
0.0001587677050671754
0.838093381494232
0.42569975562968754
0.8725678263931957
0.6407007540852256
0.008745974468994167
0.7255783302053909
0.4649586684575884
0.4335610850521223
0.4566486616070653
0.5835666150946048
0.7133077408725432
0.5716885124744004
0.8714431341082749
0.09207896755272293
0.0004961491434563037
0.5525853927115034
0.8177874314090161
0.5100884689416278
0.4382236955206207
0.8931719032365046
0.25513128702797916
0.4829595409758365
0.4832019485747472
0.5057332271750683
0.2898300407994676
0.8656360066507114
0.11933544759763537
0.5772689608476398
0.7731292147406361
0.3459190956085534
0.13736084030689355
0.37035178205597363
0.26194733468179465
0.7134454474323206
0.6267660799667585
0.667697421351046
0.7987550253902607
0.26456063360368187
0.29571467951715436
0.6004755943270625
0.9800037071375807
0.6924971886143112
0.36307375686341903
0.2875116382404417
0.7513030449785263
0.9308307492292431
0.0014315749293067892
0.4759144061754228
0.2107673171282971
0.2064689168584697
0.3646419799694576
0.206229714492701
0.8184702927494167
0.029763929106999543
0.6505784738003091
0.137152602743295
0.6431195743636657
0.9195413533284895
0.23814519462226702
0.05979182413049111
0.766591362946135
0.029052002072315064
0.2402654345143016
0.9097954872842868
0.19143767615883078
0.7303112037805299
0.5898323933678837
0.16274231750312085
0.510889089952264
0.5692642992956696
0.856585905251553
0.42005158423765776
0.9770688483745951
1.4471026784868002e-05
0.5276863520997095
0.8557817608793676
0.13135618408560323
0.3755846704196375
0.025531922601052415
0.39315046510154206
0.013465279539502273
0.4077328693540352
0.12042071437364354
0.5342898048805262
0.029707922244557983
0.3832085694334375
0.5529670084351312
0.0008476356658420059
0.4077321357672683
0.6342818691716907
0.799939359271171
0.8439897459703112
0.949871069792215
0.37323905986797534
0.5669309205610253
0.7007053444362314
0.9598869838066364
0.6977637759346824
0.015634263767811296
0.5157433124625721
0.5328120232456552
0.680729310369564
0.5764965845595638
0.44339340489052237
0.7191357839693524
0.0645888982183469
0.4171719147005519
0.2050195622089488
0.9265022059935695
0.3978822092675389
0.8917755582439331
0.8903431901416519
0.4649356176438282
0.44384849771180224
0.9293343792485473
0.07091185994535643
0.009190306727949293
0.08199372706440178
0.33535592886759336
0.12298300761700309
0.27429937253074765
0.9648248705562543
0.9934655192329229
0.5874270888461071
0.1141235808796941
0.1843919425647762
0.6072644630893984
0.852995158306912
0.7257660971151969
0.8651323268010591
0.04805369889750666
0.6285384546385702
0.7509563126698073
0.3987857434409676
0.20665429668262725
0.6724217809801565
0.29303842803564506
0.6378382507673097
0.5031172696464057
0.9553879335207023
0.2434058432426558
0.25094578890498376
0.5147573334593192
0.7003771376119994
0.7735827855741488
0.12671358023850887
0.8050688287008405
0.051908731332767966
0.2937025249446976
0.7081592074226322
0.5274006583069755
0.3486402655918881
0.12202847716785237
0.13690328950681696
0.8468620078407585
0.307804322881013
0.5297857321511668
0.0037881007475673023
0.34830762837698126
0.1453649942304085
0.9102238905466471
0.6523999114861454
0.6980483216390867
0.2313259557670042
0.5301199750397831
0.9987764347093311
0.9733363718551413
0.1965735525209502
0.7827477326495125
0.04307186326913959
0.015039461817808686
0.6487907131146249
0.022067532325702466
0.3397058672475124
0.3780128703897798
0.7093184468859748
0.2656726676323924
0.06753929766882583
0.913596679656373
0.200632976536675
0.7469982475517152
0.8963830095638958
0.07907009354648942
0.2696631563138929
0.4006516924590653
0.7139236379739375
0.9186909576097402
0.06586611836319278
0.26013656677031083
0.9285439791991179
0.2615849525645071
0.45546208399974075
0.2887876698299916
0.07613585924965616
0.7168683359701618
0.23539629475490997
0.33303234571823803
0.9120756636357574
0.2273130706012334
0.4727140718057148
0.9507346213943266
0.9828084795419147
0.04201921864551039
0.11393835025124632
0.32553486149256905
0.5211355748760005
0.19088888832478856
0.6187855149166959
0.0359371712533858
0.9152098797564612
0.5607843160317529
0.9297414272254232
0.41045300755010583
0.1807271567086317
0.08743352225546319
0.006751328715819627
0.3260345136464595
0.0225222395534308
0.8428610682230633
0.384868575152697
0.5371544749526076
0.12282169099966267
0.5524850309133771
0.03692435534251515
0.45695002984758637
0.0550217702722029
0.9971985813389512
0.017828829635209598
0.3239397230875327
0.5912797873468767
0.12944251893127667
0.31278671051501794
0.15549604147737983
0.509937572109251
0.5729984389074947
0.04505087405975394
0.9229229564159351
0.1067812431075148
0.9966639029191624
0.46531488784548625
0.15040383065670548
0.5367151444713887
0.21962033664990832
2.4616187493275987e-05
0.01684199165677258
0.11374873621292458
0.11843485856177005
0.16704176135387883
0.31634801937453627
0.016522876287429877
0.058692738379543696
0.09435350269637999
0.1577991351304684
0.6378682088215633
0.7378170179966408
0.16316709164581233
0.8744510080910248
0.07159366121167099
0.5522232598441126
0.7973772176744178
0.9683754572290177
0.03231244987829118
0.156752449673079
0.6633140350578581
0.7934611471964006
0.6637298412657877
0.060931420773947975
0.39170712616595527
0.7067150783948721
0.23262863465322536
0.01327550717690218
0.8085797457390951
0.016016643963306265
0.7319547947241576
0.9812625808790951
0.6318244790138596
0.9851779831481025
0.01466914544845821
0.2532064490564083
0.06285042562003551
0.16181787338928455
0.5990249887910699
0.13899023902276086
0.10488706141018267
0.7368458940309497
0.9244801773627369
0.7138281483623694
0.12116967996675321
0.8419322529923157
0.9921694839666082
0.07422564196017167
0.0016512759198374916
0.1635524309773313
0.7690821041477249
0.11470699923925509
0.6713028837564301
0.5374496941965654
0.23146996430658362
0.5458630079461835
0.7433522261778953
0.0018343385175052518
0.9745102530324337
0.4678523606256506
0.4129073031997015
0.18503790161877887
0.5747059290676251
0.43427056610933423
0.02080176218107166
0.08051345132184262
0.41655032110786383
0.013974358423969102
0.5769503389689477
0.1815949859983974
0.17003770067097213
0.9038123104280851
0.8578609075755508
0.85825045532129
0.6824126131057773
0.11460913309696408
0.4464270512879014
0.4654275081988184
0.3150436467834834
0.19897110180808464
0.7566014713463873
0.8943519038094865
0.08409571302277175
0.2281331125242856
0.3379307453663256
0.7236806578115336
0.4998409180150232
0.23677599764416257
0.2175218199945408
0.34003851207000535
0.22183632635783646
0.02185762769148436
0.7097814514212881
0.8706565537668127
0.43439065623831197
0.6223743736473819
0.7128347448731802
0.20487124961718406
0.8833237349134646
0.527309216249106
0.0030384674648009646
0.5206307938709993
0.6990669159752061
0.14659925134741725
0.7695296784696071
0.4576652259705276
0.7180162998532718
0.6912036280740386
0.9832517215790733
0.9316322370068719
0.26147456988264706
0.32218845744693336
0.9609009633261598
0.4924438181466204
0.7681988285788437
0.4866521143034894
1.074856751448472e-05
0.007511233847250276
0.2560189345131718
0.8511201802489567
0.7152565914644013
0.790176340154852
0.07108171461439117
0.09444908447162637
0.7650075769980285
0.1258520284496374
0.08312334666350196
0.13247439580374243
0.2613082529302313
0.014855340284317675
0.3781814926493974
0.49788632683648415
0.5638670373982837
0.9322168274888645
0.3660952718709094
0.4067343204116498
0.3735660098073452
0.0013190241536600311
0.1305927733226322
0.8231749208989165
0.504795649382797
0.06093327687582328
0.6435750348765557
0.28221542471060035
0.026597637306334798
0.40457408245562676
0.752667683356105
0.3218318501047259
0.8417900328759802
0.8671283789187532
0.48050719419576104
0.24811545541799918
0.2360446950803623
0.7590999355717318
0.3034982799619059
0.1679830878963562
0.2957602736563669
0.11154562769720888
0.4198848619595985
0.9145490615578808
0.553353485995818
0.07343732625663346
0.4007280265865669
0.8747163012496522
0.4026678193471378
0.7375565127875388
0.11633419888307506
0.8518080035195856
0.4374670196652757
0.29458509170469593
0.211860540250163
0.7195621146572753
0.3654896081949852
0.5740626150496921
0.7110381226422828
0.7555229425693122
0.1266291723925259
0.6139022119924071
0.30628106268246524
0.29653766960956407
0.5253811318182937
0.5321357385024463
0.21142557634571357
0.4739515813336719
0.017111177756857776
0.9960636695956764
0.26294379442208005
0.4898934345956081
0.20121988604304897
0.6610573731740996
0.03192645375220726
0.00901951044350735
0.10644285623901073
0.7816975589376132
0.9700663569479087
0.5052379987710207
0.23122884750356465
0.4829787155241647
0.08695098400772427
0.3008667774204459
0.06635862162864892
0.9068136918525409
0.03331752179614522
0.5755752360154704
0.5112439836900742
0.014299827935480458
0.7317087228324084
0.41968839137772074
0.1054775533923531
0.38976977418729986
0.6501946194580155
0.5726935283335939
0.11228552264403935
0.44868638056705024
0.6289464372046552
0.6706924462846315
0.09953942439878238
0.06480448356456248
0.26110201890276175
0.5068622685202504
0.12991241464852998
0.1630129083435512
0.7660494156719824
0.21592998193602453
0.08166515210390779
0.07848340234395912
0.858293008699756
0.9769040720338145
0.6607015337141029
0.32661712670624565
0.10220723528776388
0.5013704059737689
0.9213021333989899
0.018525197668524118
0.25734277980617715
0.9977714827801145
0.5060371091487246
0.7722553845766071
0.8897928673272655
0.2393286057567261
0.723642317693322
0.12609190777074697
0.5132483854063734
0.06870749610958593
0.8242640195366695
0.3417181039293897
0.11038887663517061
0.2801581860228519
0.06340457269617827
0.4156610144674875
0.26798424515522523
0.3201092068695559
0.07118945663150278
0.15429898256843444
0.2620944662920044
0.8344678527056102
0.16801423530112247
0.49864326772026324
0.812416234713188
0.9314388651200083
0.379709860349533
0.9609662332808038
0.09311500156081465
0.055657872079012405
0.8179436152041164
0.5036940827356733
0.5988499111895953
0.05355668502017008
0.47654150299692155
0.17315940344755099
0.8347231399123354
0.8932131152208596
0.1760701838469858
0.018179994825368917
0.8600905754216355
0.41176398762436905
0.46688761713534754
0.616458050804839
0.04229681434257815
0.4741360421087273
0.4235420367833955
0.6656993278191061
0.4447947597061448
0.0777466128909643
0.6493218273315366
0.05165681921950016
0.043921779859831256
0.15185052473125515
0.017269497119326793
0.7345890871681668
0.8040423209394854
0.014535747908648977
0.47629830297476716
0.8984850510238362
0.6031530736592929
0.7598021596737148
0.7699364337429495
0.9822464051672573
0.2538054114156205
0.5749617971827088
0.16343288918934906
0.08154395698939942
0.5585644927777276
0.6410658549825139
0.9397456337749708
0.573412759149589
0.3675225483984845
0.44838417168141853
0.06160023712084706
0.0038499989128446543
0.40657499234192285
0.5719123329352847
0.5942444970697216
0.3890024973306727
0.8501075533312623
0.004898210636698819
0.9291471461085967
0.2372954530395872
0.2565303066111526
0.27920915455495976
0.8921514884146915
0.5415065638306455
0.40120709365034823
0.4065824217030629
0.5679930929261916
0.6091838497299724
0.5606681678414354
0.5813811083269251
0.00034217115892309913
0.5582737462330507
0.8834253970771893
0.03489491999835237
0.09134937681426125
0.4507484182494772
0.16927343710902032
0.6901995968791559
0.06854114513243958
0.29900139874146214
0.8565230646316158
0.07107058669128108
0.005165778919002051
0.46659020101665805
0.937186824387995
0.10908261354525406
0.07688542204535276
0.6688157340109213
0.10489690206499724
0.20401561420015102
0.4921318448853029
0.47379224071459936
0.9372514655767568
0.7559677748952465
0.3219070058090656
0.3096025401291338
0.08172830987234292
0.5799405157969133
0.936785506455619
0.09689264692358779
0.18925883978692015
0.2974258868168378
0.71480871602065
0.28629895414750317
0.723449139581507
0.3421087442885167
0.6000490160779748
0.5907683275976172
0.7234449358771973
0.6624530141683311
0.15579592916749507
0.5073126402569819
0.16013391077637684
0.8360447694057174
0.11831501851954651
0.9595426673025917
0.5348999436095858
0.6211596716289738
0.5588111271181133
0.056778095846231835
0.6981178563570327
0.7036488059344121
0.1496573125716849
0.6732144602547439
0.65117106283116
0.7146099678657329
0.5190684832724177
0.5217952467665143
0.6603334093027546
0.49090660772147565
0.13873877240983035
0.4312453622182657
0.21125123579006466
0.06668286767392573
0.8416047852709001
0.20426032838009522
0.9612723399207534
0.03573304183389281
0.6876041036289453
0.10159120117889753
0.8675867294528814
0.40894899831936327
0.6529374546306714
0.3403200375211908
0.1552548192307346
0.6733223010511131
0.8638424091039096
0.99336874858397
0.37014383512574334
0.07295724850337049
0.08594975139120709
0.6429772840547758
0.9514610259161389
0.5877417894025845
0.5312692794087113
0.018580470617089118
0.08408783228213057
0.3492116966194889
0.7455343949015409
0.0054875025417864265
0.6854162634551098
0.4396574992586806
0.4791706319929534
0.8156510773736441
0.7201970121264218
0.2553070123302994
0.3177348755392919
0.8926212486852116
0.029518610872438567
0.9073791070804569
0.06277474958909535
0.8412810574247942
0.8197741323019061
0.9394546949312506
0.02765527078734409
0.5297685860068715
0.9458371423495673
0.49102191260845496
0.15524056970077615
0.7127962557982168
0.80787097999466
0.5053328035744789
0.8461203276131215
0.7083128458051808
0.8636524314309768
0.5233684933478777
0.23606201001418725
0.6319380473648681
0.29578349844235197
0.8664881577422099
0.34050520626268876
0.31376165694043
0.20218621276818616
0.4222777280671435
0.12497444617621412
0.022650505713398106
0.9802607632221403
0.16278838454886224
0.0022459040291955557
0.13060213205945725
0.3179448531807796
0.023104112704926294
0.00014890134759615314
0.3102433586627309
0.28254157276347724
0.7296347647202595
0.19729349710656963
0.2634101705461216
0.4171601949232919
0.08440189853275637
0.8559787659409122
0.22677064102341626
0.9272504293692143
0.5736768154740264
0.1825380673325201
0.04504823534335234
0.6803709851923019
0.664372305002644
0.8482278499678984
0.42564132068885185
0.831582089160197
0.6436234713183968
0.25669910544989194
0.910057614899592
0.27477752439000236
0.5166011391935332
0.06259027836160702
0.07276667233196266
0.9960528938704163
0.5773747143823456
0.22066935333454074
0.9002992830426695
0.18266380528508352
0.7835517242450496
0.8090847130202814
0.8110715508514548
0.7363856302735263
0.9908750554910513
0.05113794113603465
0.9559415982834711
0.20362928846768957
0.0025149434236184653
0.00019982993396561177
0.28174497004962507
0.8917624784344018
0.7007287787435472
0.266490702702457
0.23165632598939867
0.917342625493492
0.7329422025349661
0.6360261077940337
0.5579590128924241
0.47500395302262
0.7428100441497338
0.09160116617982661
0.012476679044315153
0.012843783183741353
0.49201667172207664
0.22400648128049583
0.0017450789665827138
0.7169852794759419
0.3720029503436004
0.12269737738122144
0.6002254920336147
0.48097922719252306
0.02768452450759762
0.01648305469082434
0.14557510404441754
0.09093496079103325
0.16342451529601276
0.07154646002881737
0.2780403561151146
0.06204279896507048
0.001693962904209645
0.2805994619393892
0.3833705045594109
0.12160370481349614
0.2121566750096211
0.836230799154337
0.13038869864568325
0.12891589079825128
0.7660260562768038
0.9335779350170821
0.26855608781921125
0.03264937658914158
0.2296683289407213
0.30140745248472744
0.10300944501860188
0.15488539866900886
0.8938597077440438
0.03189526485561123
0.002517604577960464
0.8510564355190651
0.18784587731817615
0.00033286702711921023
0.08712840189188675
0.003700617929089045
0.6987777149624423
0.2583864292818552
0.021276925982879558
0.00023712662004560237
0.9753259665915055
0.3927656937905315
0.3172193490770483
0.06687698499025263
0.4206270992386232
0.4317059993058665
0.3303763058801801
0.017926826789033345
0.8221672559493665
0.9647997869192373
0.17126201258189822
0.02669777051480815
8.395590758891736e-05
0.005235738724558514
0.5403822713190585
0.6338151355702641
0.17316992528786712
0.9736353857665729
0.5517144902697912
0.6819755719530325
0.6836756679667273
0.4985255503193402
0.08578591479272846
0.03364904169135485
0.6432953623380211
0.27617954273312995
0.42967816425791217
0.04579967963343057
0.7799265496485797
0.12496837966104102
0.2605286007975063
0.17696579343385976
0.04858744839097695
0.2588640047915769
0.05832683809049555
0.047007422915294805
0.21315889831968304
0.48407045230376866
0.002802168575421593
0.34231290206959475
0.10931528226297993
0.30050117186383307
0.2902775116401002
0.9360067877024503
0.019777734326822616
0.5960604393272466
0.4976556883218879
0.008195799924634262
0.18079691615330518
0.1805998154133326
0.24787540000648756
0.22678938115526326
0.5676724643185154
0.3784962946780732
0.33582950873881945
0.3591238573083282
0.9627437081601564
0.1763947153920371
0.08064371499960643
0.01651411133571079
0.6522658069796847
0.019857164720033404
0.022236441222393655
0.2745216802464767
0.0023535107027532476
0.043848769204110516
0.09703818475734938
0.18218207259039154
0.2948286159323583
0.255257223035791
0.6708854663293156
0.01647455231893935
0.36633337092279694
0.27117384775333697
0.29482107558768167
0.4565234275106542
0.002576022344491724
0.25813371488889003
0.5438828316974667
0.12317514694438891
0.21160798400687675
0.18809147327282405
0.17772529063298448
0.528140750277974
0.15326905265899682
0.465505742718745
0.014998038188202223
0.8300866892561967
0.045918833790501434
0.92352179725559
0.0029211327158469302
0.1258817234498133
0.03458270645132755
0.14480349636796963
0.046609117039260184
0.06202986043193959
0.8707788279461937
0.23327651007672134
0.33261588118149255
0.0022316214797830636
0.3165060445030776
0.4006036158913795
0.13273780783395717
0.004331400464306023
0.04470780428567056
0.5734144478828505
0.8572920220668543
0.038784439370004975
0.2793038378388779
0.01249434622142287
0.0781449749927352
0.04962225190545144
0.7393466413106564
0.003211885064681619
0.04203324841916545
0.005332859509283416
0.014344809904377476
0.10012927856804765
0.021909129872196953
0.22499099745678386
0.019591896709670875
0.7612838482842696
0.8655296857391799
0.1339737215976049
0.05217594291599981
0.8877024698749356
0.2959743582597023
0.008307349309067513
0.6543345253793293
0.013503946030007041
0.2595944831464414
0.0541945184950674
0.004016556584651498
0.2212581794632693
0.043584150320499004
0.8138982317219619
0.3089426475301562
0.44287996804295426
0.0011601752483947347
0.11659681687545387
0.36285061776448013
0.9361351028813387
0.5646783861769353
0.037953713038963555
0.009837909315201454
0.21964289156813122
0.008968106475380377
0.008302781905626277
0.3292896637640865
0.8825450686173923
0.13924567580725133
0.745383892840624
0.14329288008454188
0.16946872733840546
0.6162598935759065
0.09239172020580999
0.0012482945044187677
0.032914257251975165
0.07144790601839679
0.6496735648936736
0.16533838329076112
0.04004202761719555
0.0487267041460564
0.05020274456841234
0.23895154377189498
0.05726158515833202
0.49618237496806494
0.11785602495418157
0.28988012175589595
0.0733914486767464
0.010942281795365716
0.2079176137057055
0.24456902084004728
0.7853066551063781
0.19707469362379948
0.00024723563011175287
0.10620224919272059
0.024230087779276932
0.20647449231099047
0.12404296521464908
0.45589714343645804
0.4265400557266448
0.2166713501579165
0.016390609510900545
0.17076019308831336
7.327211511110043e-05
0.5595744771234907
0.41696150201664484
0.7201835668738843
0.030198926049732844
0.1300771776193348
0.7336052100330956
0.2281259426826705
0.04915374783387816
0.07536980276576632
0.14367758926641905
0.28425001264683303
0.9547371089722132
0.11922035421190347
0.1550486560477271
0.009113745405788354
0.0017888625158073435
0.05779010720295852
0.43473623516502924
0.06144691666100943
0.3159589581011195
0.5134103592949373
0.5068410869944278
0.011963750504821125
0.7860101582077939
0.01660684023886594
0.002147894135093198
0.29252954626259076
0.7513602302979332
0.3883613006684481
0.1629311474823707
0.4198935926600773
0.001300076083124102
0.4431279200283518
0.045641296440931844
0.6343893340313396
0.02904475184464972
0.00644133488267018
0.9540071211891863
0.004210041920229557
0.3315695978454918
0.5703822640818594
0.03963554857785456
0.9633163381946279
0.705392823199712
0.023621048984034942
0.0077308080135058965
0.0828239216495319
0.26554723542418657
0.20854151346794025
0.2947427143970458
0.35253502016626714
0.394198273944522
0.1845523131838125
0.5906250295247939
0.03012744440913595
0.07500505803228052
0.7973051045080397
0.00019367285256288724
0.0034569201647181025
0.6994011203390795
0.03530606886299936
0.053528222834137384
0.07509265938403775
0.06996506844352113
0.1601046371791055
0.0008627353729873111
0.4646372793867186
0.2153193982578938
0.2745006912939454
0.2997118064875852
0.4579356540363908
0.11672981306424646
0.41560913444432557
0.8989955054663326
0.038380630817770545
0.023818419624005438
0.47844169241598244
0.7999540856995839
0.841311656962521
0.22901350497032347
0.7952860446194716
0.025054978916128512
0.0356973658471158
0.5293625917571796
0.8786273818247146
0.8925836573377346
0.43568570303099663
0.029362734196428653
0.522458407188092
0.6192943748514335
0.6040835218746885
0.23548045341993173
0.9097152673383588
0.22475603733129024
0.022009118456691512
0.20662120212399726
0.43067768451239896
0.024721929992680414
0.9970568786347087
0.374686350592462
0.47695672525715826
0.7506907789843729
0.23607055856933679
0.7438675176177854
0.7067683245492336
0.039659009367391196
0.13086665421390942
0.9340532678288826
0.30421332690159275
0.9784782219203061
0.4620483865553089
0.440630341151917
0.3750265835204736
0.112529111444015
0.1652348693134129
0.2752883738665406
0.32794488295140534
0.14733878979530957
0.3815749345113255
0.9143745377834471
0.25562361122147337
0.27050958597909114
0.9788151262638614
0.8907876151655396
0.08055816004369598
0.024409083670571485
0.20924058345585772
0.9949142854256583
0.35714924558997385
0.15668611616466666
0.22583435300112598
0.1328381433383563
0.38087126212430533
0.6910985981849518
0.8425846888069743
0.53912036097247
0.800301083480593
0.06178134124685286
0.3157373962173271
0.900478537874946
0.9699581931557795
0.6336500632222037
0.04380879762946366
0.8525383796254773
0.6572775428392235
0.4578136453098658
0.9212221116408106
0.5566498428004132
0.69526801996599
0.08908575308975752
0.8818994061126864
0.018786397285785128
0.00018556053064866518
0.0057456616090934
0.6448500928086105
0.4966404422967037
0.26724315875875515
0.016750269565296794
0.2929605087635898
0.07489206444888485
0.8409075728938973
0.6823282517053393
0.17047410455633294
0.3222385555738372
0.9854022302348981
0.06108766986025116
0.2172378591965034
0.6968381972705942
0.011073314712444438
0.023221457674436286
0.9839780909499887
0.567182420657234
0.3041516209525701
0.925177260074735
0.8824460006826209
0.02070143751262865
0.9246715948671367
0.4648208979212052
0.7790920622142894
0.677567715456231
0.3823301074727725
0.10189430049948722
0.053691367117456146
0.47644025945514246
0.6575812577820397
0.7620438641114975
0.09442157537007612
0.5352515602826946
0.6460619901733673
0.2227759223490562
0.0013254382963330258
0.5765761355275747
0.3999832887000019
0.6233869481583463
0.16728159133466658
0.4555705132589385
0.7212358327089605
0.20244375172698614
0.391885876054902
0.9269695518630983
0.48341907317001276
0.2680376175904433
0.0896022615482508
0.011812976553182253
0.3583785902803709
0.16748269269338545
0.48703838590997206
0.33817494782021074
0.9297742783078897
0.46944360175344846
0.14799194878512623
0.624492277088182
0.93685091900203
0.09583702007000916
0.8901176605420948
0.511977898205874
0.38728707341497803
0.16046093813218865
0.7939943805284502
0.7757109745050315
0.27038662609473274
0.7964404997034231
0.9185754659669227
0.42791421059901813
0.010757234692869488
0.2522637110113526
0.18478234776881775
0.8853610535211869
0.4709595909781845
0.13496612457120327
0.2703243374115152
0.016417050310235215
0.25265170660060976
0.9362952236043585
0.3977231840411646
0.0321722727370124
0.7791197330379478
0.1623125979632063
0.4695913349067018
0.8685665119297883
0.5838378782271252
0.31598255499070405
0.004745745032165516
0.1397102070914129
0.7011405290050985
0.034783289688253616
0.7357150592346537
0.49770270645134973
0.43265681243375864
0.7245364776077816
0.7179765254685537
0.7903553453674768
0.0027519469831998045
0.9357432782011481
0.36009863789525864
0.24019997336638266
0.045058179113769414
0.836172139719144
0.732438858764267
0.31401220650342276
0.3008659385275805
0.4909179527023746
0.6350491664138083
0.31851448071395394
0.20320629142333457
0.2724306423117169
0.43244393698683514
0.0068581640181601955
0.29696955988510876
0.07583381573840464
0.4223170952452886
0.7569241300706033
0.2054889147326544
0.0765754075302989
0.8485773043233384
0.47615145867177455
0.45800326369330646
0.008579828027619918
0.1859920473021277
0.10191739519111431
0.4723695068157139
0.8765792991116947
0.5842784387331237
0.14833342977149888
0.05701743382633162
0.18341410614850728
0.44209262843420793
0.032111520202221966
0.8139328009408429
0.408547269169949
0.429176103681147
0.2248240023467094
0.8774347745529825
0.055076564407015915
0.5276859330531583
0.06156339407496603
0.26284375603716637
0.006147449237065894
0.3878560923587133
0.3553650897851086
0.6411961222189753
0.62109319098347
0.5559819068112788
0.20041420633841645
0.7022785855636744
0.35247347091433046
0.8941564654610863
0.06465324908783665
0.0646143521537017
0.6156075685498872
0.822227941767943
0.515831616331806
0.7807105566691812
0.5191412709599936
0.6306870920619119
0.31851043304107485
0.9055920133608357
0.7611643432760697
0.5240864773156257
0.6379220088845774
0.978908214704219
0.34432195504255825
0.5726481767259393
0.03725486174354398
0.3187849725307299
0.9869904470646442
0.9354528276605121
0.34219305727566796
0.13911865180478777
0.8081674661180243
0.005528573241855739
0.45018809621095013
0.9453203186382833
0.2530117550362436
0.023091726050790795
0.3117477806898703
0.3792976381737092
0.5430058582897366
0.40019670914160965
0.2288557191598688
0.830940508819942
0.8687595645111592
0.18848902918577237
0.22247031438890685
0.9147517046406815
0.05299424314881307
0.2752116466438903
0.7318953843606433
0.39703767808460677
0.07272562172493235
0.00679850991182418
0.4717235918180558
0.25119232006694325
0.7473287468327736
0.006272744853664358
0.2704489662968199
0.13315095776631436
0.6517812043866682
0.2601016595241117
0.28035649644631055
0.22649869042203585
0.5305339502088708
0.4198844703172213
0.1744243971818813
0.19386985110202204
0.24287732812510265
0.4063254652975061
0.5829621624831531
0.06682752825190152
0.5185762398603375
0.688485448883374
0.7240969613507202
0.4619955357355925
0.7867109497217086
0.6173476176594739
0.5991529783115082
0.12692816763995274
0.49100703068304274
0.10230520938328924
0.45065305485638407
0.8963961668991665
0.6875618536658124
0.0209831684964501
0.23485240834661303
0.4253524793659067
0.0443099299560914
0.6426361529685518
0.5940041218515615
0.2528304612770669
0.4807320781342903
0.4299602653086416
0.7040479618999378
0.20809794315345287
0.9968265884354668
0.46279352294027554
0.09138265876640417
0.021428255330885992
0.7513779550812207
0.7662142863549388
0.9585062604770778
0.5909825386966032
0.6805103098451033
0.7965256521552295
0.9713613594779344
0.1504223211693032
0.8393739253376027
0.2861834497301037
0.15675786203515352
0.7997794497327289
0.49258462661188007
0.6857115078135403
0.565515514874771
0.44100810681911473
0.19089450713308365
0.2512842473482708
0.8850962563000242
0.2620148033429923
0.9525844899378633
0.7004596025815566
0.9604431381081213
0.1105420043287948
0.8815277232275456
0.195623519986587
0.3878855278710738
0.7642562640029209
0.1862573966374601
0.01632554422029764
0.19958716473330185
0.13828997007275534
0.827066426079001
0.7220219526404141
0.25352483955181193
0.0215672981862689
0.594170115954094
0.7155804186756207
0.819371344596524
0.7464878882447235
0.717241128495107
0.12249868057870117
0.14391849143194557
0.09630131085376803
0.48640461736664564
0.19615803993045677
0.8275931482408814
0.5239425747254125
0.09411655141147302
0.3095330793120801
0.6080980052496192
0.5733608258039662
0.21432997790578434
0.6991722113788492
0.8978211188945455
0.5173991279036994
0.4942906749199245
0.8748259373804141
0.759831404454081
0.1505705330034468
0.8262795140126389
0.43320765528847116
0.7321540878832513
0.49109484597508657
0.6790417591250111
0.28567361609316966
0.3397508731699326
0.6827897046047906
0.9225220350386092
0.30252671469080683
0.9721918460706156
0.09973308732254482
0.44835993339111924
0.8334161519833521
0.8783051300532092
0.6739980339915848
0.20328436147943862
0.7142799282014933
0.10438056506438831
0.6103205634421756
0.1405906251004394
0.7453606507017057
0.9613576435820055
0.8655476609382813
0.8041247258545354
0.9103618889421674
0.44852206485291446
0.11622010217614376
0.08361816184512416
0.2391608875018303
0.4760908246111164
0.06834546555094612
0.08552727445969222
0.31559306904852535
0.1736685303484824
0.4143863088389321
0.5394205506002767
0.26474982197933694
0.5241875619723206
0.13873259689270778
0.16931447677890343
0.8345852215441769
0.054780545428081195
0.4398250908515662
0.45255783990725984
0.7547712393347936
0.8633364494492506
0.25858820103726554
0.3889604560511968
0.910520044707203
0.3765184823900698
0.80137712513764
0.11948435330180351
0.01855833135903695
0.7809376862389432
0.5279761783276462
0.08430331941326741
0.8261475478510616
0.3290282599086898
0.9633571905641454
0.7774680633981168
0.5863705747947012
0.07781441999074556
0.6310938999642939
0.9169242896362706
0.587507251310645
0.6873295634309806
0.04446502313066025
0.3949335654899979
0.8210598903969772
0.179372509377429
0.5605231653954625
0.03443033140142693
0.9314725803893524
0.4054488447556579
0.7602804150902978
0.1352941532027574
0.5504897681634973
0.6652400293684486
0.3073661915460326
0.5474862835336234
0.15079603654995855
0.5785077227252375
0.13784926081643212
0.2702503726064822
0.8815229384095997
0.6235651010237091
0.6840270643650483
0.014491240998986576
0.8436047399236328
0.7826056591010626
0.35223415987196094
0.9790562115438901
0.29482606935634315
0.441109605457668
0.4504262351754238
0.13637064688654532
0.5575066485359921
0.8363226633645469
0.7331043657196452
0.44986493827632135
0.6833159933885626
0.48152191925215315
0.27118511404575285
0.2267003672290604
0.48837131052268745
0.6659007962157757
0.005234480198021307
0.4195949716452052
0.6636609257798283
0.16135602639770008
0.646423583347572
0.3735739542781624
0.9723967592585312
0.6700520546179662
0.37276397840872266
0.056494025303341466
0.6181644035471723
0.6268770049912029
0.7637121568744341
0.3635513189533153
0.6901883621286236
0.2157302461458015
0.9448572843271168
0.397199553305442
0.7753109713676363
0.6811172622803481
0.9310660934764508
0.13705106523154242
0.17177375658485738
0.35204273654094886
0.6724563996971442
0.8677275509608231
0.04116413844944655
0.867207673130989
0.07198179104101032
0.7530739481487057
0.368696764931419
0.8997974387587884
0.023029184385866763
0.46873030967394014
0.9708216217004162
0.41573717112819164
0.39489910264427674
0.10282887936670027
0.9133201884352995
0.30789532739547476
0.8265687746903865
0.2673456081339345
0.6766959533821026
0.976627272146988
0.3946352003720608
0.9818920764666723
0.05992951867644347
0.7095428368634165
0.9001358099522676
0.7286325813080747
0.12999970331123056
0.4317457663817712
0.5995438777158568
0.15772178154980754
0.029117714470897615
0.0024386389430699484
0.09352292146088259
0.4675741140186602
0.2924236297452554
0.2509287597100265
0.7411887284063852
0.8270918494319521
0.622261145488956
0.5369309128917035
0.8885622965293087
0.5615627239726646
0.6656236206246884
0.7094889909578659
0.9796216587006128
0.3451373007795704
0.09309329209390027
0.2755936994443282
0.06008938663711838
0.28569777889876624
0.4085675806646738
0.3357449263596104
0.9222145082272624
0.34709847070199995
0.6622713513904044
0.32788020942545204
0.24856400466035256
0.8887098359735535
0.43121775851347044
0.5625606471317601
0.28366461527070186
0.36318920566255253
0.6778898724672939
0.9838218840620154
0.16868670625175675
0.13299496475323513
0.1300682096793957
0.46297677855319175
0.8629437896656329
0.021502970377695885
0.14918007281707024
0.004387869663543542
0.26513470291322516
0.4473343000497323
0.997402347168485
0.7987270836401663
0.008581577747051927
0.4387760408148238
0.499286229797391
0.8003194882167937
0.9308847299520429
0.020683405890536077
0.620617521733601
0.12544924653983536
0.33703622477665474
0.5087693851845461
0.6239026757835391
0.006221939047797109
0.25596221066417746
0.03491375288065446
0.7258035816946999
0.7952332534724045
0.6248747623234745
0.5545227021001746
0.06912897057147882
0.16343714834219192
0.7057877514347601
0.4444249218981533
0.1087341034808258
0.19519747952027822
0.468071063363765
0.02392718305306385
0.168761921353201
0.3735666270702842
0.06567994018825685
0.8052804866081567
0.1900212224461011
0.13877078108201957
0.22593498664692557
0.2917257625968608
0.6307483066311024
0.7614797480634956
0.10075397589359425
0.03111510149297425
0.6231425782501354
0.17579538425455876
0.0540627541731018
0.023816207071564177
0.128168977627646
0.6650519886383008
0.11456203301081747
0.669439399761965
0.7704016551858424
0.5462826239877605
0.2668938317907117
0.004774125428092635
0.15738350895829578
0.08505536364185762
0.6691519957615548
0.21907180967268336
0.22154639061366255
0.6448267956296965
0.4879737682061911
0.38245649291777006
0.1769883295957264
0.056100650631175863
0.7018694441384301
0.33969237861445634
0.5669479600136906
0.9323684438006059
0.8438428032827017
0.6629241212180266
0.11053523440669055
0.5171681875184597
0.44732174731110064
0.18175131273195744
0.13805435926642406
0.23804740745183972
0.40694768778752133
0.1339783699159114
0.2927285211931743
0.0867081125240956
0.5391239584972571
0.5451486844448088
0.7973819057907834
0.31259769004373594
0.20544689153519924
0.8386970614608058
0.8334450028617821
0.7193866137404701
0.21457286710209877
0.007216932506590945
0.8520937392799361
0.03192510254546055
0.0446305746437583
0.01938031995682854
0.5023681983891604
0.9158709167553998
0.9615445367846354
0.19196062396775027
0.006587682217265023
0.05978072225839659
0.9531168705966822
0.30298112598429716
0.2355349864883125
0.5783164155446858
0.6652700169556081
0.09162133727562383
0.15218590640034368
0.16171113360011935
0.04183698370074174
0.1423308070424958
0.9238995390167559
0.1812516705900129
0.012899195776994166
0.004508428944987042
0.15629518484746985
0.48859071052819836
0.55205487968581
0.6272450903768243
0.08636470868448498
0.6760565445195543
0.09491584224766036
0.25428034932711285
0.07336833830200007
0.6055130702950149
0.10252057543064397
0.7741060706169098
0.9197176845700421
0.678909897734493
0.4920908764458578
0.6000337603083858
0.41629371951057137
0.13951340686118785
0.3966021170498273
0.12110757095239588
0.10762510779852352
0.138415183013203
0.3556621994556428
0.8815938410536277
0.08349691983168817
0.6085633847710956
0.7660674389231199
0.8772520241081454
0.133183768192646
0.4208486201220816
0.22166088659781202
0.006327734952331632
0.5082284499861063
0.27658285094415413
0.02220089286550464
0.802185709613433
0.26171013195529724
0.6164460107314986
0.6423722049336313
0.46179579472624166
0.6224006355402734
0.04515810878212889
0.9125039006171087
0.9744487244771252
0.4282466011737822
0.03415507582830535
0.16849661172951325
0.633607272036286
0.29839097956061966
0.08400503622650035
0.11276122044150116
0.473641189553075
0.23508505954656433
0.6167610148988643
0.007077806242986151
0.2588634513369401
0.9852950740696396
0.2478943568217904
0.02796095589801073
0.9109906743081047
0.7419878666834017
0.559245894597894
0.3168894773068731
0.9753808655693759
0.1699332588546274
0.6427625018052667
0.33171763428280165
0.06881343217834202
0.7054904410957543
0.9311239672112726
0.36955348213967065
0.28471627770450736
0.06633759178272602
0.5413700394917258
0.03900810368466745
0.3588168372569145
0.16859250351956234
0.024243282788232845
0.06932832533495481
0.3377765074160952
0.016821972182747835
0.009229598829709973
0.5836838841496306
0.009775042466629191
0.0075338925089663
0.28005104154474436
0.07290191218270681
0.002653318106542235
0.26106605416128437
0.4306039534934021
0.2323321914984815
0.16767189617786205
0.5264665469861907
0.9080834630008974
0.8678102914897341
0.22606528258426462
0.19181163209506535
0.8673967054957898
0.009572901081858598
0.1258697838795093
0.042368763988972935
0.4745614376082006
0.08294819589613445
0.4708625672242568
0.01658363739168145
0.6177733264942891
0.29887385795867294
0.4027381661376128
0.07212226425381818
0.8140635957902083
0.8912686561947254
0.5900206069764184
0.2640848365297166
0.4105872213238062
0.26221390780364073
0.8058717497023866
0.25785897299578675
0.5539656899268279
0.20137117933277704
0.4638270294363078
0.19036452404303117
0.5344435948366728
0.32386394049728207
0.07292337649485692
0.14201560966251403
0.5483547582629682
0.5128034136150577
0.7010812573458696
0.7532450883953561
0.030208499148964618
0.11447243196289314
0.028595189174158264
0.1011408837682568
0.9272953084246678
0.6791913965874916
0.19737138495369821
0.19378846984605858
0.09954715300079675
0.5205700615050803
0.07639475327934186
0.6763323605976208
0.9127017478842965
0.4152761366379676
0.539239771380847
0.27817042248314094
0.30771436293948784
0.3291434592137916
0.27694435874798895
0.004431599886014714
0.7410331514378101
0.2805192236743299
0.894077313484813
0.15137083136906027
0.2187743692153412
0.22396897372694236
0.17502757254051415
0.040524434469454196
0.8874339537628224
0.42188383517146
0.2100752019843446
0.2577789879384831
0.34469035604306786
0.7920921093076596
0.03721899765351955
0.06894175237333733
0.9449263459888406
0.3050170641941161
0.2476666568408863
0.3997228265838957
0.011262700128566117
0.48873974757945904
0.6146024630755074
0.07752572530231028
0.32126487199611997
0.006693137303139363
0.11333248043160626
0.42873094739535933
0.3624889459692684
0.974443872396318
0.3343971489442512
0.5286493855827381
0.006548378489351858
0.9914607859659754
0.6718037862390887
0.009893348756837339
0.46248586752561094
0.4391762295495214
0.4407468965839594
0.8354798168471123
0.300791214787969
0.06610465120383946
0.07736098503074129
0.41424303483124203
0.5422489169564604
0.9582094780479693
0.19175850591677124
0.014172014423542878
0.4794062313628922
0.1160139509769329
0.44778777795722124
0.10981353962993423
0.37472345646022376
0.16767149525403946
0.6917468609645903
0.5619155592898348
0.21948087426438634
0.011053364158767343
0.1327259096116098
0.4346546525587329
0.03568009819625795
0.241389202042114
0.03768432450197068
0.6487520962319282
0.11388367738323524
0.3966733687327455
0.31827434203490035
0.011667384918242929
0.6459778316471034
0.19790980868314723
0.3013790282423505
0.8681119007833089
0.4111827609031009
0.050817011743321316
0.13946125718677638
0.7047887844135192
0.1470328552490734
0.05780991296476423
0.6946516605160487
0.7041568140321861
0.6050978074144613
0.8455200158872218
0.4613092273447372
0.011589267874429598
0.5970557569058852
0.5132607537884804
0.4793680535681415
0.836734775024401
0.011191542996948467
0.002921262577868955
0.08620098135704524
0.7470786696514797
0.41031107144191603
0.008351836740364993
0.45213753145260505
0.263365965144188
0.7112632662970246
0.4154907958619851
0.23914176195207326
0.04495388266186651
0.33951071537440924
0.40128262286401983
0.0004912958663838563
0.5300022969127487
0.060944312295541314
0.06030816177798615
0.7076116552990683
0.22192812273847773
0.5081436215825845
0.2051069596377897
0.21669676464437204
0.0019560454950560136
0.5310360692261935
0.4965086435265682
0.5282677119245576
0.6225418442766397
0.7810295945445971
0.9160176452180213
0.6956841710332329
0.49151379544311835
0.06591213022546727
0.6475097104275749
0.8495440694972163
0.5076717763067231
0.17717820427407838
0.5809450482340228
0.7080295740050309
0.7188046898473821
0.7245305074778301
0.24860361478558457
0.10851589951698948
0.7900079869415773
0.04605029123215254
0.8391813008675859
0.6243779228671649
0.9252383047849135
0.7476139029970754
0.8110991035710693
0.7975580263604141
0.016596525978861187
0.2716319215711436
0.6868351683861551
0.29714662154295146
0.9472836320018057
0.09298668249861164
0.5196716289207008
0.3747745708495045
0.0519794598942811
0.298964237505259
0.2967427172379278
0.002853602885261708
0.5482084450801834
0.6077242693011462
0.4597145545185748
0.957054828400483
0.255474228452208
0.8909295368146299
0.14186880320259387
0.2717580710990699
0.5984403100730875
0.25705498456050635
0.9278976688409382
0.0700939507672802
0.03625997380714008
0.0008899853134978208
0.5110646861611412
0.7611214538305495
0.1217771683654385
0.7507345920880475
0.0329675195513619
0.12508497046967548
0.927056909799995
0.18088901498171417
0.6337305002064204
0.13409544735472378
0.9109666758806059
0.23007094739534684
0.0037919436754736413
0.7138699343593182
0.5946091008490497
0.057575731627967475
0.4579476765105994
0.9117860347745788
0.6383541220127935
0.5892031564821438
0.27183742421902
0.6431030434293596
0.9202240147569618
0.7820125024277136
0.933510511645359
0.34601805580402223
0.38702375546366663
0.009967638660705491
0.14942369470929062
0.0647487716415891
0.2801367693684713
0.3770335072064217
0.5950520979272418
0.2580923407152711
0.49242812450618345
0.06297448274649708
0.11096024277410255
0.5049419638144492
0.5084768309920877
0.0040286130016544686
0.2587075425356691
0.794966859484177
0.07552824510511003
0.9960346264623428
0.8908660633050145
0.7582618494127964
0.6207459899153669
0.8905466311410588
0.07539960408956192
0.6376636179855142
0.5084580146664135
0.7952061712671408
0.006497763545967095
0.18599706518213077
0.0034884444122171843
0.08524112846009246
0.9086075789064898
0.32543009516955124
0.38739923411789956
0.6766007446080855
0.8849555932455624
0.45679125411768196
0.11737826248084149
0.27294116419793024
0.8891626255418168
0.1661282303804339
0.313078673245597
0.29267159774464746
0.02783009475227871
0.0822681303458257
0.2842877524168914
0.022159533694919853
0.06995249120391933
0.9264035665835884
0.5841709334573295
0.7979553702828981
0.1049707822710717
0.7702083583881902
0.19290757876569975
0.1205842987876764
0.27293028212183756
0.9760162642130068
0.9745106560707524
0.851881027725617
0.3421484397735899
0.010069746164121263
0.0006929244837829973
0.5435343417097724
0.32088848708808926
0.268545026889059
0.7819335176474675
0.5953975463871277
0.7820337682732679
0.6623366274025169
0.9566071786786325
0.5065345320866774
0.6905265069317001
0.7619158290972095
0.10261981881799498
0.41716177242484864
0.8665822910710761
0.000384142330363213
0.6241855374033263
0.2236428902709311
0.4260499883078164
0.2129115483712607
0.6204849725711665
0.07066334084281856
0.9118229401334921
0.010090623681750177
0.006473209203688768
0.5829219724525592
0.8041014723487381
0.043099186363176
0.295331204694262
0.49912730528439875
0.23166013769659966
0.8161854181126733
0.3329890296189455
0.10337612260420848
0.5052760766298219
0.05749918593971581
0.2178718521579821
0.659903846444446
0.17135263430813596
0.7791821920989899
0.06715618343335072
0.007690037019753682
0.00546861649040542
0.4069642938814588
0.9920246624446019
0.5944588633086678
0.1926924768745546
0.884543589710163
0.7522665329493234
0.5926461368998761
0.8845413412883476
0.25494294959562014
0.18984438577218832
0.18540048213743043
0.940664035240026
0.06895624751258245
0.6929614701853102
0.3098910674454429
0.31420681585246446
0.16616126321846614
0.26390512041974423
0.5460155408317631
0.7884308522866439
0.5531712627797014
0.22722667221262394
0.0053366520629678504
0.03512591951848676
0.1233916472532377
0.27710987628285944
0.26803044342702176
0.015620966114333168
0.6619343632106092
0.4080504124942044
0.9090288180181549
0.5399995467329364
0.042786698252197386
0.4492100080056276
0.5038579126273408
0.5405214338829396
0.7815672434340419
0.8635444602015772
0.09398584758638417
0.724809070496282
0.20184677813055063
0.5055519008826221
0.02975774434715417
0.3223211271309123
0.9413566172875889
0.162808767229901
0.28239339450690637
0.6571936407636825
0.7866911785149049
0.162870756625076
0.4906334614818426
0.31991026712008663
0.00031717328481994933
0.8157492101715118
0.22022441987966568
0.8557235827858891
0.006423507508023896
0.0336315787056094
0.96397521131358
0.9786663861931719
0.055492069404542876
0.026985709978653905
0.6675022650712055
0.17695070495741883
0.7275017189044493
0.03935874903467562
0.5363515973154358
0.24441401894121784
0.5466940869590651
0.8728422986989295
0.09390053459293402
0.8501358451184249
0.21838086538100354
0.23073451499883957
0.4775533505975691
0.6702877667171643
0.8885713213888773
0.02819182830202127
0.31029934566932793
0.0008252933398120721
0.6261775945581591
0.6226591085613031
0.08228846928662881
0.07648455011557442
0.10432650177536407
0.5211786946748953
0.1326625242535795
0.5637023459838333
0.27299009560370635
0.076727776320753
0.1476815084386438
0.3544348493222984
0.6957589067647589
0.5888479538078402
0.3520379335248045
0.573158400930184
0.053714597996764146
0.12208805010912815
9.416239384063552e-05
0.04232985731013139
0.6557123924711006
0.960240269362707
0.376001417927295
0.6280725969789802
0.16880287373618796
0.015154955168795281
0.11576256909258409
0.9037818576393526
0.22784090191379525
0.16927926588316233
0.8792075298024051
0.12085757439335154
0.9684930086442431
0.5232325256215877
0.2100745342886181
0.25724286096464044
0.8076330670334351
0.5857070692729567
0.8022292628327214
0.4322265080055683
0.7496935915923228
0.09322655132454294
0.08680695769055125
0.23022686076122634
0.27616881195662235
0.03647851010443315
0.9457798254521379
0.5379323829821752
0.05613237254104475
0.12885966600985288
0.6147781196031388
0.13359790484212097
0.5371566959561593
0.0912309491819927
0.8847561659494401
0.7527635878211654
0.0906587909817036
0.28252503687845776
0.6982745720445558
0.7456394906023172
0.22072151753265334
0.5541193647913001
0.19510248401897634
0.4172749958406101
0.09309768489952797
0.28221153557485845
0.04847238634592199
0.08129539153073662
0.11282742142684343
0.7512400320326003
0.05296599519857237
0.21736971616361211
0.9202931808827128
0.8568934168972939
0.7396611027817868
0.3118285609360718
0.6010816532176906
0.2433498108932639
0.30078267922075463
0.7944684608603239
0.998642030180763
0.6352709820703772
0.5654536113400286
0.1864797591162337
0.848422253393396
0.9234030791341594
0.27800172092802833
0.8135692072557603
0.7586621276699863
0.023144941414981357
0.4666819886418876
0.46339028704939156
0.7132271687474745
0.40856102750765055
0.995390908516663
0.014032551056162301
0.9408340814056364
0.7021877782138968
0.2083502249825253
0.10710991725693275
0.1603689596150386
0.017835329285836865
0.09631769848886873
0.785330703400446
0.8855853894161998
0.03985486818891859
0.8368097409831481
0.17680695929936419
0.8517562614165601
0.9167017613118462
0.27610309654378407
0.36041166380620426
0.7202563398456521
0.5194308274277821
0.23202829392572522
0.1684556444343175
0.20107145612114952
0.022453528440994353
0.5580778117187299
0.9694061893238701
0.0008990146282346068
0.8450100783871455
0.5782434008788306
0.4254943518469392
0.14998019669434548
0.9598072808834894
0.9267686900854013
0.005395511965438304
0.05461874411178247
0.5611979301983601
0.5459115227912181
0.5013058106459041
0.852564523526872
0.27203559027037505
0.35148681531865433
0.2247366698632094
0.027563305261183002
0.0064115709419145794
0.6447904172718939
0.4626355362715113
0.14190687863767049
0.0888941237883818
0.7199203856263754
0.6224316639186149
0.20331147118333792
0.6382908514888306
0.7747273286233447
0.4640157578564863
0.23986663378026396
0.6125221456359848
0.2792191780542965
0.6879367078711571
0.03065200672538171
0.3337765547148712
0.47503185869686027
0.854955844906319
0.0856211327158658
0.5744635955134292
0.5738629319281958
0.1503329898609409
0.10797779882292224
0.32123806525110465
0.2858642596522831
0.566930878156855
0.9482882316363994
0.44763498645411204
0.9711840489031451
0.1272885218658546
0.8965029477431408
0.9311710708951215
0.5469558803170358
0.022098737316687878
0.9125925635969985
0.1406949621854756
0.0027220617457086593
0.0640229235761709
0.525584061745372
0.4128130602419562
0.8103445676336425
0.4427993283580891
0.11298429996972592
0.6922798728216184
0.5639260012535741
0.9729244527821601
0.6629350474224753
0.3721410401451164
0.38252939637355654
0.2839805087964402
0.8618206322039101
0.004746301820343968
0.007011963739814497
0.47992610508359856
0.6666451937698881
0.8965428854220039
0.8346057184890627
0.18755833196855254
0.25420250052857973
0.6795086735790228
0.4353527158166397
0.5299049976804548
0.31072716716196824
0.5133289478163183
0.9643897041856935
0.9612633848366403
0.364335657516369
0.08638103729305091
0.47995457366636174
0.8885086091058951
0.0020819379210959
0.5407991766477922
0.39497222186619285
0.14730834836828022
0.1735116941129342
0.8541700895248492
0.2670710144842019
0.07910408252709122
0.04382539881251635
0.837213531410363
0.0023757619483890657
0.7680507264898857
0.06486584126272099
0.03970364588903874
0.24140136894277653
0.1300834041562806
0.8655946347179142
0.7485937459727574
0.013143106547049976
0.21895566442485137
0.042284208341016205
0.07011525895373616
0.9680750337086335
0.43438233924636727
0.00017267017622257796
0.10976169053103968
0.46082661223744315
0.8547254652105634
0.16692664248446487
0.3125019190027909
0.8998232728389606
0.23087771967600879
0.27752390029215634
0.0074985413897759035
0.2367044245530825
0.5221543207530208
0.02046505963876255
0.021629553839427773
0.17220236294878832
0.30909493952942824
0.054737199383032564
0.5459037120185131
0.6557064301588231
0.10576081373309343
0.7427051258477939
0.2754957698880318
0.10862738515597825
0.03106166384593312
0.886519150159043
0.01736264501125917
0.0992875454711748
0.5260319436261514
0.5871391273356867
0.2632847179163198
0.9216088836805456
0.5251356055051704
0.03770008651803236
0.006661906612132951
0.6364248537244428
0.9510309178093803
0.6984016520338814
0.003846258475342923
0.8840867274136275
0.11101616372978751
0.2994216837025725
0.01068904719409236
0.3897915065442281
0.6158459480723981
0.005862032399020833
0.33024242181457364
0.0012688031989787074
0.8540317791829448
0.23774244474034356
0.9690052544383221
0.5770786728902768
0.060427044097769
0.7391240705199562
0.4550131616681736
0.11894973027157274
0.2673320769193075
0.6523952081851747
0.5878099945605397
0.26380341134722674
0.4722158140322599
0.9751826717534466
0.8405711911600613
0.9292365919149077
0.8513117070380032
0.6653024316752365
0.09830657329509562
0.7504211850821945
0.11973945997552371
0.3134888210908935
0.22460788072510707
0.17374204607014088
0.4469261266522797
0.49909567915466213
0.2979249912225612
0.02445512557734908
0.4140354141174116
0.8437060242454872
0.44714155717954784
0.28025438825619275
0.4134564501777678
0.5336491317893017
0.21301703012999962
0.8074315936983061
0.47732042532824104
0.32205740281414563
0.1889556087703994
0.12093769709986724
0.07220699323861801
0.8207733684937537
0.010441758956351466
0.5135013154915655
0.22565018014150606
0.06348982332218522
0.20723270085572976
0.2959110236223874
0.6440203821750619
0.9523788377287328
0.75595805466603
0.745654470543744
0.7294915291812312
0.8651015085970322
0.8759572001906906
0.7447886727593769
0.0865433373268516
0.23498232983709366
0.7894710445240136
0.39453119558399985
0.26721743313309876
0.9751011121830575
0.7462031005858751
0.03867139552420795
0.051261794235533564
0.0002061440265836989
0.6083476247987061
0.19484462839933503
0.0009266602099284871
0.23264058061556625
0.18481088052905004
0.29131585275307614
0.7555615315498541
0.3596651086360949
0.4264670365209775
0.2404563632682013
0.5500247838952266
0.07281302218694163
0.31172457411515886
0.025996996468646394
0.04267165194894518
0.14828275907197463
0.004260608909956609
0.16550858130380242
0.8297996366875855
0.004898659637234459
0.47466090803268335
0.33368132063691647
0.9655795131215461
0.19211947797609508
0.9130545236486334
0.10368459300351174
0.12115033676587661
0.21744135362590233
0.04408249308262158
0.27168278569724036
0.023307061317906497
0.4355951556027087
0.002125376912698762
0.26407609259912546
0.4300056097480667
0.40958556316981065
0.04015455151077685
0.655067590138966
0.8518630725987066
0.2869418457816151
0.24185680234687013
0.30016536837737995
0.4414498145418251
0.10597306046549781
0.2982520502956141
0.9793675315245434
0.46458076052297015
0.18425332837720543
0.7198943511069593
0.6016003839446786
0.4239997580118544
0.4757529917236898
0.22291325606615997
0.00043444978592988015
0.9034086491091766
0.7712894297989732
0.806168601697036
0.1880919704053845
0.05878342077775689
0.44785089810296874
0.9025423150474774
0.07852044281200277
0.05797585982186715
0.05485559163956588
0.17860808522071148
0.7904615286010503
0.1983525141287168
0.4132305070200357
0.4618076344669384
0.9068562538553335
0.060229684428604324
0.9074191839368015
0.3635981111460973
0.032258660038889
0.12536625915367194
0.09419229618513203
0.3710611636736336
0.4774807945348425
0.32218714188073383
0.48881129045576066
0.2511207914826219
0.7762565304162385
0.187019258444461
0.8051385815606913
0.1553418192984395
0.6739156945204243
0.09103031284317531
0.3179087027088938
0.2958827019220771
0.46405502708033897
0.8553842388942305
0.046935439929572054
0.24779139229328795
0.36826969914630014
0.07440116237222649
0.2754082690576709
0.9073069610089328
0.07888459610244292
0.1297861868238912
0.8368638618793041
0.00014924593464549218
0.010489714947146345
0.04382478910149268
0.02839206475804179
0.14362024098096415
0.028980655079705153
0.1300427645978781
0.9401347406137119
0.02462320090461656
0.28327734249987957
0.4513514882155576
0.7874070717944153
0.7606843502435767
0.215037436047133
0.06254354986931165
0.4783361681302978
0.880852466197543
0.2636225328913535
0.9546119052867068
0.8318469664281645
0.08631684528324945
0.041861536038551916
0.5436284215245979
9.094571293299936e-05
0.942303061093497
0.3542520934175539
0.8370865226602904
0.6827670751063057
0.41752791230344655
0.4118638114329558
0.009578723915702358
0.748090485153917
0.05875409743168847
0.015060147765482146
0.7786044442323587
0.053168677206957504
0.27329938866663017
0.06583826192905984
0.3973212016344043
0.5747133277695782
0.9593576587821713
0.17392981100755867
0.3094055443986834
0.05837847246310157
0.05586584030094288
0.21618414148585074
0.0871496942441139
0.7629578034246847
0.4246416562234805
0.29366986179250576
0.4535334209087454
0.1601484119633767
0.45942647061146014
0.18694114488072033
0.6532120147076421
0.5923824282420231
0.9491799559336245
0.45762262661703224
0.09429201452093783
0.04508774831795059
0.26471729990185144
0.01336430082634954
0.008438286463629874
0.9124361404578747
0.43073207750145515
0.29349474717790125
0.5776925405941746
0.6091109705359719
0.8263139354602576
0.5115373255929154
0.3614160866913174
0.8369933918072194
0.8638548782079203
0.0015669279743961706
0.9139124272092167
0.21428109020350372
0.33147609178213955
0.20218788119814946
0.8368116537316503
0.615483162350992
0.07517983423331098
0.18694918717796583
0.5168954854592134
0.005111146698145053
0.12428780815122087
0.07332255669931786
0.02645889715854821
0.636869617418756
0.6235067465053166
0.18600041132992073
0.37132714344904727
0.15653224366689722
0.21287409323679984
0.4691396668719703
0.4711631457504004
0.267082268124045
0.9219327423857724
0.5109637168724368
0.13572979145259412
0.31530597479805644
0.7835859347169276
0.4026021031072382
0.23223508723600972
0.9864324034582765
0.7028553999468667
0.02352825135411285
0.15915089846123687
0.13966031461610395
0.06238522596296181
0.08659438740976677
0.787315389970751
0.9520456159203574
0.0062399419608785145
0.3633784247350529
0.3440911545884744
0.22395767572448655
0.49426171330915825
0.02107075563822325
0.007458668623247844
0.00019930109209576052
0.0012292904817645667
0.42386516623534143
0.7661369770697313
0.865133012201416
0.7964860932864823
0.08533072408538933
0.8679965191218391
0.5853428312450346
0.6755849282331037
0.04444156603155447
0.03583996212599416
0.15173374828217945
0.36047663315311973
0.3964161143824092
0.3005440688703156
0.3838286194656084
0.15107963530071822
0.28518747629685137
0.04517122907676718
0.014308214205772662
0.9885344491641603
0.07607289605500944
0.42822517793833637
0.3362829489698407
0.01799892526570024
0.0452672615916776
0.793593904801831
0.6753009867258095
0.002818837617937442
0.1944539310415223
0.11613500648646236
0.22548186539845938
0.36647445196841266
0.19869967772705976
0.05978914896544185
0.6807479563494472
0.01386601858363301
0.017494115881558026
0.9696611522726717
0.1408601689324589
0.10901122560599563
0.02768295687875777
0.15590394541014385
0.5349015089797291
0.0351506472053158
0.36205367497288954
0.09569595739242409
0.09085443404623761
0.5128716518527809
0.4428536967364376
0.032153714612253026
0.2945366045176523
0.3063727379650365
0.20298948674749506
0.8219017377578122
0.1655722508683526
0.21228245822751202
0.38661309256886467
0.5614806619712116
0.7473707312609592
0.4339383896986593
0.010643419085826
0.02568524712968223
0.6343603589794053
0.9420516470130649
0.13401790900697508
0.8012372731507831
0.48194194572447135
0.12057891336632798
0.0016868676688484019
0.7686619427003152
0.8656507109101508
0.14499246463627036
0.22496145714429394
0.07918644694103527
0.00795398653447199
0.037822131982443
0.40360599476598313
0.156317495773741
0.4064183340979217
0.018843214070580316
0.21458638731137292
0.17644599639870506
0.0001468975101230896
0.07427614402418659
0.018629485636724397
0.5223629831594279
0.0030131169519374
0.3285200553333558
0.3433621972342178
0.028644271284764544
0.5278260748552672
0.038912668832315145
0.32359911587228174
0.12967590994270384
0.5313651129195858
0.07928685870867125
0.509172031292584
0.050654882758004005
0.001450225105075198
0.013893265216263107
0.4195605311066488
9.68061644290863e-05
0.009653396675768144
0.02994154621676981
0.08582957872238373
0.5694200754172836
0.2927168080544056
0.5168720659598838
0.038879483723442965
0.29818528714216974
0.0001766133932545877
0.034023079691526625
0.7300783662322543
0.10369389718035937
0.06399052641270786
0.0421787420326456
0.6383709609454717
0.32141675881450427
0.009641710860053054
0.016672050114873604
0.2678472907501668
0.5357556403360033
0.20130898002089448
0.0035565673591038127
0.01014083060169102
0.027259573475691967
0.016108031078915452
0.5903424165121238
1.8180858118554966e-05
0.11474688553709167
0.8869882733666796
0.465876691808613
0.5872461542049574
0.5147497968664365
0.02428539589876122
0.3718736311232802
0.23682195654402616
0.5047690926685653
0.6471588750151749
0.15931073691306175
0.3157373988348193
0.09153596559635013
0.37359881584367516
0.4648693094259073
0.25178492617890624
0.008824382108322482
0.5566308566680602
0.6910191017756793
0.15609892382787205
0.5442978321787588
8.299290045288288e-05
0.9691698887198137
0.11149798684866274
0.2279328607488318
0.024721470471380513
0.1353856525640207
0.13494145037694638
0.2912968614943823
0.40681124906864197
0.326892310719761
0.6297311441884226
0.34340018630502733
0.19665547695557994
0.11104480071711564
0.016213702474304093
0.6602593802067322
0.011570328814750619
0.005286876089822368
0.0745994121772473
0.19811233434972242
0.24313861921688606
0.32093976269842894
0.06286770259442709
0.11882367386078574
0.16900091959832597
0.6716559659693164
0.18947975433389708
0.01902611652201447
0.8446238219904623
0.7958804071160888
0.4108302627852267
0.028778148857973918
0.10955771558610916
0.015847567269351437
0.09990443485777467
0.1110693169952508
0.5444914658672801
0.09745671364334796
0.024988892201854407
0.6194727010330445
0.03986685688131164
0.2800073365728828
0.4772157955730547
0.5795025416779158
0.01437108041520374
0.14262050469342613
0.0005937333310408466
0.015690027752229385
0.020347677183404578
0.6109143009380955
0.9155236027017457
0.008077336451834727
0.34353479175381185
0.011920644879423126
0.000741884459111386
0.815598853286263
0.4870969434861945
0.3455422776606021
0.006303611973797363
0.11865947604519866
0.3825397521562901
0.3947055502523953
0.00679757845626483
0.06337166463157828
0.001956083326295044
0.010511578991935888
0.019941021913138846
0.005134703726246137
0.4949926040750341
0.22943800108856238
0.2700915599164475
0.6249133319590534
0.2673895395524766
0.4249638601863768
0.4810445193986639
0.10955505285240763
0.7570261396496738
0.555996386019026
0.572934660869924
0.030370383202911633
0.002780920971644285
0.10768103903015347
0.13548659616049896
0.6597859190090649
0.07967342371000807
0.16535085839234798
0.9355633033642556
0.48327693213271505
0.32480746389583715
0.09425016919940044
0.6708282641380254
0.12557896775973987
0.061863972273332735
0.04909587849892083
0.012667388602514373
6.305359136504762e-05
0.936813907062856
0.0032875955082918296
0.1082635082672867
0.00015666813367465338
0.2534051589182895
0.140950605088489
0.04441981599487588
0.05922449733847057
0.04018197422737435
0.9040095954589153
0.49664063866418173
0.5917944284992838
0.11650956125707146
0.00031868870364948343
0.5572307164901229
0.35000751011338616
0.18299077441072775
0.06730894468682602
0.2098889001669355
0.1553889509593942
0.08707474517176506
0.47387844085517994
0.010453767269932523
0.5293500447440436
0.025629540067372503
0.8143659860416763
0.28579133058229766
0.24612816306979912
0.37505362672503906
0.034370253144448526
0.15251801545253674
0.5735235888600536
0.8597968168415375
0.04875506808876584
0.07083639092567195
0.9484014549186572
0.012226185133712875
0.014906621721622493
0.8689325092978708
0.026985235611948877
0.052816472285968086
0.5557446703988411
0.2985001850553506
0.046812081059994126
0.4531413557020545
0.4114041478053032
0.37157881720895225
0.8948407850515989
0.8272408926861972
0.32503831244389336
0.007029547415376092
0.004161839156882063
0.8343370874913685
0.1867323162828498
0.10374808586446926
0.8454017542285706
0.12128017069355779
0.02548782236974345
0.3697629717682429
0.37535166361704775
0.0012892273287934408
0.08912004627025949
0.4044347918000779
0.0002196792223563282
0.014671836368534752
0.10314832738319946
0.13531038779104
0.03604358442234079
0.0037695237434707263
0.0324731122335018
0.1692825048869202
0.18759491541539175
0.05885422738877266
0.04761624074791815
0.10551298866877956
0.03182251545305892
0.0012224923997197212
0.05301933576141993
0.44320426357333353
0.010507664914340298
0.06510948508539594
0.06748647704000632
0.2272873949970433
0.06705561882003508
0.7189883762658482
0.23221480437802589
0.028094763419680646
0.9204931484650778
0.0019330202640830407
0.674474761989301
0.0037034870941596854
0.004551596790882906
0.02194725247914997
0.016844279376203142
0.0108489999168484
0.00802756389974002
0.005017427054465173
0.014876141221375594
0.005894244769871104
0.026389641747121884
0.41342537280535363
0.4045713752750464
0.0009441449259770529
0.08586909763424333
0.03697061997393147
0.882412381213276
0.19162575931664216
0.15963749067829758
0.061545115910223824
0.8225126039258264
0.005460343648602928
0.001724179910394863
0.04351056708273626
0.021504768936880136
0.05198831722942798
0.0350868026542448
0.9044816324912792
0.1732095076681912
2.6348741226422945e-05
0.16095210966919238
0.15526998151838844
0.08700809410269716
0.009300513513580633
0.0671324566469822
0.9687667453045659
0.20375108411731402
0.0014612526799149261
0.06287193628046683
0.006569182658149986
0.9048668397035406
0.2135889197533234
0.2269252854424002
0.004782733866687705
0.3359652077944133
0.3799656301180221
0.5324560170848325
5.615916521817255e-06
0.002771127138609275
0.002689158769983546
0.02074129966736238
0.005388046341595176
0.08636533989631845
0.00984875917454131
0.25987220839324476
0.10155076288628373
1.5768937144944317e-06
0.15912346965190105
0.7367834811136236
0.5203516955626686
0.11705104784693088
0.07868946077538719
3.9010763387858916e-05
0.01868614627416254
0.001356802244414368
0.10308805421084033
0.27251039337414573
0.02030888239381956
0.48049644588657126
0.6784827037681447
0.03331127256402122
0.026905286263497308
0.05620440269271065
0.39952868507744
0.16812426160933125
0.4778839178407388
0.01007087762431036
0.0050358185816019585
2.7053114624919772e-05
0.18201931504458724
0.09285668452955975
0.22086804967513363
0.02609818393474228
0.00032374544827873386
0.0002367421838380679
0.025371235945168102
4.84497933994632e-07
0.16096450208140078
0.015445962813137815
0.5601445241587419
0.0015429250182836807
0.006347745731272392
0.0697752485497567
0.04915999762098222
0.39117694755631405
0.27062299807924584
0.18638091604713258
0.02511888450650157
0.002436087874383208
0.02281451176888849
0.00026674700537587803
0.04144924050861687
0.041473423254870356
0.01654138985053688
0.001361363857682818
0.6888832049849891
0.00761501203157211
0.5679916281010149
0.2716909881613052
0.5026052645596952
0.12953821348207728
0.5542144866534593
0.9260300602226015
0.43965486091440376
0.3961099438870126
0.015932645774261456
0.2462724270058807
0.012729887316239585
0.21631086552662637
0.009893380527649542
0.1484450963222177
0.7772805093641442
0.009334789811461297
0.289963240452461
0.005811002922818886
0.06383873387674122
0.00719449976001818
0.19166637863823088
0.505917631685314
0.04510539180493045
0.09717800053937209
0.19496360309131378
0.09618520987389823
0.010138024796682243
0.00017404017545685768
0.10532565086655254
0.01115646816335003
0.1274234833954062
0.034481904834796406
0.0006238525755666302
0.0006634907669902379
0.000470869613659497
0.44606762504479924
0.009957688806000231
0.0476398085819254
0.1989915771668369
0.2586992223597444
0.2012708798032552
0.03933297755592302
0.32090227681094063
0.2323226071072857
0.019171469090872417
0.0024617504969617343
0.048442765801816945
0.06723977150484362
0.042629190524718696
0.0529838791093753
0.28358928799082594
0.009526510234696195
0.04960791040447243
0.4179372937317618
0.0849164510260878
0.8286173148399474
0.06178182504241869
0.13855334435741296
0.0029953945399181503
0.07053327503533335
0.8688765964534222
0.0003448379140913449
0.003996692378216871
0.14787901698781347
0.5451102550504288
0.0991646426708237
0.03739906807802207
0.35466266649912437
0.21934462075584582
0.040480220453374516
0.13394414672059196
0.00022090978454625265
0.2255244896992794
0.0020985722750404
6.182163791113027e-06
0.15362259668533285
0.057708064812772575
0.019223963526822097
0.7772243965115446
0.14505455572858428
0.030338453609088045
0.631168592928991
0.05208268940659311
0.09631431183918826
0.191711841853758
0.1441051564337359
0.04267737331865762
0.09004959475044227
0.03380359212986317
0.12030797976179652
0.03149834795121653
0.2076573346010635
0.015352401986381548
0.007687304908625681
0.031996980459269686
0.9633362061000896
0.020628810490917582
0.13154099297901256
0.6332025218866886
0.7238546345191599
0.2914489349547158
0.0018476109444498512
0.07351772354721398
0.004918163496241634
0.0004902646832734003
0.413318053938875
0.961305248008403
0.01597475085133193
0.06812798680220666
0.14526194758538935
0.10953470022012213
0.013664660945353235
0.0042259227192056326
0.10010638387833026
0.012060979880626599
0.024740803717753446
0.7789567557767021
0.007323883712682555
0.0070968902172021675
0.006242080667889338
0.024792937265702752
0.004842997754611167
0.004795340665236347
0.608542791591451
0.6394580046942167
0.640554364664849
0.8751540309178985
0.08242735064613038
0.09433037592131477
2.8781558632617887e-05
0.00019221937206426176
0.02635050749206025
0.014010166855505268
0.7354880274237556
0.023120089200850513
0.012673336051295836
0.8009967164886218
0.051820236162199995
0.0027780866500808354
0.028403843535822038
0.026901008894186784
0.027026536461046025
0.1443869429813447
0.5294314247309004
0.03390861515622068
0.1590672660803336
0.5600554937489435
0.10922921320769774
0.01158578722197845
0.9696605627843926
0.41166298252435896
0.9853699311581712
0.014368828106674503
0.012648218415718393
0.012204077449898598
0.2071090634659445
0.0725394756237141
0.0024570032434039213
0.024863606766764246
0.0575913504413057
0.18692844109530604
0.23534956983975697
0.8958918104294211
2.8020352268898208e-05
0.054698055327578876
0.42492938237226685
0.0004597436322282267
0.5430701454228681
0.3709378170126243
0.46590734666532696
5.123714487176301e-05
0.04692651290977712
0.1371724754672936
0.7237531088883122
0.17539431810391726
0.01666850644267459
0.0018888627564368488
0.03849075258275714
0.00010056973171712613
0.002964700670479381
0.5719923819898463
0.008571984132326405
0.01165135353722846
0.29792534203358434
0.002957809047187343
0.45146679263279554
0.004318346341833923
0.39253799474634654
0.008223322706257585
0.004628027809789437
0.0017134061731942651
0.019403559340169352
0.003059590071196938
0.019784735004530374
0.08269784012173265
0.0016473547526782983
0.44916309879125516
0.5296104450402339
0.00046509953629003675
0.000988199259883693
0.0003471188055221841
0.01641124199409827
0.7992426364892049
0.2534669098272029
0.09182251460119106
0.006521221247214326
0.0987003616798745
8.631108883383476e-06
0.3457506150272378
0.06708435342465013
0.0015719049919644679
0.20608442016655815
0.04755314185267556
0.015544203468181639
0.8274243088963855
0.4699011205069761
0.005137382585349348
0.0011585727279119773
0.007549729215292622
0.26302327307570295
0.010121140782343607
0.01545540432462067
0.007182164885744635
0.041558408819448056
0.0016321088399757766
0.09991708921562781
0.11319171195818312
0.3582389509889259
0.12320977367674879
0.002905199016479898
0.0004838745694917268
0.013123199412693909
0.24500986462737684
0.0016972697935355718
0.7355973353787613
0.006444245875090404
0.016024602778379915
0.0005830522865042376
0.6159414719421941
0.2818150285983205
0.5883398543888434
0.011362850076741537
0.25143547070779504
0.0002429081706432079
0.1568442990909762
0.32562489361606994
0.024068817626030414
0.31933293937518603
0.006852455407182267
0.23052908329198418
0.11871646447513906
0.00018525275086700432
0.3550532866963705
0.003352166855454586
0.0015317875936022851
0.00029318942814549054
0.020153871945552737
0.2562153138929162
0.3185660977545468
0.05250701598205443
0.395508002580891
0.01753308401537268
0.7229766953384684
0.063385383729752
0.021148705362727727
0.0016037527111874006
0.0021355870186854364
0.28029131263241847
0.005944775090232168
0.03971215029046826
0.0003407670552262321
0.10426069292424422
0.2785212768722123
0.0036540484672651363
0.25982289461646446
0.0005198789246472213
0.05306495818172152
0.024944655068219523
0.8207170727700257
0.5578727005801698
0.09286859850545937
0.0021402863474060396
0.15824555265245044
0.8842675208080948
0.026177679097322493
0.5665786527881711
0.004545764736783919
0.001626414370415885
0.00046005257012349254
0.013307517456630613
0.3541474572374719
0.22587096633787107
0.7817193798561688
1.0757740073419342e-05
0.44224297495356213
0.0008497438213861397
0.001474386714264364
0.17109784891147228
0.020587911305535167
0.0001665669683688087
0.014306714064974857
0.03792356254744522
0.18597000754080373
0.00889017634629985
0.018857862576042272
0.06342026206744644
0.5164363440823674
0.727048073248268
0.1567781023837138
0.010286559091599923
0.026975374827199916
0.08009799370549908
0.010178880376804589
0.02343490141749749
0.14666240307116318
0.04908277622107038
0.8723755057727558
0.002463896363340101
0.9116412843141395
0.1351552496245949
0.006411095939525824
0.21437052848491778
1.6200196542026646e-06
0.014037069699924576
0.004201320764990024
0.0032740048441375347
0.008226828851937817
0.12425419993218356
0.08975106058176974
0.042045871077092345
0.1925262059782582
0.052270114479930685
0.03178210601516285
0.0008778257778625509
0.573702295016902
0.0012734134746561487
0.05308248200876542
0.008870426257992392
0.24925977151614065
0.17589113912196774
0.035248055878038365
0.18409368969800566
0.13381508886358473
0.1767370639459469
0.0037271620243242154
0.15082610562581866
0.0676340814590195
0.0007303449949911389
0.2492305025464594
0.009668398118609423
0.0014402657646046535
0.005561046050069907
0.11959751910213923
0.0011723221708390685
0.31389296168413106
0.021210722989768893
0.01163571354824744
0.2814248455590218
0.07345629141185306
0.012091965192405185
0.07787247622474336
0.12067736860752354
0.3314777794128789
0.00015895482878924838
0.23488121816997176
0.026583003915880532
0.015889291390184246
0.0026855842300026467
0.010331347810782265
0.012327578010900009
0.026297131163621756
0.8510170491299156
0.7660769128617779
0.01774362570742971
0.00029622381984850676
0.00787716158613172
0.04496786604003078
0.05681780841175432
0.007794351057310855
0.0553545049797497
0.42671651381495734
0.010869999601164526
0.0001261293247021289
0.15543857732181787
9.345621530831849e-05
0.04308710490526613
0.00032010216231781463
0.04775469846677893
0.0005810914702191194
0.03453548852953614
0.6669806292230469
0.06810866274477267
0.03227997811346328
0.14452099571405563
0.055000444549135
0.2147135915256193
0.06326260943125317
0.2092703459978429
0.016489362555581533
0.13098759810183225
0.03603407250069002
0.008997845917246172
0.03619021311278847
0.03202133723776823
0.00027019601448530217
0.06497745999199278
0.18644841851686111
1.1983636463375191e-05
0.044709733882423164
0.23911716104973113
0.048320291874015986
5.823963676232502e-05
0.04584657794160241
0.07726844261080346
0.04556036383734474
0.008788782606631518
0.00039160529298376545
0.00366701091363808
0.736609759673529
0.010791105887101526
0.1319547743370637
0.007538872502429239
0.31512188145837783
0.09104299986680764
0.3308261480468986
0.005701282996400714
0.004990208315101885
0.5681571138960808
0.01903766096843995
0.002720891686432081
0.2681912383207732
0.0622260211881287
0.0030001439419289344
0.3325581683697405
0.27123262878804266
6.237357487326456e-05
0.10835904258838336
0.2362521358299512
0.0028308773300658174
0.00904203228606626
0.037600388174406474
0.046957744686698666
0.07673179476838898
0.01402352600857193
0.039089737515930256
1.1655941404509207e-05
0.09083209371944712
0.9941123007585988
0.09347793844900898
0.017910839713298543
0.010600691914538718
0.003885950335759558
0.03785292848543742
0.028899901530497374
0.0317714947016261
0.02728618705367869
0.0012744150940720012
0.5170259681388925
0.0013321145139473245
0.07618380618751752
0.21958816114030721
0.8395727953589285
