0.7296720798607326
0.0567725315267289
0.10167454563614275
0.42465453689295307
0.9921910166960441
0.11977296266212667
0.5189700256016141
0.04613348938862316
0.4861400549042636
0.732170238129374
0.2162345550767082
0.4121035849797241
0.040387896536356216
0.4456587108034302
0.47643443714978506
0.9105158935629007
0.3466005706467066
0.6779334885330353
0.29856694715375265
0.3981774142167054
0.004167205276592201
0.8829597486312075
0.027012820550329497
0.8225663828961833
0.6041329939112421
0.899231081647365
0.6814649989760548
0.3401675781556084
0.23087241598880914
0.18079899907981867
0.15479688880864484
0.5548433233624241
0.5070222074510964
0.8799126387605865
0.496943652100605
0.7699518009648554
0.8907615024663582
0.7931718653234041
0.5916067180176166
0.9906498092547054
0.028313957575398785
0.13487035879729503
0.5847292894514222
0.16111220023295614
0.31397052780360446
0.7936064471352182
0.519232322707583
0.8319265336320054
0.4230726058941481
0.16765558727406682
0.5995902226878922
0.3098270572207702
0.3925891818654388
0.03502032557846735
0.33665454125942507
0.9762560942291734
0.989736162404979
0.4376067921989968
0.6315634743415837
0.3881295115532799
0.7195028017039204
0.9986379543009343
0.06517664913331611
0.6320976666940006
0.7724668746991072
0.8573750866509171
0.01708419772792369
0.0025799164749673587
0.1144092229249718
0.08946504444803538
0.3192337551835611
0.1765067929331119
0.29881244217258907
0.00046979869944352437
0.5142710176066365
0.5910853375679745
0.43528992510841436
0.23999280273373103
0.8289668152730205
0.3529240887025904
0.5095319214757441
0.39094683304976385
0.16165972159081665
0.8465876508505035
0.6152629791283131
0.665901736224916
0.33363954895836834
0.12812844871096885
0.19898914626245112
0.051371391114104714
0.5679616155547937
0.3185970912028764
0.8491388243912694
0.9988766318795608
0.5935713768113107
0.9260570020617629
0.10713500617645
0.023238256304149107
0.6093419711951307
0.14930561909281503
0.23470414150724506
0.00860188134795492
0.5267461843599786
0.5294724481110031
0.3890200236649588
0.45039609324007546
0.8296045631455182
0.10511927294752788
0.5794607718199452
0.7578537762171988
0.0629913742867736
0.47444435808308594
0.8332098763808407
0.6443786162666865
0.2924380848217125
0.7030913247457233
0.923989016379303
0.7508411145385021
0.47813777480925657
0.4965865467342838
0.6440476509785431
0.41740440794280076
0.2504394360784006
0.09637759068909002
0.8596162447432061
0.4337889220670066
0.11562407835971045
0.21229306431717032
0.46047648750858494
0.39468887524719776
0.5133704709326412
0.372847318655364
0.8538650052984953
0.08365509267386217
0.7959646798139344
0.13902683577357533
0.5186889770847949
0.09945979317350973
0.2359716642009131
0.2385520474428977
0.04655469047602945
0.03413671619519465
0.6959386056997923
0.7818369143259369
0.22029867153238536
0.31016937939553335
0.8199860926693989
0.7053558488839395
0.12667924696335486
0.7650482730768668
0.5906150547411517
0.13122249358892013
0.515612947580439
0.6990077143762958
0.228723734381713
0.7533927090313901
0.6672418668417268
0.18395661050187861
0.07865996155835919
0.013216661369762406
0.4722835626635611
0.8743729790335815
0.024411166875763612
0.31599564099301514
0.915340688610383
0.46918142179274125
0.004255002691348153
0.8316702515979753
0.020238126756565
0.6015875994142581
0.31021328293511097
0.7163340060908097
9.79131012062151e-05
0.5604117487703326
0.20025647690120763
0.17613928428341152
0.6374056110587702
0.7893656686819512
0.16391339153538542
0.5619558320775437
0.9391289555501579
0.7626881894184847
0.5838611342834654
0.3574491208258317
0.14818857144583664
0.553353944874206
0.03013400378140152
0.0910472514857974
0.40053566307851685
0.16301624082673616
0.4960854878659622
0.22361766349041834
0.8414434659609831
0.45393911097324
0.2105396809868516
0.4441953024466607
0.7762945422270162
0.5048226996313967
0.05514287889675562
0.4729359885921114
0.8941736552817727
0.8452292821711618
0.4449819776080379
0.7277462031944537
0.0487273370283825
0.7717245759344573
0.7744523484474024
0.7810366388285308
0.8398976863877246
0.28424969091810137
0.5464756118283227
0.5791652327803143
0.8691205056228952
0.01105984954272099
0.0003538796793047805
0.33920049736812885
0.3727216064238723
0.42693582707851907
0.06075605735757139
0.9472658384776704
0.5769146574746569
0.383537947667441
0.7689306030549556
0.03116998399708293
0.7861381765348581
0.7976249644849205
0.4046772657512152
0.43400948910968595
0.772377500233772
0.14339579932242086
0.16176501805265264
0.24377000740590482
0.30568444143473084
0.25370499882213693
0.2031925133212369
0.8840578031024582
0.03397527269374612
0.3710143426895769
0.8260324659325429
0.38986302957784513
0.13257642288817584
0.9618054233259894
0.06086571121814033
0.006231570028338185
0.17251250791269834
0.007070905623999257
0.6691727683398692
0.6043302026722832
0.997869086745707
0.36222996269336494
0.12653700881621277
0.8416536255958535
0.9772570584856366
0.7147075513848067
0.01039465995964961
0.700372059162929
0.5215705511390318
0.35306249939691803
0.1111548173470287
0.9478210736877848
0.9075180753777303
0.7961621439637443
0.7681011215838298
0.3074665528463698
0.1306290932331493
0.5032983064076566
0.47910977534869126
0.5026421466119657
0.0010719318320513427
0.201105252762956
0.8242374491944027
0.02955989006675619
0.7430892739565222
0.5329362554857169
0.023699442730910514
0.009951631010566508
0.6511971362199938
0.06699501175465605
0.24815291974360676
0.675064005417481
0.7407068574812179
0.7863294777730059
0.9216682070782449
0.11641246845310826
0.6736551034287295
0.5274665922813635
0.7941543546146885
0.5517696074940384
0.09568777381229787
0.21288109182776305
0.7517676391594348
0.6433838427677359
0.9507197021800062
0.08486942698488309
0.19251609135322623
0.9886135200052986
0.014431942073965143
0.36513567702838623
0.7908783333289087
0.5305707110435822
0.7537817096265182
0.314524045484734
0.3085385351365919
0.2774142446320367
0.590672681137165
0.6930108710114407
0.027738807905850038
0.036987216198811845
0.6034834265572926
0.9391444745182542
0.23613870353337774
0.07947484737064237
0.5446126871590093
0.7477987175464527
0.07066621205541823
0.28271534945771526
0.5731330029761788
0.01095559290079251
0.008263869415833902
0.9469596296174307
0.34657593705309964
0.19442458773589522
0.281410025225435
0.4083933254149197
0.37088171259250524
0.14330751584561452
0.4255760214201634
0.9808000901382115
0.2716847243079996
0.5177972574993601
0.4015993371070714
0.5267499745758395
0.24333758253146343
0.13195145709095346
0.9113155924648522
0.5989057742231336
0.6030340460229606
0.3376205315193006
0.962511605349966
0.02948670366890993
0.21007842428475332
0.5704859646827423
0.4681222761264441
0.33033991117187966
0.8373844826332029
0.6834004356891727
0.7019421676319542
0.531320330612562
0.887038837549984
0.0023425353461723475
0.13341037218685514
0.015369929050957243
0.3785545200564946
0.2533841504974781
0.7746311392335032
0.841957250389803
0.9058374187790528
0.00741921566285586
0.7681273288515216
0.37745258530639436
0.014333912301590868
0.9524622853843547
0.4717715454046858
0.020967798780978653
0.2459550592483568
0.8688536238252389
0.8865762294545136
0.7508207303151453
0.9613142589721504
0.0058920209716997185
0.365496591938413
0.7490570903305147
0.4278324247624792
0.515179050056771
0.30427632332152266
0.0006311092149045017
0.2845817857389643
0.9378067589590235
0.8356731428355653
0.8119537099879282
0.8315134856206505
0.4162939368514724
0.2070517858494476
0.4639889008247431
0.4499749632025385
0.6359193969459538
0.6215526921552612
0.11769614245549742
0.8394666317993515
0.8947372613718714
0.2607379696778942
0.7800702778424831
0.4623036527165547
0.07691855043133389
0.0001193362345457416
0.8404786641515898
0.20764434837952028
0.5870873790029527
0.33453062284299184
0.32942977815064056
0.8180954098693971
0.348674454750042
0.9483606690117696
0.8558590093494973
0.05786617314551745
0.4299081071830011
0.12435039365113876
0.25760301879393666
0.0026086270698670866
0.06738290162181171
0.5334768518900315
0.712979475454063
0.0697551074681595
0.9388128433415899
0.18303077878225604
0.6506886160359193
0.2307959955323886
0.6248903107447774
0.19076586918027827
0.8931496168928095
0.6793509867628842
0.873142419088786
0.5547100097108841
0.033906467052199796
0.13340510863053523
0.16301942867218355
0.3601815057439173
0.2741844443991599
0.3263382123482885
0.41067123794899274
0.14295099259804633
0.29514649623131506
0.9010372184002826
0.3528245414652482
0.7125791225559253
0.2629307418515796
0.3220596927319608
0.07922063114902889
0.7334362199920172
0.3977041357602529
0.42091267259897824
0.27580384326091023
0.38089894389160417
0.6913940682195328
0.867135955006221
0.11665076549284148
0.5581580093136596
0.8199389815314335
0.9992983004295399
0.94600999968447
0.8765056219433462
0.005872719292784101
0.6539970067555458
0.2223935928641998
0.44442383312987355
0.9143631857202985
0.8432015691844916
0.21548968162981708
0.06603181029375627
0.03893921983660098
0.1439580710186723
0.4413686594970314
0.1899155370580261
0.1845091759928501
0.028092165115112033
0.6541063798880788
0.9840085233086917
0.5423952484537435
0.07646659464654304
0.28359612005133683
0.9130081915742418
0.2029396850880647
0.13423498242136178
0.9389199063576852
0.3619013712425383
0.08363179636407181
0.09139723009598799
0.4381525624462328
0.8059472246662838
0.4786997232950596
0.24636293785575125
0.20621961494521068
0.8856989567915523
0.9864101305912834
0.40245109136696033
0.9733033306415177
0.9089266323183882
0.3217722588417633
0.29791364203341675
0.5467356231072018
0.3905194106758987
0.4308055415576568
0.6540716195454028
0.9086362064139977
0.5181149502646911
0.12218963443513964
0.758706346911802
0.11489446383206792
0.504154605234225
0.4028103473292226
0.5079100786696713
0.3487585573156604
0.6456321028211209
0.41465644496174114
0.08055469695590989
0.4965982758962335
0.24845995087966255
0.5783292863315816
0.08702416361073295
0.14544143211865213
0.12049313205655676
0.2989148484883777
0.08504775548943488
0.8617566618839605
0.886980265244093
0.8348617923213113
0.0862460701277099
0.8926799409751447
0.036425136862715535
0.43097317282830083
0.8709814141067684
0.047889544317152755
0.12646337623613246
0.3486287893347475
0.2724371121021065
0.3494487482341262
0.3500991226294574
0.0009837702542006
0.7794299550861823
0.09289829490519796
0.27808958620112056
0.8478124249160075
0.832039124442852
0.5830425812866715
0.4840462976931841
0.41650936158075247
0.4381705446531785
0.8787030388517512
0.12009178406192755
0.23387497357131237
0.1568940437204358
0.5509612322060575
0.8838375550955744
0.8319063692976456
0.07028828364460926
0.76763047799119
0.7185574684606948
0.6729740230600028
0.5997534079203453
0.9795410657391275
0.8759806590878829
0.8496554498452003
0.8679522459800841
0.05808238214359762
0.09360055557178937
0.4412727514569261
0.3308827578704312
0.4759234142860651
0.27370178706027337
0.1263520664034843
0.08559563536209813
0.11076227986601395
0.16578885353331785
0.6337342491954692
0.07627105424624725
0.23679727938451145
0.25332148768138696
0.6496731852906816
0.1497729836803543
0.5188983742401123
0.6228473199834301
0.7626754682159791
0.45949045828397805
0.4654066352569317
0.4961465078160594
0.47384597891030067
0.6428150468041034
0.5321737041403947
0.2577105524346688
0.3104291603734177
0.478306303761586
0.6627332062003359
0.7562366650331589
0.7916662284914968
0.007680619030764335
0.1824763928709383
0.6400140594990278
0.35528559161551465
0.12913328793028933
0.609896716286376
0.17297581818550167
0.18026216773298898
0.37371628446981564
0.0678787652595263
0.5197840100607953
0.7405516970780766
0.3251756478163026
0.9041496346715086
0.5879641829518139
0.41813098613805355
0.9929584121043948
0.6589404975475683
0.5783715170411594
0.11414974897654373
0.6180612011870905
0.5855560475210349
0.864326934281378
0.44240894022678834
0.516057024791426
0.28482132917529146
0.6120727857376358
0.5186703705953892
0.619667425917116
0.25021165530409517
0.7483909440783805
0.12855397701624582
0.4486199841235414
0.027501429630512275
0.2808604675476405
0.7385927669564549
0.7619605075007918
0.5211159624291157
0.8768777269380157
0.5177013873267111
0.6860048900208136
0.003387544296900691
0.05268496257200761
0.02211558065107999
0.8257841675912987
0.4770457747693251
0.7898695826831181
0.0030737973779941807
0.6394850847272369
0.550132472655944
0.9454248256632944
0.7860231998202312
0.6607500094943166
0.582403194076166
0.3396166779903935
0.25663470009945444
0.9734531277950711
0.04696334529903212
0.3398779715324878
0.6230943379591869
0.5302386017230167
0.4264702723169642
0.023879487968289315
0.5290575931905686
0.3184306797379248
0.6684220579127911
0.7222475991537451
0.8551370352364094
0.75803963053904
0.5525622011166242
0.10356300746864822
0.8809216867387304
0.9276468068438735
0.5404629384921851
0.127166662437177
0.4452094196002063
0.6569182144707442
0.30642739754869774
2.5097676951357784e-05
0.08171048496602418
0.03869266585244269
0.20029403269044055
0.6274207814183463
0.857415169139053
0.10041351421982658
0.04216358847467472
0.8082535201059677
0.037908563644093674
0.1608225802186758
0.027922191793334106
0.4733188260028487
0.7356145259024611
0.379512431775602
0.6221745587492682
0.8124057948227943
0.6580266238261685
0.8806019423064846
0.642925715708671
0.9932508975326866
0.8643598151576577
0.28999453036474376
0.6676033687075487
0.10140214348784671
0.7167589959702076
0.10635676036583241
0.43350396964117466
0.2445450715060682
0.08145432348882875
0.013690647226508368
0.01711967148828375
0.8177882285005673
0.04499134079833911
0.11610166235635377
0.44639284193157813
0.03335465808721949
0.8212482854921621
0.553119736610534
0.11872047461273216
0.7471819409459048
0.8096406041308211
0.7056130881244882
0.6734931642048583
0.5589424510825982
0.6078197466183324
0.8707728092715499
0.8111751996140264
0.7860951178582052
0.17981318458571804
0.2562529329107539
0.3076552477780705
0.43177422203507554
0.024435384687044648
0.751902099948665
0.5804384547275983
0.48780202387395954
0.41364494607519675
0.4606999720252878
0.7828096673962899
0.8070809001023946
0.7774492554384584
0.11192799150122656
0.9304624845500133
0.923082454547028
0.8958983279601367
0.3848813270672298
0.5610236197193064
0.41408701369006495
0.9430205612315092
0.11781689764672643
0.06259682014536105
0.004583266890625826
0.029535878645449376
0.5200999629821137
0.7617657718350659
0.5672723731656903
0.7610960344281856
0.7019645086709025
0.13899774267748533
0.09035749367235257
0.4672668703755267
0.8165692516285392
0.10020129892591934
0.3798738487677833
0.24138597243774473
0.10186869823068623
0.8094274838812832
0.023573532142760145
0.7462560807526073
0.8377343043921035
0.021556119580853794
0.5579332365780914
0.5550956847091866
0.12179242532353896
0.22476372321090832
0.7660031984339857
0.7526563376254516
0.18139985900732736
0.3063965870705796
0.13759620544853735
0.14440204336763607
0.783361869405993
0.31026702732652955
0.09678352069347551
0.44939818301865375
0.005424691100445411
0.997005229273036
0.019476640060661854
0.8936540793528318
0.46242607202228125
0.9372454756431303
0.08072995147773954
0.1968777938288775
0.9419087471506074
0.8084525919153978
0.10658201604469686
0.7242223665487375
0.6751614177054104
0.6183772351065444
0.8236071030545338
0.6528978094406079
0.06639968055723688
0.5296306799678825
0.6474338123329506
0.88309928304495
0.7585844110328388
0.293188980508301
0.07454284631785679
0.17903009283364035
0.3408973962100177
0.6245299237221444
0.16172389815344657
0.41081220322438927
0.15043525709196892
0.26042099349033454
0.07572355359764171
0.39753560643663977
