0.7296720798607326
0.0567725315267289
0.10167454563614275
0.42465453689295307
0.9921910166960441
0.11977296266212667
0.5189700256016141
0.04613348938862316
0.4861400549042636
0.732170238129374
0.2162345550767082
0.4121035849797241
0.040387896536356216
0.4456587108034302
0.47643443714978506
0.9105158935629007
0.3466005706467066
0.6779334885330353
0.29856694715375265
0.3981774142167054
0.004167205276592201
0.8829597486312075
0.027012820550329497
0.8225663828961833
0.6041329939112421
0.899231081647365
0.6814649989760548
0.3401675781556084
0.23087241598880914
0.18079899907981867
0.15479688880864484
0.5548433233624241
0.5070222074510964
0.8799126387605865
0.496943652100605
0.7699518009648554
0.8907615024663582
0.7931718653234041
0.5916067180176166
0.9906498092547054
0.028313957575398785
0.13487035879729503
0.5847292894514222
0.16111220023295614
0.31397052780360446
0.7936064471352182
0.519232322707583
0.8319265336320054
0.4230726058941481
0.16765558727406682
0.5995902226878922
0.3098270572207702
0.3925891818654388
0.03502032557846735
0.33665454125942507
0.9762560942291734
0.989736162404979
0.4376067921989968
0.6315634743415837
0.3881295115532799
0.7195028017039204
0.9986379543009343
0.06517664913331611
0.6320976666940006
0.7724668746991072
0.8573750866509171
0.01708419772792369
0.0025799164749673587
0.1144092229249718
0.08946504444803538
0.3192337551835611
0.1765067929331119
0.29881244217258907
0.00046979869944352437
0.5142710176066365
0.5910853375679745
0.43528992510841436
0.23999280273373103
0.8289668152730205
0.3529240887025904
0.5095319214757441
0.39094683304976385
0.16165972159081665
0.8465876508505035
0.6152629791283131
0.665901736224916
0.33363954895836834
0.12812844871096885
0.19898914626245112
0.051371391114104714
0.5679616155547937
0.3185970912028764
0.8491388243912694
0.9988766318795608
0.5935713768113107
0.9260570020617629
0.10713500617645
0.023238256304149107
0.6093419711951307
0.14930561909281503
0.23470414150724506
0.00860188134795492
0.5267461843599786
0.5294724481110031
0.3890200236649588
0.45039609324007546
0.8296045631455182
0.10511927294752788
0.5794607718199452
0.7578537762171988
0.0629913742867736
0.47444435808308594
0.8332098763808407
0.6443786162666865
0.2924380848217125
0.7030913247457233
0.923989016379303
0.7508411145385021
0.47813777480925657
0.4965865467342838
0.6440476509785431
0.41740440794280076
0.2504394360784006
0.09637759068909002
0.8596162447432061
0.4337889220670066
0.11562407835971045
0.21229306431717032
0.46047648750858494
0.39468887524719776
0.5133704709326412
0.372847318655364
0.8538650052984953
0.08365509267386217
0.7959646798139344
0.13902683577357533
0.5186889770847949
0.09945979317350973
0.2359716642009131
0.2385520474428977
0.04655469047602945
0.03413671619519465
0.6959386056997923
0.7818369143259369
0.22029867153238536
0.31016937939553335
0.8199860926693989
0.7053558488839395
0.12667924696335486
0.7650482730768668
0.5906150547411517
0.13122249358892013
0.515612947580439
0.6990077143762958
0.228723734381713
0.7533927090313901
0.6672418668417268
0.18395661050187861
0.07865996155835919
0.013216661369762406
0.4722835626635611
0.8743729790335815
0.024411166875763612
0.31599564099301514
0.915340688610383
0.46918142179274125
0.004255002691348153
0.8316702515979753
0.020238126756565
0.6015875994142581
0.31021328293511097
0.7163340060908097
9.79131012062151e-05
0.5604117487703326
0.20025647690120763
0.17613928428341152
0.6374056110587702
0.7893656686819512
0.16391339153538542
0.5619558320775437
0.9391289555501579
0.7626881894184847
0.5838611342834654
0.3574491208258317
0.14818857144583664
0.553353944874206
0.03013400378140152
0.0910472514857974
0.40053566307851685
0.16301624082673616
0.4960854878659622
0.22361766349041834
0.8414434659609831
0.45393911097324
0.2105396809868516
0.4441953024466607
0.7762945422270162
0.5048226996313967
0.05514287889675562
0.4729359885921114
0.8941736552817727
0.8452292821711618
0.4449819776080379
0.7277462031944537
0.0487273370283825
0.7717245759344573
0.7744523484474024
0.7810366388285308
0.8398976863877246
0.28424969091810137
0.5464756118283227
0.5791652327803143
0.8691205056228952
0.01105984954272099
0.0003538796793047805
0.33920049736812885
0.3727216064238723
0.42693582707851907
0.06075605735757139
0.9472658384776704
0.5769146574746569
0.383537947667441
0.7689306030549556
0.03116998399708293
0.7861381765348581
0.7976249644849205
0.4046772657512152
0.43400948910968595
0.772377500233772
0.14339579932242086
0.16176501805265264
0.24377000740590482
0.30568444143473084
0.25370499882213693
0.2031925133212369
0.8840578031024582
0.03397527269374612
0.3710143426895769
0.8260324659325429
0.38986302957784513
0.13257642288817584
0.9618054233259894
0.06086571121814033
0.006231570028338185
0.17251250791269834
0.007070905623999257
0.6691727683398692
0.6043302026722832
0.997869086745707
0.36222996269336494
0.12653700881621277
0.8416536255958535
0.9772570584856366
0.7147075513848067
0.01039465995964961
0.700372059162929
0.5215705511390318
0.35306249939691803
0.1111548173470287
0.9478210736877848
0.9075180753777303
0.7961621439637443
0.7681011215838298
0.3074665528463698
0.1306290932331493
0.5032983064076566
0.47910977534869126
0.5026421466119657
0.0010719318320513427
0.201105252762956
0.8242374491944027
0.02955989006675619
0.7430892739565222
0.5329362554857169
0.023699442730910514
0.009951631010566508
0.6511971362199938
0.06699501175465605
0.24815291974360676
0.675064005417481
0.7407068574812179
0.7863294777730059
0.9216682070782449
0.11641246845310826
0.6736551034287295
0.5274665922813635
0.7941543546146885
0.5517696074940384
0.09568777381229787
0.21288109182776305
0.7517676391594348
0.6433838427677359
0.9507197021800062
0.08486942698488309
0.19251609135322623
0.9886135200052986
0.014431942073965143
0.36513567702838623
0.7908783333289087
0.5305707110435822
0.7537817096265182
0.314524045484734
0.3085385351365919
0.2774142446320367
0.590672681137165
0.6930108710114407
0.027738807905850038
0.036987216198811845
0.6034834265572926
0.9391444745182542
0.23613870353337774
0.07947484737064237
0.5446126871590093
0.7477987175464527
0.07066621205541823
0.28271534945771526
0.5731330029761788
0.01095559290079251
0.008263869415833902
0.9469596296174307
0.34657593705309964
0.19442458773589522
0.281410025225435
0.4083933254149197
0.37088171259250524
0.14330751584561452
0.4255760214201634
0.9808000901382115
0.2716847243079996
0.5177972574993601
0.4015993371070714
0.5267499745758395
0.24333758253146343
0.13195145709095346
0.9113155924648522
0.5989057742231336
0.6030340460229606
0.3376205315193006
0.962511605349966
0.02948670366890993
0.21007842428475332
0.5704859646827423
0.4681222761264441
0.33033991117187966
0.8373844826332029
0.6834004356891727
0.7019421676319542
0.531320330612562
0.887038837549984
0.0023425353461723475
0.13341037218685514
0.015369929050957243
0.3785545200564946
0.2533841504974781
0.7746311392335032
0.841957250389803
0.9058374187790528
0.00741921566285586
0.7681273288515216
0.37745258530639436
0.014333912301590868
0.9524622853843547
0.4717715454046858
0.020967798780978653
0.2459550592483568
0.8688536238252389
0.8865762294545136
0.7508207303151453
0.9613142589721504
0.0058920209716997185
0.365496591938413
0.7490570903305147
0.4278324247624792
0.515179050056771
0.30427632332152266
0.0006311092149045017
0.2845817857389643
0.9378067589590235
0.8356731428355653
0.8119537099879282
0.8315134856206505
0.4162939368514724
0.2070517858494476
0.4639889008247431
0.4499749632025385
0.6359193969459538
0.6215526921552612
0.11769614245549742
0.8394666317993515
0.8947372613718714
0.2607379696778942
0.7800702778424831
0.4623036527165547
0.07691855043133389
0.0001193362345457416
0.8404786641515898
0.20764434837952028
0.5870873790029527
0.33453062284299184
0.32942977815064056
